0
10
18
19
20
26
29
36
37
38
39
50
54
57
58
59
62
63
66
74
75
77
78
83
84
86
88
90
96
97
99
100
101
110
111
112
115
120
124
125
126
127
130
134
137
141
143
145
146
148
157
158
161
168
174
177
180
183
185
187
193
199
200
206
207
210
214
216
219
223
231
234
237
238
240
254
255
260
261
262
264
265
272
279
281
284
293
296
297
315
316
319
321
322
323
327
336
339
345
346
351
355
361
370
378
380
381
383
386
388
391
392
395
398
401
407
410
418
421
422
425
427
434
440
443
453
457
464
465
466
468
480
482
491
498
499
502
504
516
521
524
526
531
535
547
548
555
556
562
565
570
572
573
575
577
580
581
583
589
590
595
615
616
618
623
625
627
629
632
633
636
638
643
644
645
649
654
655
656
660
668
669
671
674
675
676
677
679
680
681
682
683
684
685
686
687
689
691
692
693
694
695
696
697
698
699
700
701
703
704
705
707
708
709
710
711
713
714
715
716
717
718
719
720
721
722
723
724
725
726
727
728
730
731
732
733
735
737
738
739
740
741
742
743
744
746
748
751
752
753
756
757
758
759
761
762
768
769
772
773
774
775
778
779
783
784
785
786
787
789
791
792
793
794
795
796
797
798
799
800
801
802
803
805
807
809
810
811
812
815
816
818
820
823
824
829
830
831
832
833
836
838
840
841
842
843
844
845
846
849
851
853
854
856
858
860
862
865
866
868
869
870
872
873
875
879
881
884
886
887
888
889
890
891
892
894
895
898
900
901
903
905
907
908
909
910
912
915
919
920
922
923
925
930
931
932
933
937
938
939
940
941
942
943
945
946
947
948
949
954
956
957
959
962
963
966
967
971
972
973
974
976
977
979
980
981
982
984
985
986
987
989
990
992
994
995
996
999
1000
1001
1004
1007
1008
1009
1011
1012
1013
1014
1016
1017
1018
1019
1020
1021
1022
1023
1025
1026
1027
1030
1031
1032
1033
1040
1041
1043
1044
1045
1048
1050
1051
1052
1053
1055
1057
1058
1060
1061
1062
1064
1065
1066
1069
1071
1072
1073
1074
1075
1077
1079
1082
1083
1084
1086
1087
1088
1092
1093
1097
1098
1099
1100
1101
1103
1104
1106
1107
1108
1109
1110
1111
1113
1114
1116
1117
1118
1119
1120
1121
1123
1124
1125
1126
1129
1130
1131
1132
1133
1134
1135
1137
1139
1146
1147
1148
1149
1152
1153
1154
1156
1157
1159
1160
1162
1163
1164
1165
1169
1176
1177
1178
1183
1185
1187
1188
1191
1192
1194
1196
1197
1200
1204
1207
1208
1209
1210
1212
1213
1216
1217
1219
1220
1221
1223
1226
1228
1229
1230
1237
1238
1239
1240
1241
1243
1244
1245
1246
1247
1248
1250
1252
1253
1261
1264
1265
1266
1270
1271
1272
1274
1277
1281
1282
1283
1285
1286
1287
1288
1290
1291
1293
1294
1297
1299
1306
1310
1311
1313
1316
1317
1318
1319
1320
1321
1323
1324
1325
1326
1327
1330
1331
1332
1333
1334
1335
1337
1338
1340
1342
1343
1345
1348
1349
1350
1351
1352
1353
1357
1358
1359
1360
1362
1364
1368
1369
1370
1372
1375
1376
1379
1381
1383
1386
1387
1388
1390
1391
1395
1396
1398
1401
1402
1403
1407
1408
1409
1410
1416
1417
1421
1422
1426
1427
1433
1436
1437
1441
1446
1449
1452
1455
1456
1458
1459
1460
1461
1462
1465
1466
1470
1472
1473
1475
1476
1477
1478
1481
1483
1487
1488
1489
1494
1495
1496
1497
1499
1500
1501
1502
1506
1508
1509
1512
1513
1516
1517
1518
1520
1521
1523
1524
1525
1528
1529
1530
1533
1535
1536
1538
1539
1540
1541
1543
1545
1547
1550
1551
1552
1555
1556
1559
1560
1563
1566
1568
1569
1570
1571
1572
1574
1576
1579
1580
1583
1584
1586
1589
1590
1593
1599
1605
1606
1607
1611
1612
1614
1615
1617
1620
1621
1622
1623
1628
1633
1634
1637
1642
1646
1648
1649
1650
1651
1656
1662
1664
1665
1666
1670
1673
1675
1680
1682
1683
1684
1686
1690
1691
1692
1693
1694
1695
1697
1698
1702
1705
1709
1711
1713
1714
1715
1717
1720
1721
1722
1723
1725
1728
1729
1731
1732
1734
1738
1742
1746
1747
1751
1752
1754
1759
1765
1766
1767
1768
1770
1772
1773
1774
1781
1783
1785
1787
1789
1791
1794
1795
1796
1797
1798
1799
1800
1805
1808
1809
1812
1813
1819
1820
1822
1824
1830
1832
1839
1840
1846
1848
1851
1854
1855
1856
1858
1861
1862
1863
1869
1871
1884
1885
1887
1892
1895
1902
1905
1906
1907
1908
1909
1910
1911
1918
1925
1926
1927
1929
1933
1940
1942
1944
1945
1946
1948
1950
1955
1957
1961
1964
1966
1967
1974
1975
1978
1981
1986
1990
1993
1997
1999
2002
2006
2007
2010
2011
2012
2014
2023
2025
2026
2027
2028
2029
2030
2032
2037
2038
2040
2045
2046
2047
2050
2052
2057
2061
2062
2063
2066
2067
2071
2074
2085
2087
2088
2089
2091
2094
2097
2098
2102
2107
2108
2111
2112
2115
2116
2117
2119
2120
2127
2133
2134
2139
2141
2144
2146
2147
2157
2162
2165
2168
2169
2170
2171
2172
2175
2176
2177
2178
2187
2190
2191
2198
2202
2210
2212
2214
2220
2223
2225
2230
2235
2237
2238
2239
2240
2241
2244
2247
2251
2252
2258
2261
2264
2266
2267
2268
2270
2275
2276
2279
2282
2285
2286
2287
2290
2292
2294
2295
2296
2297
2298
2306
2307
2319
2327
2329
2336
2339
2340
2341
2346
2347
2350
2351
2355
2356
2357
2359
2361
2364
2368
2370
2372
2373
2374
2375
2380
2381
2382
2383
2387
2388
2389
2390
2391
2393
2394
2396
2397
2399
2401
2403
2404
2406
2407
2415
2416
2417
2420
2423
2424
2426
2428
2429
2430
2432
2438
2442
2443
2447
2448
2449
2451
2452
2453
2456
2459
2461
2462
2463
2476
2479
2480
2481
2482
2484
2485
2486
2487
2488
2489
2490
2491
2492
2493
2494
2495
2496
2498
2501
2502
2503
2504
2505
2506
2508
2509
2510
2511
2512
2513
2514
2515
2518
2519
2520
2521
2522
2524
2525
2526
2527
2528
2529
2530
2532
2533
2534
2535
2536
2537
2538
2539
2540
2541
2542
2543
2544
2545
2546
2547
2549
2550
2551
2552
2553
2554
2556
2558
2559
2560
2561
2562
2563
2564
2565
2566
2568
2569
2570
2571
2573
2574
2577
2578
2579
2581
2582
2583
2584
2585
2586
2588
2589
2590
2591
2592
2595
2596
2597
2598
2599
2600
2601
2602
2603
2604
2607
2608
2612
2614
2615
2616
2617
2618
2619
2620
2621
2623
2624
2626
2627
2628
2629
2631
2632
2633
2634
2636
2637
2639
2640
2641
2642
2643
2644
2646
2647
2648
2650
2651
2652
2653
2654
2655
2656
2657
2658
2659
2660
2661
2662
2663
2664
2665
2666
2668
2669
2670
2671
2672
2674
2675
2676
2677
2678
2679
2681
2682
2684
2685
2686
2687
2689
2690
2691
2692
2693
2695
2696
2697
2698
2699
2700
2701
2703
2704
2706
2708
2709
2710
2711
2712
2716
2717
2718
2719
2720
2721
2722
2723
2724
2725
2727
2728
2729
2730
2732
2733
2734
2737
2738
2739
2740
2742
2743
2744
2751
2753
2755
2756
2758
2759
2760
2761
2762
2764
2765
2767
2768
2769
2770
2772
2773
2774
2775
2776
2779
2780
2782
2783
2784
2786
2787
2789
2790
2792
2793
2795
2797
2799
2800
2801
2802
2805
2806
2809
2813
2815
2816
2818
2819
2821
2822
2824
2825
2826
2828
2829
2830
2833
2836
2837
2841
2842
2843
2844
2846
2847
2849
2852
2853
2854
2855
2856
2858
2859
2861
2863
2865
2868
2870
2871
2873
2874
2876
2878
2879
2883
2886
2888
2890
2891
2893
2894
2897
2898
2902
2903
2904
2907
2909
2910
2911
2912
2913
2914
2915
2917
2919
2920
2922
2923
2928
2933
2935
2937
2938
2939
2940
2941
2942
2943
2944
2946
2947
2948
2949
2950
2953
2956
2957
2958
2959
2960
2965
2968
2970
2973
2974
2975
2976
2980
2981
2984
2986
2987
2988
2990
2992
2993
2996
2998
3002
3003
3004
3005
3008
3010
3011
3014
3015
3016
3017
3018
3022
3023
3026
3027
3029
3030
3032
3033
3034
3037
3038
3039
3042
3045
3047
3048
3049
3050
3054
3055
3057
3061
3067
3068
3070
3072
3073
3075
3078
3080
3083
3084
3087
3088
3090
3092
3093
3094
3095
3099
3100
3101
3104
3106
3108
3111
3113
3116
3119
3120
3122
3123
3125
3127
3129
3131
3132
3133
3134
3138
3140
3141
3144
3148
3149
3150
3152
3154
3157
3162
3164
3167
3171
3174
3177
3178
3180
3182
3183
3190
3191
3192
3193
3195
3197
3200
3204
3206
3208
3210
3213
3214
3219
3220
3222
3226
3227
3229
3230
3232
3236
3239
3240
3241
3244
3245
3247
3248
3250
3252
3253
3254
3261
3262
3264
3266
3273
3274
3276
3278
3279
3280
3282
3285
3286
3287
3288
3290
3291
3293
3294
3295
3296
3297
3299
3301
3302
3304
3305
3307
3316
3317
3319
3322
3324
3325
3327
3329
3332
3334
3337
3338
3340
3341
3342
3343
3344
3345
3347
3351
3354
3355
3356
3358
3361
3362
3368
3375
3378
3379
3380
3381
3382
3383
3384
3385
3388
3389
3392
3393
3395
3396
3397
3398
3402
3403
3405
3407
3410
3416
3417
3418
3419
3421
3422
3423
3424
3425
3426
3428
3429
3435
3436
3438
3439
3442
3446
3448
3450
3453
3454
3457
3458
3463
3464
3466
3467
3470
3471
3473
3474
3477
3478
3479
3480
3483
3484
3485
3486
3487
3488
3493
3494
3496
3497
3498
3501
3502
3503
3505
3506
3507
3509
3510
3512
3514
3515
3517
3520
3523
3524
3529
3530
3531
3532
3534
3535
3537
3539
3544
3545
3547
3548
3552
3553
3554
3555
3557
3559
3560
3561
3562
3565
3566
3567
3568
3569
3570
3571
3574
3578
3579
3580
3581
3582
3583
3587
3588
3593
3594
3595
3597
3599
3600
3602
3604
3605
3606
3607
3610
3612
3614
3616
3617
3618
3623
3625
3626
3627
3628
3629
3631
3632
3634
3637
3640
3643
3644
3647
3650
3651
3652
3653
3654
3655
3657
3658
3660
3661
3666
3667
3669
3670
3672
3673
3674
3675
3676
3677
3678
3679
3685
3687
3688
3690
3691
3693
3694
3695
3696
3698
3699
3700
3702
3703
3705
3706
3707
3708
3709
3711
3712
3713
3716
3717
3723
3727
3728
3730
3731
3733
3734
3735
3739
3740
3742
3747
3751
3752
3754
3755
3761
3762
3763
3765
3766
3768
3770
3773
3775
3776
3777
3779
3780
3781
3785
3788
3789
3795
3802
3803
3804
3805
3809
3810
3812
3819
3825
3826
3827
3828
3829
3830
3833
3837
3839
3841
3848
3849
3850
3851
3852
3855
3857
3858
3859
3860
3861
3862
3865
3866
3868
3872
3874
3875
3876
3878
3879
3882
3884
3886
3890
3893
3897
3899
3907
3912
3920
3921
3927
3929
3930
3933
3934
3935
3942
3944
3950
3952
3954
3958
3959
3963
3968
3969
3970
3972
3974
3975
3977
3978
3982
3983
3986
3987
3988
3989
3992
3993
3994
3995
4005
4010
4012
4015
4018
4020
4024
4032
4033
4035
4036
4040
4046
4060
4063
4066
4069
4070
4075
4076
4079
4083
4084
4091
4094
4095
4096
4097
4100
4102
4106
4109
4112
4113
4114
4116
4118
4120
4121
4124
4125
4129
4131
4132
4138
4139
4141
4155
4156
4157
4158
4163
4165
4167
4169
4172
4178
4180
4183
4184
4185
4187
4191
4194
4195
4196
4198
4201
4203
4204
4207
4211
4212
4213
4214
4219
4220
4222
4232
4235
4237
4238
4240
4249
4265
4266
4271
4272
4275
4276
4280
4285
4292
4294
4297
4302
4304
4312
4316
4318
4332
4333
4334
4337
4338
4339
4341
4345
4346
4348
4350
4354
4356
4357
4369
4371
4374
4376
4378
4379
4382
4383
4388
4389
4390
4391
4392
4393
4394
4395
4396
4397
4398
4399
4400
4401
4402
4403
4404
4405
4406
4407
4408
4410
4411
4412
4413
4414
4415
4416
4417
4418
4419
4420
4421
4422
4423
4424
4426
4427
4428
4429
4430
4431
4432
4436
4437
4438
4439
4440
4441
4442
4443
4445
4446
4447
4449
4451
4455
4456
4458
4459
4461
4462
4463
4464
4465
4468
4469
4470
4471
4472
4473
4474
4475
4476
4480
4481
4482
4483
4484
4485
4487
4488
4489
4490
4491
4492
4493
4498
4500
4501
4502
4503
4504
4507
4508
4512
4513
4516
4517
4518
4519
4520
4521
4522
4523
4524
4525
4526
4527
4532
4534
4535
4537
4538
4539
4540
4541
4542
4544
4545
4546
4547
4549
4551
4552
4553
4556
4557
4560
4563
4565
4569
4570
4571
4572
4573
4576
4578
4579
4580
4582
4584
4586
4588
4590
4591
4593
4594
4596
4597
4598
4601
4602
4603
4604
4606
4608
4609
4610
4611
4612
4613
4615
4617
4618
4619
4620
4623
4625
4629
4633
4635
4636
4637
4639
4641
4646
4648
4649
4652
4653
4654
4655
4656
4657
4658
4660
4663
4664
4666
4668
4670
4671
4672
4673
4676
4678
4679
4681
4683
4685
4688
4691
4693
4695
4696
4699
4700
4701
4702
4703
4704
4705
4708
4709
4710
4712
4714
4715
4720
4721
4723
4724
4725
4727
4728
4730
4731
4732
4733
4734
4735
4738
4744
4746
4747
4749
4755
4756
4757
4759
4762
4764
4765
4769
4770
4774
4776
4777
4778
4782
4784
4785
4786
4788
4789
4790
4791
4792
4793
4794
4796
4797
4798
4799
4800
4801
4803
4807
4808
4811
4812
4813
4814
4815
4816
4817
4819
4822
4824
4827
4828
4830
4831
4832
4833
4835
4837
4838
4839
4840
4841
4842
4843
4845
4846
4847
4848
4849
4851
4853
4856
4857
4858
4860
4861
4862
4863
4864
4865
4866
4868
4870
4871
4873
4876
4877
4878
4879
4881
4883
4884
4885
4886
4887
4889
4891
4892
4895
4896
4897
4899
4902
4904
4905
4907
4908
4910
4913
4914
4916
4921
4924
4926
4933
4934
4935
4936
4937
4939
4942
4944
4948
4949
4950
4951
4953
4955
4957
4959
4963
4964
4967
4969
4972
4973
4974
4976
4979
4980
4982
4985
4986
4987
4989
4991
4993
4994
4995
5000
5003
5005
5010
5012
5013
5014
5015
5019
5022
5024
5027
5029
5030
5031
5032
5033
5035
5038
5039
5040
5041
5042
5044
5048
5049
5050
5052
5057
5058
5062
5063
5064
5066
5068
5069
5070
5073
5076
5077
5078
5079
5080
5081
5082
5084
5088
5089
5090
5091
5093
5094
5096
5097
5098
5099
5100
5102
5103
5105
5107
5108
5110
5112
5114
5116
5117
5119
5121
5122
5124
5130
5131
5136
5140
5141
5142
5146
5147
5148
5151
5152
5153
5154
5155
5157
5159
5160
5162
5165
5166
5169
5171
5172
5175
5177
5179
5180
5183
5184
5185
5186
5188
5189
5190
5191
5192
5193
5196
5200
5202
5203
5204
5205
5208
5209
5211
5212
5219
5220
5221
5225
5226
5227
5229
5230
5233
5234
5243
5244
5245
5247
5248
5249
5250
5251
5252
5253
5257
5261
5265
5266
5267
5269
5270
5271
5272
5273
5274
5275
5277
5278
5281
5282
5284
5286
5288
5289
5290
5293
5294
5296
5297
5298
5300
5304
5306
5307
5312
5313
5314
5317
5319
5324
5327
5329
5330
5331
5332
5333
5334
5335
5338
5339
5340
5341
5342
5343
5344
5345
5356
5358
5360
5361
5362
5363
5364
5366
5375
5378
5379
5380
5384
5386
5387
5395
5396
5399
5400
5401
5402
5408
5409
5412
5416
5417
5423
5424
5434
5437
5438
5439
5443
5445
5446
5447
5450
5451
5455
5457
5458
5459
5460
5461
5466
5467
5468
5472
5473
5474
5475
5476
5477
5478
5479
5480
5481
5482
5483
5485
5487
5489
5490
5493
5494
5496
5499
5502
5506
5509
5511
5512
5515
5521
5523
5525
5528
5531
5533
5534
5535
5536
5537
5540
5542
5544
5545
5546
5548
5551
5553
5554
5556
5558
5560
5562
5564
5566
5568
5571
5576
5580
5582
5587
5591
5597
5598
5603
5604
5605
5606
5608
5611
5613
5619
5620
5622
5624
5626
5629
5631
5632
5637
5642
5643
5645
5647
5649
5651
5654
5659
5660
5662
5663
5664
5667
5668
5671
5672
5675
5676
5677
5678
5680
5682
5684
5685
5687
5689
5692
5697
5699
5701
5706
5709
5710
5711
5718
5721
5723
5724
5726
5729
5730
5731
5735
5737
5739
5740
5742
5743
5748
5749
5751
5752
5754
5760
5761
5762
5764
5765
5766
5768
5769
5771
5777
5780
5781
5784
5787
5788
5793
5794
5796
5799
5801
5805
5808
5810
5811
5814
5815
5816
5818
5819
5822
5826
5830
5834
5840
5841
5842
5843
5846
5847
5851
5860
5862
5864
5866
5867
5870
5875
5876
5877
5882
5883
5885
5886
5888
5899
5901
5903
5904
5908
5909
5917
5918
5920
5922
5924
5925
5926
5930
5937
5938
5939
5944
5949
5952
5953
5954
5955
5956
5958
5961
5962
5966
5967
5968
5969
5970
5972
5974
5975
5978
5980
5982
5986
5987
5992
5993
5996
5997
5998
6003
6011
6012
6014
6015
6021
6028
6029
6032
6033
6036
6037
6041
6043
6049
6050
6055
6058
6059
6060
6061
6065
6066
6069
6070
6073
6077
6082
6084
6085
6090
6095
6096
6097
6098
6099
6100
6101
6102
6103
6105
6107
6108
6109
6110
6111
6112
6114
6115
6117
6118
6119
6120
6121
6122
6124
6127
6128
6129
6130
6136
6139
6140
6142
6143
6144
6146
6147
6149
6152
6156
6157
6158
6163
6168
6169
6170
6171
6172
6174
6175
6177
6179
6188
6189
6190
6195
6198
6200
6201
6202
6203
6204
6205
6206
6207
6208
6209
6210
6211
6212
6213
6215
6217
6218
6219
6220
6223
6224
6225
6226
6228
6229
6232
6234
6235
6236
6237
6238
6239
6240
6241
6242
6243
6244
6246
6247
6248
6249
6250
6251
6252
6253
6254
6255
6256
6257
6258
6259
6260
6262
6263
6264
6265
6266
6267
6268
6270
6271
6272
6273
6274
6275
6276
6277
6278
6279
6280
6281
6282
6283
6284
6285
6287
6288
6289
6290
6291
6292
6293
6294
6295
6296
6297
6298
6299
6300
6302
6303
6304
6306
6308
6309
6310
6311
6312
6313
6314
6315
6316
6317
6318
6319
6321
6322
6324
6325
6326
6327
6328
6329
6330
6331
6332
6334
6337
6338
6339
6340
6341
6342
6343
6344
6345
6346
6347
6349
6350
6351
6353
6355
6356
6358
6359
6360
6363
6364
6365
6366
6368
6369
6370
6371
6373
6375
6377
6378
6381
6382
6384
6386
6388
6389
6390
6391
6392
6393
6394
6395
6396
6398
6399
6400
6403
6404
6405
6406
6407
6408
6411
6412
6413
6414
6415
6416
6417
6420
6421
6422
6423
6424
6425
6426
6427
6428
6430
6431
6432
6433
6434
6435
6436
6437
6438
6439
6440
6442
6443
6444
6445
6446
6447
6448
6449
6450
6451
6452
6454
6457
6458
6459
6460
6461
6462
6463
6465
6467
6469
6470
6471
6472
6474
6476
6477
6478
6479
6480
6481
6483
6486
6487
6488
6490
6491
6493
6494
6496
6498
6500
6504
6507
6508
6509
6513
6517
6518
6520
6521
6522
6524
6525
6527
6528
6530
6532
6534
6535
6536
6539
6540
6543
6544
6545
6550
6551
6552
6553
6555
6556
6558
6560
6561
6562
6563
6564
6566
6568
6569
6573
6574
6576
6577
6579
6580
6581
6582
6583
6584
6585
6587
6588
6590
6591
6592
6593
6595
6597
6598
6600
6602
6604
6605
6608
6610
6611
6612
6613
6616
6617
6618
6620
6621
6624
6627
6628
6629
6630
6631
6632
6633
6634
6636
6637
6639
6642
6643
6646
6649
6652
6654
6656
6657
6658
6661
6662
6663
6666
6667
6668
6669
6671
6673
6675
6678
6680
6684
6687
6688
6689
6693
6694
6695
6696
6697
6698
6700
6702
6703
6704
6705
6706
6707
6709
6710
6713
6716
6717
6718
6719
6720
6724
6725
6726
6727
6728
6730
6731
6732
6733
6734
6735
6736
6737
6739
6740
6742
6743
6744
6746
6747
6750
6751
6754
6756
6757
6759
6760
6762
6763
6764
6766
6768
6774
6775
6777
6779
6782
6783
6784
6786
6787
6788
6790
6796
6797
6800
6802
6803
6805
6809
6813
6815
6816
6820
6822
6824
6825
6826
6829
6834
6835
6837
6839
6841
6842
6848
6851
6852
6853
6858
6860
6862
6864
6865
6868
6869
6875
6882
6885
6886
6888
6889
6893
6896
6899
6900
6903
6905
6906
6907
6908
6909
6910
6915
6916
6918
6919
6924
6927
6929
6932
6933
6939
6943
6944
6945
6946
6949
6950
6954
6956
6957
6959
6962
6963
6965
6966
6967
6968
6969
6975
6976
6977
6980
6982
6983
6985
6986
6989
6990
6992
6996
7000
7001
7002
7003
7004
7006
7009
7010
7011
7012
7013
7015
7016
7020
7021
7024
7028
7029
7030
7031
7033
7035
7036
7038
7039
7043
7044
7046
7048
7049
7051
7055
7058
7059
7063
7065
7070
7073
7074
7075
7076
7077
7078
7079
7082
7086
7090
7093
7094
7097
7098
7099
7102
7103
7106
7107
7109
7110
7111
7112
7115
7120
7121
7122
7123
7124
7129
7130
7134
7135
7136
7139
7140
7141
7142
7144
7146
7148
7149
7150
7152
7153
7156
7160
7163
7164
7166
7168
7171
7172
7173
7174
7175
7176
7177
7178
7180
7181
7185
7186
7187
7188
7191
7193
7194
7196
7197
7198
7200
7201
7202
7204
7206
7207
7210
7211
7213
7214
7215
7217
7220
7222
7226
7228
7229
7233
7234
7235
7238
7243
7244
7245
7246
7248
7249
7251
7253
7254
7255
7258
7259
7263
7264
7266
7268
7269
7270
7271
7272
7273
7274
7275
7276
7279
7282
7283
7284
7285
7287
7288
7291
7295
7302
7303
7307
7309
7312
7313
7314
7316
7317
7318
7320
7321
7322
7323
7325
7327
7328
7331
7332
7333
7335
7336
7337
7339
7342
7343
7344
7348
7350
7351
7354
7356
7357
7358
7363
7364
7365
7367
7370
7371
7372
7374
7375
7376
7379
7380
7381
7386
7387
7388
7389
7390
7392
7393
7394
7395
7396
7398
7401
7402
7404
7405
7408
7409
7410
7411
7412
7413
7414
7415
7416
7417
7419
7420
7422
7423
7425
7426
7427
7430
7443
7446
7453
7464
7465
7467
7468
7479
7482
7484
7487
7498
7503
7505
7507
7511
7513
7516
7518
7519
7524
7525
7526
7540
7542
7543
7544
7548
7552
7553
7554
7556
7557
7566
7570
7573
7576
7582
7586
7587
7588
7590
7593
7604
7607
7611
7613
7616
7618
7621
7633
7639
7642
7644
7647
7654
7655
7658
7659
7675
7688
7689
7690
7697
7700
7707
7712
7731
7735
7755
7756
7759
7764
7774
7783
7785
7793
7796
7797
7808
7811
7816
7820
7823
7824
7838
7841
7843
7853
7855
7856
7860
7870
7871
7875
7878
7879
7890
7894
7904
7906
7908
7919
7926
7927
7934
7947
7951
7954
7956
7961
7963
7972
7975
7983
7986
7990
7997
8000
8003
8005
8006
8016
8030
8047
8051
8052
8055
8059
8060
8061
8062
8064
8068
8091
8096
8099
8102
8104
8105
8107
8109
8110
8111
8113
8114
8115
8116
8117
8119
8120
8122
8123
8124
8127
8129
8131
8132
8133
8134
8135
8137
8138
8140
8142
8143
8146
8147
8148
8149
8150
8151
8154
8156
8157
8158
8160
8162
8163
8165
8166
8167
8168
8169
8170
8171
8172
8173
8174
8175
8176
8177
8181
8182
8184
8185
8186
8187
8188
8189
8190
8191
8196
8197
8198
8200
8204
8205
8206
8207
8208
8209
8210
8211
8212
8213
8214
8216
8217
8218
8221
8222
8223
8227
8228
8229
8231
8235
8237
8238
8239
8240
8244
8246
8247
8248
8251
8252
8254
8255
8256
8258
8259
8260
8261
8262
8263
8264
8265
8266
8267
8268
8271
8272
8273
8274
8277
8280
8282
8286
8288
8289
8290
8292
8294
8296
8301
8308
8309
8310
8311
8312
8314
8315
8316
8318
8319
8320
8321
8322
8323
8326
8328
8329
8330
8332
8333
8335
8340
8342
8344
8345
8347
8351
8352
8353
8354
8355
8356
8357
8359
8360
8361
8365
8366
8367
8371
8372
8373
8377
8380
8382
8383
8384
8385
8386
8388
8389
8390
8392
8394
8398
8404
8405
8407
8413
8414
8415
8416
8419
8420
8424
8428
8429
8430
8434
8435
8437
8438
8439
8442
8443
8445
8447
8449
8450
8452
8453
8454
8457
8458
8462
8464
8467
8479
8483
8484
8487
8488
8489
8490
8491
8493
8495
8496
8498
8499
8501
8502
8503
8505
8506
8507
8508
8509
8512
8515
8521
8524
8525
8526
8529
8537
8538
8539
8540
8541
8542
8546
8549
8550
8551
8554
8555
8559
8560
8562
8565
8566
8568
8570
8574
8576
8577
8578
8581
8585
8588
8589
8590
8592
8596
8597
8602
8603
8604
8606
8610
8612
8614
8618
8622
8627
8628
8630
8635
8640
8641
8645
8647
8649
8651
8652
8656
8657
8658
8659
8663
8669
8671
8672
8674
8675
8680
8690
8693
8696
8698
8699
8703
8705
8707
8717
8719
8722
8724
8727
8735
8738
8740
8741
8746
8747
8749
8752
8753
8755
8757
8758
8762
8763
8764
8767
8776
8777
8779
8784
8786
8788
8790
8791
8792
8794
8797
8799
8802
8803
8804
8810
8811
8813
8814
8821
8824
8825
8826
8829
8831
8832
8834
8836
8839
8844
8854
8855
8864
8867
8869
8874
8876
8877
8879
8880
8882
8883
8884
8885
8887
8888
8889
8894
8900
8903
8905
8906
8907
8916
8918
8919
8923
8925
8926
8927
8929
8930
8931
8934
8935
8938
8940
8941
8943
8944
8948
8953
8961
8963
8964
8965
8968
8971
8982
8983
8986
8989
8991
8997
8998
9000
9002
9008
9012
9018
9020
9021
9027
9029
9034
9035
9038
9039
9041
9042
9044
9045
9049
9051
9053
9055
9056
9059
9065
9066
9068
9069
9079
9081
9086
9087
9090
9091
9092
9096
9097
9101
9103
9104
9110
9112
9114
9118
9120
9122
9124
9125
9126
9127
9129
9133
9137
9141
9147
9148
9150
9151
9153
9154
9155
9156
9159
9164
9165
9169
9177
9179
9180
9181
9182
9183
9184
9186
9187
9189
9192
9194
9195
9196
9197
9201
9209
9214
9215
9218
9219
9221
9223
9224
9226
9229
9232
9234
9235
9237
9241
9247
9248
9250
9251
9252
9267
9268
9270
9280
9283
9289
9294
9296
9299
9303
9309
9317
9318
9319
9320
9324
9332
9336
9354
9355
9358
9359
9363
9365
9366
9367
9368
9370
9372
9376
9380
9389
9390
9391
9392
9393
9395
9401
9402
9403
9406
9408
9409
9425
9430
9437
9440
9441
9443
9444
9449
9453
9454
9457
9459
9466
9474
9477
9478
9482
9483
9485
9486
9490
9491
9495
9502
9506
9507
9510
9513
9516
9524
9526
9527
9529
9530
9532
9535
9536
9537
9540
9541
9544
9547
9551
9557
9558
9564
9570
9573
9577
9582
9583
9593
9597
9600
9602
9605
9613
9615
9617
9625
9630
9635
9639
9640
9659
9661
9662
9664
9666
9667
9668
9669
9671
9672
9674
9675
9684
9686
9689
9692
9694
9695
9698
9701
9702
9707
9713
9720
9726
9730
9735
9736
9746
9747
9749
9753
9756
9757
9758
9759
9766
9767
9769
9773
9775
9778
9779
9780
9784
9785
9789
9793
9797
9800
9801
9803
9804
9807
9811
9812
9813
9815
9816
9819
9822
9823
9824
9825
9826
9833
9834
9835
9836
9838
9843
9844
9848
9849
9850
9851
9857
9858
9860
9861
9864
9866
9868
9871
9872
9875
9876
9882
9883
9886
9887
9889
9890
9891
9898
9901
9903
9907
9912
9914
9916
9917
9918
9919
9920
9921
9922
9925
9926
9927
9931
9932
9933
9934
9936
9937
9938
9941
9942
9943
9946
9947
9948
9950
9952
9953
9954
9955
9956
9957
9958
9959
9960
9961
9962
9963
9964
9965
9966
9967
9968
9969
9970
9971
9974
9976
9978
9979
9980
9981
9982
9984
9985
9986
9987
9989
9990
9991
9992
9993
9994
9997
9998
9999
10000
10001
10002
10003
10004
10005
10006
10007
10008
10009
10010
10011
10012
10013
10014
10019
10020
10023
10024
10025
10026
10027
10029
10030
10031
10032
10034
10036
10037
10040
10041
10042
10043
10044
10045
10047
10048
10049
10050
10051
10052
10054
10055
10056
10057
10058
10059
10061
10062
10063
10064
10065
10067
10069
10070
10071
10072
10073
10074
10076
10077
10078
10079
10080
10081
10082
10083
10084
10086
10087
10090
10092
10093
10094
10096
10098
10100
10102
10103
10105
10106
10107
10109
10110
10111
10112
10117
10118
10119
10120
10121
10122
10123
10124
10125
10126
10128
10129
10131
10132
10133
10134
10135
10136
10138
10139
10140
10141
10143
10144
10145
10146
10148
10150
10151
10152
10155
10156
10157
10161
10162
10164
10166
10168
10170
10171
10172
10175
10177
10181
10183
10186
10188
10189
10190
10192
10193
10194
10195
10201
10202
10204
10205
10207
10211
10216
10220
10221
10223
10227
10228
10229
10231
10232
10237
10238
10240
10241
10243
10244
10245
10246
10247
10249
10250
10252
10253
10254
10257
10258
10259
10261
10262
10263
10264
10266
10267
10268
10269
10270
10273
10274
10277
10280
10283
10284
10293
10295
10297
10298
10299
10300
10301
10302
10303
10306
10307
10311
10316
10320
10322
10323
10325
10326
10332
10334
10335
10338
10339
10341
10342
10343
10344
10345
10346
10347
10348
10351
10353
10355
10356
10357
10362
10366
10367
10370
10371
10372
10374
10375
10376
10377
10387
10388
10389
10390
10394
10396
10398
10401
10403
10408
10414
10415
10417
10418
10419
10420
10422
10423
10424
10426
10431
10435
10439
10442
10444
10446
10447
10449
10450
10453
10458
10459
10460
10461
10463
10464
10465
10466
10468
10476
10477
10478
10480
10482
10489
10490
10491
10497
10504
10506
10508
10527
10534
10536
10538
10539
10543
10548
10551
10553
10555
10556
10559
10562
10567
10573
10577
10578
10581
10582
10583
10587
10591
10593
10595
10602
10604
10605
10607
10609
10611
10615
10619
10620
10621
10623
10625
10627
10628
10632
10634
10638
10639
10641
10642
10647
10648
10650
10660
10663
10664
10667
10669
10671
10673
10674
10676
10678
10679
10680
10681
10682
10683
10685
10686
10687
10689
10690
10694
10702
10704
10706
10710
10713
10714
10715
10718
10719
10721
10722
10726
10729
10730
10731
10732
10733
10734
10735
10743
10745
10747
10750
10752
10753
10754
10756
10757
10758
10762
10765
10768
10769
10770
10771
10772
10774
10779
10783
10784
10785
10786
10788
10789
10790
10792
10793
10795
10797
10798
10800
10804
10806
10808
10809
10811
10812
10813
10816
10817
10820
10821
10822
10823
10825
10826
10827
10828
10829
10832
10833
10835
10839
10844
10849
10850
10851
10852
10853
10854
10855
10856
10857
10858
10862
10863
10864
10866
10867
10870
10872
10873
10876
10878
10881
10882
10884
10885
10887
10888
10889
10890
10891
10892
10894
10895
10896
10898
10901
10902
10905
10907
10908
10912
10913
10914
10915
10916
10918
10919
10920
10926
10929
10930
10933
10940
10942
10943
10945
10947
10948
10952
10954
10957
10958
10959
10960
10962
10963
10964
10965
10968
10970
10972
10973
10978
10979
10981
10983
10984
10985
10987
10989
10990
10991
10994
10998
10999
11002
11006
11009
11010
11012
11017
11020
11021
11023
11024
11025
11026
11028
11030
11031
11032
11034
11036
11037
11038
11040
11042
11045
11046
11049
11050
11051
11053
11057
11059
11062
11063
11068
11071
11072
11074
11075
11078
11083
11085
11086
11087
11088
11089
11093
11094
11095
11098
11100
11101
11102
11103
11105
11106
11107
11109
11110
11112
11114
11115
11119
11120
11122
11125
11126
11127
11131
11133
11136
11137
11140
11141
11145
11146
11162
11163
11168
11174
11179
11180
11182
11183
11190
11192
11194
11195
11200
11204
11207
11209
11214
11217
11218
11219
11222
11228
11231
11232
11233
11234
11243
11254
11255
11256
11257
11258
11259
11266
11268
11270
11272
11273
11277
11281
11283
11287
11288
11289
11290
11296
11297
11299
11300
11303
11304
11305
11307
11308
11310
11312
11314
11321
11324
11325
11328
11332
11348
11349
11356
11361
11368
11371
11372
11382
11392
11398
11403
11407
11410
11411
11416
11420
11421
11432
11435
11437
11440
11441
11457
11460
11461
11463
11468
11469
11470
11476
11480
11494
11495
11497
11499
11504
11507
11511
11514
11515
11516
11519
11521
11522
11528
11529
11530
11534
11536
11540
11543
11545
11547
11552
11557
11560
11562
11569
11574
11576
11580
11584
11593
11595
11604
11606
11607
11608
11611
11619
11621
11622
11624
11627
11631
11640
11641
11643
11646
11647
11650
11653
11655
11660
11661
11666
11668
11678
11679
11681
11686
11687
11689
11698
11702
11704
11713
11715
11716
11718
11719
11730
11736
11737
11744
11753
11764
11769
11771
11775
11782
11785
11787
11791
11792
11801
11806
11810
11811
11816
11817
11818
11820
11821
11822
11823
11825
11826
11828
11829
11831
11834
11835
11836
11837
11838
11839
11840
11841
11842
11844
11845
11846
11847
11849
11851
11853
11856
11857
11858
11860
11861
11863
11864
11865
11867
11869
11870
11871
11875
11878
11881
11882
11884
11885
11886
11887
11889
11890
11892
11894
11898
11899
11900
11901
11904
11905
11908
11911
11913
11915
11917
11918
11919
11922
11923
11924
11926
11927
11932
11935
11937
11938
11939
11940
11942
11943
11945
11947
11948
11949
11951
11952
11953
11954
11957
11958
11960
11961
11962
11965
11967
11968
11971
11972
11973
11975
11978
11979
11980
11982
11985
11986
11987
11991
11992
11993
11994
11996
11999
12002
12003
12004
12005
12006
12007
12008
12009
12010
12017
12026
12029
12030
12031
12032
12033
12034
12036
12037
12039
12040
12041
12042
12043
12048
12049
12051
12053
12054
12056
12057
12061
12065
12069
12070
12072
12075
12078
12080
12081
12082
12084
12086
12087
12094
12096
12097
12099
12100
12103
12104
12107
12108
12110
12112
12114
12115
12116
12117
12119
12121
12123
12124
12126
12127
12128
12129
12131
12132
12136
12137
12142
12145
12148
12149
12151
12155
12156
12159
12160
12161
12163
12164
12168
12174
12175
12179
12185
12186
12187
12192
12193
12195
12196
12197
12198
12202
12203
12204
12205
12209
12210
12213
12214
12219
12220
12223
12226
12227
12228
12229
12232
12235
12238
12239
12240
12241
12242
12243
12244
12245
12247
12251
12252
12253
12255
12256
12258
12262
12263
12264
12265
12267
12268
12271
12273
12277
12278
12282
12284
12288
12292
12293
12294
12297
12299
12300
12301
12302
12304
12305
12306
12308
12311
12314
12317
12320
12322
12323
12324
12325
12328
12332
12333
12334
12336
12339
12342
12346
12349
12353
12358
12361
12362
12363
12364
12365
12366
12370
12372
12373
12376
12378
12379
12381
12383
12384
12387
12388
12389
12390
12394
12395
12396
12398
12400
12410
12412
12413
12415
12416
12418
12423
12425
12429
12431
12433
12436
12437
12438
12441
12442
12443
12452
12459
12460
12461
12462
12463
12466
12467
12468
12469
12472
12474
12476
12477
12478
12480
12481
12482
12484
12485
12486
12490
12491
12495
12498
12500
12501
12502
12503
12506
12510
12512
12514
12516
12517
12518
12523
12524
12525
12527
12528
12529
12530
12537
12538
12540
12541
12542
12544
12545
12551
12552
12553
12558
12565
12566
12568
12569
12572
12575
12577
12580
12581
12583
12585
12588
12594
12599
12600
12601
12603
12604
12607
12608
12609
12610
12613
12617
12620
12622
12625
12626
12630
12631
12636
12640
12644
12645
12646
12647
12648
12649
12652
12654
12661
12662
12666
12669
12671
12672
12673
12674
12675
12677
12678
12682
12683
12690
12692
12694
12696
12697
12699
12702
12705
12706
12710
12711
12717
12718
12719
12721
12722
12725
12727
12728
12731
12734
12735
12737
12740
12741
12745
12746
12748
12753
12755
12757
12761
12762
12765
12766
12770
12775
12777
12778
12779
12786
12790
12794
12798
12799
12802
12807
12812
12815
12816
12818
12824
12826
12828
12829
12832
12833
12835
12840
12841
12842
12843
12847
12850
12851
12854
12859
12861
12862
12863
12865
12867
12868
12869
12871
12873
12874
12877
12878
12879
12884
12885
12886
12887
12889
12894
12895
12899
12902
12904
12905
12906
12911
12912
12921
12923
12928
12929
12934
12938
12939
12946
12947
12949
12951
12952
12954
12960
12963
12964
12966
12969
12981
12987
12990
12994
12995
12997
13000
13017
13019
13020
13023
13024
13025
13029
13030
13032
13034
13036
13038
13039
13044
13045
13048
13049
13050
13052
13053
13054
13056
13058
13060
13065
13070
13075
13076
13080
13090
13092
13096
13098
13104
13106
13108
13109
13111
13113
13117
13120
13122
13125
13126
13136
13137
13139
13143
13144
13146
13148
13154
13165
13167
13168
13170
13171
13172
13177
13183
13187
13188
13189
13192
13196
13198
13199
13202
13205
13214
13215
13216
13220
13221
13223
13226
13229
13230
13233
13238
13244
13246
13251
13253
13254
13255
13263
13271
13275
13276
13283
13286
13288
13294
13295
13305
13310
13311
13313
13314
13316
13317
13321
13323
13324
13326
13327
13343
13344
13349
13365
13368
13370
13371
13375
13377
13380
13381
13382
13383
13394
13395
13396
13397
13408
13409
13415
13418
13422
13424
13428
13429
13436
13439
13445
13449
13461
13462
13469
13470
13471
13483
13489
13492
13493
13494
13495
13497
13498
13499
13500
13501
13502
13503
13505
13513
13514
13516
13518
13523
13524
13526
13527
13529
13532
13533
13534
13535
13536
13539
13542
13543
13548
13549
13550
13552
13553
13556
13557
13558
13563
13570
13572
13580
13585
13586
13587
13589
13590
13591
13593
13595
13596
13599
13600
13601
13603
13606
13607
13612
13614
13616
13618
13628
13629
13630
13631
13632
13633
13635
13636
13637
13641
13642
13643
13644
13645
13647
13648
13651
13652
13654
13655
13656
13657
13658
13660
13661
13662
13663
13665
13668
13670
13671
13673
13674
13676
13677
13678
13679
13680
13681
13682
13683
13684
13685
13686
13688
13690
13691
13692
13693
13695
13696
13697
13698
13699
13701
13702
13703
13704
13705
13706
13707
13708
13709
13710
13711
13712
13713
13715
13716
13717
13718
13719
13720
13721
13722
13723
13724
13725
13726
13727
13729
13730
13731
13732
13734
13735
13736
13737
13738
13739
13740
13741
13743
13744
13745
13746
13747
13748
13749
13751
13753
13754
13755
13756
13757
13758
13759
13760
13762
13763
13765
13766
13768
13769
13770
13773
13775
13776
13777
13778
13782
13783
13784
13786
13787
13789
13790
13791
13792
13793
13794
13795
13796
13797
13799
13801
13803
13805
13810
13811
13812
13814
13817
13818
13820
13821
13822
13823
13825
13827
13830
13831
13833
13834
13835
13837
13839
13840
13841
13842
13843
13845
13846
13850
13852
13853
13854
13858
13859
13860
13862
13864
13865
13866
13870
13871
13872
13873
13875
13876
13877
13878
13879
13880
13882
13883
13884
13886
13889
13890
13893
13895
13896
13897
13900
13902
13904
13905
13907
13909
13910
13914
13915
13916
13917
13918
13921
13925
13926
13928
13929
13930
13931
13935
13937
13939
13941
13942
13944
13948
13951
13953
13954
13955
13957
13958
13961
13963
13964
13965
13966
13967
13968
13969
13971
13972
13973
13974
13975
13978
13979
13983
13984
13985
13987
13990
13991
13992
13994
13996
13997
13999
14005
14007
14010
14012
14013
14015
14016
14018
14019
14021
14023
14025
14026
14028
14030
14032
14036
14039
14040
14041
14046
14049
14051
14053
14055
14057
14059
14060
14061
14062
14064
14070
14072
14073
14078
14081
14083
14084
14085
14086
14088
14089
14091
14092
14096
14099
14101
14103
14104
14107
14108
14110
14112
14115
14117
14118
14120
14122
14123
14125
14126
14128
14130
14131
14132
14134
14135
14136
14140
14141
14142
14143
14145
14146
14152
14153
14158
14160
14162
14164
14165
14171
14172
14174
14175
14176
14177
14178
14180
14181
14184
14186
14188
14189
14190
14191
14192
14194
14196
14203
14208
14210
14222
14224
14228
14230
14231
14234
14236
14237
14241
14243
14245
14246
14248
14250
14253
14256
14261
14262
14265
14269
14270
14273
14276
14279
14281
14282
14284
14291
14292
14296
14297
14302
14304
14306
14307
14308
14313
14314
14319
14321
14331
14335
14337
14338
14339
14343
14346
14347
14348
14353
14356
14362
14364
14368
14369
14371
14372
14374
14376
14377
14378
14382
14384
14385
14388
14390
14393
14395
14396
14399
14400
14401
14402
14407
14413
14418
14420
14421
14422
14423
14424
14426
14428
14431
14432
14441
14443
14444
14449
14453
14454
14459
14461
14463
14467
14468
14470
14472
14474
14479
14480
14483
14485
14487
14488
14491
14496
14499
14502
14503
14504
14505
14507
14512
14513
14515
14517
14518
14520
14522
14524
14527
14529
14530
14531
14534
14535
14536
14537
14538
14539
14540
14547
14548
14553
14556
14558
14563
14564
14565
14566
14567
14568
14569
14570
14571
14577
14578
14580
14581
14588
14589
14591
14592
14595
14596
14599
14601
14602
14603
14604
14605
14606
14608
14612
14613
14614
14615
14621
14625
14626
14628
14629
14632
14639
14643
14644
14645
14646
14648
14651
14652
14654
14656
14659
14660
14661
14662
14663
14666
14671
14673
14674
14675
14677
14679
14681
14682
14686
14688
14690
14691
14695
14696
14697
14698
14699
14700
14701
14703
14704
14706
14707
14708
14712
14713
14714
14716
14720
14723
14724
14725
14726
14728
14730
14731
14737
14738
14742
14744
14746
14747
14748
14749
14751
14752
14753
14756
14758
14760
14764
14765
14767
14768
14770
14771
14773
14776
14777
14779
14780
14782
14784
14786
14789
14792
14794
14795
14799
14800
14802
14803
14804
14808
14809
14812
14814
14815
14816
14817
14818
14819
14820
14821
14824
14826
14827
14829
14830
14832
14833
14834
14835
14836
14837
14838
14840
14841
14842
14844
14845
14847
14848
14849
14850
14851
14853
14855
14859
14875
14878
14882
14892
14894
14896
14907
14908
14912
14913
14918
14919
14931
14934
14935
14937
14946
14952
14963
14966
14968
14971
14972
14973
14974
14978
14980
14982
14985
14993
14995
14998
14999
15000
15001
15002
15004
15008
15018
15024
15026
15032
15033
15034
15038
15039
15041
15044
15062
15070
15075
15082
15083
15085
15090
15096
15114
15121
15128
15129
15132
15135
15147
15152
15154
15171
15175
15182
15183
15192
15205
15211
15226
15231
15239
15242
15244
15251
15253
15266
15274
15276
15277
15299
15315
15320
15321
15334
15336
15341
15344
15347
15349
15353
15359
15362
15368
15373
15375
15395
15412
15413
15429
15442
15444
15446
15449
15460
15482
15485
15491
15498
15500
15501
15502
15505
15507
15510
15524
15530
15531
15532
15533
15535
15537
15538
15539
15540
15542
15543
15545
15546
15547
15548
15551
15552
15554
15555
15556
15559
15561
15563
15564
15565
15566
15567
15568
15569
15570
15572
15573
15574
15575
15577
15578
15579
15581
15583
15585
15587
15588
15589
15590
15593
15594
15597
15598
15601
15602
15603
15605
15607
15608
15610
15612
15613
15614
15615
15616
15617
15619
15620
15625
15628
15629
15630
15632
15633
15634
15635
15636
15637
15640
15641
15644
15646
15649
15650
15652
15654
15656
15657
15658
15659
15660
15667
15668
15669
15670
15671
15673
15674
15675
15678
15679
15680
15681
15682
15686
15687
15688
15689
15690
15692
15694
15695
15696
15698
15699
15701
15702
15704
15706
15708
15709
15718
15720
15722
15724
15726
15729
15731
15733
15735
15736
15737
15742
15744
15746
15747
15748
15750
15752
15753
15755
15757
15760
15761
15765
15768
15770
15771
15774
15777
15779
15780
15782
15786
15787
15788
15789
15793
15794
15795
15796
15800
15801
15802
15803
15806
15809
15811
15812
15813
15814
15816
15818
15820
15821
15822
15824
15825
15826
15827
15828
15833
15835
15838
15839
15840
15841
15842
15843
15845
15848
15849
15850
15852
15854
15855
15861
15863
15865
15869
15871
15873
15875
15882
15883
15885
15888
15892
15895
15898
15900
15904
15906
15907
15911
15912
15915
15918
15922
15923
15927
15928
15931
15932
15933
15934
15935
15937
15938
15939
15940
15942
15943
15944
15949
15952
15953
15954
15959
15962
15964
15965
15967
15969
15970
15979
15980
15981
15984
15987
15988
15990
15991
15992
15994
15995
15998
16002
16008
16011
16016
16017
16019
16020
16021
16027
16030
16034
16036
16039
16042
16046
16047
16049
16050
16051
16058
16060
16063
16064
16067
16068
16069
16070
16071
16072
16077
16079
16080
16081
16083
16084
16085
16086
16092
16093
16094
16097
16099
16102
16103
16108
16109
16113
16118
16120
16125
16132
16137
16138
16145
16147
16150
16151
16155
16156
16157
16162
16164
16165
16167
16169
16170
16172
16174
16175
16177
16180
16182
16183
16185
16186
16187
16189
16193
16194
16195
16197
16199
16202
16203
16204
16205
16209
16212
16215
16222
16229
16230
16232
16235
16241
16242
16243
16246
16247
16249
16252
16254
16256
16259
16260
16262
16264
16272
16280
16281
16284
16286
16288
16289
16292
16293
16297
16301
16302
16304
16306
16308
16311
16313
16316
16317
16322
16323
16324
16328
16330
16333
16334
16336
16339
16340
16342
16344
16346
16349
16350
16353
16354
16361
16362
16366
16368
16369
16370
16373
16374
16376
16380
16383
16387
16389
16390
16391
16392
16396
16397
16398
16399
16400
16402
16405
16408
16411
16413
16415
16416
16417
16419
16420
16423
16425
16426
16428
16430
16436
16439
16443
16445
16446
16448
16449
16452
16457
16460
16464
16469
16471
16473
16475
16476
16480
16485
16486
16493
16494
16498
16508
16512
16518
16520
16523
16526
16529
16531
16532
16535
16538
16541
16554
16555
16556
16565
16566
16571
16577
16578
16579
16581
16582
16587
16590
16607
16612
16615
16618
16622
16623
16624
16627
16638
16641
16643
16647
16649
16651
16652
16656
16657
16660
16663
16665
16668
16675
16676
16677
16678
16680
16682
16685
16688
16707
16709
16711
16712
16713
16714
16719
16722
16729
16734
16737
16739
16740
16745
16747
16750
16752
16760
16761
16768
16773
16784
16789
16800
16803
16805
16809
16816
16817
16818
16821
16824
16827
16828
16829
16831
16834
16835
16846
16856
16865
16868
16873
16874
16881
16882
16884
16889
16890
16901
16902
16911
16919
16930
16932
16935
16937
16939
16940
16943
16944
16945
16949
16956
16958
16968
16969
16972
16973
16993
16995
17000
17003
17006
17025
17026
17028
17034
17036
17041
17045
17047
17061
17062
17064
17071
17073
17079
17085
17089
17100
17103
17108
17110
17111
17116
17117
17120
17124
17127
17129
17136
17138
17141
17147
17151
17153
17158
17163
17171
17174
17175
17177
17185
17191
17197
17200
17202
17206
17207
17208
17210
17211
17213
17215
17217
17220
17222
17224
17228
17231
17237
17238
17239
17243
17244
17247
17250
17251
17253
17261
17262
17263
17264
17269
17270
17274
17276
17279
17282
17283
17284
17285
17286
17292
17294
17297
17298
17299
17300
17303
17304
17306
17309
17311
17313
17317
17320
17324
17328
17329
17330
17331
17338
17342
17343
17345
17346
17348
17349
17350
17351
17352
17354
17356
17357
17359
17360
17361
17362
17365
17366
17367
17368
17369
17370
17371
17374
17375
17376
17378
17379
17380
17381
17382
17384
17385
17386
17387
17388
17389
17390
17391
17392
17394
17396
17397
17398
17400
17402
17405
17406
17407
17408
17409
17410
17412
17413
17414
17415
17416
17417
17418
17420
17422
17424
17425
17426
17428
17429
17430
17431
17432
17433
17434
17435
17437
17438
17439
17440
17441
17442
17444
17446
17450
17452
17453
17454
17455
17457
17458
17460
17461
17463
17464
17467
17468
17469
17470
17471
17472
17473
17474
17475
17477
17479
17482
17484
17485
17487
17489
17490
17492
17493
17495
17497
17498
17499
17501
17502
17504
17505
17508
17509
17510
17511
17512
17514
17515
17517
17518
17519
17520
17521
17522
17524
17525
17526
17528
17532
17533
17534
17535
17537
17538
17539
17541
17542
17545
17546
17547
17548
17550
17553
17554
17555
17556
17557
17558
17561
17562
17565
17566
17567
17568
17569
17571
17573
17574
17576
17577
17578
17579
17581
17583
17585
17586
17587
17588
17590
17592
17593
17594
17595
17597
17600
17601
17603
17604
17605
17607
17608
17611
17614
17615
17616
17617
17619
17621
17623
17624
17626
17628
17629
17630
17632
17633
17636
17638
17640
17642
17644
17651
17653
17654
17656
17657
17658
17659
17660
17665
17668
17669
17671
17672
17673
17674
17677
17678
17679
17680
17681
17682
17685
17686
17687
17692
17693
17697
17698
17699
17701
17702
17703
17704
17705
17707
17708
17709
17710
17711
17712
17714
17715
17718
17721
17722
17724
17726
17727
17730
17732
17735
17739
17742
17744
17746
17748
17750
17752
17753
17754
17755
17758
17760
17763
17765
17767
17768
17770
17771
17773
17774
17775
17776
17778
17779
17781
17782
17784
17789
17791
17793
17794
17795
17796
17797
17798
17799
17800
17802
17803
17815
17817
17818
17819
17826
17830
17831
17832
17836
17837
17839
17841
17842
17843
17846
17848
17849
17850
17851
17854
17855
17856
17857
17860
17862
17864
17866
17870
17871
17872
17874
17875
17878
17879
17881
17889
17890
17891
17893
17896
17898
17902
17904
17906
17909
17911
17913
17914
17916
17917
17919
17921
17922
17923
17926
17931
17932
17934
17937
17941
17942
17944
17951
17955
17956
17957
17959
17960
17963
17974
17975
17977
17979
17981
17983
17988
17990
17994
17995
17996
18000
18004
18005
18007
18010
18011
18015
18018
18021
18028
18030
18031
18039
18041
18045
18048
18049
18051
18052
18053
18060
18069
18071
18075
18077
18088
18092
18094
18096
18098
18099
18102
18104
18108
18109
18113
18115
18116
18117
18118
18125
18127
18131
18132
18133
18134
18135
18137
18138
18141
18142
18144
18146
18150
18152
18154
18155
18157
18168
18171
18173
18174
18178
18179
18184
18185
18190
18193
18196
18197
18198
18199
18200
18205
18207
18208
18211
18216
18218
18221
18222
18224
18226
18227
18228
18233
18234
18236
18238
18239
18241
18242
18244
18245
18248
18249
18250
18252
18253
18254
18255
18260
18262
18263
18264
18267
18268
18270
18272
18274
18277
18278
18279
18281
18282
18286
18290
18293
18295
18298
18300
18302
18303
18304
18306
18310
18313
18314
18315
18317
18319
18320
18321
18322
18323
18324
18326
18329
18330
18331
18333
18337
18338
18343
18345
18346
18347
18348
18349
18350
18353
18357
18358
18360
18361
18362
18363
18365
18368
18370
18373
18376
18379
18380
18382
18385
18386
18387
18388
18390
18391
18393
18395
18396
18400
18404
18405
18406
18408
18409
18411
18413
18415
18416
18418
18421
18423
18427
18429
18433
18434
18436
18437
18439
18442
18443
18444
18445
18448
18451
18452
18453
18455
18456
18457
18458
18459
18462
18463
18466
18470
18473
18475
18477
18478
18479
18481
18483
18485
18488
18490
18493
18495
18496
18498
18500
18506
18508
18510
18511
18513
18514
18515
18516
18517
18519
18521
18522
18525
18526
18528
18529
18530
18531
18532
18534
18538
18540
18543
18544
18547
18549
18550
18552
18554
18555
18556
18557
18558
18559
18561
18562
18563
18564
18565
18568
18569
18573
18574
18577
18579
18580
18581
18582
18588
18590
18591
18592
18601
18602
18606
18609
18611
18616
18624
18627
18628
18633
18642
18644
18645
18648
18649
18650
18654
18659
18661
18664
18665
18666
18667
18668
18672
18673
18679
18682
18683
18684
18685
18690
18692
18694
18695
18696
18698
18702
18705
18706
18707
18711
18713
18714
18715
18718
18721
18726
18727
18728
18731
18732
18733
18735
18738
18741
18749
18755
18760
18776
18778
18786
18801
18807
18810
18825
18827
18831
18845
18849
18851
18860
18861
18866
18868
18873
18875
18879
18893
18896
18897
18927
18929
18936
18939
18940
18950
18956
18958
18971
18972
18979
18982
18983
18994
18995
18997
18999
19002
19007
19016
19019
19036
19039
19051
19052
19053
19055
19057
19058
19061
19069
19070
19072
19074
19079
19089
19091
19094
19095
19096
19097
19102
19105
19109
19117
19122
19123
19128
19132
19145
19147
19150
19151
19152
19153
19169
19190
19193
19197
19199
19203
19206
19209
19213
19216
19219
19220
19224
19225
19227
19241
19245
19246
19248
19249
19250
19251
19252
19254
19255
19256
19257
19259
19260
19261
19262
19264
19265
19266
19267
19268
19269
19271
19272
19274
19275
19281
19284
19285
19286
19287
19289
19290
19292
19294
19295
19296
19299
19300
19302
19303
19304
19305
19307
19308
19310
19312
19314
19315
19316
19317
19318
19322
19325
19326
19328
19330
19331
19335
19337
19338
19339
19343
19344
19345
19348
19351
19353
19354
19355
19356
19358
19359
19361
19363
19366
19367
19368
19372
19373
19374
19376
19377
19378
19379
19380
19381
19382
19383
19385
19387
19388
19390
19391
19394
19397
19403
19404
19405
19406
19409
19410
19411
19413
19414
19415
19416
19420
19421
19423
19426
19428
19429
19431
19432
19433
19434
19435
19438
19439
19442
19443
19445
19447
19448
19449
19450
19451
19452
19453
19456
19458
19462
19463
19464
19465
19466
19467
19471
19472
19474
19476
19477
19479
19481
19482
19485
19487
19489
19492
19493
19495
19497
19501
19502
19504
19506
19508
19509
19511
19514
19515
19516
19517
19519
19520
19521
19523
19525
19526
19527
19528
19529
19533
19535
19537
19538
19539
19541
19547
19549
19550
19552
19555
19556
19557
19558
19561
19562
19564
19565
19566
19567
19568
19569
19570
19572
19574
19577
19578
19579
19583
19585
19587
19589
19592
19594
19598
19599
19606
19607
19611
19613
19615
19620
19621
19623
19625
19626
19629
19630
19631
19633
19634
19635
19639
19641
19644
19646
19647
19651
19652
19653
19654
19656
19657
19658
19663
19664
19667
19668
19670
19671
19672
19673
19675
19679
19680
19681
19683
19684
19686
19687
19691
19692
19693
19697
19698
19700
19702
19705
19706
19710
19712
19713
19715
19716
19717
19719
19720
19723
19724
19726
19727
19729
19730
19731
19732
19733
19734
19735
19736
19742
19744
19745
19746
19747
19748
19749
19750
19751
19752
19753
19755
19756
19761
19763
19770
19773
19774
19775
19777
19785
19786
19787
19789
19791
19792
19793
19795
19797
19798
19802
19804
19805
19806
19807
19809
19811
19815
19817
19818
19819
19821
19822
19823
19831
19835
19836
19838
19843
19844
19845
19847
19849
19854
19861
19864
19866
19868
19869
19872
19878
19880
19884
19885
19888
19889
19891
19896
19897
19898
19899
19900
19901
19902
19903
19904
19906
19908
19909
19914
19918
19919
19925
19926
19928
19930
19931
19939
19940
19945
19946
19947
19950
19951
19954
19956
19961
19966
19967
19968
19969
19973
19977
19978
19980
19981
19984
19985
19986
19989
19991
19992
19997
19998
19999
20006
20007
20011
20013
20015
20016
20018
20019
20022
20028
20031
20032
20035
20039
20040
20042
20045
20046
20048
20049
20050
20052
20056
20058
20062
20064
20065
20067
20073
20075
20077
20083
20091
20094
20095
20100
20102
20105
20106
20107
20108
20109
20110
20111
20114
20115
20118
20119
20121
20123
20124
20125
20126
20127
20129
20131
20133
20139
20140
20141
20144
20149
20150
20153
20157
20160
20163
20167
20169
20174
20176
20177
20180
20183
20185
20186
20189
20190
20193
20194
20195
20198
20200
20204
20205
20206
20207
20208
20212
20218
20221
20222
20232
20234
20235
20240
20243
20250
20254
20257
20260
20261
20266
20268
20270
20271
20279
20281
20289
20290
20292
20295
20296
20298
20305
20306
20311
20313
20317
20319
20320
20334
20336
20337
20340
20343
20346
20352
20355
20356
20361
20363
20366
20367
20371
20377
20381
20383
20384
20387
20388
20391
20392
20398
20400
20407
20416
20421
20422
20423
20437
20438
20439
20441
20447
20450
20452
20453
20456
20457
20459
20460
20466
20469
20470
20476
20478
20482
20484
20485
20487
20489
20491
20492
20493
20494
20498
20500
20501
20502
20507
20510
20515
20516
20518
20529
20531
20533
20534
20537
20539
20541
20546
20548
20551
20556
20557
20561
20563
20565
20570
20577
20580
20582
20589
20591
20593
20595
20596
20598
20605
20609
20612
20615
20616
20617
20619
20620
20621
20622
20625
20627
20630
20633
20634
20636
20637
20642
20643
20644
20649
20653
20655
20658
20665
20666
20668
20671
20672
20674
20677
20678
20683
20686
20688
20689
20692
20693
20694
20697
20700
20703
20704
20707
20714
20716
20717
20720
20721
20722
20731
20732
20733
20735
20739
20741
20742
20744
20745
20751
20755
20756
20758
20759
20760
20767
20771
20772
20773
20776
20781
20787
20794
20795
20796
20799
20806
20807
20808
20809
20814
20817
20822
20824
20827
20834
20843
20844
20849
20852
20854
20856
20867
20869
20870
20872
20875
20877
20879
20881
20884
20885
20887
20889
20890
20891
20892
20896
20897
20901
20902
20905
20911
20917
20921
20922
20924
20926
20928
20931
20935
20946
20948
20950
20952
20954
20955
20957
20958
20959
20961
20963
20964
20965
20966
20967
20970
20971
20976
20977
20978
20980
20984
20985
20986
20988
20989
20990
20991
20992
20997
20998
20999
21003
21004
21006
21008
21013
21014
21017
21018
21020
21021
21024
21025
21029
21031
21034
21044
21047
21050
21054
21056
21057
21058
21059
21061
21062
21063
21064
21065
21067
21068
21071
21072
21073
21075
21076
21077
21078
21079
21081
21083
21084
21085
21087
21088
21089
21090
21091
21092
21093
21094
21096
21098
21099
21101
21102
21103
21104
21106
21107
21108
21109
21110
21111
21112
21113
21116
21120
21123
21124
21126
21128
21129
21130
21131
21132
21133
21134
21135
21136
21137
21139
21140
21141
21143
21144
21145
21146
21147
21148
21149
21150
21151
21152
21154
21155
21156
21158
21159
21160
21161
21162
21164
21166
21167
21168
21169
21171
21172
21173
21174
21175
21177
21178
21181
21182
21183
21184
21185
21186
21188
21189
21190
21191
21192
21193
21196
21198
21199
21200
21201
21203
21204
21205
21206
21207
21208
21209
21210
21211
21213
21214
21215
21216
21218
21220
21221
21222
21223
21224
21225
21227
21229
21230
21233
21234
21235
21236
21237
21238
21239
21240
21242
21246
21248
21249
21251
21252
21254
21255
21259
21260
21261
21262
21263
21264
21266
21267
21269
21270
21271
21273
21276
21278
21279
21280
21281
21282
21286
21287
21288
21289
21290
21291
21292
21293
21294
21295
21296
21297
21299
21300
21301
21303
21304
21305
21306
21307
21308
21309
21310
21313
21314
21315
21316
21317
21319
21321
21323
21325
21326
21328
21330
21334
21335
21336
21338
21343
21346
21348
21350
21353
21356
21358
21359
21360
21361
21363
21365
21367
21369
21370
21372
21373
21375
21376
21379
21381
21382
21383
21384
21385
21386
21389
21392
21396
21398
21399
21400
21403
21406
21407
21409
21411
21412
21413
21416
21417
21419
21420
21422
21423
21424
21425
21426
21428
21429
21433
21435
21437
21438
21440
21441
21443
21444
21446
21447
21449
21452
21453
21456
21457
21460
21463
21465
21466
21467
21468
21472
21473
21474
21477
21479
21484
21485
21486
21487
21489
21490
21493
21496
21498
21499
21500
21502
21503
21505
21507
21508
21509
21511
21513
21518
21522
21523
21524
21529
21534
21535
21538
21540
21543
21544
21545
21546
21550
21551
21552
21553
21554
21556
21557
21558
21562
21564
21568
21569
21570
21571
21572
21573
21578
21579
21580
21581
21583
21584
21585
21588
21589
21590
21592
21593
21595
21602
21603
21607
21608
21610
21612
21613
21614
21615
21618
21619
21622
21623
21628
21629
21630
21631
21633
21635
21637
21638
21640
21642
21643
21645
21646
21648
21649
21652
21653
21656
21657
21658
21663
21664
21665
21669
21671
21673
21676
21678
21681
21684
21690
21691
21697
21698
21701
21702
21703
21704
21706
21713
21716
21721
21722
21724
21725
21728
21731
21732
21734
21737
21749
21753
21754
21756
21757
21760
21761
21762
21764
21765
21768
21769
21774
21777
21778
21779
21780
21781
21783
21789
21790
21791
21793
21798
21799
21801
21802
21803
21805
21806
21808
21809
21810
21813
21814
21815
21816
21818
21821
21822
21823
21824
21826
21831
21832
21834
21836
21839
21841
21845
21846
21848
21849
21850
21852
21855
21856
21857
21861
21862
21864
21865
21867
21869
21871
21874
21878
21882
21885
21886
21887
21891
21892
21895
21896
21898
21902
21905
21907
21910
21912
21917
21921
21923
21927
21929
21930
21932
21933
21934
21935
21936
21939
21940
21941
21942
21943
21944
21948
21950
21953
21954
21955
21958
21960
21962
21963
21964
21965
21967
21968
21969
21970
21974
21979
21980
21981
21983
21984
21987
21988
21989
21991
21992
21993
21995
21996
21997
21998
22000
22004
22006
22007
22008
22009
22015
22020
22023
22024
22027
22032
22036
22042
22043
22044
22045
22046
22047
22052
22054
22056
22057
22059
22060
22062
22063
22065
22066
22067
22070
22071
22072
22074
22077
22079
22080
22081
22082
22084
22087
22088
22089
22091
22094
22096
22100
22101
22102
22104
22105
22106
22107
22111
22112
22114
22115
22116
22118
22119
22121
22123
22125
22126
22127
22128
22129
22130
22131
22132
22133
22134
22136
22137
22140
22141
22144
22146
22147
22150
22151
22152
22153
22159
22162
22163
22165
22166
22169
22170
22171
22174
22175
22176
22177
22179
22180
22182
22183
22186
22187
22188
22189
22191
22192
22193
22194
22196
22199
22200
22201
22202
22204
22210
22212
22213
22215
22217
22219
22220
22222
22223
22225
22227
22228
22230
22231
22233
22234
22235
22236
22237
22238
22241
22242
22243
22244
22245
22246
22247
22252
22254
22257
22258
22261
22264
22265
22266
22268
22269
22270
22275
22276
22278
22281
22283
22284
22287
22301
22302
22303
22304
22308
22310
22312
22320
22322
22323
22325
22327
22329
22338
22339
22340
22341
22343
22347
22348
22353
22356
22359
22360
22363
22367
22369
22374
22394
22396
22401
22404
22407
22408
22409
22410
22412
22414
22421
22423
22428
22429
22430
22435
22438
22440
22442
22456
22469
22490
22496
22513
22514
22523
22526
22529
22572
22579
22580
22601
22610
22611
22616
22618
22620
22624
22636
22639
22640
22664
22667
22670
22672
22686
22694
22709
22718
22719
22721
22737
22765
22769
22772
22777
22793
22803
22810
22813
22814
22817
22857
22862
22871
22883
22893
22903
22913
22915
22916
22927
22935
22958
22959
22960
22963
22965
22967
22968
22970
22971
22972
22974
22979
22980
22981
22982
22983
22984
22985
22986
22987
22988
22989
22990
22992
22995
22996
22997
22998
23000
23002
23003
23004
23006
23008
23010
23011
23012
23014
23015
23016
23018
23019
23020
23022
23024
23026
23028
23029
23034
23040
23042
23043
23046
23048
23049
23050
23053
23054
23056
23057
23058
23062
23064
23065
23066
23071
23072
23074
23078
23080
23081
23084
23085
23086
23087
23088
23091
23093
23095
23099
23100
23102
23104
23108
23111
23112
23114
23115
23116
23117
23118
23119
23120
23124
23125
23126
23127
23128
23129
23130
23131
23134
23135
23136
23140
23142
23146
23147
23148
23149
23150
23154
23156
23159
23160
23162
23163
23165
23166
23167
23168
23170
23171
23172
23174
23176
23177
23179
23180
23181
23182
23183
23185
23186
23189
23192
23193
23194
23197
23199
23206
23207
23210
23213
23215
23217
23221
23226
23227
23228
23229
23233
23234
23237
23239
23240
23242
23244
23246
23247
23253
23254
23257
23258
23260
23261
23262
23263
23266
23267
23269
23271
23273
23274
23275
23278
23279
23280
23281
23283
23284
23285
23286
23289
23290
23292
23293
23295
23296
23297
23301
23303
23306
23307
23309
23310
23311
23313
23316
23320
23325
23328
23330
23331
23332
23333
23334
23335
23336
23342
23344
23345
23346
23347
23349
23350
23351
23352
23355
23357
23358
23359
23361
23363
23364
23365
23372
23377
23381
23382
23385
23390
23393
23394
23395
23396
23397
23398
23401
23404
23405
23406
23407
23409
23412
23413
23415
23418
23424
23425
23426
23431
23434
23437
23440
23441
23443
23446
23448
23449
23455
23456
23458
23461
23462
23463
23464
23465
23467
23469
23470
23471
23472
23473
23476
23479
23481
23484
23486
23491
23492
23494
23495
23496
23497
23498
23500
23501
23503
23505
23508
23510
23511
23512
23513
23514
23518
23520
23521
23522
23528
23531
23534
23536
23537
23541
23542
23548
23550
23552
23557
23558
23559
23560
23566
23567
23573
23574
23575
23577
23584
23586
23587
23588
23596
23597
23598
23602
23603
23605
23606
23607
23608
23609
23613
23614
23615
23617
23621
23622
23623
23626
23628
23632
23633
23634
23636
23642
23648
23650
23651
23652
23657
23659
23660
23663
23665
23666
23667
23668
23670
23671
23672
23675
23680
23681
23682
23684
23685
23687
23688
23690
23691
23692
23700
23703
23706
23709
23711
23712
23713
23715
23717
23720
23725
23729
23730
23733
23734
23735
23741
23742
23744
23745
23746
23749
23751
23753
23754
23762
23764
23765
23766
23767
23777
23778
23782
23783
23785
23787
23788
23790
23791
23794
23795
23796
23800
23804
23805
23806
23808
23809
23819
23820
23821
23822
23823
23824
23825
23828
23831
23835
23836
23837
23839
23843
23844
23846
23847
23850
23851
23852
23853
23854
23860
23864
23867
23871
23873
23874
23876
23877
23879
23880
23883
23887
23888
23891
23894
23899
23900
23901
23903
23910
23913
23914
23915
23918
23919
23921
23922
23926
23932
23935
23939
23948
23949
23955
23956
23957
23958
23959
23960
23962
23963
23965
23966
23968
23969
23970
23974
23978
23981
23984
23989
23991
23993
23995
23998
23999
24002
24003
24004
24006
24007
24008
24010
24011
24012
24013
24018
24021
24028
24029
24030
24034
24037
24045
24046
24050
24051
24067
24069
24070
24071
24072
24073
24075
24076
24079
24084
24093
24094
24102
24105
24106
24108
24111
24119
24123
24136
24139
24145
24150
24155
24160
24167
24172
24173
24174
24175
24178
24180
24183
24184
24192
24196
24200
24202
24214
24217
24223
24224
24228
24229
24239
24240
24242
24245
24250
24251
24253
24257
24259
24262
24264
24277
24279
24284
24295
24296
24299
24300
24305
24310
24313
24317
24318
24322
24325
24331
24338
24339
24340
24345
24347
24357
24358
24362
24363
24365
24372
24374
24380
24381
24382
24386
24390
24397
24400
24405
24408
24410
24413
24417
24418
24423
24431
24432
24434
24438
24442
24445
24448
24449
24455
24456
24466
24469
24470
24472
24479
24485
24490
24496
24502
24504
24513
24514
24515
24519
24523
24524
24528
24529
24535
24536
24537
24542
24544
24547
24551
24567
24568
24569
24571
24573
24574
24576
24581
24582
24583
24586
24601
24602
24609
24611
24612
24613
24615
24625
24628
24630
24631
24632
24635
24636
24637
24638
24640
24641
24645
24655
24658
24661
24664
24665
24666
24667
24668
24672
24675
24678
24682
24684
24694
24698
24699
24701
24704
24710
24713
24718
24719
24720
24722
24724
24726
24727
24728
24733
24735
24737
24738
24739
24743
24745
24746
24747
24749
24758
24762
24768
24770
24771
24772
24773
24774
24777
24779
24780
24783
24785
24787
24788
24789
24790
24793
24794
24795
24796
24797
24798
24799
24801
24802
24803
24804
24805
24806
24808
24809
24810
24812
24814
24815
24817
24818
24819
24820
24822
24823
24825
24826
24827
24830
24835
24836
24837
24838
24842
24843
24844
24845
24846
24849
24850
24852
24853
24854
24855
24857
24858
24860
24861
24863
24864
24865
24866
24867
24868
24872
24875
24876
24878
24879
24880
24881
24882
24883
24885
24886
24887
24888
24889
24891
24892
24894
24896
24897
24898
24899
24901
24902
24903
24904
24906
24907
24908
24910
24911
24912
24913
24914
24915
24917
24920
24921
24922
24925
24926
24927
24928
24930
24932
24934
24935
24936
24937
24938
24939
24943
24944
24947
24950
24951
24952
24954
24956
24958
24960
24962
24963
24964
24965
24968
24969
24971
24973
24975
24976
24977
24978
24981
24982
24984
24985
24986
24987
24990
24992
24994
24995
24996
24999
25000
25001
25002
25003
25004
25005
25007
25008
25009
25010
25013
25014
25015
25016
25017
25020
25021
25022
25024
25027
25028
25031
25032
25033
25035
25037
25042
25043
25044
25045
25048
25049
25052
25053
25056
25057
25058
25060
25061
25066
25067
25070
25072
25073
25079
25083
25084
25086
25087
25088
25090
25092
25095
25096
25097
25098
25099
25100
25102
25103
25105
25106
25108
25110
25112
25114
25115
25117
25120
25121
25123
25124
25126
25127
25128
25129
25131
25132
25133
25136
25139
25143
25149
25154
25155
25157
25158
25160
25161
25165
25167
25169
25170
25171
25172
25174
25179
25180
25182
25185
25187
25188
25193
25195
25196
25197
25199
25201
25202
25204
25207
25213
25214
25217
25218
25221
25222
25224
25225
25226
25230
25232
25234
25238
25239
25242
25243
25246
25249
25254
25255
25258
25259
25264
25265
25266
25267
25268
25270
25271
25274
25276
25278
25280
25284
25285
25287
25289
25294
25297
25298
25299
25300
25302
25306
25307
25309
25311
25314
25316
25317
25319
25320
25322
25324
25326
25329
25332
25333
25334
25335
25336
25338
25341
25342
25345
25347
25349
25350
25352
25354
25356
25366
25367
25368
25372
25375
25377
25378
25379
25383
25386
25387
25389
25390
25395
25398
25399
25403
25404
25406
25407
25411
25412
25415
25418
25422
25423
25424
25428
25433
25434
25438
25440
25446
25448
25456
25458
25459
25460
25463
25464
25473
25477
25478
25479
25481
25484
25489
25490
25491
25492
25493
25494
25495
25505
25513
25516
25518
25520
25523
25524
25527
25532
25533
25537
25538
25541
25542
25544
25547
25548
25551
25555
25558
25560
25562
25568
25570
25571
25572
25574
25575
25577
25578
25579
25580
25583
25584
25585
25587
25590
25594
25599
25601
25605
25610
25612
25614
25616
25618
25621
25623
25624
25628
25630
25632
25635
25640
25642
25649
25655
25656
25657
25658
25659
25660
25661
25664
25669
25670
25672
25679
25680
25682
25683
25688
25689
25690
25691
25692
25697
25698
25702
25705
25706
25708
25709
25718
25726
25730
25732
25734
25735
25738
25741
25744
25746
25747
25748
25750
25751
25752
25756
25757
25761
25764
25772
25774
25776
25778
25781
25786
25790
25793
25794
25797
25799
25801
25803
25808
25810
25812
25814
25815
25816
25818
25819
25821
25823
25827
25828
25829
25831
25834
25835
25837
25839
25841
25842
25843
25844
25845
25846
25852
25855
25857
25858
25859
25862
25865
25866
25867
25868
25872
25873
25875
25876
25878
25882
25883
25884
25886
25890
25893
25896
25897
25898
25902
25903
25907
25912
25913
25914
25916
25918
25924
25925
25926
25928
25929
25930
25931
25936
25937
25941
25942
25944
25945
25946
25949
25951
25953
25954
25955
25956
25957
25958
25959
25960
25961
25963
25965
25967
25968
25969
25971
25972
25975
25976
25977
25978
25980
25982
25983
25984
25985
25986
25987
25988
25989
25991
25992
25993
25994
25995
25997
26000
26001
26002
26003
26005
26008
26010
26011
26016
26017
26024
26025
26027
26030
26032
26033
26036
26038
26039
26044
26048
26049
26052
26055
26056
26057
26070
26087
26088
26089
26090
26100
26109
26111
26113
26114
26116
26117
26118
26119
26124
26125
26126
26127
26128
26134
26138
26139
26140
26141
26142
26153
26156
26157
26160
26166
26168
26181
26183
26188
26201
26204
26209
26214
26225
26232
26240
26245
26256
26260
26261
26266
26267
26279
26289
26291
26292
26294
26305
26316
26330
26344
26348
26351
26354
26357
26369
26376
26384
26386
26391
26396
26397
26399
26401
26408
26412
26415
26419
26423
26440
26442
26447
26449
26454
26464
26465
26468
26485
26486
26490
26496
26497
26507
26524
26526
26527
26533
26536
26548
26554
26557
26560
26572
26575
26596
26600
26619
26620
26622
26623
26627
26630
26631
26649
26652
26672
26673
26674
26676
26677
26678
26679
26680
26681
26682
26683
26684
26685
26686
26689
26690
26691
26692
26693
26694
26695
26696
26697
26700
26701
26703
26704
26705
26709
26710
26712
26713
26714
26715
26717
26718
26719
26720
26721
26722
26723
26724
26725
26726
26727
26728
26729
26730
26731
26732
26734
26735
26736
26738
26740
26742
26746
26748
26751
26752
26756
26757
26758
26759
26760
26761
26762
26764
26766
26767
26769
26771
26774
26777
26779
26780
26782
26783
26785
26786
26787
26788
26789
26792
26793
26795
26799
26801
26803
26805
26806
26807
26809
26810
26811
26812
26813
26814
26816
26818
26819
26821
26822
26825
26828
26829
26832
26833
26834
26835
26836
26837
26839
26840
26841
26842
26843
26844
26845
26846
26848
26850
26851
26854
26855
26856
26857
26859
26860
26861
26862
26863
26864
26865
26866
26867
26871
26872
26874
26875
26876
26879
26881
26885
26887
26888
26890
26891
26892
26893
26894
26895
26896
26899
26901
26902
26903
26904
26905
26909
26910
26913
26920
26921
26923
26928
26929
26930
26932
26936
26937
26938
26939
26940
26941
26942
26946
26949
26952
26954
26955
26956
26957
26960
26963
26964
26967
26968
26970
26971
26972
26974
26975
26976
26977
26980
26981
26982
26983
26984
26985
26986
26988
26989
26990
26991
26992
26994
26996
26997
26999
27000
27004
27005
27006
27014
27015
27016
27017
27019
27020
27024
27025
27026
27028
27030
27035
27040
27042
27046
27048
27049
27051
27052
27053
27059
27061
27062
27063
27064
27065
27067
27072
27074
27075
27076
27079
27081
27082
27083
27084
27086
27087
27091
27092
27094
27095
27096
27098
27099
27100
27101
27103
27105
27107
27111
27112
27116
27119
27121
27126
27128
27130
27131
27133
27134
27136
27138
27140
27141
27142
27143
27144
27147
27154
27155
27159
27160
27161
27162
27165
27168
27170
27171
27173
27174
27182
27183
27184
27187
27195
27196
27197
27201
27203
27205
27207
27208
27209
27210
27212
27213
27215
27217
27218
27219
27220
27221
27222
27223
27226
27227
27228
27229
27232
27234
27236
27237
27240
27243
27244
27245
27246
27250
27251
27255
27256
27257
27258
27259
27260
27261
27268
27271
27272
27274
27275
27277
27279
27280
27283
27287
27289
27290
27293
27295
27296
27298
27303
27305
27307
27312
27313
27316
27317
27319
27322
27324
27325
27327
27328
27329
27330
27331
27332
27334
27336
27338
27339
27340
27341
27342
27343
27346
27347
27350
27352
27354
27355
27360
27362
27365
27366
27368
27373
27374
27376
27379
27381
27384
27388
27389
27394
27396
27401
27403
27405
27413
27414
27415
27419
27420
27422
27423
27424
27426
27427
27433
27434
27435
27437
27438
27439
27440
27441
27443
27444
27452
27453
27455
27456
27457
27458
27460
27461
27465
27470
27471
27474
27475
27477
27480
27483
27484
27486
27487
27492
27497
27501
27503
27505
27511
27512
27513
27514
27516
27527
27528
27530
27533
27534
27535
27536
27537
27538
27539
27548
27555
27557
27559
27560
27561
27562
27565
27567
27568
27572
27574
27575
27581
27588
27591
27594
27597
27601
27604
27608
27611
27612
27613
27614
27615
27617
27618
27619
27621
27622
27626
27627
27628
27632
27635
27636
27638
27646
27647
27649
27651
27652
27656
27662
27663
27669
27676
27679
27680
27681
27682
27684
27685
27686
27688
27689
27692
27693
27697
27698
27699
27703
27706
27707
27708
27709
27712
27713
27715
27718
27721
27723
27724
27725
27726
27727
27730
27733
27734
27735
27741
27742
27743
27744
27745
27748
27751
27752
27755
27757
27758
27759
27761
27763
27764
27766
27774
27780
27781
27783
27785
27786
27787
27789
27792
27793
27795
27796
27797
27802
27807
27809
27811
27816
27817
27818
27820
27822
27824
27827
27828
27834
27836
27837
27844
27849
27852
27853
27857
27859
27864
27866
27869
27872
27880
27882
27883
27886
27887
27888
27889
27890
27893
27895
27896
27897
27898
27906
27908
27910
27912
27913
27914
27916
27919
27920
27921
27924
27931
27932
27935
27937
27938
27942
27943
27945
27946
27950
27952
27953
27954
27955
27956
27957
27959
27960
27964
27969
27976
27978
27979
27980
27989
27991
27993
27995
28009
28010
28013
28014
28017
28023
28024
28026
28027
28030
28032
28037
28043
28045
28047
28048
28052
28053
28058
28063
28071
28082
28083
28086
28087
28089
28090
28091
28093
28094
28096
28100
28102
28105
28107
28110
28111
28114
28116
28120
28121
28123
28127
28128
28131
28132
28135
28144
28145
28150
28151
28154
28158
28159
28160
28161
28165
28166
28167
28168
28170
28174
28179
28180
28185
28186
28189
28193
28195
28199
28200
28209
28211
28213
28216
28222
28227
28228
28230
28232
28234
28235
28236
28240
28242
28243
28245
28250
28252
28253
28254
28256
28258
28262
28263
28264
28265
28267
28271
28273
28274
28284
28285
28286
28287
28288
28289
28290
28293
28295
28296
28298
28300
28302
28305
28317
28321
28323
28325
28326
28334
28336
28339
28345
28346
28349
28350
28351
28353
28354
28355
28356
28357
28359
28365
28368
28370
28372
28373
28374
28379
28380
28381
28382
28385
28386
28389
28391
28392
28395
28399
28402
28404
28405
28406
28408
28409
28411
28412
28413
28416
28418
28419
28420
28421
28422
28425
28426
28428
28430
28431
28433
28436
28439
28442
28443
28445
28446
28452
28453
28456
28457
28461
28463
28465
28470
28472
28475
28477
28479
28481
28482
28483
28484
28485
28486
28487
28488
28489
28491
28492
28493
28496
28497
28501
28503
28504
28507
28508
28509
28510
28513
28514
28516
28517
28518
28519
28521
28523
28524
28526
28527
28528
28530
28531
28532
28535
28536
28537
28538
28539
28540
28541
28542
28544
28546
28547
28548
28550
28551
28552
28555
28557
28559
28561
28562
28563
28564
28567
28568
28569
28570
28571
28572
28573
28575
28576
28577
28580
28581
28583
28584
28586
28587
28588
28592
28593
28594
28595
28596
28597
28599
28600
28602
28603
28605
28610
28611
28612
28614
28615
28617
28618
28619
28621
28622
28624
28628
28629
28630
28631
28634
28635
28637
28639
28642
28643
28645
28646
28649
28650
28652
28653
28657
28661
28665
28666
28667
28668
28669
28670
28674
28675
28676
28679
28680
28681
28682
28683
28684
28685
28687
28689
28690
28691
28692
28693
28694
28695
28697
28699
28700
28702
28703
28705
28706
28708
28709
28710
28714
28715
28716
28718
28719
28720
28721
28722
28723
28726
28727
28729
28732
28734
28735
28736
28737
28740
28742
28743
28745
28746
28747
28749
28753
28754
28755
28756
28757
28758
28761
28764
28765
28766
28770
28774
28779
28780
28782
28786
28787
28789
28791
28793
28794
28795
28796
28798
28799
28802
28804
28809
28810
28812
28813
28814
28817
28819
28820
28823
28826
28828
28829
28832
28834
28835
28840
28846
28847
28848
28850
28851
28852
28857
28860
28861
28863
28865
28866
28871
28872
28874
28875
28877
28879
28880
28884
28885
28888
28889
28892
28893
28895
28896
28898
28899
28900
28902
28904
28905
28906
28907
28908
28909
28911
28912
28913
28915
28917
28926
28927
28929
28931
28936
28937
28940
28941
28944
28945
28950
28952
28953
28956
28957
28959
28961
28963
28966
28967
28968
28971
28973
28974
28976
28978
28979
28980
28981
28982
28984
28985
28986
28987
28990
28991
28992
28997
28998
28999
29007
29008
29009
29010
29012
29013
29014
29016
29019
29020
29021
29023
29027
29028
29029
29030
29031
29032
29033
29034
29036
29038
29039
29040
29043
29045
29046
29048
29051
29052
29055
29059
29064
29070
29074
29081
29086
29090
29092
29097
29100
29104
29105
29108
29109
29112
29119
29120
29121
29125
29126
29127
29129
29134
29138
29140
29148
29152
29153
29155
29157
29160
29162
29167
29170
29171
29172
29173
29174
29175
29177
29178
29181
29190
29191
29193
29195
29196
29198
29202
29205
29206
29208
29210
29211
29215
29218
29219
29224
29226
29227
29228
29230
29240
29241
29243
29244
29246
29250
29251
29254
29256
29257
29259
29260
29263
29269
29274
29275
29276
29282
29284
29285
29286
29288
29290
29293
29294
29295
29296
29297
29298
29299
29300
29302
29303
29305
29306
29307
29310
29313
29314
29315
29320
29322
29323
29324
29326
29327
29328
29331
29333
29335
29338
29339
29340
29341
29344
29345
29347
29348
29349
29352
29355
29357
29359
29360
29361
29362
29363
29369
29370
29372
29374
29376
29377
29378
29382
29383
29385
29391
29392
29393
29398
29400
29402
29403
29404
29405
29406
29408
29409
29410
29412
29413
29415
29416
29417
29419
29421
29422
29423
29424
29425
29426
29427
29428
29433
29434
29435
29436
29437
29439
29440
29442
29443
29444
29445
29448
29452
29455
29456
29458
29459
29461
29464
29465
29469
29472
29473
29480
29482
29484
29485
29489
29490
29492
29493
29495
29499
29500
29502
29505
29507
29508
29510
29512
29515
29516
29517
29519
29524
29528
29529
29530
29531
29532
29533
29534
29535
29538
29542
29546
29547
29548
29550
29551
29552
29553
29554
29555
29556
29557
29558
29559
29563
29564
29565
29566
29568
29571
29572
29575
29576
29579
29582
29583
29586
29587
29588
29590
29591
29594
29595
29597
29598
29599
29600
29604
29605
29607
29608
29610
29612
29614
29615
29616
29617
29618
29621
29625
29626
29627
29628
29629
29630
29631
29632
29633
29635
29637
29639
29641
29642
29645
29648
29651
29652
29653
29655
29656
29657
29662
29664
29665
29666
29667
29668
29669
29670
29672
29673
29674
29675
29676
29680
29682
29685
29686
29689
29690
29691
29692
29694
29696
29697
29698
29700
29701
29703
29705
29707
29712
29713
29715
29717
29718
29719
29728
29730
29734
29737
29738
29739
29748
29750
29751
29754
29755
29759
29764
29766
29768
29770
29771
29774
29775
29780
29786
29795
29797
29803
29804
29821
29824
29833
29834
29837
29839
29850
29852
29853
29854
29855
29858
29860
29863
29864
29865
29870
29873
29874
29876
29880
29884
29888
29889
29891
29894
29895
29897
29900
29918
29926
29930
29943
29953
29970
29972
29980
29983
29990
30002
30008
30012
30017
30025
30035
30036
30038
30044
30052
30054
30056
30058
30061
30065
30068
30081
30086
30088
30100
30108
30110
30120
30122
30128
30130
30139
30146
30154
30161
30170
30181
30192
30197
30199
30200
30203
30211
30219
30220
30223
30229
30230
30234
30238
30241
30245
30247
30249
30250
30263
30265
30268
30277
30280
30285
30287
30289
30290
30292
30310
30311
30314
30316
30320
30331
30345
30346
30356
30366
30380
30386
30388
30389
30390
30391
30392
30393
30395
30396
30398
30399
30400
30401
30402
30403
30404
30405
30407
30408
30409
30411
30412
30414
30415
30416
30417
30419
30420
30422
30423
30424
30425
30426
30427
30428
30430
30432
30433
30434
30435
30436
30437
30438
30439
30440
30441
30443
30444
30445
30447
30449
30450
30454
30456
30458
30460
30461
30463
30467
30468
30469
30470
30471
30472
30473
30474
30479
30480
30481
30482
30483
30485
30487
30488
30489
30490
30491
30492
30493
30494
30496
30497
30499
30500
30501
30503
30504
30505
30506
30508
30511
30512
30514
30515
30516
30517
30518
30519
30520
30521
30523
30524
30527
30528
30530
30532
30536
30537
30538
30542
30543
30544
30545
30546
30547
30548
30549
30550
30551
30553
30554
30555
30556
30557
30559
30560
30561
30563
30564
30565
30566
30568
30570
30571
30573
30574
30578
30580
30584
30585
30587
30589
30591
30592
30594
30595
30600
30601
30602
30603
30604
30606
30607
30608
30609
30610
30612
30613
30614
30615
30616
30618
30621
30622
30623
30625
30626
30627
30628
30631
30634
30635
30636
30637
30639
30641
30642
30643
30644
30645
30646
30647
30649
30650
30651
30652
30653
30654
30657
30662
30663
30664
30665
30666
30667
30668
30669
30670
30671
30672
30674
30675
30678
30679
30680
30681
30685
30686
30687
30689
30691
30692
30693
30694
30696
30697
30698
30699
30700
30701
30703
30704
30705
30707
30708
30710
30711
30713
30717
30718
30720
30721
30724
30725
30726
30727
30728
30731
30732
30733
30734
30737
30738
30739
30741
30742
30744
30746
30750
30751
30752
30753
30754
30755
30756
30758
30760
30762
30763
30768
30771
30775
30780
30782
30784
30785
30786
30787
30790
30793
30794
30796
30797
30798
30799
30800
30803
30805
30806
30807
30809
30810
30812
30813
30814
30815
30816
30818
30820
30821
30822
30823
30824
30825
30826
30827
30828
30833
30835
30836
30838
30840
30843
30847
30851
30853
30856
30858
30859
30860
30862
30864
30867
30868
30871
30872
30874
30876
30880
30881
30882
30884
30886
30887
30889
30890
30891
30892
30895
30896
30897
30898
30899
30900
30901
30903
30904
30905
30908
30911
30915
30917
30918
30919
30922
30924
30926
30927
30929
30930
30931
30933
30935
30937
30938
30940
30948
30949
30950
30951
30952
30953
30954
30958
30959
30960
30961
30962
30964
30965
30966
30969
30970
30971
30974
30975
30977
30978
30979
30980
30981
30982
30983
30985
30987
30989
30990
30991
30992
30993
30994
30995
30997
30998
30999
31000
31001
31003
31004
31005
31006
31007
31009
31011
31012
31014
31018
31019
31024
31025
31026
31028
31030
31031
31032
31033
31035
31036
31037
31038
31039
31042
31044
31045
31049
31051
31052
31053
31054
31056
31057
31059
31060
31061
31063
31065
31070
31071
31073
31075
31076
31078
31080
31083
31084
31085
31087
31088
31090
31091
31093
31094
31095
31097
31098
31099
31100
31101
31102
31103
31105
31107
31108
31110
31112
31115
31118
31119
31122
31123
31124
31125
31127
31128
31133
31135
31137
31138
31141
31142
31144
31147
31148
31149
31150
31153
31154
31157
31158
31159
31161
31162
31163
31166
31167
31169
31171
31172
31173
31177
31179
31181
31182
31184
31186
31190
31191
31193
31198
31200
31206
31207
31208
31209
31211
31212
31213
31214
31215
31216
31218
31219
31221
31222
31225
31226
31227
31228
31229
31231
31232
31239
31243
31247
31248
31252
31253
31254
31255
31258
31261
31262
31263
31264
31268
31272
31273
31274
31275
31279
31281
31283
31284
31285
31286
31287
31289
31290
31292
31301
31302
31304
31305
31311
31315
31318
31319
31322
31323
31325
31326
31327
31328
31330
31335
31336
31338
31342
31344
31345
31346
31348
31349
31350
31351
31352
31357
31359
31360
31364
31365
31370
31371
31374
31376
31377
31379
31382
31386
31391
31393
31394
31395
31396
31399
31400
31404
31407
31408
31410
31413
31419
31421
31423
31427
31428
31435
31436
31437
31438
31439
31440
31441
31444
31445
31446
31447
31448
31449
31451
31452
31453
31457
31458
31460
31462
31465
31470
31471
31473
31474
31476
31478
31479
31481
31482
31488
31490
31492
31494
31497
31499
31500
31502
31503
31510
31513
31518
31519
31523
31525
31529
31533
31534
31548
31551
31554
31558
31562
31565
31567
31570
31571
31573
31583
31585
31586
31589
31590
31594
31597
31601
31602
31604
31612
31616
31620
31622
31626
31628
31629
31630
31632
31634
31645
31646
31649
31655
31658
31660
31666
31667
31673
31676
31678
31679
31680
31683
31685
31687
31689
31690
31692
31693
31698
31703
31704
31707
31716
31721
31722
31724
31725
31727
31728
31730
31731
31733
31736
31737
31738
31740
31741
31742
31743
31745
31749
31750
31754
31756
31758
31759
31767
31768
31770
31775
31776
31785
31789
31790
31791
31794
31796
31798
31800
31802
31805
31807
31808
31810
31814
31816
31820
31821
31823
31825
31828
31830
31831
31835
31837
31840
31845
31846
31847
31851
31853
31854
31857
31862
31864
31865
31866
31871
31873
31875
31877
31878
31880
31881
31882
31884
31887
31889
31891
31892
31893
31895
31897
31899
31903
31905
31915
31918
31920
31922
31923
31926
31927
31928
31934
31935
31936
31937
31940
31941
31942
31948
31953
31954
31956
31959
31960
31963
31966
31969
31970
31977
31979
31982
31986
31991
31996
32001
32002
32003
32004
32009
32010
32012
32014
32019
32023
32028
32030
32031
32032
32035
32037
32039
32040
32041
32045
32050
32051
32052
32054
32057
32058
32061
32063
32064
32065
32068
32073
32075
32076
32078
32080
32081
32082
32084
32086
32087
32089
32092
32093
32094
32095
32096
32099
32100
32104
32105
32106
32109
32113
32115
32118
32119
32120
32123
32126
32130
32132
32134
32135
32138
32140
32141
32142
32144
32145
32147
32148
32150
32151
32152
32154
32155
32156
32157
32159
32160
32162
32163
32164
32165
32167
32169
32170
32171
32173
32176
32177
32184
32185
32186
32191
32192
32194
32195
32198
32199
32200
32201
32202
32203
32204
32205
32206
32207
32209
32211
32212
32213
32215
32216
32217
32218
32219
32220
32221
32222
32223
32225
32226
32227
32229
32230
32231
32232
32233
32234
32235
32237
32238
32240
32243
32244
32245
32247
32248
32250
32253
32254
32255
32257
32258
32259
32260
32262
32263
32265
32268
32269
32270
32272
32273
32274
32276
32277
32278
32279
32281
32282
32284
32285
32287
32289
32290
32291
32292
32293
32296
32297
32298
32300
32302
32303
32304
32305
32306
32307
32308
32309
32310
32313
32314
32315
32316
32317
32318
32319
32320
32322
32324
32325
32326
32327
32328
32331
32332
32335
32336
32338
32339
32340
32341
32342
32343
32345
32346
32348
32349
32351
32352
32353
32355
32356
32357
32360
32362
32363
32364
32365
32366
32367
32368
32370
32371
32372
32373
32375
32377
32378
32380
32381
32382
32384
32386
32388
32389
32390
32391
32393
32394
32395
32396
32397
32398
32399
32400
32401
32403
32404
32405
32406
32409
32410
32411
32412
32414
32416
32418
32422
32423
32424
32428
32429
32430
32431
32432
32433
32434
32435
32436
32437
32439
32440
32441
32442
32443
32445
32446
32448
32449
32450
32452
32453
32454
32455
32456
32457
32459
32460
32461
32464
32465
32466
32467
32468
32469
32470
32471
32472
32473
32474
32475
32476
32478
32479
32480
32481
32485
32486
32487
32488
32490
32491
32492
32493
32496
32500
32501
32502
32505
32507
32509
32512
32513
32515
32516
32518
32519
32521
32522
32525
32528
32531
32532
32533
32534
32536
32538
32539
32540
32541
32542
32543
32545
32548
32549
32552
32553
32554
32555
32557
32560
32561
32562
32564
32565
32566
32567
32569
32571
32573
32574
32575
32577
32579
32580
32582
32586
32588
32590
32591
32593
32594
32595
32597
32598
32599
32600
32601
32602
32603
32607
32608
32609
32610
32611
32613
32616
32617
32618
32619
32621
32623
32624
32627
32628
32629
32630
32631
32632
32633
32637
32640
32641
32645
32646
32647
32649
32651
32652
32653
32654
32657
32658
32659
32662
32664
32666
32670
32671
32673
32674
32675
32677
32680
32682
32683
32685
32686
32687
32688
32690
32692
32696
32697
32698
32700
32701
32702
32703
32704
32705
32706
32707
32710
32711
32713
32715
32718
32721
32722
32724
32725
32726
32727
32728
32729
32730
32731
32733
32734
32740
32741
32742
32744
32745
32746
32748
32752
32754
32755
32757
32760
32761
32764
32765
32766
32768
32769
32771
32772
32773
32775
32777
32778
32780
32782
32783
32784
32785
32786
32787
32791
32792
32793
32794
32795
32796
32797
32799
32800
32801
32805
32806
32808
32812
32813
32815
32817
32818
32822
32823
32825
32831
32832
32833
32834
32835
32836
32838
32839
32841
32842
32843
32850
32859
32860
32861
32862
32866
32869
32874
32876
32877
32879
32883
32884
32886
32891
32894
32898
32899
32902
32903
32904
32905
32906
32907
32909
32915
32916
32922
32925
32927
32930
32931
32933
32934
32935
32937
32939
32942
32944
32948
32951
32955
32958
32960
32961
32962
32965
32966
32971
32972
32973
32974
32975
32976
32978
32980
32981
32982
32983
32984
32985
32987
32988
32990
32992
32994
32995
32996
32998
33000
33002
33005
33007
33010
33012
33013
33014
33015
33019
33020
33021
33022
33023
33024
33027
33029
33030
33031
33034
33035
33036
33037
33039
33041
33042
33045
33046
33048
33049
33050
33051
33052
33055
33058
33059
33061
33062
33063
33070
33072
33073
33074
33075
33076
33077
33078
33080
33082
33084
33087
33089
33090
33091
33092
33093
33094
33097
33100
33101
33103
33104
33105
33107
33109
33110
33115
33116
33118
33120
33121
33122
33123
33124
33127
33128
33129
33130
33131
33133
33134
33135
33136
33137
33138
33140
33141
33142
33146
33148
33149
33151
33154
33158
33162
33163
33166
33169
33170
33171
33173
33176
33178
33179
33180
33182
33185
33186
33189
33191
33192
33195
33196
33198
33199
33200
33202
33203
33204
33205
33206
33208
33209
33213
33216
33218
33220
33221
33223
33224
33226
33227
33228
33229
33230
33231
33233
33235
33236
33237
33241
33242
33243
33245
33246
33247
33248
33249
33252
33254
33256
33257
33260
33261
33262
33265
33267
33268
33269
33270
33271
33272
33273
33274
33275
33277
33278
33280
33282
33283
33284
33288
33289
33290
33292
33293
33294
33299
33300
33301
33302
33304
33305
33308
33309
33311
33312
33314
33315
33316
33320
33322
33323
33324
33326
33329
33333
33334
33335
33336
33342
33343
33344
33346
33348
33349
33350
33351
33352
33354
33355
33356
33357
33358
33359
33360
33364
33365
33366
33367
33368
33369
33370
33371
33372
33373
33377
33378
33380
33381
33384
33385
33386
33387
33388
33389
33390
33391
33393
33394
33396
33397
33398
33399
33400
33402
33403
33405
33406
33407
33408
33410
33411
33412
33413
33414
33415
33417
33418
33420
33421
33423
33424
33425
33427
33428
33430
33431
33432
33435
33438
33444
33447
33451
33452
33453
33457
33460
33462
33463
33464
33465
33466
33467
33468
33469
33471
33474
33477
33480
33486
33491
33498
33503
33510
33517
33522
33523
33524
33525
33528
33531
33533
33537
33539
33541
33542
33546
33549
33550
33551
33554
33555
33556
33557
33558
33562
33569
33573
33574
33576
33577
33578
33580
33584
33585
33587
33588
33589
33590
33594
33596
33602
33605
33611
33612
33632
33633
33641
33642
33653
33656
33677
33678
33681
33682
33689
33690
33700
33701
33707
33716
33719
33722
33724
33726
33729
33736
33745
33752
33755
33763
33764
33770
33777
33783
33788
33789
33799
33803
33805
33806
33809
33819
33824
33827
33831
33833
33840
33843
33851
33853
33861
33869
33872
33874
33884
33891
33893
33895
33902
33903
33911
33914
33917
33925
33929
33932
33937
33939
33952
33954
33965
33968
33977
33978
33980
33981
33985
33994
34001
34004
34006
34007
34014
34016
34021
34024
34028
34037
34042
34043
34053
34055
34057
34058
34059
34060
34065
34070
34080
34082
34086
34091
34092
34093
34096
34100
34101
34102
34103
34104
34105
34106
34107
34108
34110
34111
34112
34113
34115
34116
34117
34118
34119
34120
34121
34122
34123
34124
34125
34127
34128
34130
34131
34133
34135
34136
34137
34139
34140
34142
34143
34144
34145
34146
34147
34148
34149
34152
34153
34154
34155
34156
34157
34158
34159
34160
34161
34162
34163
34166
34168
34171
34172
34173
34174
34175
34176
34177
34178
34179
34182
34183
34184
34185
34186
34187
34188
34189
34190
34195
34196
34197
34199
34200
34201
34202
34204
34205
34208
34210
34212
34213
34214
34215
34217
34218
34219
34221
34224
34225
34226
34227
34228
34229
34230
34232
34233
34234
34235
34236
34237
34238
34239
34240
34241
34242
34243
34244
34247
34250
34251
34252
34254
34256
34259
34260
34262
34265
34266
34267
34268
34269
34272
34274
34276
34277
34278
34280
34281
34282
34284
34286
34287
34288
34289
34291
34292
34293
34294
34296
34298
34299
34302
34303
34304
34305
34306
34307
34308
34309
34311
34312
34313
34314
34316
34318
34319
34320
34321
34322
34323
34324
34325
34326
34327
34329
34330
34331
34332
34333
34334
34335
34336
34337
34338
34339
34340
34341
34343
34346
34347
34348
34349
34351
34353
34355
34356
34357
34358
34359
34360
34361
34363
34365
34366
34367
34368
34369
34370
34375
34376
34377
34379
34382
34383
34384
34385
34387
34388
34389
34390
34391
34392
34394
34395
34397
34398
34399
34400
34402
34403
34405
34406
34408
34409
34411
34412
34413
34414
34415
34416
34417
34418
34420
34421
34422
34424
34426
34427
34428
34430
34432
34435
34438
34440
34442
34444
34445
34446
34448
34451
34452
34454
34458
34460
34462
34465
34466
34470
34474
34476
34478
34480
34485
34486
34487
34488
34492
34493
34494
34495
34497
34499
34500
34501
34504
34507
34509
34510
34511
34513
34514
34516
34517
34519
34520
34522
34523
34524
34527
34528
34529
34531
34532
34534
34535
34537
34538
34539
34540
34542
34544
34546
34547
34549
34550
34554
34555
34557
34558
34559
34560
34564
34566
34569
34570
34571
34574
34575
34576
34578
34579
34581
34582
34583
34584
34586
34587
34588
34589
34590
34592
34594
34595
34596
34597
34600
34601
34603
34604
34606
34607
34608
34609
34612
34616
34617
34618
34619
34621
34622
34624
34625
34626
34628
34629
34630
34631
34632
34636
34637
34641
34643
34644
34645
34646
34647
34650
34651
34652
34653
34654
34656
34657
34658
34660
34662
34664
34665
34666
34669
34670
34673
34674
34676
34678
34679
34683
34684
34688
34691
34692
34693
34694
34695
34696
34697
34698
34699
34700
34702
34705
34706
34709
34712
34713
34714
34715
34716
34717
34718
34719
34723
34724
34725
34726
34728
34729
34730
34731
34735
34737
34738
34739
34740
34741
34744
34745
34747
34750
34751
34752
34753
34755
34756
34758
34759
34760
34761
34762
34763
34764
34767
34771
34773
34774
34778
34781
34782
34784
34785
34787
34788
34789
34790
34792
34794
34796
34798
34799
34801
34803
34805
34807
34808
34812
34813
34814
34817
34818
34819
34820
34822
34823
34824
34826
34829
34830
34831
34832
34834
34835
34837
34838
34839
34841
34842
34844
34845
34849
34850
34851
34853
34854
34855
34856
34858
34859
34861
34862
34863
34865
34866
34867
34869
34870
34871
34872
34873
34875
34876
34880
34881
34882
34883
34884
34885
34886
34887
34888
34893
34894
34896
34897
34898
34900
34903
34904
34905
34906
34908
34909
34911
34912
34913
34914
34915
34918
34920
34922
34923
34925
34927
34928
34930
34932
34933
34936
34937
34939
34941
34945
34946
34948
34950
34951
34952
34955
34956
34959
34961
34963
34964
34965
34966
34968
34969
34970
34971
34972
34974
34975
34977
34980
34983
34984
34986
34987
34989
34993
34995
34998
35000
35002
35003
35005
35006
35008
35009
35015
35016
35018
35019
35021
35024
35025
35029
35030
35033
35034
35035
35036
35037
35039
35040
35043
35045
35047
35049
35051
35054
35055
35056
35058
35060
35063
35064
35067
35068
35071
35072
35073
35074
35075
35077
35078
35082
35083
35084
35085
35088
35089
35091
35093
35097
35099
35101
35102
35104
35105
35106
35107
35108
35109
35110
35116
35117
35120
35121
35123
35124
35131
35133
35135
35136
35137
35138
35139
35141
35146
35149
35151
35152
35153
35157
35159
35160
35161
35167
35170
35171
35172
35173
35177
35179
35185
35187
35188
35189
35190
35191
35192
35196
35197
35199
35200
35201
35202
35206
35209
35210
35212
35213
35216
35217
35218
35221
35222
35223
35224
35225
35230
35231
35234
35235
35236
35237
35239
35240
35243
35247
35248
35250
35253
35259
35260
35262
35270
35272
35273
35275
35276
35277
35279
35280
35284
35285
35287
35288
35292
35293
35297
35298
35299
35303
35308
35309
35310
35312
35316
35317
35321
35322
35323
35326
35328
35329
35330
35332
35336
35338
35339
35342
35343
35344
35347
35350
35352
35354
35357
35359
35360
35361
35363
35365
35370
35371
35372
35374
35376
35378
35381
35382
35383
35387
35389
35390
35393
35394
35397
35399
35400
35401
35404
35406
35407
35410
35412
35414
35415
35417
35418
35420
35423
35424
35426
35429
35430
35433
35434
35438
35439
35441
35444
35447
35450
35451
35452
35454
35464
35465
35467
35472
35476
35477
35480
35482
35483
35485
35490
35497
35505
35507
35512
35513
35515
35516
35519
35521
35522
35523
35524
35528
35531
35532
35533
35538
35539
35541
35542
35543
35544
35545
35546
35549
35551
35552
35553
35560
35561
35563
35566
35570
35572
35573
35576
35577
35579
35587
35588
35589
35596
35597
35598
35599
35600
35602
35604
35609
35610
35611
35613
35614
35615
35616
35618
35626
35627
35628
35629
35632
35633
35634
35636
35638
35641
35642
35643
35644
35645
35648
35649
35654
35655
35656
35660
35661
35663
35667
35668
35670
35673
35674
35677
35678
35679
35681
35683
35692
35693
35695
35696
35698
35699
35700
35702
35708
35709
35710
35714
35716
35717
35721
35722
35723
35724
35725
35726
35728
35729
35732
35733
35735
35737
35739
35740
35741
35745
35749
35752
35753
35754
35755
35756
35757
35761
35762
35763
35765
35767
35768
35772
35773
35776
35777
35778
35780
35782
35783
35785
35786
35787
35789
35791
35795
35796
35798
35800
35801
35802
35805
35806
35807
35808
35809
35810
35811
35813
35814
35815
35817
35820
35821
35823
35824
35825
35826
35827
35830
35832
35835
35836
35840
35843
35844
35848
35849
35850
35852
35854
35855
35856
35858
35859
35862
35864
35865
35866
35867
35869
35871
35874
35876
35879
35880
35881
35882
35883
35885
35886
35887
35890
35891
35894
35896
35898
35899
35900
35902
35903
35904
35906
35908
35910
35911
35912
35913
35915
35917
35919
35920
35921
35922
35924
35925
35926
35929
35930
35931
35935
35937
35941
35942
35944
35945
35946
35947
35948
35949
35950
35951
35952
35953
35954
35955
35956
35958
35961
35962
35963
35964
35965
35967
35968
35969
35970
35971
35972
35974
35975
35976
35977
35979
35980
35982
35983
35984
35985
35987
35988
35990
35992
35993
35995
35996
35997
35998
35999
36000
36001
36002
36003
36004
36005
36006
36007
36008
36009
36011
36012
36014
36016
36017
36018
36019
36020
36021
36022
36023
36025
36027
36028
36030
36031
36032
36033
36034
36035
36039
36040
36042
36043
36044
36045
36046
36049
36050
36052
36055
36056
36057
36059
36060
36061
36062
36063
36064
36065
36066
36067
36068
36070
36071
36073
36074
36077
36078
36079
36080
36081
36084
36089
36090
36092
36093
36094
36096
36097
36098
36100
36102
36103
36104
36105
36106
36107
36108
36109
36110
36112
36113
36114
36115
36117
36118
36119
36120
36122
36123
36124
36126
36127
36128
36130
36132
36133
36134
36135
36136
36137
36138
36141
36142
36143
36144
36146
36147
36149
36150
36152
36153
36154
36155
36156
36157
36159
36162
36163
36164
36165
36166
36167
36168
36169
36170
36171
36173
36174
36179
36181
36182
36183
36184
36185
36186
36188
36189
36190
36192
36193
36194
36197
36199
36203
36205
36206
36209
36210
36212
36213
36214
36215
36216
36217
36218
36220
36221
36222
36224
36225
36226
36231
36232
36233
36235
36236
36238
36239
36241
36242
36248
36253
36254
36255
36256
36257
36260
36262
36263
36266
36267
36268
36269
36270
36271
36272
36274
36275
36277
36278
36280
36281
36282
36284
36285
36288
36289
36293
36294
36295
36298
36299
36300
36302
36305
36307
36309
36311
36312
36313
36314
36316
36319
36321
36323
36324
36325
36328
36330
36331
36332
36333
36334
36335
36336
36337
36338
36339
36340
36341
36342
36343
36344
36345
36346
36347
36348
36349
36353
36354
36356
36358
36359
36361
36365
36366
36369
36370
36372
36373
36374
36375
36378
36379
36380
36381
36383
36384
36385
36386
36387
36388
36389
36391
36392
36394
36396
36397
36399
36400
36401
36404
36406
36408
36409
36412
36413
36415
36416
36418
36419
36420
36421
36423
36424
36427
36428
36429
36430
36431
36434
36435
36436
36437
36439
36440
36441
36443
36444
36446
36448
36449
36453
36456
36458
36459
36461
36462
36463
36464
36465
36466
36468
36469
36470
36471
36474
36476
36479
36485
36486
36487
36491
36494
36499
36500
36501
36503
36504
36505
36509
36510
36511
36512
36514
36516
36520
36521
36524
36525
36527
36530
36532
36536
36537
36544
36545
36549
36553
36556
36557
36560
36561
36565
36566
36570
36571
36573
36575
36576
36577
36578
36579
36580
36581
36583
36585
36586
36588
36591
36593
36600
36601
36603
36605
36609
36610
36611
36615
36616
36617
36618
36619
36621
36623
36624
36625
36628
36630
36633
36634
36636
36637
36638
36639
36646
36648
36652
36653
36655
36656
36657
36658
36659
36660
36662
36665
36666
36667
36668
36669
36672
36674
36675
36684
36685
36689
36690
36692
36697
36700
36701
36702
36703
36704
36705
36708
36710
36711
36713
36714
36715
36716
36717
36718
36720
36722
36723
36725
36727
36732
36733
36734
36736
36738
36739
36741
36743
36744
36745
36747
36748
36749
36751
36752
36754
36755
36756
36757
36758
36761
36763
36766
36768
36770
36771
36773
36774
36776
36777
36778
36779
36783
36784
36787
36788
36789
36790
36791
36792
36793
36794
36795
36796
36798
36802
36804
36805
36806
36808
36809
36810
36811
36813
36814
36815
36818
36820
36821
36830
36831
36832
36833
36834
36835
36838
36840
36842
36843
36844
36845
36847
36848
36849
36852
36853
36855
36856
36858
36860
36861
36862
36863
36864
36865
36868
36869
36870
36871
36872
36876
36878
36880
36883
36884
36885
36886
36887
36888
36889
36890
36892
36893
36894
36896
36897
36898
36899
36901
36903
36905
36906
36908
36909
36910
36911
36912
36913
36917
36918
36920
36921
36923
36926
36927
36929
36930
36932
36935
36936
36938
36940
36943
36945
36946
36947
36948
36949
36950
36952
36955
36957
36959
36960
36961
36962
36963
36968
36970
36975
36979
36981
36983
36984
36985
36986
36987
36988
36993
36994
36996
36999
37000
37002
37004
37007
37008
37009
37010
37011
37014
37015
37016
37017
37018
37019
37020
37023
37025
37026
37027
37028
37030
37031
37032
37033
37035
37038
37039
37040
37041
37042
37043
37044
37045
37047
37048
37049
37050
37052
37055
37056
37057
37058
37060
37061
37062
37063
37064
37066
37067
37068
37069
37070
37073
37075
37076
37077
37079
37081
37082
37083
37084
37086
37087
37088
37091
37092
37093
37094
37096
37097
37098
37100
37101
37102
37103
37104
37105
37106
37107
37109
37110
37111
37113
37114
37115
37116
37117
37118
37119
37120
37122
37123
37124
37126
37127
37128
37129
37130
37131
37133
37135
37137
37138
37139
