2
4
5
7
8
9
12
14
18
19
21
24
26
28
29
30
31
37
38
40
41
44
45
46
49
56
57
59
62
64
67
68
71
73
75
77
79
80
89
97
98
101
104
112
113
117
118
122
124
126
130
133
137
138
139
141
142
143
144
145
146
151
152
154
158
162
163
164
165
168
170
172
177
179
186
196
197
200
205
206
207
214
216
219
226
227
232
235
239
240
256
259
261
263
264
280
294
301
302
319
332
336
344
349
356
357
359
361
370
379
382
383
386
388
398
400
401
402
403
409
410
417
418
425
432
434
435
441
443
449
451
453
459
468
470
477
480
499
502
503
504
505
506
510
511
513
514
521
522
524
526
529
535
539
544
548
566
572
573
578
580
584
587
591
594
602
604
609
615
619
620
623
625
627
633
634
635
636
637
642
644
646
649
654
660
662
674
676
679
680
681
683
684
685
686
687
688
689
690
691
692
693
694
695
696
697
699
700
701
703
704
705
706
707
709
711
712
713
714
715
716
719
720
721
722
723
724
725
726
727
728
729
730
731
732
733
735
736
737
738
739
740
742
745
748
751
754
755
757
758
759
760
762
764
767
768
769
770
772
773
774
775
777
778
783
784
786
787
788
789
790
791
792
793
794
795
796
797
798
799
800
801
802
803
809
810
811
812
813
814
815
816
818
820
821
822
823
824
825
826
828
830
831
832
833
835
836
837
840
842
843
844
845
846
847
849
850
851
852
853
854
855
856
858
860
861
862
864
865
867
871
872
873
876
877
879
880
881
883
884
888
889
890
891
892
894
895
896
898
899
900
901
904
905
906
908
909
911
916
918
923
925
928
930
931
932
933
935
936
937
938
939
940
941
942
945
946
947
948
951
954
955
956
957
958
959
961
962
966
972
973
976
977
979
982
985
986
987
989
994
999
1000
1001
1002
1004
1007
1009
1011
1014
1016
1017
1018
1019
1022
1023
1026
1032
1040
1041
1043
1044
1045
1047
1048
1050
1051
1052
1053
1054
1055
1058
1060
1061
1063
1064
1065
1067
1068
1069
1071
1072
1074
1075
1077
1078
1079
1081
1082
1084
1086
1087
1088
1091
1092
1093
1094
1096
1097
1098
1099
1100
1109
1111
1113
1116
1118
1119
1121
1123
1125
1128
1131
1132
1133
1135
1139
1143
1144
1145
1146
1149
1150
1153
1155
1156
1157
1158
1161
1162
1164
1166
1167
1169
1172
1173
1174
1177
1178
1179
1180
1183
1187
1188
1189
1191
1194
1196
1197
1199
1200
1203
1204
1208
1211
1214
1216
1217
1218
1221
1223
1225
1228
1229
1230
1231
1233
1236
1237
1238
1241
1243
1244
1246
1247
1249
1252
1253
1254
1255
1257
1258
1259
1262
1266
1267
1268
1273
1274
1276
1279
1283
1286
1287
1290
1291
1293
1294
1296
1299
1300
1301
1303
1310
1311
1312
1316
1319
1321
1323
1325
1326
1327
1329
1330
1331
1332
1334
1335
1338
1340
1345
1347
1348
1351
1352
1355
1357
1358
1360
1361
1364
1366
1367
1368
1369
1370
1371
1373
1375
1378
1379
1380
1383
1385
1386
1387
1388
1391
1392
1393
1395
1396
1398
1399
1400
1402
1403
1406
1407
1408
1416
1417
1421
1425
1427
1429
1432
1433
1434
1436
1437
1439
1441
1444
1446
1448
1449
1450
1451
1455
1458
1459
1461
1463
1465
1467
1468
1477
1478
1481
1488
1489
1491
1494
1495
1499
1501
1503
1504
1507
1512
1513
1516
1517
1519
1527
1529
1530
1533
1535
1536
1537
1540
1541
1542
1544
1545
1550
1551
1552
1553
1554
1555
1556
1557
1558
1559
1560
1561
1562
1563
1564
1566
1568
1570
1571
1572
1576
1579
1580
1582
1583
1585
1586
1587
1590
1593
1594
1595
1597
1598
1599
1605
1606
1609
1612
1613
1614
1615
1618
1619
1620
1623
1624
1628
1631
1635
1636
1637
1641
1645
1646
1649
1651
1656
1664
1665
1668
1670
1673
1679
1680
1681
1682
1683
1685
1686
1687
1688
1698
1700
1702
1703
1704
1705
1708
1709
1711
1713
1714
1719
1720
1722
1725
1726
1727
1728
1732
1736
1737
1743
1744
1747
1749
1751
1752
1753
1759
1760
1761
1762
1763
1765
1766
1767
1768
1769
1773
1774
1775
1782
1783
1787
1788
1791
1796
1797
1798
1801
1805
1807
1809
1811
1817
1820
1821
1822
1828
1830
1831
1832
1833
1834
1836
1839
1842
1848
1855
1856
1858
1866
1867
1871
1873
1877
1879
1884
1887
1892
1893
1895
1902
1905
1906
1908
1910
1914
1915
1916
1918
1922
1927
1928
1929
1933
1934
1935
1936
1939
1940
1944
1946
1952
1954
1955
1956
1957
1961
1962
1965
1967
1969
1970
1973
1975
1978
1980
1981
1985
1988
1992
1995
1997
1998
2000
2002
2004
2006
2011
2012
2013
2016
2017
2023
2025
2028
2029
2030
2032
2037
2038
2041
2043
2046
2052
2054
2055
2057
2058
2061
2067
2079
2085
2087
2088
2089
2093
2094
2098
2102
2104
2108
2112
2113
2116
2117
2122
2125
2133
2141
2142
2143
2144
2145
2146
2150
2152
2153
2156
2161
2165
2166
2168
2169
2171
2172
2174
2175
2178
2181
2185
2186
2189
2190
2196
2197
2201
2202
2208
2210
2211
2212
2223
2230
2235
2239
2240
2241
2244
2248
2253
2255
2256
2261
2263
2267
2270
2275
2281
2282
2289
2295
2296
2297
2299
2307
2312
2318
2319
2320
2325
2326
2327
2328
2333
2341
2345
2347
2350
2351
2356
2357
2359
2362
2365
2369
2370
2374
2375
2380
2381
2382
2383
2387
2388
2389
2394
2395
2397
2401
2404
2405
2407
2408
2410
2413
2415
2416
2420
2421
2422
2424
2428
2430
2432
2433
2436
2438
2439
2442
2444
2445
2447
2448
2449
2453
2455
2457
2459
2460
2461
2462
2463
2465
2468
2474
2476
2478
2479
2483
2484
2486
2487
2488
2489
2490
2491
2492
2493
2494
2495
2497
2499
2501
2502
2503
2504
2505
2506
2507
2508
2509
2510
2511
2512
2513
2514
2515
2516
2517
2518
2521
2522
2524
2525
2526
2527
2528
2529
2530
2532
2533
2534
2535
2536
2537
2538
2539
2540
2541
2542
2543
2544
2546
2547
2550
2551
2552
2553
2554
2555
2556
2557
2558
2559
2560
2561
2562
2564
2565
2566
2568
2569
2570
2571
2573
2574
2575
2576
2577
2579
2581
2582
2583
2584
2585
2588
2589
2590
2591
2592
2595
2596
2597
2598
2599
2601
2602
2604
2606
2607
2608
2610
2611
2612
2613
2614
2615
2616
2617
2618
2619
2620
2621
2623
2624
2626
2627
2628
2629
2630
2631
2633
2634
2636
2637
2639
2640
2641
2642
2643
2644
2645
2646
2648
2650
2651
2652
2653
2655
2656
2661
2662
2663
2664
2665
2669
2670
2672
2674
2675
2676
2677
2678
2679
2680
2681
2683
2684
2685
2686
2689
2690
2691
2692
2694
2695
2696
2697
2698
2699
2700
2701
2702
2703
2705
2706
2707
2708
2710
2711
2712
2714
2715
2716
2717
2718
2719
2720
2721
2722
2723
2724
2725
2726
2727
2728
2729
2731
2733
2734
2736
2737
2738
2739
2740
2742
2743
2744
2746
2747
2755
2757
2758
2759
2760
2762
2764
2765
2766
2768
2771
2772
2773
2774
2775
2776
2779
2780
2781
2783
2784
2787
2789
2790
2793
2795
2797
2798
2799
2800
2802
2804
2806
2807
2809
2812
2813
2815
2816
2818
2819
2821
2822
2824
2825
2827
2828
2829
2830
2831
2833
2835
2836
2837
2841
2842
2845
2847
2848
2849
2850
2852
2853
2854
2855
2860
2861
2863
2865
2867
2868
2869
2870
2871
2872
2873
2874
2876
2879
2880
2881
2883
2884
2886
2887
2890
2892
2894
2897
2898
2901
2902
2903
2904
2905
2907
2909
2910
2911
2912
2913
2914
2915
2916
2917
2919
2920
2921
2923
2926
2928
2930
2933
2937
2938
2940
2941
2942
2943
2944
2945
2948
2949
2951
2957
2958
2959
2960
2962
2964
2965
2967
2970
2971
2973
2974
2975
2976
2977
2980
2981
2983
2984
2986
2987
2989
2990
2992
2993
2994
2996
2999
3001
3002
3003
3009
3011
3015
3016
3019
3020
3022
3023
3024
3025
3027
3029
3030
3031
3032
3033
3034
3035
3036
3038
3040
3041
3045
3047
3048
3049
3050
3052
3054
3055
3060
3063
3068
3070
3078
3082
3083
3089
3091
3094
3095
3098
3099
3101
3103
3104
3106
3108
3109
3110
3111
3114
3115
3119
3120
3123
3124
3127
3128
3129
3130
3134
3138
3141
3142
3143
3145
3149
3150
3151
3153
3154
3155
3159
3162
3164
3167
3168
3172
3174
3175
3179
3180
3181
3182
3185
3190
3192
3195
3196
3197
3199
3200
3201
3202
3204
3205
3206
3207
3208
3210
3213
3219
3220
3221
3223
3230
3232
3239
3240
3241
3242
3243
3245
3246
3248
3250
3252
3253
3254
3261
3262
3264
3266
3267
3268
3269
3273
3274
3275
3276
3277
3278
3279
3280
3281
3282
3284
3286
3287
3288
3290
3291
3293
3295
3296
3297
3299
3301
3302
3303
3304
3305
3307
3310
3315
3316
3317
3322
3323
3325
3326
3332
3333
3334
3337
3340
3341
3346
3347
3351
3352
3356
3357
3358
3359
3360
3362
3363
3365
3366
3368
3369
3370
3375
3379
3380
3381
3382
3385
3387
3388
3389
3392
3393
3394
3395
3396
3397
3398
3404
3405
3406
3407
3408
3410
3412
3413
3414
3416
3417
3418
3419
3420
3421
3422
3423
3424
3425
3427
3428
3429
3430
3432
3433
3434
3436
3437
3438
3439
3441
3442
3443
3444
3446
3448
3450
3452
3453
3454
3456
3457
3459
3460
3461
3463
3466
3467
3470
3471
3472
3473
3476
3477
3479
3480
3482
3484
3485
3486
3490
3491
3492
3493
3494
3496
3497
3500
3501
3502
3504
3507
3508
3509
3511
3515
3517
3519
3520
3523
3524
3525
3526
3529
3530
3531
3532
3534
3535
3536
3537
3538
3539
3542
3544
3545
3546
3548
3552
3553
3555
3556
3558
3559
3560
3561
3563
3564
3565
3566
3567
3568
3570
3573
3574
3581
3582
3583
3585
3588
3589
3593
3595
3596
3599
3600
3602
3603
3604
3606
3610
3611
3613
3614
3617
3618
3619
3623
3624
3625
3626
3628
3629
3631
3632
3634
3635
3637
3640
3642
3643
3644
3647
3648
3650
3652
3653
3654
3655
3657
3658
3661
3666
3667
3669
3670
3672
3673
3674
3677
3682
3684
3687
3688
3690
3691
3694
3695
3696
3698
3699
3700
3701
3703
3704
3705
3707
3708
3712
3713
3716
3717
3718
3729
3733
3734
3740
3741
3747
3753
3756
3757
3765
3766
3768
3769
3771
3773
3777
3778
3781
3783
3789
3792
3796
3798
3800
3804
3805
3807
3810
3811
3819
3821
3823
3825
3826
3827
3829
3831
3833
3835
3836
3837
3838
3839
3840
3844
3845
3846
3847
3849
3853
3855
3856
3857
3858
3859
3860
3861
3862
3865
3866
3871
3872
3874
3875
3876
3877
3879
3882
3884
3885
3886
3890
3893
3894
3897
3899
3903
3906
3909
3910
3911
3920
3921
3925
3926
3928
3933
3935
3941
3944
3949
3950
3957
3958
3959
3964
3968
3969
3970
3977
3983
3986
3989
3995
4007
4010
4032
4033
4035
4036
4041
4044
4046
4050
4054
4058
4059
4063
4067
4069
4070
4073
4074
4075
4088
4090
4091
4093
4094
4100
4106
4108
4109
4112
4114
4115
4116
4117
4123
4124
4129
4131
4132
4133
4135
4139
4141
4146
4148
4149
4155
4156
4161
4165
4170
4172
4175
4179
4183
4186
4194
4196
4199
4202
4206
4213
4219
4220
4233
4235
4236
4238
4242
4243
4248
4249
4251
4253
4259
4264
4266
4273
4278
4279
4286
4287
4292
4294
4302
4304
4308
4318
4332
4333
4334
4337
4339
4343
4347
4348
4354
4356
4357
4359
4363
4365
4368
4376
4384
4389
4390
4391
4392
4393
4394
4395
4396
4397
4398
4399
4400
4401
4402
4403
4404
4406
4407
4409
4410
4411
4412
4413
4414
4415
4416
4417
4418
4420
4421
4422
4423
4424
4425
4426
4429
4430
4431
4436
4438
4439
4440
4441
4442
4447
4448
4450
4451
4452
4457
4458
4459
4460
4461
4463
4466
4467
4468
4469
4470
4471
4472
4473
4474
4475
4476
4479
4480
4481
4482
4483
4484
4486
4487
4488
4489
4490
4491
4492
4499
4500
4502
4504
4505
4506
4507
4512
4514
4516
4517
4520
4521
4524
4525
4526
4527
4532
4533
4534
4538
4540
4541
4543
4544
4545
4548
4549
4550
4551
4552
4553
4554
4556
4557
4561
4563
4566
4569
4574
4576
4578
4579
4580
4583
4584
4585
4587
4588
4590
4591
4592
4593
4594
4597
4598
4602
4604
4605
4606
4608
4609
4610
4612
4614
4616
4618
4620
4621
4622
4623
4624
4627
4629
4632
4633
4634
4637
4639
4641
4643
4644
4645
4646
4647
4648
4651
4652
4653
4654
4655
4656
4658
4659
4663
4664
4667
4669
4670
4671
4672
4675
4676
4679
4680
4681
4682
4685
4691
4692
4693
4697
4698
4700
4701
4702
4706
4708
4709
4710
4713
4714
4715
4716
4718
4719
4721
4722
4723
4726
4727
4730
4731
4732
4733
4734
4736
4738
4740
4741
4742
4743
4746
4750
4752
4753
4755
4756
4758
4759
4763
4764
4765
4770
4775
4779
4780
4781
4782
4785
4786
4787
4790
4792
4793
4794
4795
4796
4797
4798
4800
4801
4802
4803
4807
4810
4811
4812
4815
4816
4817
4818
4819
4820
4825
4827
4828
4829
4830
4831
4832
4833
4835
4836
4837
4842
4845
4846
4847
4848
4849
4850
4852
4853
4854
4856
4857
4859
4860
4861
4863
4864
4866
4873
4875
4877
4878
4879
4882
4883
4886
4888
4889
4891
4892
4894
4897
4898
4900
4901
4903
4904
4905
4910
4911
4912
4913
4917
4919
4921
4923
4930
4931
4933
4936
4937
4939
4940
4941
4942
4944
4946
4948
4952
4955
4960
4963
4964
4966
4967
4972
4973
4978
4979
4980
4982
4984
4985
4990
4993
4994
4996
4997
5000
5002
5005
5007
5008
5009
5010
5014
5027
5030
5032
5033
5035
5038
5039
5040
5041
5044
5045
5048
5049
5052
5053
5054
5056
5058
5059
5062
5064
5066
5067
5070
5071
5072
5073
5080
5081
5082
5087
5089
5090
5092
5093
5094
5095
5097
5100
5101
5102
5104
5106
5107
5109
5110
5112
5114
5116
5117
5118
5119
5121
5122
5124
5130
5140
5142
5143
5147
5148
5151
5153
5155
5157
5159
5160
5164
5166
5173
5175
5176
5179
5181
5182
5186
5189
5190
5191
5192
5195
5197
5199
5200
5201
5202
5203
5204
5205
5206
5208
5209
5211
5212
5213
5215
5216
5219
5221
5223
5226
5227
5229
5233
5234
5239
5240
5242
5244
5245
5246
5247
5248
5249
5250
5251
5252
5253
5255
5257
5258
5261
5264
5265
5267
5268
5273
5274
5275
5278
5280
5281
5282
5283
5284
5285
5286
5290
5293
5294
5296
5298
5299
5301
5304
5305
5306
5307
5308
5309
5310
5314
5318
5321
5322
5325
5327
5329
5331
5334
5335
5337
5338
5339
5341
5343
5346
5347
5349
5350
5351
5355
5356
5359
5360
5361
5362
5363
5365
5370
5378
5379
5380
5381
5384
5386
5387
5388
5389
5394
5396
5397
5399
5400
5401
5405
5406
5407
5408
5409
5413
5414
5415
5417
5419
5423
5429
5433
5434
5435
5437
5439
5445
5446
5447
5448
5450
5451
5455
5457
5459
5461
5465
5466
5471
5472
5473
5475
5476
5477
5478
5479
5480
5481
5482
5485
5487
5488
5489
5495
5501
5502
5503
5507
5509
5510
5512
5517
5518
5519
5520
5521
5524
5525
5526
5527
5533
5534
5535
5542
5548
5551
5553
5554
5556
5557
5558
5561
5562
5565
5571
5572
5579
5580
5585
5590
5596
5597
5598
5603
5605
5606
5607
5608
5611
5613
5614
5619
5620
5622
5623
5624
5626
5630
5632
5636
5640
5642
5643
5646
5647
5649
5651
5652
5653
5654
5657
5658
5660
5661
5664
5666
5668
5669
5671
5672
5675
5676
5677
5679
5681
5682
5684
5687
5689
5692
5694
5695
5704
5709
5714
5721
5725
5726
5730
5732
5733
5737
5740
5742
5743
5749
5752
5753
5754
5755
5759
5760
5761
5764
5765
5769
5770
5774
5775
5777
5781
5785
5787
5788
5793
5795
5799
5800
5801
5802
5810
5811
5813
5815
5816
5822
5825
5826
5827
5830
5834
5840
5841
5847
5848
5849
5851
5853
5859
5861
5864
5866
5867
5869
5870
5871
5875
5877
5880
5882
5883
5885
5886
5889
5899
5901
5909
5915
5916
5920
5922
5924
5925
5926
5928
5932
5934
5937
5938
5942
5951
5953
5954
5955
5958
5961
5962
5963
5965
5966
5972
5974
5975
5978
5979
5980
5982
5987
5993
5996
5997
5998
6000
6003
6004
6005
6011
6012
6021
6024
6028
6037
6039
6041
6043
6047
6052
6054
6055
6060
6061
6064
6069
6070
6071
6072
6075
6080
6081
6084
6086
6088
6090
6095
6096
6097
6098
6099
6100
6101
6102
6103
6105
6106
6107
6108
6110
6111
6113
6114
6115
6117
6119
6120
6121
6122
6124
6128
6129
6130
6131
6135
6136
6137
6138
6141
6142
6143
6144
6146
6147
6148
6149
6150
6152
6156
6157
6158
6159
6169
6171
6173
6174
6177
6179
6188
6189
6193
6194
6199
6200
6201
6202
6203
6204
6205
6206
6207
6208
6209
6211
6212
6214
6215
6216
6217
6218
6219
6220
6223
6224
6225
6227
6228
6229
6230
6232
6234
6235
6236
6237
6238
6239
6240
6241
6242
6243
6244
6245
6246
6247
6248
6249
6250
6251
6252
6254
6255
6256
6257
6258
6260
6262
6263
6264
6265
6266
6267
6268
6269
6270
6271
6272
6273
6274
6275
6276
6277
6278
6279
6280
6281
6283
6284
6285
6286
6287
6288
6289
6290
6291
6292
6293
6295
6296
6297
6298
6299
6300
6301
6302
6303
6304
6306
6308
6310
6311
6312
6313
6315
6316
6318
6319
6322
6324
6326
6327
6328
6329
6330
6331
6332
6334
6335
6337
6338
6340
6341
6342
6343
6344
6345
6346
6347
6349
6350
6351
6353
6354
6355
6356
6357
6358
6359
6361
6362
6363
6365
6366
6367
6368
6369
6370
6371
6372
6373
6374
6375
6377
6379
6380
6381
6382
6383
6384
6385
6386
6389
6390
6391
6392
6393
6394
6395
6397
6398
6399
6401
6402
6403
6404
6405
6406
6407
6408
6409
6410
6411
6412
6413
6414
6415
6416
6417
6418
6419
6420
6422
6423
6424
6425
6426
6429
6430
6432
6433
6434
6435
6437
6438
6439
6442
6443
6445
6447
6448
6449
6450
6451
6452
6453
6454
6456
6457
6458
6459
6460
6465
6467
6469
6473
6474
6475
6476
6477
6478
6479
6480
6481
6483
6486
6487
6490
6491
6493
6494
6496
6497
6498
6501
6503
6504
6506
6507
6508
6509
6510
6511
6512
6513
6514
6516
6517
6518
6522
6523
6524
6528
6529
6530
6533
6534
6535
6536
6537
6539
6540
6542
6543
6544
6546
6547
6553
6556
6557
6558
6559
6560
6562
6563
6564
6566
6567
6569
6572
6573
6574
6575
6579
6581
6582
6583
6587
6588
6589
6590
6592
6593
6594
6595
6596
6597
6600
6602
6604
6608
6609
6611
6612
6615
6617
6618
6621
6622
6623
6624
6625
6627
6628
6629
6631
6633
6634
6635
6636
6637
6638
6640
6642
6644
6649
6652
6655
6656
6657
6658
6660
6662
6664
6667
6668
6673
6675
6677
6680
6684
6687
6688
6689
6690
6693
6694
6696
6698
6700
6701
6703
6704
6706
6707
6708
6712
6715
6716
6717
6720
6722
6725
6727
6728
6729
6730
6731
6732
6734
6735
6736
6737
6740
6743
6744
6745
6747
6749
6750
6752
6753
6756
6759
6761
6762
6764
6765
6766
6768
6769
6770
6771
6772
6775
6777
6782
6784
6785
6787
6788
6790
6792
6796
6797
6798
6799
6800
6803
6805
6806
6809
6810
6813
6814
6818
6822
6824
6826
6829
6831
6832
6833
6834
6835
6837
6839
6840
6841
6842
6843
6844
6845
6848
6853
6863
6868
6869
6876
6878
6879
6881
6882
6886
6890
6893
6896
6899
6901
6903
6906
6909
6910
6914
6919
6920
6923
6924
6925
6926
6927
6930
6933
6936
6937
6940
6941
6944
6946
6948
6949
6950
6952
6953
6954
6955
6956
6962
6963
6964
6966
6967
6968
6971
6975
6976
6978
6980
6982
6983
6987
6989
6990
6991
6992
6994
6996
6998
6999
7000
7001
7002
7003
7005
7006
7007
7008
7009
7011
7013
7015
7016
7019
7020
7021
7023
7024
7026
7029
7030
7031
7037
7038
7039
7040
7043
7045
7046
7049
7054
7055
7056
7057
7058
7060
7061
7065
7071
7074
7076
7078
7079
7084
7087
7089
7090
7092
7094
7095
7097
7099
7100
7101
7102
7103
7106
7108
7109
7110
7111
7113
7118
7119
7120
7123
7127
7128
7130
7131
7133
7135
7136
7137
7138
7139
7140
7141
7144
7148
7149
7150
7151
7152
7153
7154
7156
7158
7160
7161
7163
7164
7168
7170
7171
7172
7173
7174
7177
7179
7180
7181
7182
7187
7188
7189
7191
7192
7194
7196
7197
7198
7199
7202
7203
7206
7207
7208
7210
7211
7215
7216
7217
7220
7221
7228
7231
7232
7234
7235
7238
7240
7243
7244
7245
7246
7248
7249
7250
7251
7252
7253
7254
7256
7258
7260
7262
7263
7264
7267
7269
7271
7272
7273
7274
7275
7276
7278
7279
7282
7284
7285
7287
7288
7292
7295
7296
7299
7301
7302
7303
7306
7309
7310
7311
7312
7313
7314
7316
7317
7320
7321
7326
7328
7331
7332
7333
7335
7336
7337
7338
7339
7340
7343
7344
7345
7348
7352
7354
7356
7357
7358
7359
7361
7363
7366
7367
7368
7370
7371
7372
7373
7374
7375
7376
7379
7380
7381
7382
7384
7385
7386
7387
7388
7389
7391
7392
7393
7396
7398
7401
7402
7404
7405
7408
7409
7410
7412
7413
7416
7417
7419
7420
7425
7426
7427
7428
7430
7431
7438
7441
7447
7448
7452
7454
7460
7467
7472
7473
7481
7482
7485
7487
7499
7502
7505
7506
7507
7509
7517
7518
7524
7533
7537
7538
7542
7543
7548
7550
7551
7556
7559
7565
7566
7573
7584
7586
7592
7593
7598
7607
7610
7612
7613
7614
7618
7624
7628
7634
7635
7642
7647
7649
7660
7668
7669
7673
7675
7683
7688
7691
7702
7712
7721
7734
7747
7750
7764
7771
7774
7777
7784
7795
7797
7800
7808
7811
7814
7817
7826
7829
7836
7838
7846
7847
7849
7855
7868
7881
7882
7887
7892
7893
7894
7897
7905
7906
7915
7920
7926
7927
7945
7949
7952
7956
7959
7963
7974
8002
8005
8008
8029
8036
8047
8048
8057
8061
8071
8072
8074
8076
8078
8082
8097
8102
8103
8104
8106
8107
8108
8109
8110
8111
8112
8113
8114
8115
8116
8118
8119
8120
8121
8122
8124
8125
8126
8128
8129
8130
8131
8139
8140
8141
8142
8143
8144
8146
8147
8148
8149
8150
8153
8154
8155
8156
8158
8159
8160
8163
8164
8169
8170
8171
8174
8175
8180
8182
8184
8185
8186
8187
8190
8191
8193
8196
8197
8198
8200
8201
8202
8203
8204
8205
8206
8208
8209
8211
8212
8213
8215
8216
8217
8218
8220
8221
8225
8226
8227
8230
8231
8233
8236
8237
8238
8239
8240
8241
8246
8247
8248
8249
8251
8252
8256
8258
8259
8260
8261
8263
8264
8265
8266
8269
8271
8272
8273
8275
8277
8279
8281
8289
8290
8294
8300
8301
8308
8310
8311
8312
8316
8317
8318
8320
8323
8325
8326
8328
8332
8333
8334
8337
8340
8343
8345
8350
8351
8353
8355
8356
8358
8359
8361
8366
8369
8371
8373
8374
8377
8379
8380
8383
8384
8385
8387
8388
8391
8392
8393
8394
8401
8405
8407
8408
8410
8412
8413
8415
8416
8417
8418
8419
8421
8422
8423
8427
8430
8431
8432
8434
8435
8437
8442
8443
8444
8446
8447
8451
8453
8455
8460
8462
8466
8467
8468
8472
8480
8481
8482
8483
8486
8488
8489
8490
8492
8497
8498
8501
8502
8504
8507
8509
8510
8511
8512
8514
8515
8521
8522
8524
8526
8527
8528
8529
8530
8534
8537
8539
8541
8542
8544
8545
8546
8549
8551
8553
8555
8559
8560
8562
8563
8564
8567
8568
8570
8574
8576
8577
8584
8586
8588
8589
8590
8592
8596
8602
8603
8605
8606
8609
8611
8622
8624
8635
8637
8639
8641
8644
8645
8646
8647
8649
8651
8653
8656
8658
8659
8667
8668
8672
8673
8675
8676
8677
8678
8680
8681
8685
8686
8690
8691
8692
8695
8705
8706
8707
8709
8710
8711
8714
8715
8716
8717
8722
8724
8728
8729
8734
8741
8747
8749
8751
8752
8754
8755
8758
8759
8761
8762
8764
8765
8767
8769
8771
8775
8776
8780
8782
8786
8788
8789
8790
8792
8793
8794
8796
8797
8798
8802
8803
8804
8805
8807
8813
8814
8817
8818
8820
8821
8824
8825
8827
8828
8831
8839
8843
8844
8846
8848
8852
8855
8857
8864
8865
8867
8872
8873
8874
8877
8878
8879
8880
8884
8885
8886
8887
8888
8889
8890
8892
8895
8905
8906
8909
8911
8913
8914
8917
8918
8920
8922
8923
8924
8929
8931
8932
8937
8939
8943
8946
8948
8949
8952
8957
8959
8961
8963
8964
8965
8967
8968
8975
8979
8982
8983
8985
8987
8988
8989
8994
8997
9000
9002
9003
9004
9011
9012
9014
9017
9018
9020
9021
9022
9024
9027
9030
9032
9034
9036
9038
9043
9044
9045
9048
9053
9054
9056
9057
9065
9066
9070
9074
9076
9081
9084
9087
9088
9090
9092
9093
9096
9098
9099
9101
9102
9104
9106
9110
9111
9114
9118
9123
9126
9127
9137
9139
9144
9148
9149
9150
9153
9154
9159
9165
9174
9175
9180
9181
9190
9193
9195
9196
9201
9202
9203
9204
9210
9211
9212
9213
9215
9216
9218
9219
9223
9224
9225
9234
9237
9239
9247
9248
9249
9250
9252
9258
9259
9260
9264
9267
9268
9270
9275
9276
9285
9299
9302
9318
9322
9329
9333
9334
9335
9336
9338
9339
9340
9343
9344
9348
9350
9356
9357
9364
9365
9367
9372
9380
9384
9386
9389
9390
9391
9393
9395
9398
9401
9403
9404
9406
9408
9409
9413
9414
9421
9425
9427
9428
9440
9444
9449
9451
9453
9459
9461
9462
9463
9466
9474
9477
9480
9483
9485
9491
9492
9493
9494
9495
9499
9500
9501
9502
9506
9513
9514
9515
9516
9517
9519
9523
9524
9526
9530
9532
9533
9536
9540
9541
9544
9545
9551
9553
9557
9562
9563
9566
9572
9575
9579
9592
9593
9596
9597
9598
9600
9602
9609
9611
9616
9619
9627
9629
9634
9638
9639
9640
9642
9643
9649
9657
9658
9660
9661
9662
9663
9664
9667
9668
9670
9672
9673
9684
9689
9695
9713
9717
9719
9722
9723
9726
9730
9731
9735
9737
9739
9743
9747
9755
9757
9769
9773
9774
9775
9779
9780
9785
9797
9798
9799
9803
9804
9805
9807
9811
9812
9814
9815
9818
9819
9822
9823
9825
9829
9832
9833
9834
9835
9836
9840
9843
9846
9848
9850
9851
9857
9858
9860
9861
9864
9865
9866
9868
9869
9870
9871
9872
9873
9881
9882
9883
9885
9886
9887
9890
9891
9893
9902
9904
9909
9914
9915
9916
9917
9918
9919
9920
9921
9922
9923
9924
9925
9927
9931
9932
9933
9934
9937
9938
9939
9940
9941
9942
9943
9946
9948
9949
9950
9952
9953
9954
9955
9956
9957
9958
9960
9961
9962
9964
9965
9966
9968
9969
9970
9971
9972
9974
9978
9979
9980
9981
9982
9984
9985
9986
9987
9988
9989
9990
9991
9992
9993
9994
9996
9997
9998
9999
10000
10001
10002
10004
10005
10006
10007
10009
10010
10011
10012
10013
10014
10015
10016
10019
10020
10024
10025
10026
10027
10029
10030
10031
10032
10035
10036
10038
10040
10041
10042
10044
10045
10046
10047
10048
10050
10052
10054
10055
10056
10057
10058
10059
10061
10062
10065
10067
10069
10070
10071
10072
10074
10076
10079
10080
10081
10082
10083
10084
10085
10086
10088
10089
10095
10096
10098
10102
10103
10104
10105
10106
10107
10109
10110
10111
10112
10113
10115
10117
10118
10119
10120
10122
10123
10124
10125
10126
10127
10128
10129
10130
10131
10132
10135
10136
10138
10139
10140
10144
10145
10146
10147
10148
10150
10151
10152
10154
10155
10156
10157
10158
10159
10161
10162
10163
10164
10165
10166
10167
10169
10170
10171
10172
10174
10175
10176
10179
10183
10184
10186
10188
10190
10191
10194
10195
10198
10199
10201
10202
10204
10206
10207
10208
10209
10211
10212
10215
10221
10222
10223
10225
10227
10228
10233
10234
10240
10241
10243
10244
10246
10247
10249
10250
10253
10254
10257
10258
10268
10270
10273
10274
10275
10277
10280
10281
10282
10283
10289
10292
10293
10295
10296
10298
10299
10304
10307
10309
10311
10314
10316
10318
10320
10321
10323
10325
10326
10331
10332
10333
10334
10335
10337
10338
10342
10343
10344
10345
10347
10349
10351
10353
10354
10355
10356
10358
10361
10363
10365
10367
10370
10376
10377
10379
10382
10387
10391
10392
10393
10394
10396
10398
10399
10401
10402
10403
10404
10405
10408
10409
10412
10414
10415
10417
10418
10419
10420
10422
10425
10426
10427
10430
10431
10434
10436
10439
10441
10442
10444
10445
10446
10457
10458
10459
10460
10461
10463
10464
10465
10471
10473
10476
10477
10478
10479
10480
10481
10484
10489
10501
10504
10506
10509
10510
10512
10520
10521
10522
10529
10530
10531
10533
10536
10538
10539
10548
10549
10555
10556
10559
10562
10566
10568
10572
10573
10577
10579
10581
10582
10587
10590
10597
10602
10605
10607
10613
10614
10618
10619
10621
10622
10623
10625
10628
10633
10634
10635
10638
10640
10641
10643
10646
10647
10651
10654
10655
10656
10657
10660
10661
10662
10664
10667
10668
10669
10671
10674
10677
10680
10681
10682
10683
10684
10685
10686
10688
10689
10690
10691
10693
10696
10700
10704
10705
10706
10708
10709
10710
10711
10714
10715
10716
10719
10721
10722
10724
10725
10727
10729
10731
10733
10734
10740
10742
10744
10745
10750
10751
10752
10753
10756
10757
10760
10765
10770
10772
10773
10774
10779
10782
10789
10790
10792
10793
10797
10798
10801
10806
10811
10813
10816
10817
10821
10822
10823
10824
10825
10829
10832
10834
10837
10842
10844
10847
10849
10850
10853
10854
10855
10856
10858
10861
10862
10863
10864
10865
10867
10870
10872
10874
10878
10881
10882
10883
10885
10887
10888
10891
10892
10894
10895
10898
10900
10901
10902
10903
10905
10906
10908
10911
10912
10915
10917
10918
10920
10922
10924
10925
10927
10929
10930
10931
10933
10936
10937
10939
10940
10942
10943
10945
10946
10947
10949
10952
10954
10957
10958
10959
10960
10962
10963
10964
10965
10967
10971
10972
10973
10976
10977
10978
10980
10981
10983
10985
10986
10987
10989
10990
10992
10995
10998
10999
11000
11002
11003
11005
11009
11010
11012
11013
11016
11024
11027
11028
11030
11031
11032
11033
11034
11038
11040
11042
11045
11048
11049
11050
11051
11053
11054
11057
11059
11062
11065
11068
11071
11072
11075
11077
11078
11080
11081
11083
11085
11086
11087
11088
11089
11092
11095
11097
11098
11100
11102
11103
11104
11106
11110
11112
11113
11115
11116
11118
11119
11120
11122
11124
11125
11126
11133
11135
11138
11139
11141
11144
11145
11147
11148
11149
11150
11151
11153
11160
11161
11168
11172
11174
11179
11182
11184
11192
11195
11196
11200
11205
11214
11217
11219
11221
11229
11232
11238
11239
11240
11241
11242
11244
11252
11254
11256
11259
11262
11268
11271
11272
11281
11283
11284
11286
11287
11289
11293
11294
11297
11298
11300
11301
11304
11305
11308
11310
11313
11314
11321
11324
11327
11328
11332
11339
11348
11349
11353
11356
11357
11361
11365
11366
11374
11382
11386
11387
11392
11395
11402
11403
11406
11421
11436
11438
11440
11445
11449
11455
11460
11461
11464
11467
11468
11469
11480
11487
11488
11491
11497
11501
11504
11511
11514
11516
11528
11530
11537
11543
11545
11548
11552
11554
11558
11559
11561
11569
11582
11584
11596
11606
11607
11608
11619
11622
11630
11631
11632
11633
11637
11640
11641
11650
11661
11663
11675
11677
11679
11689
11692
11695
11697
11701
11708
11715
11719
11727
11730
11732
11740
11744
11751
11761
11762
11765
11766
11769
11771
11773
11774
11778
11779
11782
11786
11787
11791
11799
11801
11803
11811
11816
11817
11818
11819
11820
11821
11822
11823
11825
11826
11827
11828
11829
11832
11833
11834
11836
11838
11839
11842
11843
11845
11846
11847
11848
11849
11850
11851
11852
11853
11854
11856
11858
11860
11861
11863
11864
11865
11867
11869
11870
11875
11877
11878
11884
11885
11889
11890
11892
11893
11897
11899
11902
11903
11904
11907
11908
11909
11910
11911
11913
11915
11916
11917
11920
11921
11922
11923
11926
11932
11933
11934
11935
11939
11940
11942
11943
11945
11949
11950
11951
11953
11954
11956
11958
11960
11965
11966
11969
11972
11976
11978
11979
11980
11981
11984
11985
11987
11988
11992
11993
11995
12000
12002
12003
12004
12007
12008
12015
12021
12022
12023
12025
12026
12028
12029
12034
12035
12036
12037
12039
12040
12043
12046
12048
12049
12051
12054
12064
12065
12067
12069
12072
12073
12074
12075
12076
12079
12080
12081
12082
12083
12087
12089
12092
12093
12095
12097
12098
12099
12100
12101
12104
12107
12113
12114
12115
12116
12121
12123
12124
12127
12128
12129
12130
12131
12137
12142
12143
12144
12146
12148
12149
12150
12151
12152
12158
12160
12161
12162
12164
12169
12172
12178
12180
12187
12190
12192
12193
12200
12204
12205
12206
12209
12210
12213
12214
12215
12216
12217
12220
12223
12224
12225
12227
12228
12229
12230
12231
12233
12234
12235
12236
12237
12239
12240
12241
12243
12247
12251
12253
12255
12265
12267
12271
12272
12273
12275
12278
12281
12284
12288
12290
12291
12292
12293
12294
12297
12299
12304
12306
12311
12313
12314
12318
12319
12320
12326
12329
12332
12333
12335
12336
12338
12341
12349
12350
12352
12353
12361
12363
12364
12365
12372
12373
12375
12376
12378
12379
12381
12383
12390
12394
12395
12398
12400
12403
12404
12407
12408
12410
12411
12413
12414
12415
12419
12421
12427
12428
12429
12430
12431
12436
12438
12439
12441
12447
12449
12451
12458
12461
12466
12467
12470
12471
12472
12473
12475
12476
12480
12485
12493
12495
12497
12498
12500
12501
12503
12505
12506
12509
12510
12516
12517
12518
12519
12521
12522
12523
12524
12525
12527
12528
12529
12534
12536
12538
12540
12542
12545
12550
12552
12554
12558
12559
12563
12567
12569
12570
12571
12575
12579
12581
12583
12585
12587
12588
12589
12590
12591
12592
12594
12598
12600
12601
12603
12604
12608
12610
12617
12620
12627
12629
12630
12632
12634
12636
12637
12639
12640
12641
12643
12646
12649
12650
12652
12654
12655
12658
12660
12661
12662
12664
12667
12670
12671
12674
12675
12677
12678
12681
12682
12685
12686
12694
12697
12698
12699
12701
12705
12706
12710
12711
12713
12716
12718
12722
12724
12725
12729
12732
12733
12735
12737
12741
12745
12750
12756
12757
12758
12759
12761
12762
12765
12766
12769
12770
12771
12772
12775
12778
12779
12780
12783
12784
12790
12791
12793
12798
12799
12803
12804
12806
12807
12808
12812
12814
12815
12822
12825
12826
12829
12830
12832
12834
12835
12837
12840
12841
12842
12845
12851
12853
12857
12858
12859
12861
12862
12866
12867
12868
12871
12874
12876
12878
12881
12886
12887
12888
12891
12893
12894
12896
12899
12901
12902
12903
12904
12905
12909
12912
12913
12915
12920
12921
12928
12929
12937
12938
12940
12946
12949
12958
12959
12962
12963
12964
12976
12977
12984
12989
12990
12997
13000
13007
13020
13022
13024
13025
13032
13033
13038
13039
13041
13047
13052
13054
13066
13068
13073
13074
13075
13080
13081
13087
13089
13092
13094
13095
13097
13099
13100
13103
13105
13109
13110
13111
13112
13113
13115
13120
13126
13128
13137
13143
13144
13145
13146
13149
13158
13161
13165
13166
13171
13179
13180
13181
13188
13189
13192
13197
13198
13199
13201
13203
13206
13211
13227
13231
13244
13250
13256
13257
13259
13267
13278
13281
13286
13287
13288
13292
13294
13295
13299
13305
13307
13308
13309
13310
13311
13312
13313
13316
13324
13325
13327
13332
13343
13348
13353
13354
13355
13356
13358
13360
13365
13367
13368
13369
13372
13373
13375
13377
13378
13379
13380
13381
13383
13384
13386
13390
13394
13400
13405
13412
13417
13421
13424
13430
13436
13439
13440
13441
13443
13444
13453
13461
13462
13469
13472
13475
13488
13489
13492
13493
13496
13497
13498
13499
13500
13501
13503
13505
13506
13509
13512
13513
13516
13524
13525
13526
13529
13530
13531
13533
13534
13535
13536
13539
13540
13541
13543
13548
13549
13552
13556
13557
13559
13560
13562
13564
13569
13570
13574
13576
13578
13580
13584
13585
13586
13587
13591
13593
13597
13599
13601
13604
13605
13607
13609
13617
13618
13619
13624
13626
13628
13629
13630
13631
13632
13633
13634
13635
13636
13637
13640
13641
13642
13643
13645
13647
13648
13649
13651
13653
13654
13656
13657
13660
13661
13662
13663
13664
13666
13668
13669
13670
13672
13674
13675
13676
13677
13678
13679
13680
13681
13682
13684
13685
13688
13690
13691
13692
13693
13695
13696
13698
13699
13700
13701
13702
13704
13705
13706
13707
13708
13709
13710
13711
13712
13713
13715
13716
13719
13721
13723
13725
13726
13727
13730
13732
13733
13734
13736
13737
13738
13739
13740
13741
13743
13744
13746
13747
13748
13749
13750
13754
13755
13756
13757
13758
13759
13761
13762
13764
13765
13766
13768
13771
13772
13773
13775
13776
13777
13778
13781
13783
13784
13786
13787
13788
13789
13790
13792
13793
13794
13795
13797
13800
13801
13803
13805
13808
13809
13811
13812
13814
13817
13818
13820
13823
13827
13829
13831
13832
13833
13834
13835
13838
13839
13840
13841
13842
13843
13844
13845
13848
13850
13851
13852
13853
13854
13857
13859
13860
13861
13862
13863
13864
13865
13866
13867
13868
13870
13871
13872
13873
13874
13875
13878
13879
13880
13881
13882
13884
13885
13886
13888
13889
13890
13893
13894
13895
13897
13898
13900
13901
13902
13903
13904
13906
13907
13910
13914
13915
13916
13917
13918
13923
13925
13927
13928
13929
13930
13934
13935
13936
13937
13939
13940
13941
13942
13944
13945
13947
13948
13949
13951
13954
13955
13958
13959
13961
13963
13964
13966
13967
13968
13971
13972
13973
13975
13979
13983
13984
13986
13988
13991
13992
13994
13997
14000
14001
14002
14005
14007
14009
14010
14012
14014
14016
14018
14021
14022
14023
14025
14026
14028
14036
14039
14040
14043
14046
14048
14049
14052
14053
14054
14055
14056
14057
14059
14060
14061
14062
14063
14065
14067
14068
14070
14072
14078
14079
14080
14081
14082
14084
14086
14088
14090
14091
14094
14096
14098
14099
14101
14102
14104
14108
14115
14116
14117
14120
14121
14122
14126
14128
14134
14136
14141
14145
14146
14150
14155
14156
14160
14162
14164
14165
14166
14172
14173
14175
14178
14179
14180
14182
14183
14184
14189
14190
14192
14196
14197
14198
14203
14205
14207
14211
14212
14215
14224
14225
14227
14228
14234
14241
14243
14246
14248
14250
14251
14253
14255
14261
14265
14266
14268
14269
14270
14273
14276
14287
14291
14295
14296
14297
14301
14303
14304
14309
14310
14316
14321
14330
14332
14333
14334
14336
14337
14339
14341
14345
14346
14347
14351
14352
14354
14355
14358
14361
14362
14374
14377
14380
14381
14382
14383
14385
14387
14388
14389
14390
14392
14393
14394
14395
14396
14397
14398
14399
14401
14404
14406
14407
14408
14410
14413
14414
14415
14417
14418
14420
14424
14426
14428
14429
14430
14432
14436
14437
14438
14439
14440
14441
14443
14444
14445
14449
14450
14454
14457
14458
14459
14463
14464
14466
14467
14471
14476
14480
14481
14482
14483
14484
14489
14493
14495
14498
14499
14501
14503
14505
14511
14512
14515
14517
14518
14520
14522
14527
14528
14530
14531
14534
14536
14537
14540
14545
14546
14547
14551
14552
14556
14558
14559
14560
14561
14564
14566
14567
14568
14569
14571
14572
14575
14576
14577
14578
14580
14581
14584
14587
14588
14590
14591
14592
14593
14596
14598
14599
14601
14605
14606
14608
14609
14612
14614
14615
14616
14619
14626
14628
14631
14635
14638
14639
14643
14644
14645
14654
14656
14657
14659
14661
14662
14663
14665
14666
14671
14673
14674
14677
14679
14680
14681
14682
14686
14687
14690
14691
14692
14695
14697
14698
14699
14700
14701
14702
14703
14704
14708
14712
14713
14716
14724
14725
14726
14727
14737
14739
14742
14743
14744
14745
14746
14747
14748
14749
14754
14756
14758
14759
14760
14764
14765
14767
14768
14770
14771
14773
14774
14776
14779
14781
14782
14783
14784
14785
14786
14789
14790
14792
14795
14796
14797
14798
14800
14801
14802
14803
14808
14810
14811
14812
14814
14815
14816
14817
14818
14819
14824
14825
14826
14827
14829
14830
14832
14833
14834
14836
14837
14839
14840
14841
14842
14843
14845
14847
14849
14851
14852
14853
14854
14855
14858
14859
14866
14871
14875
14879
14918
14934
14940
14968
14979
14982
14983
14995
14998
14999
15001
15003
15007
15008
15011
15014
15015
15018
15028
15032
15038
15039
15041
15048
15063
15074
15076
15090
15106
15111
15113
15121
15134
15146
15154
15156
15160
15161
15169
15181
15192
15194
15196
15218
15233
15234
15242
15247
15266
15269
15273
15274
15283
15290
15305
15307
15313
15317
15320
15322
15329
15336
15344
15353
15355
15359
15364
15375
15380
15391
15393
15399
15413
15429
15431
15434
15442
15443
15446
15450
15451
15458
15459
15485
15487
15496
15506
15512
15518
15521
15526
15530
15531
15532
15534
15535
15536
15537
15538
15539
15540
15542
15543
15544
15545
15550
15551
15552
15553
15555
15556
15557
15558
15559
15563
15566
15567
15571
15572
15574
15576
15577
15578
15579
15580
15581
15582
15583
15585
15586
15587
15588
15589
15591
15594
15595
15596
15598
15600
15601
15602
15607
15608
15609
15610
15613
15614
15617
15618
15619
15621
15623
15625
15634
15635
15636
15640
15644
15646
15647
15648
15652
15654
15655
15656
15658
15660
15661
15663
15665
15667
15669
15671
15672
15674
15675
15677
15680
15682
15686
15688
15689
15691
15692
15693
15694
15698
15700
15703
15706
15707
15708
15709
15718
15720
15722
15724
15726
15727
15729
15734
15735
15737
15740
15742
15744
15745
15746
15748
15750
15756
15757
15760
15761
15764
15765
15768
15770
15771
15773
15777
15779
15785
15787
15788
15793
15794
15797
15799
15801
15806
15807
15808
15814
15818
15823
15825
15827
15829
15831
15833
15835
15841
15843
15844
15845
15850
15851
15852
15855
15856
15858
15862
15863
15865
15867
15868
15869
15875
15876
15878
15882
15883
15885
15896
15901
15904
15907
15909
15911
15916
15917
15924
15925
15927
15929
15934
15935
15938
15942
15943
15949
15952
15953
15954
15955
15956
15957
15958
15961
15966
15969
15974
15982
15983
15987
15990
15991
15993
15995
15998
15999
16000
16002
16005
16006
16008
16010
16011
16013
16015
16016
16017
16018
16020
16025
16027
16028
16030
16031
16032
16033
16034
16035
16036
16041
16043
16048
16059
16060
16061
16062
16063
16064
16067
16072
16073
16074
16077
16079
16080
16081
16084
16087
16088
16092
16093
16095
16097
16101
16102
16104
16106
16108
16109
16118
16129
16130
16134
16135
16136
16142
16147
16151
16156
16162
16165
16167
16168
16172
16175
16180
16181
16182
16185
16186
16193
16195
16201
16205
16208
16212
16213
16215
16222
16224
16229
16230
16231
16232
16237
16239
16241
16242
16244
16246
16247
16252
16253
16254
16256
16259
16262
16272
16281
16283
16284
16285
16295
16299
16301
16302
16304
16312
16314
16316
16317
16321
16325
16328
16329
16331
16334
16335
16336
16337
16338
16339
16342
16343
16344
16350
16353
16354
16357
16359
16360
16363
16366
16367
16369
16370
16372
16376
16380
16388
16391
16392
16395
16399
16401
16402
16405
16408
16409
16411
16412
16415
16416
16417
16419
16425
16426
16428
16429
16430
16432
16433
16436
16442
16445
16446
16447
16448
16449
16451
16452
16464
16470
16472
16473
16474
16479
16481
16482
16485
16489
16490
16493
16494
16497
16498
16500
16504
16510
16518
16520
16521
16529
16532
16533
16534
16535
16538
16543
16546
16549
16554
16555
16563
16565
16569
16571
16572
16577
16579
16581
16582
16585
16588
16589
16592
16593
16599
16601
16602
16603
16607
16617
16619
16621
16622
16623
16624
16634
16641
16643
16644
16645
16647
16648
16652
16653
16658
16660
16663
16667
16669
16673
16675
16683
16688
16691
16695
16698
16702
16717
16718
16731
16737
16739
16745
16746
16752
16755
16759
16761
16762
16763
16764
16767
16774
16785
16793
16795
16796
16798
16800
16802
16804
16809
16811
16812
16813
16816
16818
16819
16820
16821
16822
16826
16828
16829
16834
16836
16837
16840
16843
16844
16849
16853
16857
16858
16860
16866
16868
16870
16877
16879
16884
16889
16891
16901
16903
16906
16911
16917
16919
16920
16925
16926
16930
16932
16934
16935
16940
16942
16943
16944
16945
16953
16963
16964
16965
16968
16970
16972
16979
16983
16991
16995
17000
17002
17013
17017
17019
17023
17025
17026
17027
17028
17029
17030
17037
17041
17043
17047
17049
17050
17051
17053
17056
17057
17058
17061
17069
17079
17080
17086
17089
17095
17097
17099
17100
17103
17104
17106
17110
17123
17129
17131
17141
17145
17151
17153
17155
17158
17159
17161
17171
17175
17176
17179
17184
17185
17189
17197
17199
17201
17202
17203
17208
17210
17212
17213
17215
17217
17219
17221
17224
17228
17231
17236
17240
17243
17244
17248
17250
17253
17254
17257
17259
17260
17262
17266
17270
17271
17276
17277
17278
17280
17286
17287
17289
17290
17291
17292
17294
17298
17299
17300
17305
17309
17313
17315
17317
17319
17321
17329
17330
17332
17334
17337
17340
17343
17344
17345
17346
17347
17348
17349
17351
17352
17357
17359
17360
17361
17362
17365
17366
17368
17369
17370
17371
17372
17373
17374
17376
17377
17378
17379
17380
17381
17382
17384
17385
17386
17388
17389
17390
17391
17392
17394
17398
17399
17400
17402
17403
17404
17405
17406
17407
17409
17410
17411
17412
17413
17414
17415
17417
17418
17420
17421
17422
17424
17425
17426
17427
17428
17429
17430
17431
17432
17433
17434
17435
17436
17437
17438
17439
17440
17441
17442
17443
17444
17445
17446
17448
17452
17453
17454
17455
17457
17458
17459
17460
17461
17463
17467
17468
17470
17473
17475
17476
17477
17478
17479
17480
17482
17483
17485
17486
17487
17489
17490
17491
17492
17493
17494
17495
17496
17497
17498
17499
17500
17502
17504
17505
17506
17507
17508
17509
17510
17511
17512
17514
17515
17517
17520
17521
17522
17523
17525
17528
17530
17531
17532
17533
17534
17535
17538
17545
17546
17547
17548
17549
17551
17552
17553
17554
17555
17556
17557
17558
17559
17562
17564
17566
17567
17568
17571
17573
17576
17577
17579
17585
17593
17594
17596
17597
17598
17599
17600
17601
17603
17605
17607
17611
17612
17614
17615
17616
17617
17621
17623
17624
17627
17629
17630
17632
17635
17636
17640
17641
17643
17644
17645
17646
17648
17649
17651
17654
17656
17658
17660
17661
17662
17665
17668
17670
17671
17672
17674
17675
17677
17678
17680
17681
17682
17685
17686
17689
17693
17697
17698
17702
17703
17704
17707
17708
17710
17711
17713
17715
17716
17719
17720
17721
17722
17723
17724
17726
17727
17730
17735
17737
17739
17742
17744
17746
17747
17748
17751
17753
17754
17757
17758
17759
17760
17762
17765
17766
17767
17769
17770
17771
17773
17775
17776
17777
17778
17779
17781
17784
17785
17788
17790
17791
17794
17795
17796
17798
17799
17802
17804
17805
17808
17809
17811
17812
17815
17818
17820
17821
17822
17824
17826
17827
17829
17830
17832
17836
17842
17844
17845
17846
17848
17849
17850
17854
17855
17859
17860
17866
17867
17870
17871
17872
17874
17875
17877
17878
17879
17886
17888
17889
17891
17892
17893
17896
17898
17899
17900
17901
17904
17908
17909
17916
17917
17919
17922
17928
17934
17938
17939
17942
17950
17953
17954
17955
17956
17957
17959
17963
17967
17972
17973
17975
17979
17983
17984
17989
17990
17994
17995
17996
17997
18001
18005
18006
18009
18010
18012
18013
18015
18018
18021
18023
18028
18033
18034
18038
18040
18041
18045
18046
18051
18056
18069
18073
18074
18076
18077
18079
18082
18086
18088
18091
18094
18095
18096
18099
18101
18102
18104
18105
18109
18110
18111
18112
18113
18114
18118
18120
18121
18125
18127
18132
18133
18134
18138
18142
18143
18144
18146
18147
18148
18150
18152
18155
18157
18160
18163
18165
18168
18172
18173
18174
18175
18178
18179
18187
18188
18193
18197
18198
18201
18203
18207
18212
18213
18215
18218
18221
18222
18224
18228
18229
18232
18234
18235
18236
18237
18240
18241
18244
18245
18248
18249
18251
18252
18253
18262
18264
18265
18267
18271
18273
18274
18276
18277
18278
18280
18281
18282
18284
18286
18290
18291
18293
18295
18298
18302
18306
18313
18315
18316
18317
18319
18322
18323
18324
18327
18329
18331
18333
18337
18339
18343
18344
18345
18346
18347
18348
18349
18350
18352
18353
18357
18359
18362
18365
18367
18368
18369
18370
18373
18375
18378
18380
18382
18385
18387
18388
18391
18392
18393
18394
18396
18398
18400
18401
18404
18405
18406
18409
18410
18411
18412
18415
18417
18418
18419
18421
18422
18423
18426
18429
18430
18433
18434
18435
18437
18438
18441
18442
18444
18445
18453
18455
18456
18461
18462
18463
18464
18465
18469
18470
18472
18473
18474
18477
18478
18479
18480
18481
18482
18483
18485
18486
18487
18488
18490
18491
18492
18493
18495
18496
18498
18499
18500
18503
18505
18506
18507
18509
18510
18511
18513
18514
18515
18516
18517
18521
18524
18526
18527
18528
18529
18530
18531
18532
18533
18534
18535
18538
18539
18540
18541
18544
18546
18547
18549
18550
18552
18555
18556
18557
18558
18559
18561
18562
18563
18564
18565
18566
18568
18569
18572
18573
18579
18581
18583
18588
18592
18593
18599
18600
18602
18607
18609
18613
18614
18623
18624
18629
18645
18646
18649
18660
18666
18669
18670
18671
18672
18674
18676
18680
18684
18685
18686
18696
18700
18706
18711
18712
18713
18714
18715
18716
18722
18728
18729
18732
18733
18735
18736
18737
18738
18740
18747
18749
18753
18755
18763
18776
18784
18786
18788
18789
18794
18800
18808
18810
18815
18828
18830
18831
18832
18846
18847
18849
18858
18859
18860
18868
18876
18891
18892
18897
18904
18929
18938
18939
18942
18944
18947
18950
18953
18961
18971
18982
18995
18997
19010
19012
19017
19021
19025
19034
19035
19036
19038
19039
19040
19046
19052
19055
19059
19063
19065
19068
19069
19070
19075
19078
19080
19089
19091
19094
19098
19099
19101
19106
19109
19112
19125
19129
19132
19137
19147
19150
19155
19158
19162
19178
19185
19194
19199
19203
19206
19207
19213
19224
19226
19232
19233
19239
19244
19245
19246
19247
19248
19251
19252
19254
19255
19256
19257
19259
19260
19262
19263
19264
19265
19266
19267
19268
19269
19270
19271
19272
19273
19275
19277
19279
19280
19281
19282
19283
19284
19286
19287
19288
19289
19290
19291
19292
19294
19295
19297
19299
19301
19302
19304
19306
19308
19311
19312
19314
19315
19318
19319
19320
19323
19326
19327
19328
19332
19334
19338
19339
19340
19341
19342
19343
19344
19345
19348
19350
19351
19352
19353
19354
19358
19359
19360
19361
19366
19367
19368
19370
19371
19372
19373
19374
19377
19378
19379
19380
19381
19382
19383
19385
19386
19387
19388
19389
19390
19391
19393
19394
19397
19400
19401
19402
19403
19404
19406
19407
19408
19409
19410
19411
19412
19416
19418
19419
19420
19422
19423
19425
19426
19429
19430
19432
19435
19438
19443
19444
19446
19448
19450
19454
19458
19460
19462
19464
19466
19467
19470
19471
19474
19475
19478
19479
19481
19483
19489
19491
19492
19493
19495
19497
19499
19500
19501
19502
19505
19506
19508
19509
19511
19512
19514
19515
19520
19524
19525
19526
19527
19528
19530
19533
19534
19535
19536
19537
19539
19541
19542
19543
19544
19549
19552
19555
19556
19557
19559
19561
19563
19564
19565
19568
19569
19570
19571
19572
19574
19575
19576
19577
19578
19579
19581
19582
19583
19586
19588
19589
19594
19600
19605
19606
19610
19611
19614
19618
19620
19621
19623
19624
19625
19626
19630
19633
19635
19636
19641
19643
19646
19647
19651
19653
19654
19656
19658
19660
19661
19662
19663
19664
19665
19666
19667
19668
19670
19671
19672
19673
19675
19676
19679
19681
19683
19684
19686
19687
19691
19693
19695
19698
19701
19702
19703
19705
19706
19710
19715
19716
19720
19726
19727
19729
19730
19732
19734
19736
19738
19739
19741
19745
19746
19747
19748
19749
19753
19756
19757
19758
19759
19761
19764
19765
19769
19770
19775
19777
19779
19781
19790
19791
19792
19793
19797
19798
19800
19801
19804
19806
19807
19809
19811
19812
19815
19816
19818
19819
19820
19822
19828
19829
19836
19838
19839
19840
19841
19843
19851
19852
19854
19855
19856
19866
19870
19872
19880
19883
19888
19889
19894
19896
19897
19898
19900
19902
19904
19918
19919
19920
19921
19922
19923
19924
19925
19926
19929
19931
19933
19936
19940
19944
19945
19946
19948
19949
19950
19951
19953
19956
19957
19958
19960
19961
19964
19968
19970
19971
19972
19973
19976
19978
19980
19985
19986
19988
19993
19994
19997
19999
20000
20005
20006
20009
20011
20013
20015
20016
20017
20018
20022
20026
20027
20028
20030
20031
20035
20037
20040
20041
20045
20047
20048
20049
20050
20053
20057
20058
20059
20060
20061
20064
20065
20067
20069
20071
20073
20082
20083
20084
20086
20087
20090
20097
20100
20102
20103
20105
20106
20108
20109
20110
20111
20113
20114
20119
20121
20125
20129
20130
20134
20137
20138
20139
20140
20141
20142
20146
20149
20150
20153
20157
20159
20162
20163
20169
20176
20181
20183
20187
20190
20194
20196
20198
20199
20204
20206
20207
20209
20212
20214
20218
20219
20221
20227
20229
20235
20240
20243
20246
20248
20252
20253
20254
20257
20259
20260
20261
20263
20264
20268
20270
20271
20277
20278
20279
20281
20284
20285
20288
20290
20293
20294
20295
20296
20298
20299
20302
20304
20306
20307
20309
20313
20314
20316
20317
20321
20322
20323
20328
20331
20336
20337
20339
20341
20346
20349
20353
20355
20357
20358
20365
20367
20371
20375
20379
20381
20383
20388
20391
20394
20402
20408
20412
20414
20416
20418
20425
20429
20431
20436
20437
20438
20448
20450
20452
20460
20467
20475
20480
20482
20486
20488
20497
20507
20508
20515
20518
20522
20524
20525
20526
20531
20532
20533
20536
20538
20541
20543
20544
20545
20548
20550
20559
20561
20565
20567
20571
20573
20575
20577
20578
20582
20583
20586
20593
20595
20596
20598
20599
20602
20603
20604
20608
20610
20616
20617
20620
20625
20627
20628
20631
20633
20634
20643
20649
20659
20663
20666
20667
20671
20678
20680
20682
20683
20686
20691
20696
20706
20710
20711
20712
20714
20716
20717
20718
20720
20722
20723
20730
20737
20739
20740
20741
20742
20744
20745
20746
20754
20756
20757
20760
20767
20770
20771
20772
20776
20778
20782
20784
20793
20799
20800
20807
20809
20814
20816
20818
20821
20834
20840
20846
20849
20852
20854
20856
20858
20864
20865
20872
20873
20879
20889
20890
20892
20893
20896
20898
20899
20900
20903
20909
20914
20916
20917
20919
20920
20921
20922
20924
20925
20926
20927
20931
20935
20939
20941
20944
20947
20950
20951
20952
20953
20954
20957
20958
20963
20964
20967
20972
20973
20975
20976
20977
20980
20984
20987
20988
20990
20991
20992
20993
20994
20995
21000
21002
21003
21005
21008
21009
21011
21013
21014
21020
21025
21026
21027
21029
21030
21031
21034
21039
21042
21047
21048
21049
21050
21054
21056
21057
21058
21059
21060
21061
21062
21063
21065
21066
21068
21069
21073
21074
21075
21076
21077
21079
21080
21082
21084
21085
21088
21089
21091
21092
21094
21096
21098
21099
21100
21102
21103
21104
21105
21106
21107
21108
21109
21112
21113
21116
21118
21119
21120
21123
21124
21125
21126
21129
21130
21131
21132
21133
21134
21135
21136
21137
21138
21139
21140
21141
21143
21144
21145
21147
21148
21151
21152
21158
21159
21160
21163
21165
21166
21168
21169
21171
21172
21174
21175
21178
21179
21180
21182
21183
21184
21186
21188
21189
21190
21191
21192
21193
21194
21196
21198
21199
21200
21201
21203
21204
21205
21206
21209
21211
21212
21213
21214
21215
21216
21217
21218
21221
21222
21223
21224
21225
21226
21228
21229
21230
21231
21236
21237
21238
21239
21240
21241
21242
21244
21245
21246
21248
21249
21250
21251
21252
21253
21255
21256
21259
21261
21262
21266
21267
21270
21271
21276
21280
21282
21284
21285
21286
21287
21288
21289
21290
21291
21293
21294
21295
21296
21298
21299
21300
21301
21303
21304
21306
21307
21308
21309
21310
21314
21316
21317
21318
21319
21321
21323
21325
21326
21329
21330
21331
21332
21333
21334
21337
21338
21340
21341
21342
21343
21346
21347
21349
21351
21353
21356
21357
21360
21362
21363
21364
21365
21367
21368
21369
21370
21372
21373
21374
21375
21376
21379
21382
21383
21384
21385
21386
21388
21389
21391
21392
21394
21395
21396
21397
21398
21399
21400
21403
21404
21406
21407
21408
21412
21413
21416
21419
21420
21422
21424
21425
21428
21429
21431
21433
21434
21436
21437
21438
21440
21441
21443
21444
21446
21449
21450
21451
21453
21454
21456
21460
21463
21464
21465
21467
21468
21474
21476
21479
21480
21481
21482
21483
21484
21485
21486
21487
21489
21490
21491
21492
21496
21497
21498
21499
21500
21502
21505
21508
21511
21512
21513
21514
21515
21516
21518
21519
21523
21524
21525
21528
21529
21530
21532
21533
21534
21535
21536
21538
21540
21543
21544
21545
21546
21550
21553
21554
21556
21557
21558
21559
21560
21561
21564
21568
21571
21573
21575
21577
21580
21581
21583
21585
21588
21592
21593
21602
21603
21606
21607
21609
21613
21615
21617
21618
21620
21623
21625
21627
21629
21630
21631
21632
21633
21639
21640
21642
21645
21646
21648
21652
21653
21659
21664
21671
21674
21676
21678
21680
21681
21683
21685
21689
21690
21691
21692
21693
21696
21697
21701
21704
21708
21709
21710
21715
21719
21720
21724
21725
21728
21729
21730
21732
21736
21737
21742
21744
21745
21749
21753
21756
21757
21758
21760
21762
21764
21765
21767
21771
21774
21777
21778
21782
21783
21784
21785
21787
21789
21796
21798
21801
21803
21805
21806
21808
21809
21816
21818
21819
21821
21823
21824
21827
21831
21832
21841
21844
21845
21846
21847
21848
21852
21855
21856
21857
21858
21861
21862
21864
21865
21867
21871
21872
21873
21874
21877
21878
21880
21881
21882
21885
21886
21887
21890
21891
21892
21895
21896
21899
21902
21907
21911
21912
21916
21917
21918
21919
21921
21929
21930
21931
21934
21935
21936
21938
21940
21943
21946
21948
21949
21950
21951
21953
21954
21955
21958
21959
21962
21963
21964
21965
21966
21968
21971
21975
21976
21977
21980
21981
21984
21986
21987
21988
21989
21991
21992
21994
21995
21997
22000
22004
22005
22006
22007
22009
22011
22012
22015
22016
22020
22021
22023
22024
22025
22028
22029
22031
22032
22033
22036
22037
22040
22041
22042
22043
22044
22045
22046
22050
22051
22053
22054
22056
22059
22061
22062
22063
22066
22067
22068
22069
22071
22076
22078
22080
22082
22084
22086
22087
22088
22089
22091
22094
22095
22101
22104
22105
22109
22110
22112
22114
22115
22116
22118
22119
22120
22121
22123
22125
22126
22127
22128
22129
22130
22131
22136
22141
22143
22148
22151
22152
22153
22154
22159
22162
22163
22165
22168
22169
22170
22172
22174
22176
22177
22178
22180
22182
22183
22184
22185
22187
22189
22190
22191
22192
22193
22197
22198
22199
22201
22202
22203
22204
22205
22207
22208
22210
22212
22213
22214
22217
22219
22220
22223
22224
22225
22226
22227
22228
22229
22231
22235
22236
22237
22239
22240
22241
22243
22244
22245
22246
22248
22249
22250
22251
22252
22256
22257
22258
22259
22261
22264
22266
22267
22268
22269
22270
22271
22272
22273
22275
22276
22277
22278
22279
22281
22282
22283
22284
22286
22287
22292
22297
22301
22306
22307
22308
22315
22321
22323
22328
22334
22338
22359
22360
22374
22396
22410
22419
22425
22427
22429
22430
22431
22435
22436
22439
22443
22456
22469
22482
22490
22491
22495
22496
22505
22528
22529
22539
22542
22545
22555
22559
22580
22588
22593
22596
22603
22620
22630
22637
22639
22652
22658
22663
22664
22682
22685
22686
22701
22719
22722
22727
22738
22742
22749
22766
22772
22780
22789
22792
22805
22809
22817
22821
22832
22845
22851
22857
22861
22864
22870
22878
22882
22892
22904
22913
22919
22928
22934
22937
22938
22952
22958
22959
22960
22962
22963
22965
22966
22967
22968
22970
22971
22972
22973
22974
22978
22979
22980
22982
22983
22986
22987
22988
22989
22990
22992
22993
22994
22995
22996
22997
22998
22999
23000
23002
23004
23006
23007
23008
23011
23012
23013
23014
23015
23016
23017
23018
23022
23024
23026
23028
23029
23032
23033
23036
23041
23043
23046
23047
23050
23051
23052
23053
23054
23056
23057
23058
23059
23062
23063
23064
23066
23067
23070
23072
23075
23080
23081
23082
23083
23084
23086
23088
23091
23093
23097
23098
23099
23102
23103
23105
23108
23109
23111
23114
23115
23116
23117
23119
23120
23121
23124
23126
23129
23130
23131
23132
23134
23135
23137
23138
23139
23140
23142
23144
23146
23147
23148
23150
23152
23154
23157
23160
23163
23164
23165
23167
23168
23170
23172
23173
23174
23176
23179
23180
23181
23182
23183
23185
23188
23189
23193
23198
23199
23202
23203
23206
23207
23208
23209
23210
23213
23214
23215
23220
23222
23223
23224
23226
23229
23230
23231
23234
23235
23236
23237
23239
23240
23241
23242
23243
23247
23250
23254
23256
23258
23261
23263
23265
23267
23269
23271
23276
23278
23279
23283
23285
23286
23290
23291
23292
23293
23296
23298
23301
23302
23303
23304
23307
23308
23310
23311
23316
23321
23323
23324
23325
23327
23328
23329
23332
23338
23339
23341
23343
23351
23352
23355
23356
23357
23358
23359
23360
23362
23363
23365
23368
23370
23372
23375
23377
23379
23380
23381
23382
23385
23390
23391
23393
23394
23395
23397
23398
23399
23400
23401
23402
23405
23406
23407
23409
23411
23413
23415
23416
23417
23419
23421
23422
23427
23428
23430
23433
23434
23436
23438
23440
23444
23445
23446
23448
23455
23456
23465
23469
23470
23472
23475
23476
23477
23480
23483
23491
23493
23494
23497
23498
23501
23503
23504
23505
23507
23512
23514
23517
23518
23520
23521
23525
23526
23527
23530
23534
23536
23540
23541
23542
23547
23548
23550
23552
23555
23557
23560
23564
23569
23570
23573
23578
23581
23586
23587
23590
23591
23593
23597
23598
23599
23600
23603
23605
23607
23608
23609
23610
23611
23614
23617
23620
23622
23623
23629
23630
23632
23634
23636
23637
23638
23640
23641
23642
23643
23647
23650
23653
23654
23656
23657
23659
23660
23662
23665
23666
23667
23670
23674
23677
23684
23685
23686
23687
23689
23691
23692
23694
23700
23707
23717
23720
23725
23727
23729
23730
23731
23733
23734
23739
23741
23742
23744
23745
23749
23754
23756
23761
23762
23763
23764
23766
23767
23769
23770
23771
23772
23778
23779
23781
23783
23785
23786
23790
23791
23794
23795
23796
23797
23800
23802
23803
23804
23808
23811
23813
23814
23816
23818
23819
23820
23822
23830
23833
23835
23836
23839
23845
23847
23848
23851
23853
23854
23860
23864
23870
23873
23874
23875
23876
23877
23878
23883
23887
23888
23889
23895
23899
23901
23913
23917
23918
23921
23925
23926
23931
23935
23937
23940
23945
23946
23948
23955
23957
23959
23960
23964
23966
23967
23968
23974
23975
23979
23983
23986
23989
23991
23993
24000
24006
24007
24008
24010
24011
24019
24021
24028
24029
24031
24039
24045
24046
24049
24051
24052
24055
24057
24058
24059
24063
24064
24069
24070
24071
24072
24074
24075
24076
24078
24079
24081
24082
24083
24085
24088
24093
24096
24097
24101
24103
24104
24106
24112
24113
24123
24126
24128
24130
24132
24139
24142
24150
24152
24164
24171
24172
24173
24174
24175
24184
24189
24191
24194
24195
24198
24200
24206
24208
24211
24213
24215
24217
24223
24224
24235
24238
24239
24242
24250
24252
24256
24257
24259
24262
24264
24270
24272
24273
24274
24277
24279
24280
24281
24284
24285
24291
24294
24296
24299
24300
24307
24308
24309
24312
24316
24317
24320
24327
24329
24330
24338
24339
24340
24341
24345
24346
24347
24351
24352
24355
24362
24363
24368
24369
24371
24372
24377
24381
24390
24392
24393
24396
24397
24400
24411
24414
24427
24430
24434
24436
24437
24441
24447
24450
24452
24453
24454
24455
24462
24469
24470
24479
24483
24485
24489
24490
24494
24499
24503
24507
24513
24517
24523
24525
24531
24532
24537
24538
24542
24544
24548
24549
24550
24551
24553
24554
24566
24570
24573
24575
24576
24581
24586
24587
24588
24589
24593
24601
24612
24613
24615
24617
24625
24635
24636
24639
24640
24641
24644
24645
24648
24649
24651
24653
24655
24656
24660
24664
24666
24671
24672
24675
24678
24681
24683
24685
24687
24690
24691
24692
24698
24699
24702
24707
24712
24713
24719
24720
24722
24724
24726
24727
24728
24729
24733
24734
24736
24737
24739
24743
24745
24747
24756
24758
24759
24763
24765
24766
24770
24771
24772
24773
24776
24777
24778
24779
24780
24782
24783
24785
24787
24788
24789
24790
24793
24794
24795
24796
24797
24798
24799
24800
24802
24804
24805
24806
24807
24808
24809
24810
24811
24812
24813
24815
24817
24818
24819
24820
24821
24822
24825
24826
24827
24828
24830
24831
24832
24833
24834
24835
24836
24837
24840
24843
24844
24846
24847
24848
24850
24852
24853
24854
24855
24857
24858
24859
24861
24862
24863
24865
24866
24868
24869
24872
24873
24874
24876
24878
24879
24880
24881
24882
24883
24885
24886
24888
24889
24890
24891
24892
24896
24898
24899
24900
24901
24902
24903
24904
24905
24907
24908
24910
24911
24915
24917
24918
24919
24920
24921
24922
24925
24926
24927
24928
24931
24932
24936
24937
24938
24939
24943
24944
24945
24948
24949
24950
24951
24952
24953
24954
24956
24958
24960
24961
24962
24963
24966
24967
24969
24971
24973
24975
24976
24977
24979
24980
24981
24982
24984
24985
24987
24990
24991
24994
24995
24996
24997
25000
25001
25002
25003
25004
25006
25007
25008
25010
25012
25013
25014
25015
25017
25019
25022
25024
25026
25027
25028
25031
25036
25037
25039
25042
25044
25046
25047
25048
25049
25051
25052
25054
25057
25060
25063
25064
25067
25070
25071
25072
25073
25077
25078
25079
25081
25083
25084
25087
25089
25090
25093
25096
25099
25100
25102
25103
25105
25106
25108
25109
25110
25114
25115
25117
25121
25125
25126
25128
25129
25133
25134
25136
25137
25138
25139
25142
25146
25149
25151
25152
25154
25155
25156
25157
25160
25165
25167
25170
25171
25172
25174
25176
25179
25182
25185
25186
25188
25189
25190
25191
25193
25195
25198
25199
25200
25201
25202
25203
25204
25207
25212
25219
25221
25222
25224
25225
25226
25227
25230
25233
25234
25235
25236
25240
25241
25246
25257
25264
25265
25268
25270
25276
25277
25278
25282
25283
25284
25287
25288
25290
25294
25295
25299
25300
25301
25302
25304
25305
25306
25307
25308
25309
25311
25314
25317
25318
25320
25324
25331
25333
25334
25340
25341
25343
25344
25349
25356
25357
25359
25367
25368
25371
25372
25374
25378
25379
25380
25383
25386
25389
25392
25395
25397
25404
25405
25407
25410
25411
25415
25418
25421
25422
25428
25432
25435
25436
25437
25438
25440
25446
25448
25451
25453
25460
25461
25463
25464
25466
25469
25470
25474
25476
25479
25483
25484
25489
25491
25493
25494
25497
25502
25503
25505
25514
25520
25522
25525
25528
25532
25535
25537
25538
25541
25542
25543
25545
25547
25548
25549
25553
25558
25559
25560
25562
25564
25566
25567
25568
25570
25571
25573
25574
25575
25579
25580
25582
25585
25586
25587
25591
25595
25599
25601
25602
25605
25607
25608
25616
25621
25625
25626
25632
25633
25635
25637
25641
25644
25649
25652
25656
25660
25662
25664
25665
25668
25669
25672
25673
25676
25677
25681
25682
25683
25688
25690
25691
25693
25696
25697
25698
25699
25700
25702
25705
25708
25709
25711
25713
25714
25716
25719
25720
25722
25723
25726
25728
25734
25739
25740
25741
25747
25749
25750
25751
25752
25754
25755
25757
25758
25761
25768
25769
25770
25771
25772
25773
25774
25775
25776
25778
25779
25781
25784
25785
25787
25792
25793
25794
25796
25798
25801
25802
25803
25806
25807
25808
25811
25813
25814
25815
25816
25819
25821
25824
25826
25828
25829
25830
25832
25837
25839
25840
25841
25842
25843
25844
25845
25846
25848
25849
25850
25858
25861
25862
25865
25866
25868
25869
25872
25873
25874
25876
25877
25882
25883
25886
25887
25888
25890
25891
25892
25893
25897
25898
25901
25902
25903
25905
25906
25907
25908
25913
25915
25916
25918
25919
25921
25922
25924
25927
25928
25929
25930
25931
25934
25937
25938
25939
25940
25941
25942
25943
25944
25945
25946
25949
25951
25953
25954
25955
25956
25957
25958
25959
25961
25962
25963
25966
25968
25969
25971
25975
25976
25977
25978
25979
25980
25981
25982
25983
25984
25986
25987
25989
25991
25992
25993
25995
25996
25997
26002
26015
26017
26029
26030
26032
26033
26034
26035
26037
26039
26044
26060
26061
26063
26064
26075
26086
26088
26101
26102
26104
26110
26115
26118
26120
26122
26124
26125
26126
26129
26130
26133
26135
26139
26141
26142
26149
26150
26151
26154
26156
26159
26165
26166
26168
26172
26183
26194
26212
26213
26214
26233
26243
26252
26253
26256
26263
26267
26271
26274
26289
26302
26325
26328
26338
26346
26347
26353
26357
26360
26367
26369
26375
26378
26383
26399
26406
26408
26421
26423
26425
26432
26442
26457
26462
26464
26467
26469
26479
26497
26502
26503
26508
26509
26519
26527
26533
26571
26578
26584
26597
26607
26625
26631
26634
26637
26644
26658
26666
26673
26674
26675
26676
26677
26678
26679
26680
26681
26682
26683
26685
26686
26687
26688
26689
26690
26692
26693
26694
26695
26696
26697
26699
26700
26703
26705
26706
26708
26709
26710
26711
26712
26713
26714
26715
26716
26717
26718
26720
26721
26722
26723
26724
26725
26726
26727
26729
26730
26732
26733
26735
26736
26744
26745
26747
26748
26750
26753
26754
26756
26757
26758
26760
26761
26762
26767
26769
26770
26771
26772
26773
26775
26776
26777
26778
26779
26780
26782
26783
26785
26786
26789
26790
26793
26794
26795
26797
26798
26799
26800
26801
26803
26805
26807
26810
26811
26813
26814
26816
26818
26820
26822
26825
26826
26828
26829
26830
26831
26833
26834
26835
26836
26837
26840
26842
26843
26846
26848
26850
26851
26856
26857
26858
26859
26860
26861
26863
26866
26871
26873
26875
26876
26877
26878
26881
26885
26886
26888
26890
26892
26893
26895
26896
26897
26899
26900
26901
26902
26903
26905
26906
26907
26908
26909
26915
26917
26920
26921
26923
26926
26928
26929
26933
26934
26936
26937
26938
26939
26940
26942
26943
26948
26949
26953
26954
26956
26957
26958
26959
26960
26961
26964
26965
26966
26967
26969
26970
26971
26972
26975
26976
26977
26978
26981
26983
26984
26985
26990
26992
26996
26997
26998
26999
27000
27001
27005
27007
27011
27014
27016
27017
27019
27020
27022
27023
27024
27025
27026
27029
27030
27039
27041
27042
27043
27045
27046
27048
27049
27053
27054
27058
27059
27060
27061
27064
27066
27067
27069
27070
27071
27072
27073
27075
27076
27077
27079
27080
27082
27084
27085
27086
27089
27091
27092
27095
27096
27098
27100
27101
27103
27107
27108
27109
27110
27111
27112
27118
27119
27121
27125
27128
27129
27132
27134
27136
27137
27139
27140
27141
27143
27147
27151
27152
27153
27154
27155
27157
27158
27162
27163
27167
27170
27171
27172
27173
27175
27176
27178
27179
27180
27183
27185
27187
27193
27197
27199
27201
27205
27207
27208
27214
27215
27219
27220
27221
27222
27225
27226
27228
27230
27232
27234
27236
27237
27239
27240
27241
27242
27243
27246
27247
27248
27251
27256
27257
27259
27263
27264
27266
27270
27271
27274
27276
27277
27281
27284
27286
27287
27288
27289
27290
27292
27293
27298
27304
27305
27308
27310
27312
27314
27315
27317
27319
27320
27322
27323
27326
27328
27330
27331
27332
27333
27334
27336
27339
27340
27342
27345
27346
27347
27350
27351
27352
27355
27356
27357
27358
27361
27363
27364
27366
27368
27373
27374
27379
27380
27383
27384
27385
27386
27387
27389
27394
27396
27398
27399
27400
27401
27404
27406
27408
27409
27413
27414
27417
27418
27420
27422
27423
27426
27427
27430
27431
27434
27435
27439
27440
27441
27443
27444
27445
27446
27450
27452
27454
27456
27460
27462
27467
27472
27473
27474
27475
27477
27478
27479
27480
27481
27484
27486
27487
27490
27492
27494
27495
27499
27500
27502
27504
27505
27508
27511
27514
27517
27518
27520
27522
27526
27527
27528
27531
27533
27534
27537
27538
27539
27540
27543
27548
27553
27555
27557
27559
27560
27561
27562
27563
27565
27567
27568
27570
27572
27573
27574
27575
27581
27582
27587
27588
27590
27591
27593
27597
27604
27605
27616
27619
27621
27632
27633
27636
27638
27640
27642
27646
27649
27655
27657
27659
27660
27661
27663
27666
27671
27672
27680
27681
27682
27685
27688
27692
27693
27695
27697
27699
27707
27708
27713
27714
27718
27720
27723
27724
27727
27728
27729
27732
27733
27738
27739
27741
27742
27743
27744
27749
27751
27752
27755
27756
27758
27759
27760
27761
27763
27765
27771
27773
27780
27784
27785
27786
27787
27788
27790
27793
27794
27795
27798
27799
27802
27807
27809
27811
27815
27819
27822
27826
27828
27829
27832
27834
27839
27840
27843
27845
27853
27856
27859
27860
27865
27871
27873
27874
27875
27876
27888
27889
27890
27895
27897
27901
27903
27904
27908
27910
27921
27923
27929
27931
27934
27935
27937
27943
27946
27948
27950
27953
27955
27959
27961
27964
27969
27972
27973
27978
27984
27985
27993
27995
27996
28002
28007
28009
28010
28013
28014
28017
28021
28022
28023
28024
28026
28027
28034
28036
28037
28043
28044
28045
28047
28048
28053
28054
28055
28056
28060
28061
28062
28071
28076
28077
28084
28086
28091
28094
28095
28096
28098
28099
28100
28106
28109
28110
28111
28114
28122
28124
28127
28133
28140
28141
28144
28145
28147
28148
28150
28151
28152
28166
28167
28169
28170
28173
28179
28183
28187
28189
28190
28195
28199
28200
28204
28205
28206
28213
28218
28221
28223
28226
28227
28228
28231
28232
28235
28237
28239
28242
28245
28249
28250
28258
28259
28264
28265
28268
28274
28280
28281
28283
28284
28286
28288
28295
28300
28302
28303
28309
28315
28317
28321
28325
28326
28327
28328
28339
28344
28348
28351
28352
28355
28356
28357
28358
28362
28364
28365
28368
28373
28380
28385
28386
28389
28391
28392
28393
28395
28399
28400
28402
28403
28404
28405
28406
28407
28408
28410
28412
28413
28416
28419
28420
28421
28423
28424
28425
28426
28428
28430
28433
28436
28438
28440
28441
28443
28444
28447
28448
28449
28451
28453
28454
28455
28457
28459
28460
28461
28462
28470
28471
28475
28482
28485
28486
28487
28488
28489
28490
28491
28493
28494
28498
28499
28500
28502
28503
28504
28506
28507
28508
28509
28510
28512
28513
28515
28516
28517
28518
28519
28520
28521
28523
28524
28525
28526
28527
28528
28530
28532
28533
28535
28536
28537
28538
28540
28541
28542
28543
28544
28545
28546
28548
28550
28551
28552
28554
28557
28559
28560
28561
28562
28563
28564
28566
28567
28568
28569
28571
28572
28574
28575
28576
28577
28579
28580
28583
28584
28586
28588
28589
28590
28592
28594
28595
28596
28597
28599
28600
28602
28603
28605
28607
28609
28610
28611
28612
28616
28618
28621
28622
28627
28628
28629
28631
28632
28635
28637
28639
28640
28641
28642
28643
28644
28645
28646
28649
28650
28651
28652
28653
28654
28657
28659
28662
28664
28666
28667
28668
28670
28672
28673
28674
28675
28676
28677
28678
28679
28680
28683
28684
28685
28687
28689
28690
28691
28693
28694
28695
28697
28698
28699
28704
28708
28709
28710
28712
28714
28715
28716
28719
28720
28721
28722
28724
28726
28727
28728
28729
28730
28734
28735
28736
28738
28739
28741
28742
28743
28744
28746
28747
28753
28756
28757
28758
28760
28762
28763
28769
28770
28771
28773
28774
28778
28779
28781
28782
28784
28785
28787
28791
28793
28796
28797
28798
28799
28802
28807
28810
28811
28813
28814
28815
28817
28819
28820
28821
28822
28823
28824
28825
28828
28829
28831
28834
28836
28838
28839
28840
28841
28843
28844
28846
28848
28849
28850
28852
28853
28854
28855
28856
28857
28859
28863
28865
28866
28868
28870
28874
28877
28878
28879
28881
28882
28883
28888
28890
28893
28894
28896
28898
28899
28900
28902
28903
28905
28906
28907
28908
28909
28910
28911
28912
28913
28914
28915
28916
28917
28918
28919
28920
28921
28922
28923
28924
28925
28926
28928
28929
28931
28933
28937
28938
28940
28941
28942
28944
28946
28947
28948
28950
28952
28954
28959
28964
28966
28971
28973
28974
28977
28978
28979
28980
28981
28982
28984
28986
28987
28989
28990
28992
28996
28998
29000
29001
29005
29006
29007
29009
29011
29012
29014
29020
29021
29022
29023
29027
29028
29030
29031
29033
29034
29035
29036
29037
29039
29040
29043
29045
29046
29047
29048
29051
29052
29058
29059
29061
29068
29069
29072
29074
29075
29080
29081
29087
29088
29090
29094
29097
29098
29100
29101
29102
29104
29106
29108
29113
29121
29125
29127
29132
29133
29136
29142
29143
29146
29147
29148
29152
29153
29158
29159
29162
29163
29165
29170
29171
29172
29173
29177
29182
29184
29185
29188
29190
29193
29202
29205
29208
29210
29212
29218
29220
29221
29225
29226
29230
29234
29235
29237
29238
29239
29240
29246
29249
29250
29251
29253
29254
29255
29256
29257
29259
29260
29262
29263
29264
29266
29269
29270
29271
29274
29275
29276
29279
29280
29282
29284
29287
29288
29290
29292
29293
29295
29297
29299
29300
29303
29305
29306
29307
29313
29314
29315
29316
29317
29318
29319
29320
29323
29324
29326
29327
29330
29331
29332
29335
29339
29340
29342
29344
29345
29348
29349
29353
29357
29358
29359
29361
29363
29367
29368
29372
29374
29378
29379
29381
29382
29383
29384
29385
29386
29387
29390
29391
29392
29393
29394
29395
29396
29397
29403
29404
29406
29409
29410
29411
29412
29413
29414
29415
29416
29417
29420
29423
29424
29428
29429
29431
29432
29433
29434
29437
29440
29441
29444
29446
29448
29452
29454
29455
29456
29459
29460
29461
29462
29464
29465
29467
29468
29471
29472
29475
29476
29477
29480
29482
29484
29485
29489
29491
29492
29493
29495
29502
29503
29504
29508
29510
29512
29513
29517
29519
29521
29522
29527
29528
29530
29532
29533
29534
29537
29538
29541
29542
29543
29544
29546
29547
29551
29553
29555
29557
29558
29559
29562
29563
29564
29568
29571
29572
29573
29575
29576
29579
29580
29582
29583
29584
29586
29587
29591
29593
29594
29597
29598
29600
29602
29605
29608
29612
29615
29619
29620
29621
29624
29627
29628
29629
29630
29632
29633
29638
29640
29642
29643
29645
29648
29651
29653
29655
29656
29658
29659
29663
29665
29666
29669
29670
29671
29673
29674
29675
29677
29679
29680
29682
29683
29685
29686
29688
29689
29690
29691
29692
29694
29696
29697
29698
29700
29702
29703
29704
29705
29706
29707
29709
29710
29711
29713
29714
29722
29726
29736
29741
29743
29744
29747
29749
29751
29753
29766
29775
29776
29777
29780
29781
29788
29796
29804
29806
29810
29824
29828
29829
29830
29833
29835
29836
29838
29840
29844
29849
29855
29856
29863
29864
29868
29870
29873
29874
29888
29891
29904
29914
29918
29928
29942
29943
29952
29953
29973
29977
29988
30004
30010
30033
30035
30038
30044
30048
30052
30056
30058
30061
30071
30072
30086
30089
30092
30095
30113
30117
30125
30129
30131
30133
30140
30164
30167
30176
30178
30179
30181
30183
30189
30192
30193
30200
30202
30206
30210
30211
30215
30218
30220
30223
30231
30233
30235
30237
30260
30262
30263
30284
30285
30287
30290
30300
30306
30314
30318
30331
30341
30343
30348
30355
30366
30370
30372
30386
30387
30388
30389
30390
30391
30392
30393
30394
30396
30398
30399
30402
30404
30406
30407
30411
30412
30414
30416
30417
30418
30420
30421
30423
30424
30425
30427
30428
30429
30430
30431
30432
30433
30434
30435
30436
30437
30438
30439
30440
30441
30442
30443
30444
30445
30446
30447
30449
30450
30452
30453
30454
30456
30459
30465
30468
30469
30470
30474
30476
30478
30479
30480
30481
30482
30484
30485
30486
30487
30488
30491
30492
30493
30494
30496
30498
30499
30500
30501
30502
30503
30504
30505
30506
30508
30509
30511
30512
30513
30514
30515
30516
30517
30518
30519
30520
30521
30522
30523
30524
30525
30527
30528
30530
30531
30532
30534
30535
30536
30537
30538
30539
30540
30542
30544
30545
30546
30547
30548
30550
30552
30553
30554
30556
30557
30559
30560
30561
30562
30564
30566
30567
30569
30570
30572
30573
30574
30576
30577
30578
30581
30582
30584
30585
30587
30588
30591
30592
30594
30595
30596
30598
30599
30600
30601
30602
30604
30606
30607
30608
30609
30610
30612
30613
30615
30616
30617
30619
30621
30625
30627
30629
30630
30631
30632
30635
30636
30637
30639
30641
30642
30643
30645
30646
30647
30648
30649
30650
30651
30652
30653
30657
30659
30662
30665
30666
30667
30668
30669
30670
30672
30673
30674
30676
30677
30678
30679
30681
30682
30683
30686
30687
30689
30691
30694
30697
30698
30699
30701
30704
30706
30707
30709
30710
30711
30712
30713
30717
30718
30719
30720
30721
30724
30725
30729
30730
30731
30732
30735
30738
30739
30740
30741
30744
30745
30746
30747
30748
30749
30751
30753
30756
30758
30763
30767
30768
30770
30771
30773
30774
30775
30779
30782
30784
30785
30786
30787
30791
30792
30793
30795
30797
30799
30800
30804
30805
30807
30809
30810
30812
30815
30816
30817
30818
30821
30822
30823
30824
30825
30826
30827
30828
30829
30832
30833
30834
30835
30836
30837
30839
30840
30842
30843
30848
30850
30855
30858
30859
30860
30861
30862
30863
30864
30866
30868
30869
30871
30873
30874
30877
30880
30881
30883
30884
30886
30889
30890
30891
30892
30895
30897
30898
30899
30901
30902
30903
30904
30905
30908
30911
30912
30913
30915
30917
30919
30923
30924
30926
30928
30929
30931
30933
30935
30937
30938
30940
30942
30946
30948
30949
30950
30951
30952
30953
30954
30955
30959
30962
30963
30964
30965
30967
30969
30970
30971
30972
30974
30977
30978
30980
30982
30983
30984
30988
30990
30991
30992
30993
30994
30995
30998
30999
31000
31001
31002
31003
31004
31005
31006
31012
31014
31017
31019
31023
31026
31028
31030
31031
31032
31033
31035
31036
31037
31041
31042
31043
31044
31045
31046
31047
31048
31050
31053
31056
31058
31059
31060
31061
31064
31065
31066
31070
31071
31075
31076
31077
31078
31080
31082
31084
31085
31087
31088
31093
31098
31099
31101
31103
31104
31105
31106
31108
31110
31112
31113
31114
31115
31118
31120
31123
31126
31129
31130
31132
31133
31134
31135
31138
31139
31140
31141
31147
31148
31153
31154
31157
31158
31159
31160
31161
31163
31166
31167
31170
31171
31172
31173
31174
31176
31177
31178
31179
31181
31182
31184
31186
31189
31190
31192
31196
31197
31198
31199
31200
31202
31204
31206
31207
31213
31214
31215
31216
31218
31219
31220
31222
31227
31228
31230
31232
31234
31236
31237
31238
31239
31241
31244
31246
31247
31248
31251
31252
31254
31255
31258
31259
31261
31263
31264
31265
31267
31268
31269
31270
31272
31274
31275
31279
31283
31285
31286
31288
31289
31291
31292
31295
31296
31299
31303
31304
31305
31307
31308
31311
31315
31316
31318
31321
31325
31328
31329
31332
31333
31334
31335
31337
31344
31345
31346
31347
31349
31350
31352
31354
31356
31358
31359
31360
31365
31368
31369
31371
31375
31376
31377
31378
31382
31383
31385
31386
31388
31393
31394
31395
31396
31398
31402
31406
31407
31410
31413
31421
31423
31425
31427
31428
31432
31433
31435
31436
31437
31438
31439
31440
31444
31447
31448
31449
31451
31452
31456
31457
31458
31459
31463
31471
31472
31473
31474
31477
31479
31481
31485
31490
31492
31496
31497
31498
31499
31500
31503
31504
31507
31508
31509
31510
31511
31512
31516
31519
31521
31522
31525
31531
31533
31534
31536
31537
31538
31540
31545
31546
31548
31550
31551
31554
31559
31567
31568
31569
31571
31578
31583
31585
31587
31589
31590
31603
31606
31608
31612
31614
31615
31616
31620
31622
31623
31624
31626
31627
31628
31630
31634
31636
31641
31645
31658
31660
31662
31664
31666
31667
31668
31673
31675
31677
31678
31683
31684
31686
31687
31690
31692
31696
31701
31707
31708
31709
31711
31712
31716
31719
31721
31726
31727
31728
31729
31733
31736
31737
31738
31740
31741
31744
31745
31748
31754
31755
31756
31758
31759
31766
31768
31769
31780
31785
31790
31791
31792
31794
31799
31800
31806
31810
31813
31820
31823
31824
31825
31828
31832
31835
31837
31839
31841
31845
31849
31851
31853
31856
31858
31859
31860
31868
31873
31875
31877
31878
31880
31882
31883
31884
31887
31890
31897
31898
31907
31908
31909
31910
31911
31912
31913
31918
31919
31922
31927
31928
31930
31935
31936
31937
31941
31947
31953
31956
31957
31960
31962
31964
31965
31966
31967
31970
31972
31975
31977
31982
31985
31986
31994
31995
31996
31998
32001
32010
32011
32014
32015
32017
32019
32021
32023
32027
32031
32032
32035
32037
32039
32040
32041
32045
32051
32053
32054
32055
32057
32058
32059
32062
32064
32066
32067
32068
32069
32071
32076
32082
32087
32088
32089
32092
32093
32094
32095
32096
32100
32101
32103
32104
32106
32107
32108
32109
32110
32112
32113
32118
32119
32120
32122
32124
32126
32127
32129
32130
32132
32134
32135
32136
32137
32138
32139
32140
32141
32142
32143
32144
32146
32147
32150
32151
32152
32155
32156
32157
32159
32161
32162
32163
32164
32165
32166
32167
32168
32169
32170
32171
32172
32173
32174
32176
32182
32184
32188
32190
32194
32196
32198
32199
32200
32201
32202
32203
32204
32205
32206
32207
32208
32210
32211
32212
32215
32216
32217
32218
32220
32221
32222
32223
32224
32226
32227
32229
32230
32231
32232
32233
32234
32235
32236
32237
32238
32239
32240
32242
32243
32244
32245
32246
32247
32248
32249
32250
32251
32252
32253
32254
32255
32256
32257
32258
32259
32260
32261
32262
32263
32265
32266
32267
32268
32269
32271
32273
32274
32275
32276
32277
32278
32279
32280
32281
32282
32283
32284
32285
32286
32287
32289
32290
32291
32292
32294
32295
32297
32298
32300
32302
32303
32306
32307
32308
32309
32310
32311
32313
32314
32316
32317
32318
32319
32320
32323
32324
32325
32326
32327
32328
32329
32330
32331
32332
32335
32338
32339
32340
32341
32343
32345
32348
32351
32353
32354
32355
32356
32358
32359
32360
32362
32363
32364
32365
32366
32367
32370
32371
32372
32375
32376
32377
32378
32379
32380
32381
32382
32384
32386
32387
32388
32389
32390
32391
32393
32394
32395
32396
32397
32399
32401
32402
32404
32405
32406
32407
32408
32409
32410
32411
32412
32413
32416
32417
32418
32420
32422
32423
32424
32427
32428
32429
32430
32431
32434
32435
32436
32438
32439
32440
32441
32442
32447
32448
32449
32450
32451
32454
32457
32458
32459
32460
32461
32464
32465
32467
32468
32470
32471
32472
32473
32474
32477
32479
32480
32481
32482
32483
32484
32485
32487
32488
32489
32493
32494
32495
32496
32497
32498
32499
32501
32502
32504
32505
32506
32507
32509
32510
32511
32512
32513
32514
32515
32516
32517
32518
32521
32523
32524
32525
32526
32527
32528
32531
32534
32536
32537
32538
32539
32540
32541
32542
32543
32548
32553
32554
32555
32557
32559
32560
32561
32562
32563
32564
32566
32567
32568
32571
32573
32574
32575
32577
32578
32580
32583
32585
32586
32588
32590
32591
32592
32593
32595
32596
32597
32598
32599
32600
32602
32603
32604
32606
32609
32610
32612
32614
32616
32617
32618
32619
32620
32621
32622
32623
32624
32625
32627
32628
32629
32631
32633
32635
32638
32640
32641
32642
32643
32647
32649
32650
32654
32655
32656
32658
32662
32664
32670
32671
32673
32674
32676
32680
32682
32684
32685
32686
32687
32688
32690
32691
32692
32695
32696
32698
32701
32702
32703
32704
32705
32706
32708
32710
32711
32712
32715
32718
32720
32722
32724
32726
32730
32732
32733
32734
32735
32736
32737
32742
32744
32745
32747
32748
32749
32751
32754
32757
32760
32761
32762
32765
32767
32768
32769
32770
32773
32775
32778
32779
32782
32784
32788
32794
32795
32796
32797
32798
32800
32804
32805
32806
32808
32810
32811
32814
32816
32819
32824
32831
32832
32833
32834
32835
32838
32839
32840
32842
32843
32846
32848
32850
32851
32857
32860
32861
32862
32866
32868
32874
32875
32876
32877
32879
32880
32883
32884
32889
32891
32892
32894
32897
32898
32899
32900
32902
32903
32904
32905
32907
32912
32913
32916
32917
32922
32925
32927
32929
32930
32931
32932
32933
32935
32941
32942
32944
32948
32952
32953
32955
32956
32958
32960
32961
32962
32964
32965
32966
32969
32971
32972
32974
32975
32976
32978
32980
32981
32983
32987
32988
32989
32990
32992
32994
32997
32998
33000
33002
33004
33005
33006
33011
33013
33017
33019
33020
33022
33023
33024
33025
33027
33028
33029
33030
33032
33035
33037
33039
33049
33050
33053
33054
33056
33058
33061
33063
33064
33065
33067
33068
33070
33072
33073
33074
33076
33077
33078
33082
33085
33086
33088
33092
33094
33096
33097
33099
33100
33101
33104
33105
33106
33107
33109
33116
33119
33120
33121
33122
33124
33126
33128
33129
33132
33133
33134
33135
33136
33137
33138
33139
33140
33141
33142
33146
33147
33148
33151
33154
33158
33160
33162
33166
33168
33169
33170
33171
33173
33174
33179
33181
33183
33184
33185
33186
33187
33189
33191
33193
33194
33196
33199
33200
33201
33203
33204
33206
33208
33209
33211
33212
33213
33218
33221
33222
33223
33224
33225
33227
33228
33229
33231
33232
33233
33234
33236
33242
33243
33244
33246
33247
33248
33249
33251
33252
33255
33256
33257
33259
33261
33262
33265
33267
33269
33270
33271
33272
33273
33274
33275
33277
33278
33279
33280
33281
33282
33283
33284
33286
33287
33290
33292
33293
33294
33297
33298
33300
33301
33304
33305
33306
33307
33310
33311
33312
33314
33316
33317
33318
33320
33321
33322
33323
33324
33326
33328
33329
33330
33332
33333
33334
33335
33338
33340
33341
33342
33343
33344
33346
33347
33349
33350
33352
33354
33355
33356
33357
33359
33362
33364
33365
33367
33368
33369
33370
33372
33373
33375
33377
33379
33380
33382
33383
33384
33385
33386
33387
33388
33389
33390
33391
33394
33396
33397
33399
33403
33405
33406
33408
33410
33411
33412
33413
33414
33415
33417
33418
33420
33421
33422
33423
33424
33425
33428
33429
33430
33431
33435
33437
33443
33445
33447
33450
33452
33455
33460
33462
33463
33465
33466
33467
33470
33479
33480
33483
33485
33487
33489
33490
33495
33499
33502
33510
33524
33525
33527
33532
33534
33538
33542
33544
33548
33549
33550
33552
33555
33556
33560
33567
33569
33570
33571
33572
33577
33578
33584
33585
33587
33588
33590
33594
33597
33598
33600
33609
33611
33613
33616
33625
33633
33637
33640
33649
33652
33660
33664
33666
33671
33679
33680
33681
33686
33689
33708
33712
33719
33729
33740
33749
33752
33762
33800
33801
33812
33814
33821
33823
33824
33825
33827
33832
33834
33846
33847
33849
33851
33853
33857
33868
33875
33876
33877
33891
33893
33894
33910
33911
33914
33917
33919
33924
33929
33934
33935
33940
33943
33944
33954
33959
33960
33963
33970
33976
33991
34001
34007
34009
34019
34028
34050
34057
34062
34065
34067
34069
34075
34084
34089
34091
34095
34096
34097
34099
34100
34101
34102
34103
34104
34105
34106
34107
34108
34109
34110
34111
34112
34113
34115
34116
34118
34119
34120
34122
34123
34125
34127
34128
34129
34130
34131
34133
34136
34137
34138
34139
34140
34141
34142
34143
34144
34145
34146
34148
34149
34150
34151
34152
34154
34155
34157
34158
34159
34160
34161
34162
34163
34164
34166
34168
34169
34171
34172
34173
34175
34176
34179
34181
34182
34183
34184
34188
34189
34190
34191
34193
34194
34196
34197
34199
34200
34201
34202
34205
34206
34208
34209
34210
34212
34213
34215
34216
34217
34222
34223
34224
34226
34227
34228
34229
34230
34231
34232
34233
34235
34236
34237
34238
34239
34240
34241
34242
34243
34244
34246
34250
34253
34254
34256
34257
34258
34259
34260
34261
34262
34263
34264
34265
34266
34267
34268
34270
34271
34273
34279
34280
34284
34285
34286
34287
34288
34290
34291
34292
34293
34294
34298
34301
34302
34303
34306
34308
34309
34310
34312
34313
34314
34316
34317
34318
34320
34321
34322
34323
34324
34326
34327
34330
34333
34336
34337
34339
34341
34342
34344
34347
34348
34349
34351
34353
34354
34355
34357
34358
34359
34360
34361
34363
34364
34365
34366
34367
34369
34370
34371
34374
34375
34376
34378
34380
34381
34382
34383
34384
34385
34387
34388
34389
34390
34391
34392
34393
34394
34395
34396
34397
34398
34403
34404
34406
34408
34409
34412
34413
34414
34416
34417
34418
34419
34420
34421
34423
34424
34425
34427
34428
34431
34432
34433
34434
34435
34436
34439
34442
34445
34446
34447
34452
34453
34455
34458
34459
34464
34465
34466
34468
34469
34470
34471
34474
34475
34476
34477
34480
34481
34482
34486
34487
34489
34491
34492
34493
34494
34496
34497
34498
34499
34500
34501
34502
34504
34505
34506
34507
34509
34510
34512
34513
34514
34515
34519
34522
34523
34524
34526
34527
34528
34531
34533
34535
34536
34538
34539
34540
34541
34542
34545
34546
34547
34549
34551
34552
34553
34554
34555
34556
34558
34559
34562
34564
34568
34570
34572
34575
34578
34579
34581
34585
34587
34588
34590
34591
34594
34595
34596
34597
34598
34600
34601
34602
34603
34604
34605
34606
34608
34609
34611
34612
34615
34616
34617
34619
34621
34623
34625
34626
34627
34628
34629
34630
34631
34633
34637
34640
34641
34642
34643
34647
34649
34650
34652
34653
34654
34656
34660
34661
34662
34665
34667
34668
34669
34672
34674
34676
34678
34679
34683
34684
34685
34686
34689
34691
34693
34694
34696
34697
34698
34703
34705
34707
34708
34709
34710
34712
34713
34714
34715
34716
34718
34721
34723
34725
34726
34728
34729
34732
34733
34737
34738
34740
34742
34745
34747
34748
34750
34751
34752
34753
34754
34756
34759
34760
34761
34762
34764
34766
34767
34768
34769
34771
34773
34774
34775
34778
34779
34782
34785
34787
34789
34790
34791
34792
34794
34799
34800
34801
34802
34804
34805
34807
34808
34809
34811
34812
34813
34815
34817
34819
34820
34822
34823
34824
34826
34829
34837
34841
34842
34843
34844
34845
34847
34848
34850
34852
34853
34854
34855
34856
34859
34861
34862
34863
34865
34867
34870
34871
34872
34873
34875
34878
34882
34883
34884
34887
34888
34891
34895
34896
34897
34899
34900
34902
34903
34906
34907
34909
34911
34912
34913
34916
34918
34920
34922
34923
34927
34929
34931
34933
34936
34937
34938
34939
34940
34941
34944
34945
34946
34950
34951
34952
34953
34955
34956
34957
34959
34960
34961
34962
34964
34965
34968
34969
34970
34971
34972
34973
34976
34979
34982
34983
34985
34987
34988
34989
34993
34994
34997
35000
35001
35002
35003
35004
35005
35006
35008
35009
35011
35015
35017
35019
35020
35022
35024
35025
35029
35033
35035
35041
35042
35043
35046
35047
35049
35050
35052
35055
35056
35059
35060
35063
35064
35065
35066
35067
35068
35071
35074
35075
35077
35078
35079
35081
35083
35084
35085
35088
35089
35091
35096
35099
35101
35104
35106
35107
35109
35110
35112
35113
35116
35118
35120
35123
35124
35125
35126
35127
35129
35130
35133
35134
35135
35136
35137
35139
35141
35142
35146
35149
35151
35153
35155
35157
35158
35160
35162
35163
35167
35171
35172
35174
35175
35179
35182
35184
35186
35187
35188
35189
35190
35192
35193
35194
35195
35196
35197
35199
35201
35202
35208
35209
35211
35212
35214
35221
35222
35225
35227
35228
35230
35232
35233
35235
35236
35237
35239
35243
35245
35246
35247
35250
35254
35256
35259
35262
35264
35265
35268
35270
35273
35274
35280
35281
35282
35283
35285
35287
35288
35289
35291
35292
35293
35301
35302
35303
35304
35307
35308
35310
35314
35315
35317
35318
35320
35321
35323
35326
35328
35330
35332
35334
35335
35336
35342
35344
35345
35348
35353
35359
35363
35366
35370
35371
35372
35374
35376
35378
35381
35382
35384
35387
35389
35392
35393
35394
35397
35399
35400
35406
35407
35417
35418
35421
35423
35424
35434
35435
35437
35438
35439
35442
35447
35449
35450
35451
35453
35454
35455
35459
35461
35464
35465
35466
35467
35470
35471
35472
35473
35475
35480
35481
35482
35483
35486
35487
35489
35490
35492
35498
35503
35504
35505
35507
35510
35511
35513
35514
35515
35522
35524
35526
35529
35536
35538
35543
35544
35546
35549
35551
35552
35553
35560
35561
35562
35566
35570
35571
35573
35576
35578
35587
35589
35590
35591
35594
35595
35600
35602
35604
35605
35609
35611
35612
35613
35617
35621
35627
35629
35637
35638
35639
35640
35643
35646
35647
35649
35650
35652
35653
35655
35656
35659
35660
35661
35666
35667
35670
35672
35673
35674
35677
35678
35680
35681
35684
35686
35689
35690
35701
35708
35709
35710
35714
35716
35719
35720
35721
35723
35724
35727
35728
35729
35737
35740
35744
35746
35749
35756
35767
35768
35770
35772
35773
35775
35776
35777
35778
35781
35783
35784
35787
35790
35791
35795
35796
35801
35803
35808
35810
35812
35813
35814
35816
35817
35819
35820
35821
35823
35826
35827
35829
35830
35832
35833
35834
35835
35836
35840
35841
35842
35843
35844
35846
35848
35849
35851
35852
35853
35854
35855
35856
35861
35862
35863
35864
35866
35868
35869
35870
35871
35872
35873
35875
35876
35877
35879
35881
35883
35885
35887
35888
35891
35893
35894
35898
35900
35901
35903
35904
35905
35910
35911
35912
35913
35914
35915
35916
35917
35918
35919
35920
35921
35925
35927
35929
35930
35931
35932
35935
35936
35937
35938
35939
35940
35941
35943
35944
35945
35946
35947
35948
35949
35950
35951
35952
35954
35955
35956
35957
35959
35961
35962
35963
35964
35965
35966
35968
35969
35970
35972
35973
35974
35975
35976
35977
35978
35979
35980
35982
35984
35986
35987
35988
35989
35991
35992
35993
35994
35995
35996
35997
35998
35999
36000
36001
36002
36003
36004
36005
36007
36008
36009
36012
36013
36014
36015
36017
36021
36022
36024
36025
36026
36027
36028
36029
36030
36033
36034
36038
36039
36040
36041
36042
36043
36045
36046
36047
36048
36050
36055
36056
36057
36059
36060
36062
36063
36065
36067
36068
36071
36072
36074
36077
36078
36079
36080
36081
36083
36084
36085
36086
36087
36088
36091
36092
36093
36094
36095
36096
36097
36102
36104
36105
36107
36108
36110
36111
36112
36113
36114
36115
36116
36117
36118
36121
36122
36123
36125
36126
36127
36129
36130
36132
36133
36134
36137
36138
36143
36144
36145
36146
36148
36149
36150
36152
36155
36156
36157
36158
36159
36160
36162
36163
36164
36165
36166
36168
36170
36171
36172
36173
36174
36176
36177
36179
36182
36183
36184
36185
36186
36189
36190
36191
36193
36194
36195
36196
36197
36198
36199
36200
36201
36202
36203
36205
36207
36209
36211
36212
36213
36214
36216
36217
36219
36221
36222
36223
36224
36225
36226
36228
36231
36233
36235
36238
36239
36241
36242
36244
36245
36248
36251
36252
36254
36255
36256
36258
36259
36261
36262
36263
36267
36268
36269
36271
36272
36273
36276
36278
36279
36281
36282
36284
36287
36288
36289
36291
36294
36296
36297
36299
36302
36306
36307
36308
36309
36310
36312
36313
36314
36316
36318
36322
36323
36324
36328
36329
36330
36331
36332
36333
36334
36336
36337
36338
36339
36341
36343
36344
36345
36347
36348
36349
36352
36354
36355
36356
36359
36361
36362
36364
36366
36367
36368
36369
36370
36371
36372
36373
36378
36379
36380
36383
36384
36385
36386
36387
36388
36390
36391
36392
36394
36395
36398
36399
36401
36403
36405
36406
36407
36408
36412
36413
36417
36418
36420
36421
36424
36426
36427
36429
36431
36432
36434
36437
36439
36441
36442
36443
36444
36448
36451
36455
36456
36458
36460
36461
36462
36463
36464
36465
36466
36467
36468
36469
36471
36473
36474
36475
36476
36477
36478
36479
36480
36481
36482
36483
36487
36489
36493
36494
36496
36500
36501
36502
36503
36504
36506
36508
36510
36511
36514
36515
36516
36519
36520
36521
36525
36527
36528
36530
36532
36534
36536
36541
36545
36546
36548
36549
36553
36554
36557
36558
36560
36561
36564
36565
36566
36572
36574
36576
36580
36582
36583
36584
36588
36591
36601
36605
36607
36611
36616
36617
36618
36619
36620
36621
36622
36623
36624
36625
36630
36631
36632
36633
36636
36639
36640
36643
36646
36648
36649
36655
36656
36658
36662
36665
36666
36667
36668
36669
36673
36674
36679
36680
36681
36682
36683
36685
36688
36690
36691
36692
36694
36696
36697
36699
36701
36702
36704
36706
36707
36708
36710
36712
36713
36714
36715
36716
36717
36720
36723
36725
36727
36728
36731
36732
36733
36736
36737
36738
36739
36741
36742
36743
36745
36746
36750
36751
36752
36755
36756
36759
36760
36761
36763
36764
36767
36769
36770
36771
36772
36773
36774
36775
36777
36784
36786
36787
36789
36791
36793
36795
36796
36798
36799
36800
36802
36804
36805
36806
36807
36809
36810
36811
36813
36814
36815
36816
36818
36820
36821
36823
36824
36825
36830
36831
36832
36833
36837
36838
36841
36842
36843
36844
36846
36847
36848
36850
36851
36852
36853
36855
36856
36857
36859
36860
36862
36863
36864
36865
36868
36870
36872
36876
36877
36880
36881
36883
36884
36885
36887
36889
36892
36893
36896
36897
36899
36903
36904
36906
36908
36909
36910
36911
36913
36915
36917
36918
36919
36920
36923
36925
36926
36930
36932
36935
36936
36937
36938
36940
36941
36945
36948
36950
36955
36957
36958
36959
36960
36961
36963
36965
36966
36968
36970
36975
36976
36977
36979
36980
36981
36982
36983
36984
36985
36986
36987
36988
36989
36990
36991
36995
36996
36997
36999
37000
37002
37004
37006
37007
37008
37010
37016
37018
37019
37021
37022
37025
37026
37027
37028
37030
37031
37033
37035
37036
37037
37038
37040
37044
37045
37046
37047
37049
37050
37052
37054
37055
37056
37057
37058
37059
37060
37061
37063
37066
37068
37069
37070
37073
37075
37076
37078
37079
37081
37082
37083
37084
37085
37086
37087
37088
37091
37092
37093
37094
37095
37096
37097
37098
37099
37101
37102
37103
37105
37107
37108
37110
37111
37113
37114
37116
37117
37118
37119
37120
37122
37123
37125
37126
37127
37128
37129
37130
37131
37133
37134
37135
37136
37137
37138
