1
2
3
9
10
14
19
20
31
32
37
38
43
44
51
52
53
55
58
59
60
62
63
66
68
75
77
79
80
81
82
90
92
95
98
99
106
108
110
111
114
115
116
117
135
136
137
138
141
143
144
145
151
152
155
157
159
163
164
168
170
172
206
216
219
223
229
241
247
265
268
270
273
274
279
284
285
302
306
308
315
319
326
327
330
332
338
346
352
356
361
371
378
380
385
386
388
390
397
398
400
401
402
405
410
413
421
424
425
427
433
434
442
443
444
453
454
464
469
479
480
483
484
485
488
498
499
508
514
517
521
531
536
539
544
550
552
556
569
572
574
588
589
592
594
609
616
620
623
631
633
634
636
646
649
654
658
660
668
669
670
674
675
677
678
679
680
681
682
683
684
686
687
689
690
691
693
694
695
696
697
698
699
701
702
703
704
705
707
708
710
711
712
713
714
715
716
717
718
719
721
722
723
724
725
727
728
730
731
732
734
735
736
737
738
739
744
746
747
751
752
753
755
757
758
759
760
762
763
764
765
766
767
768
769
771
772
773
774
775
776
777
778
779
781
782
785
786
788
789
790
791
792
795
796
797
798
799
800
801
802
804
806
807
808
810
811
812
814
815
817
818
819
820
821
824
825
827
829
830
832
833
834
836
838
839
840
841
842
844
845
846
848
850
852
854
856
858
860
862
863
865
867
868
870
871
875
878
879
884
886
888
892
893
894
895
896
898
899
901
903
906
908
909
910
911
912
916
917
920
921
923
925
931
932
933
934
935
936
939
940
941
942
944
945
947
949
954
955
956
957
958
959
961
962
963
966
967
968
969
970
971
974
975
976
979
984
985
986
987
989
992
999
1000
1001
1002
1005
1006
1007
1010
1013
1017
1018
1019
1022
1027
1029
1032
1033
1036
1040
1042
1043
1044
1050
1051
1053
1055
1056
1060
1061
1064
1065
1068
1069
1071
1073
1074
1075
1077
1079
1081
1084
1085
1087
1088
1089
1092
1093
1094
1097
1098
1100
1101
1106
1110
1111
1113
1117
1118
1119
1121
1123
1124
1125
1129
1130
1131
1132
1134
1137
1139
1140
1141
1142
1144
1145
1148
1149
1150
1152
1153
1154
1155
1156
1159
1162
1163
1164
1168
1169
1177
1178
1181
1182
1183
1184
1185
1187
1190
1191
1193
1194
1196
1198
1200
1203
1204
1205
1207
1209
1210
1211
1212
1216
1219
1221
1222
1223
1228
1230
1231
1232
1236
1240
1241
1242
1245
1248
1249
1252
1257
1258
1260
1261
1262
1263
1265
1266
1267
1268
1269
1271
1273
1274
1277
1279
1286
1287
1288
1289
1291
1293
1299
1300
1302
1308
1311
1312
1313
1319
1320
1321
1323
1325
1326
1328
1329
1330
1331
1334
1335
1337
1340
1342
1347
1348
1354
1355
1356
1358
1362
1363
1364
1366
1367
1370
1373
1375
1376
1378
1379
1380
1381
1382
1386
1388
1391
1392
1395
1396
1398
1399
1403
1404
1407
1408
1410
1411
1414
1416
1417
1418
1420
1421
1422
1425
1428
1429
1431
1436
1437
1439
1440
1445
1449
1456
1457
1458
1460
1461
1462
1463
1464
1466
1469
1472
1475
1477
1478
1483
1485
1488
1492
1495
1497
1498
1499
1503
1506
1507
1512
1513
1516
1519
1520
1524
1526
1529
1530
1533
1534
1535
1536
1538
1540
1541
1543
1544
1550
1551
1555
1557
1559
1560
1563
1564
1566
1568
1570
1572
1574
1575
1576
1578
1579
1583
1585
1586
1588
1589
1593
1595
1596
1599
1603
1606
1607
1610
1612
1613
1615
1616
1617
1627
1629
1637
1646
1648
1652
1653
1659
1662
1664
1665
1669
1670
1673
1676
1678
1679
1680
1681
1682
1683
1686
1687
1688
1690
1693
1700
1703
1707
1709
1710
1716
1720
1721
1724
1726
1727
1728
1731
1732
1734
1736
1737
1744
1745
1748
1749
1750
1751
1759
1760
1761
1762
1765
1766
1767
1768
1769
1774
1787
1790
1792
1795
1796
1797
1800
1801
1803
1805
1807
1810
1811
1813
1819
1824
1828
1830
1832
1833
1839
1840
1842
1844
1846
1848
1852
1855
1858
1862
1866
1868
1874
1875
1882
1883
1886
1887
1895
1898
1904
1905
1907
1908
1909
1910
1914
1916
1918
1923
1924
1925
1929
1930
1933
1939
1944
1945
1946
1948
1955
1956
1961
1962
1963
1965
1967
1968
1975
1978
1979
1981
1983
1986
1996
1997
2003
2004
2006
2007
2011
2012
2013
2016
2018
2023
2025
2027
2029
2031
2033
2038
2042
2045
2052
2058
2059
2061
2066
2069
2079
2080
2086
2088
2090
2092
2095
2097
2098
2101
2102
2103
2105
2109
2112
2113
2115
2116
2119
2120
2127
2133
2135
2136
2139
2143
2145
2148
2161
2163
2164
2165
2166
2168
2169
2170
2172
2173
2174
2181
2185
2189
2190
2191
2201
2205
2206
2208
2212
2213
2215
2219
2221
2224
2228
2229
2230
2233
2235
2238
2239
2240
2244
2247
2248
2249
2254
2258
2262
2264
2266
2275
2281
2282
2283
2286
2289
2294
2295
2298
2302
2303
2309
2311
2315
2318
2319
2320
2327
2329
2333
2348
2350
2356
2359
2361
2362
2365
2370
2373
2374
2375
2377
2378
2379
2382
2383
2387
2388
2391
2393
2394
2397
2399
2403
2406
2407
2410
2415
2418
2420
2422
2426
2427
2428
2430
2437
2438
2442
2443
2444
2445
2447
2452
2455
2457
2458
2459
2465
2467
2474
2476
2477
2479
2483
2485
2486
2487
2488
2489
2490
2491
2492
2493
2494
2495
2498
2499
2501
2505
2506
2507
2509
2510
2512
2513
2514
2515
2517
2518
2519
2520
2521
2522
2524
2525
2526
2528
2529
2530
2531
2532
2534
2535
2536
2538
2540
2541
2542
2543
2544
2545
2546
2548
2550
2551
2552
2553
2554
2556
2557
2558
2559
2560
2561
2562
2563
2564
2566
2568
2569
2570
2571
2572
2573
2575
2577
2578
2579
2580
2581
2582
2584
2586
2588
2589
2590
2591
2592
2596
2597
2598
2599
2600
2601
2602
2604
2605
2607
2608
2609
2610
2612
2613
2614
2615
2616
2617
2619
2620
2621
2623
2624
2626
2627
2628
2629
2630
2631
2633
2634
2635
2636
2637
2638
2639
2640
2641
2642
2643
2644
2645
2646
2648
2649
2651
2652
2653
2654
2655
2656
2657
2658
2659
2661
2662
2664
2665
2666
2668
2670
2672
2674
2675
2676
2677
2678
2681
2682
2684
2685
2686
2687
2689
2690
2691
2692
2696
2697
2700
2701
2703
2706
2711
2712
2713
2714
2715
2716
2718
2719
2720
2721
2723
2724
2725
2726
2727
2729
2730
2731
2732
2733
2735
2736
2737
2738
2740
2741
2742
2744
2746
2747
2752
2753
2755
2760
2761
2762
2764
2765
2766
2769
2772
2773
2774
2775
2776
2780
2782
2786
2787
2789
2790
2792
2793
2795
2797
2798
2800
2805
2807
2809
2810
2813
2815
2816
2819
2821
2822
2823
2825
2826
2829
2830
2832
2833
2836
2837
2838
2839
2841
2842
2843
2845
2848
2849
2852
2853
2854
2855
2858
2859
2862
2865
2866
2868
2870
2871
2872
2873
2874
2876
2877
2879
2881
2882
2883
2887
2888
2890
2892
2895
2897
2898
2900
2903
2904
2906
2907
2909
2914
2915
2916
2917
2918
2919
2920
2923
2925
2928
2930
2933
2934
2936
2938
2939
2941
2942
2943
2944
2947
2949
2952
2957
2959
2962
2964
2968
2970
2973
2974
2975
2976
2979
2980
2983
2984
2986
2989
2990
2991
2992
2994
2996
2998
3002
3003
3006
3008
3009
3010
3011
3015
3016
3017
3018
3020
3021
3022
3023
3025
3029
3030
3031
3032
3033
3034
3035
3036
3037
3038
3042
3043
3047
3048
3050
3052
3053
3055
3059
3061
3063
3065
3070
3072
3075
3076
3083
3085
3087
3092
3094
3097
3098
3099
3101
3103
3108
3110
3111
3115
3119
3120
3121
3123
3126
3127
3128
3129
3131
3134
3142
3154
3155
3158
3162
3164
3165
3167
3171
3175
3178
3182
3183
3185
3187
3191
3192
3193
3195
3197
3199
3200
3204
3205
3206
3208
3209
3212
3213
3218
3219
3220
3224
3226
3229
3232
3237
3239
3240
3241
3242
3243
3246
3250
3251
3252
3254
3255
3256
3260
3261
3262
3264
3266
3267
3270
3272
3273
3274
3276
3278
3279
3282
3283
3284
3285
3286
3287
3288
3290
3291
3294
3299
3301
3302
3306
3307
3310
3311
3315
3316
3318
3319
3324
3325
3326
3328
3333
3335
3337
3338
3339
3340
3343
3344
3346
3347
3349
3351
3354
3357
3360
3361
3362
3364
3365
3366
3369
3370
3371
3375
3377
3380
3382
3384
3385
3386
3387
3388
3389
3392
3393
3395
3396
3398
3399
3406
3407
3411
3414
3415
3416
3417
3419
3422
3423
3424
3425
3426
3427
3430
3436
3437
3438
3439
3442
3446
3447
3448
3450
3451
3452
3453
3454
3457
3459
3461
3463
3466
3467
3469
3471
3472
3473
3480
3482
3483
3484
3485
3486
3488
3490
3492
3493
3494
3496
3497
3500
3501
3502
3503
3506
3509
3510
3512
3515
3516
3517
3519
3520
3521
3524
3530
3531
3534
3535
3536
3537
3540
3543
3544
3553
3554
3555
3557
3558
3559
3561
3563
3564
3566
3568
3570
3573
3574
3578
3581
3582
3587
3588
3589
3594
3595
3597
3599
3600
3602
3603
3604
3606
3607
3609
3610
3611
3613
3614
3618
3621
3622
3623
3625
3629
3631
3632
3634
3635
3637
3638
3640
3641
3642
3643
3644
3647
3650
3652
3653
3654
3657
3658
3659
3660
3661
3663
3665
3667
3668
3669
3670
3672
3673
3674
3675
3676
3677
3678
3687
3691
3693
3694
3696
3697
3698
3699
3701
3702
3703
3705
3706
3707
3709
3710
3711
3712
3713
3716
3722
3723
3744
3746
3763
3765
3766
3767
3768
3769
3770
3772
3776
3777
3778
3781
3784
3786
3789
3791
3795
3797
3798
3800
3803
3804
3805
3806
3809
3812
3824
3825
3826
3827
3828
3830
3831
3835
3837
3839
3840
3842
3844
3847
3849
3850
3852
3854
3855
3857
3858
3859
3860
3861
3863
3865
3866
3868
3869
3871
3872
3873
3875
3876
3877
3879
3882
3884
3890
3893
3894
3897
3899
3903
3904
3920
3925
3929
3930
3932
3933
3941
3943
3944
3945
3946
3954
3959
3960
3966
3975
3976
3977
3979
3989
3992
3993
3998
4005
4006
4007
4012
4021
4024
4033
4041
4054
4057
4060
4062
4067
4069
4072
4083
4088
4091
4093
4094
4097
4102
4107
4108
4112
4115
4118
4119
4127
4132
4133
4138
4139
4141
4148
4149
4156
4161
4167
4168
4171
4180
4184
4190
4196
4197
4199
4202
4213
4218
4220
4223
4228
4233
4235
4238
4240
4241
4243
4247
4249
4255
4257
4265
4266
4271
4276
4277
4287
4289
4290
4294
4295
4297
4299
4304
4308
4311
4316
4318
4333
4336
4339
4341
4343
4345
4347
4356
4357
4360
4372
4373
4375
4379
4380
4383
4384
4389
4390
4391
4392
4393
4394
4395
4396
4397
4398
4399
4400
4401
4402
4403
4404
4405
4408
4410
4411
4412
4414
4415
4417
4419
4420
4421
4422
4423
4424
4425
4426
4427
4428
4429
4430
4431
4432
4433
4434
4436
4437
4439
4441
4442
4443
4444
4445
4446
4447
4448
4449
4451
4453
4454
4458
4460
4463
4464
4466
4467
4468
4469
4470
4471
4472
4473
4476
4478
4479
4481
4482
4483
4485
4486
4487
4488
4490
4491
4492
4493
4495
4496
4498
4499
4501
4505
4506
4507
4508
4509
4510
4511
4512
4513
4514
4515
4516
4517
4519
4520
4522
4523
4524
4525
4526
4527
4528
4530
4532
4534
4536
4538
4539
4540
4542
4543
4544
4545
4546
4549
4550
4551
4552
4553
4554
4555
4557
4559
4560
4564
4565
4566
4567
4568
4574
4576
4577
4579
4580
4582
4583
4584
4585
4587
4589
4592
4593
4598
4602
4604
4605
4606
4607
4608
4613
4614
4615
4616
4618
4619
4620
4621
4622
4623
4624
4625
4629
4630
4631
4634
4636
4637
4641
4642
4643
4644
4647
4648
4649
4650
4652
4653
4654
4659
4660
4665
4668
4670
4671
4672
4674
4676
4680
4681
4684
4685
4686
4688
4689
4692
4693
4694
4695
4696
4697
4699
4700
4701
4702
4703
4704
4705
4706
4708
4709
4711
4715
4717
4721
4723
4724
4725
4726
4727
4728
4729
4730
4731
4732
4734
4736
4737
4740
4744
4746
4748
4751
4752
4754
4756
4759
4762
4764
4765
4767
4768
4769
4772
4774
4775
4776
4777
4778
4781
4784
4787
4788
4790
4792
4794
4796
4797
4798
4800
4801
4802
4807
4811
4812
4814
4815
4816
4818
4819
4820
4821
4824
4825
4826
4827
4828
4830
4831
4835
4837
4838
4839
4840
4842
4843
4845
4846
4847
4848
4849
4850
4853
4855
4856
4860
4862
4863
4864
4865
4866
4877
4878
4879
4883
4886
4890
4892
4894
4897
4898
4899
4901
4905
4907
4908
4910
4913
4914
4917
4919
4921
4930
4931
4932
4933
4936
4942
4944
4945
4946
4948
4951
4953
4955
4958
4959
4963
4964
4966
4967
4970
4972
4973
4974
4979
4984
4985
4986
4987
4988
4990
4991
4995
4996
4997
4998
5001
5002
5005
5007
5008
5013
5014
5015
5016
5018
5019
5022
5023
5026
5027
5029
5030
5031
5033
5035
5038
5039
5040
5044
5045
5047
5048
5049
5050
5052
5059
5063
5066
5072
5073
5074
5075
5077
5078
5079
5080
5084
5085
5087
5089
5090
5095
5096
5098
5100
5101
5102
5103
5104
5105
5106
5107
5108
5109
5110
5112
5113
5114
5117
5118
5120
5122
5124
5125
5130
5131
5133
5134
5142
5143
5149
5150
5153
5154
5157
5158
5159
5163
5169
5171
5173
5174
5175
5177
5180
5181
5189
5192
5195
5196
5197
5201
5202
5203
5204
5208
5209
5211
5213
5214
5216
5220
5221
5222
5224
5227
5232
5233
5234
5235
5236
5238
5240
5241
5243
5244
5245
5246
5247
5248
5250
5251
5252
5254
5255
5258
5261
5262
5265
5269
5270
5273
5274
5277
5278
5279
5280
5281
5282
5283
5286
5287
5288
5290
5292
5293
5294
5296
5297
5298
5300
5304
5307
5309
5312
5313
5316
5317
5319
5320
5321
5322
5323
5327
5329
5330
5331
5332
5333
5334
5335
5336
5337
5338
5341
5343
5345
5348
5350
5352
5354
5355
5356
5358
5360
5362
5363
5364
5366
5368
5369
5370
5376
5377
5379
5385
5386
5387
5389
5394
5396
5398
5400
5401
5404
5405
5406
5407
5411
5412
5415
5417
5418
5419
5423
5426
5427
5432
5437
5438
5439
5440
5442
5443
5444
5446
5447
5450
5451
5453
5456
5457
5458
5460
5462
5473
5474
5475
5477
5479
5480
5481
5484
5485
5487
5488
5489
5490
5491
5499
5500
5502
5506
5509
5510
5512
5519
5520
5525
5526
5527
5533
5535
5538
5543
5544
5545
5548
5550
5553
5554
5556
5561
5569
5571
5576
5577
5580
5582
5590
5591
5592
5594
5595
5599
5600
5602
5614
5618
5619
5621
5622
5624
5630
5632
5634
5636
5637
5642
5644
5645
5647
5648
5651
5653
5659
5662
5664
5668
5669
5670
5672
5674
5675
5677
5681
5683
5684
5687
5689
5692
5694
5697
5698
5700
5702
5709
5711
5715
5721
5723
5724
5725
5726
5730
5731
5737
5739
5742
5743
5745
5747
5752
5758
5759
5761
5764
5767
5768
5769
5771
5772
5773
5775
5776
5777
5781
5783
5787
5793
5796
5798
5802
5803
5810
5815
5816
5822
5824
5826
5830
5834
5835
5843
5847
5851
5855
5864
5867
5874
5875
5877
5879
5883
5884
5886
5888
5889
5896
5899
5901
5912
5915
5923
5925
5926
5928
5934
5937
5944
5949
5950
5951
5953
5954
5955
5958
5966
5967
5970
5974
5975
5976
5978
5979
5982
5987
5989
5996
5997
6003
6011
6012
6016
6020
6021
6024
6029
6031
6032
6033
6034
6041
6043
6045
6053
6056
6062
6064
6065
6066
6067
6069
6072
6075
6077
6079
6080
6081
6084
6085
6089
6091
6095
6096
6097
6098
6101
6102
6105
6107
6108
6109
6110
6111
6113
6114
6115
6119
6121
6122
6123
6127
6129
6132
6134
6137
6142
6143
6144
6147
6150
6152
6156
6157
6158
6159
6162
6163
6169
6170
6171
6173
6176
6177
6180
6182
6183
6188
6190
6191
6192
6193
6194
6195
6197
6201
6202
6204
6205
6207
6208
6209
6210
6212
6213
6214
6215
6218
6219
6220
6222
6223
6224
6226
6227
6228
6229
6232
6233
6234
6235
6236
6237
6238
6240
6242
6243
6244
6246
6247
6248
6249
6250
6251
6252
6253
6254
6255
6256
6257
6258
6259
6260
6265
6267
6268
6270
6272
6273
6274
6275
6276
6278
6279
6280
6282
6283
6285
6287
6288
6289
6290
6291
6293
6294
6295
6296
6298
6299
6300
6301
6302
6304
6305
6308
6310
6311
6312
6313
6314
6315
6316
6318
6321
6322
6324
6325
6326
6327
6328
6329
6330
6331
6332
6334
6335
6337
6338
6339
6340
6341
6343
6344
6345
6347
6348
6350
6351
6353
6355
6356
6357
6359
6360
6362
6364
6365
6366
6367
6368
6369
6370
6371
6375
6377
6380
6382
6383
6384
6386
6387
6388
6389
6390
6391
6392
6393
6395
6396
6397
6398
6399
6400
6401
6402
6403
6404
6405
6406
6407
6408
6411
6412
6413
6414
6415
6416
6417
6420
6422
6423
6425
6426
6431
6432
6433
6434
6435
6436
6437
6438
6440
6441
6442
6443
6444
6447
6449
6450
6452
6453
6454
6455
6456
6457
6458
6461
6465
6467
6469
6472
6473
6474
6477
6478
6479
6481
6482
6483
6484
6486
6487
6488
6489
6490
6493
6494
6495
6498
6500
6502
6503
6506
6507
6509
6511
6512
6514
6516
6518
6521
6522
6523
6526
6528
6529
6530
6531
6532
6533
6536
6538
6539
6540
6543
6544
6547
6548
6550
6551
6552
6553
6556
6557
6559
6563
6564
6566
6567
6568
6569
6573
6575
6576
6579
6580
6581
6582
6585
6586
6587
6588
6593
6597
6598
6599
6601
6603
6604
6605
6608
6609
6612
6613
6615
6618
6621
6622
6624
6625
6627
6629
6631
6632
6633
6634
6635
6636
6639
6642
6645
6646
6647
6649
6652
6653
6655
6656
6658
6659
6660
6661
6662
6663
6664
6665
6668
6672
6673
6674
6675
6679
6682
6685
6686
6687
6690
6694
6696
6698
6700
6701
6703
6706
6708
6710
6712
6714
6715
6716
6717
6719
6722
6725
6728
6729
6730
6732
6733
6734
6736
6738
6742
6743
6744
6746
6747
6749
6750
6751
6752
6756
6757
6759
6760
6761
6763
6766
6767
6768
6777
6782
6783
6784
6787
6798
6799
6800
6801
6802
6808
6813
6814
6815
6816
6820
6821
6822
6824
6825
6828
6830
6831
6834
6835
6837
6839
6841
6848
6851
6852
6854
6856
6864
6868
6873
6876
6880
6881
6882
6885
6886
6888
6891
6893
6897
6898
6901
6902
6904
6905
6906
6907
6909
6910
6912
6914
6918
6919
6924
6926
6928
6934
6935
6936
6940
6944
6946
6948
6950
6954
6957
6961
6962
6963
6965
6966
6967
6968
6969
6970
6971
6972
6976
6979
6982
6983
6987
6990
6992
6994
6996
7000
7001
7002
7004
7005
7011
7013
7015
7016
7021
7024
7025
7026
7029
7030
7031
7033
7035
7036
7037
7039
7041
7043
7044
7045
7048
7051
7054
7055
7056
7058
7063
7065
7067
7070
7071
7073
7074
7075
7078
7079
7084
7086
7092
7093
7094
7097
7098
7099
7102
7103
7108
7109
7111
7112
7113
7116
7119
7120
7125
7127
7128
7130
7131
7133
7137
7139
7140
7141
7147
7148
7149
7150
7152
7153
7157
7160
7164
7165
7166
7168
7171
7172
7173
7174
7177
7178
7179
7181
7182
7185
7187
7188
7189
7191
7195
7198
7199
7200
7201
7202
7206
7207
7208
7210
7211
7213
7214
7215
7216
7217
7220
7228
7229
7231
7232
7233
7235
7237
7238
7240
7243
7244
7245
7246
7248
7249
7250
7251
7253
7254
7257
7258
7259
7262
7267
7269
7270
7273
7274
7275
7276
7279
7282
7284
7285
7287
7290
7295
7296
7298
7302
7307
7309
7310
7313
7314
7318
7320
7321
7323
7324
7326
7330
7331
7332
7333
7335
7336
7337
7339
7342
7343
7344
7345
7348
7350
7351
7352
7354
7356
7357
7358
7361
7363
7364
7365
7366
7367
7368
7371
7372
7375
7378
7380
7381
7382
7383
7384
7385
7386
7387
7388
7389
7390
7391
7392
7393
7396
7398
7401
7402
7405
7408
7410
7412
7413
7414
7416
7417
7418
7419
7420
7422
7423
7427
7432
7435
7438
7441
7442
7443
7447
7448
7451
7454
7456
7457
7461
7463
7465
7467
7470
7472
7479
7489
7491
7494
7512
7516
7517
7519
7526
7528
7530
7531
7532
7540
7547
7548
7549
7554
7557
7563
7569
7571
7572
7573
7574
7578
7579
7581
7586
7599
7600
7602
7603
7607
7610
7625
7626
7641
7642
7647
7659
7684
7691
7692
7693
7717
7722
7724
7729
7737
7747
7766
7779
7780
7782
7794
7796
7800
7808
7815
7826
7831
7841
7846
7850
7862
7863
7879
7884
7886
7890
7894
7895
7897
7905
7907
7908
7918
7930
7935
7954
7961
7980
7992
8011
8012
8015
8027
8042
8046
8053
8061
8064
8077
8090
8091
8102
8103
8105
8106
8109
8111
8112
8114
8115
8117
8118
8119
8120
8123
8124
8129
8131
8132
8135
8136
8138
8139
8140
8141
8142
8144
8146
8147
8148
8149
8150
8152
8153
8154
8156
8157
8158
8159
8163
8166
8167
8173
8174
8176
8177
8178
8184
8185
8186
8187
8188
8190
8192
8196
8197
8200
8202
8206
8207
8209
8210
8214
8216
8217
8219
8220
8221
8224
8225
8231
8232
8235
8237
8239
8240
8241
8242
8246
8247
8248
8251
8252
8254
8255
8256
8261
8265
8267
8270
8272
8273
8274
8275
8276
8277
8280
8281
8282
8284
8286
8289
8290
8296
8300
8301
8303
8304
8309
8310
8311
8312
8313
8316
8318
8320
8322
8323
8325
8326
8329
8330
8332
8343
8351
8354
8359
8361
8362
8363
8369
8371
8372
8373
8380
8381
8385
8387
8389
8390
8393
8394
8395
8400
8404
8405
8407
8413
8415
8417
8420
8421
8422
8425
8430
8432
8435
8437
8439
8440
8441
8443
8445
8446
8447
8448
8450
8451
8455
8456
8461
8465
8466
8467
8474
8481
8482
8483
8484
8488
8489
8491
8493
8495
8496
8498
8499
8501
8502
8506
8507
8513
8514
8515
8516
8517
8519
8521
8522
8523
8525
8526
8529
8531
8537
8541
8544
8547
8549
8551
8552
8553
8554
8557
8559
8560
8561
8563
8565
8566
8567
8570
8577
8579
8582
8588
8589
8590
8591
8592
8596
8597
8599
8601
8605
8606
8607
8609
8612
8613
8614
8616
8618
8620
8624
8627
8629
8633
8635
8641
8642
8644
8649
8656
8663
8664
8665
8667
8669
8674
8678
8681
8685
8689
8693
8696
8700
8715
8716
8720
8722
8728
8733
8738
8739
8740
8746
8752
8753
8754
8758
8759
8761
8762
8763
8764
8765
8766
8769
8770
8773
8774
8776
8777
8778
8780
8781
8784
8787
8793
8794
8796
8797
8798
8800
8803
8804
8805
8810
8813
8814
8815
8817
8822
8825
8826
8831
8834
8835
8839
8840
8843
8844
8856
8861
8863
8865
8873
8874
8878
8884
8887
8888
8889
8890
8894
8900
8906
8907
8908
8911
8916
8917
8922
8923
8929
8940
8941
8944
8947
8948
8949
8951
8952
8959
8962
8963
8964
8968
8979
8983
8989
8997
8998
9000
9003
9007
9008
9011
9013
9014
9018
9022
9023
9026
9027
9032
9033
9035
9040
9041
9043
9050
9057
9061
9066
9070
9073
9080
9081
9089
9092
9096
9102
9104
9106
9110
9111
9114
9118
9120
9126
9128
9133
9137
9138
9139
9145
9148
9150
9151
9152
9153
9157
9161
9162
9165
9166
9174
9175
9181
9185
9186
9187
9189
9192
9193
9195
9196
9201
9209
9215
9219
9221
9223
9225
9229
9231
9233
9235
9237
9239
9241
9245
9246
9247
9249
9258
9266
9270
9273
9274
9279
9280
9291
9296
9302
9304
9311
9312
9316
9324
9325
9332
9333
9335
9336
9338
9344
9346
9347
9352
9359
9361
9364
9367
9372
9376
9378
9382
9383
9389
9390
9393
9395
9396
9399
9400
9401
9405
9406
9407
9408
9413
9423
9424
9425
9438
9440
9443
9444
9447
9449
9450
9451
9453
9456
9458
9459
9466
9472
9473
9474
9475
9478
9480
9482
9496
9497
9507
9513
9516
9530
9532
9536
9538
9539
9540
9541
9544
9553
9570
9572
9575
9580
9581
9589
9593
9595
9596
9598
9600
9601
9602
9605
9606
9611
9613
9616
9618
9633
9635
9639
9643
9651
9657
9659
9663
9668
9672
9675
9676
9677
9690
9692
9703
9704
9707
9710
9711
9714
9717
9719
9726
9735
9743
9745
9748
9755
9756
9757
9766
9769
9773
9774
9779
9784
9786
9789
9793
9803
9808
9810
9811
9812
9813
9815
9816
9818
9819
9822
9824
9825
9828
9833
9834
9835
9838
9843
9845
9846
9848
9849
9850
9858
9860
9861
9863
9864
9866
9867
9871
9872
9873
9877
9879
9884
9885
9887
9889
9890
9896
9897
9900
9901
9904
9907
9910
9911
9912
9915
9916
9917
9918
9919
9920
9921
9922
9923
9926
9927
9929
9931
9933
9937
9938
9939
9940
9942
9943
9946
9947
9948
9949
9950
9951
9952
9953
9954
9955
9956
9957
9958
9959
9960
9961
9962
9963
9964
9965
9966
9967
9968
9969
9970
9971
9972
9974
9976
9977
9978
9979
9981
9982
9983
9984
9986
9987
9988
9989
9990
9992
9994
9996
9997
9998
10001
10002
10003
10004
10005
10006
10007
10009
10010
10013
10014
10016
10018
10019
10020
10023
10024
10025
10026
10027
10029
10030
10032
10033
10034
10035
10036
10037
10038
10039
10040
10041
10042
10043
10044
10045
10046
10048
10049
10051
10052
10054
10057
10058
10059
10061
10062
10063
10064
10065
10067
10069
10070
10071
10072
10075
10076
10078
10079
10080
10081
10082
10083
10085
10086
10087
10089
10091
10092
10094
10095
10096
10097
10098
10100
10102
10103
10104
10105
10106
10107
10108
10109
10110
10112
10113
10114
10117
10118
10119
10120
10123
10124
10125
10126
10127
10128
10129
10131
10136
10137
10140
10141
10143
10144
10145
10146
10148
10149
10150
10151
10152
10154
10155
10156
10157
10158
10162
10163
10164
10165
10166
10168
10173
10175
10176
10177
10179
10181
10183
10186
10187
10188
10192
10193
10194
10201
10202
10204
10207
10212
10214
10218
10221
10223
10225
10228
10230
10231
10232
10234
10241
10243
10244
10249
10250
10251
10253
10254
10257
10258
10259
10260
10261
10262
10265
10269
10270
10273
10275
10276
10277
10280
10281
10282
10283
10286
10287
10289
10293
10294
10295
10296
10298
10301
10302
10309
10310
10311
10316
10318
10320
10322
10325
10326
10330
10332
10334
10335
10337
10338
10339
10342
10343
10345
10346
10347
10348
10351
10356
10358
10361
10365
10366
10368
10369
10370
10374
10375
10377
10378
10379
10386
10387
10390
10392
10393
10398
10401
10403
10407
10408
10409
10414
10417
10418
10419
10421
10423
10424
10426
10427
10431
10432
10436
10439
10442
10446
10447
10451
10456
10457
10459
10461
10463
10464
10466
10468
10469
10470
10473
10476
10479
10480
10482
10483
10484
10489
10491
10493
10495
10496
10497
10498
10501
10502
10504
10507
10510
10512
10515
10516
10517
10521
10522
10526
10529
10530
10534
10536
10538
10539
10541
10542
10546
10547
10548
10549
10555
10556
10559
10561
10562
10566
10569
10576
10582
10583
10586
10591
10595
10597
10598
10600
10602
10604
10606
10607
10611
10616
10618
10623
10625
10627
10628
10633
10635
10636
10637
10642
10645
10647
10648
10649
10660
10664
10666
10669
10676
10678
10680
10681
10684
10686
10690
10693
10694
10696
10697
10702
10704
10705
10706
10709
10710
10712
10714
10716
10720
10722
10726
10727
10734
10735
10736
10738
10739
10743
10744
10745
10749
10750
10751
10752
10753
10755
10756
10757
10760
10763
10765
10766
10768
10771
10779
10783
10784
10789
10790
10791
10796
10799
10805
10806
10807
10808
10812
10813
10815
10818
10820
10821
10822
10824
10825
10826
10827
10833
10834
10839
10840
10844
10845
10847
10849
10850
10852
10854
10858
10863
10866
10876
10878
10882
10885
10887
10888
10891
10892
10894
10895
10898
10899
10900
10901
10905
10909
10912
10913
10914
10915
10916
10918
10919
10920
10923
10925
10928
10929
10930
10931
10934
10936
10938
10945
10947
10949
10952
10954
10958
10959
10962
10963
10964
10965
10967
10970
10972
10973
10975
10976
10977
10979
10981
10982
10983
10984
10986
10987
10989
10990
10991
10997
10998
11000
11002
11004
11006
11007
11009
11012
11013
11016
11020
11027
11030
11032
11034
11037
11041
11044
11045
11050
11051
11053
11058
11059
11062
11065
11067
11068
11070
11071
11072
11074
11075
11076
11079
11083
11084
11085
11086
11088
11089
11090
11093
11094
11095
11097
11098
11100
11101
11102
11103
11104
11105
11106
11107
11112
11115
11116
11118
11119
11120
11122
11124
11126
11127
11128
11131
11133
11134
11135
11136
11137
11141
11143
11149
11151
11153
11154
11156
11166
11168
11171
11179
11181
11188
11191
11196
11198
11199
11200
11204
11206
11212
11215
11217
11221
11223
11226
11229
11232
11238
11239
11240
11256
11257
11258
11259
11262
11264
11265
11266
11268
11273
11277
11278
11281
11283
11284
11285
11286
11287
11291
11294
11297
11299
11300
11301
11304
11305
11307
11308
11310
11312
11314
11325
11328
11348
11365
11382
11389
11392
11398
11399
11400
11403
11407
11408
11415
11422
11424
11425
11428
11438
11444
11445
11457
11465
11474
11485
11486
11494
11510
11512
11517
11522
11524
11528
11530
11531
11535
11540
11542
11547
11553
11556
11560
11563
11566
11569
11575
11576
11577
11596
11604
11606
11607
11608
11609
11614
11624
11626
11627
11630
11635
11641
11650
11658
11663
11666
11677
11694
11703
11707
11710
11722
11731
11741
11742
11745
11751
11759
11768
11774
11775
11778
11785
11789
11801
11804
11810
11812
11816
11818
11819
11822
11823
11824
11826
11827
11828
11829
11830
11831
11832
11834
11835
11836
11837
11838
11839
11842
11844
11845
11848
11849
11852
11853
11854
11855
11856
11857
11859
11860
11861
11862
11864
11867
11869
11870
11871
11872
11873
11875
11877
11879
11880
11881
11882
11883
11884
11885
11886
11887
11888
11889
11891
11893
11894
11897
11900
11901
11902
11904
11906
11909
11911
11912
11913
11915
11917
11918
11919
11921
11923
11924
11925
11930
11931
11934
11935
11936
11938
11940
11942
11944
11945
11946
11947
11948
11949
11951
11952
11953
11954
11956
11958
11959
11960
11961
11962
11964
11966
11968
11972
11973
11974
11975
11977
11978
11981
11983
11986
11987
11992
11994
11995
11996
11998
12004
12005
12007
12011
12013
12015
12020
12021
12027
12028
12030
12034
12035
12036
12037
12039
12045
12046
12049
12053
12055
12058
12059
12063
12064
12065
12067
12068
12069
12070
12072
12073
12075
12076
12077
12080
12081
12083
12084
12087
12088
12094
12097
12098
12099
12100
12101
12102
12104
12107
12108
12109
12111
12112
12113
12114
12116
12117
12118
12119
12121
12127
12128
12129
12130
12131
12133
12134
12136
12137
12141
12142
12143
12144
12145
12146
12147
12150
12151
12155
12159
12165
12171
12174
12175
12181
12182
12183
12186
12187
12190
12192
12193
12196
12197
12200
12203
12204
12205
12206
12208
12212
12213
12216
12217
12218
12222
12224
12226
12227
12229
12230
12231
12233
12235
12237
12238
12239
12240
12241
12242
12243
12244
12245
12247
12251
12252
12253
12255
12262
12263
12264
12268
12274
12276
12282
12285
12286
12288
12290
12291
12293
12294
12295
12298
12302
12303
12304
12306
12311
12313
12317
12319
12320
12322
12324
12325
12327
12329
12335
12337
12341
12342
12344
12345
12348
12349
12351
12352
12353
12355
12359
12361
12364
12365
12368
12370
12372
12376
12377
12378
12379
12383
12387
12388
12390
12391
12394
12396
12400
12403
12413
12414
12415
12418
12421
12426
12428
12429
12430
12431
12433
12436
12437
12438
12439
12441
12445
12447
12452
12454
12455
12457
12459
12461
12463
12465
12467
12468
12469
12472
12473
12474
12476
12478
12479
12480
12491
12493
12498
12499
12500
12501
12506
12507
12508
12510
12511
12513
12515
12517
12518
12521
12522
12523
12524
12525
12527
12528
12529
12532
12533
12536
12538
12540
12541
12545
12550
12551
12552
12553
12554
12557
12558
12570
12576
12577
12578
12581
12583
12586
12587
12590
12592
12593
12600
12601
12602
12603
12605
12608
12609
12613
12614
12617
12618
12620
12621
12622
12625
12629
12630
12631
12636
12637
12640
12641
12642
12643
12647
12649
12652
12655
12656
12658
12659
12660
12662
12665
12668
12669
12670
12673
12679
12682
12687
12688
12692
12693
12694
12695
12697
12701
12702
12705
12710
12711
12714
12715
12716
12718
12721
12722
12725
12728
12729
12731
12732
12737
12738
12740
12741
12744
12747
12748
12749
12750
12751
12757
12758
12759
12760
12761
12762
12763
12764
12765
12767
12768
12770
12780
12784
12790
12791
12795
12796
12798
12802
12805
12807
12809
12810
12812
12814
12815
12820
12822
12824
12827
12828
12829
12832
12833
12835
12838
12840
12845
12847
12850
12851
12852
12855
12857
12858
12860
12862
12864
12865
12867
12868
12870
12874
12878
12883
12884
12886
12889
12892
12895
12898
12899
12901
12902
12903
12904
12907
12909
12910
12913
12915
12919
12924
12925
12927
12930
12938
12940
12941
12947
12957
12958
12963
12964
12966
12973
12976
12981
12984
12986
12988
12989
12995
13000
13001
13005
13009
13010
13013
13015
13020
13026
13030
13038
13039
13043
13044
13046
13047
13048
13050
13051
13052
13057
13071
13075
13076
13077
13079
13080
13086
13090
13092
13093
13097
13098
13099
13101
13103
13105
13106
13109
13110
13114
13115
13117
13122
13136
13137
13146
13147
13148
13151
13158
13165
13167
13170
13176
13177
13180
13181
13183
13187
13188
13189
13205
13208
13216
13221
13226
13230
13239
13244
13246
13247
13250
13254
13258
13263
13264
13265
13271
13275
13276
13277
13279
13284
13287
13301
13302
13304
13306
13307
13310
13311
13313
13314
13316
13322
13331
13333
13337
13348
13353
13356
13365
13368
13370
13371
13386
13388
13389
13390
13394
13407
13408
13414
13418
13420
13421
13424
13429
13435
13437
13439
13444
13449
13461
13467
13468
13469
13471
13473
13477
13480
13483
13488
13492
13493
13494
13495
13497
13498
13503
13506
13512
13513
13514
13517
13523
13524
13525
13529
13530
13531
13533
13535
13536
13537
13539
13542
13543
13548
13549
13555
13557
13560
13562
13564
13565
13567
13571
13572
13576
13581
13585
13586
13587
13592
13593
13595
13596
13597
13598
13601
13606
13612
13617
13618
13619
13628
13629
13630
13632
13633
13634
13635
13637
13638
13640
13641
13643
13644
13646
13647
13648
13651
13652
13654
13657
13660
13661
13662
13663
13665
13666
13667
13668
13670
13671
13672
13673
13674
13675
13676
13678
13679
13680
13682
13683
13684
13687
13688
13690
13691
13692
13693
13694
13695
13696
13698
13699
13700
13701
13703
13704
13705
13706
13707
13708
13709
13710
13712
13713
13715
13716
13717
13719
13721
13722
13723
13724
13725
13726
13727
13730
13731
13732
13733
13736
13738
13739
13740
13741
13742
13743
13744
13746
13747
13749
13750
13754
13756
13757
13758
13760
13762
13765
13766
13767
13768
13772
13773
13775
13778
13779
13781
13782
13783
13784
13785
13786
13787
13790
13792
13793
13795
13797
13798
13801
13805
13807
13808
13809
13810
13812
13814
13818
13820
13821
13824
13826
13827
13828
13829
13831
13832
13833
13834
13835
13837
13839
13840
13841
13842
13843
13844
13845
13847
13848
13851
13852
13853
13854
13855
13858
13859
13860
13862
13863
13864
13865
13866
13867
13868
13869
13870
13871
13872
13874
13875
13877
13878
13879
13880
13881
13882
13885
13886
13889
13891
13895
13902
13904
13905
13906
13907
13910
13915
13916
13917
13918
13921
13922
13924
13925
13926
13928
13930
13931
13933
13937
13938
13939
13942
13947
13951
13953
13955
13957
13958
13960
13964
13967
13968
13972
13975
13976
13979
13983
13984
13985
13986
13987
13990
13991
13992
13994
13995
13996
13997
14002
14008
14010
14013
14014
14015
14016
14021
14024
14025
14028
14030
14032
14034
14035
14036
14037
14039
14040
14042
14044
14045
14046
14048
14049
14050
14051
14053
14055
14056
14057
14059
14060
14061
14062
14063
14064
14070
14075
14077
14079
14080
14081
14082
14083
14084
14085
14089
14090
14091
14092
14096
14101
14103
14104
14107
14108
14110
14113
14115
14116
14117
14118
14121
14122
14123
14124
14128
14131
14132
14134
14135
14143
14145
14152
14153
14154
14158
14160
14161
14164
14165
14167
14171
14172
14174
14175
14177
14179
14184
14185
14189
14190
14193
14196
14207
14208
14215
14217
14218
14223
14226
14229
14236
14240
14241
14243
14244
14245
14248
14250
14253
14254
14265
14269
14273
14276
14279
14283
14286
14292
14294
14296
14297
14299
14300
14303
14306
14309
14313
14314
14316
14319
14321
14328
14332
14333
14334
14337
14342
14346
14347
14352
14354
14355
14359
14361
14362
14364
14374
14378
14381
14382
14384
14385
14387
14388
14390
14391
14392
14394
14396
14398
14399
14400
14401
14404
14410
14415
14416
14418
14420
14421
14424
14427
14428
14429
14431
14435
14437
14440
14441
14443
14444
14449
14452
14453
14454
14457
14458
14459
14460
14463
14464
14465
14467
14468
14470
14471
14474
14477
14479
14480
14481
14484
14486
14487
14488
14491
14492
14493
14501
14502
14507
14511
14512
14516
14518
14522
14523
14525
14526
14527
14531
14534
14535
14538
14544
14545
14546
14547
14548
14553
14554
14556
14557
14562
14563
14564
14566
14567
14572
14574
14578
14580
14581
14584
14588
14592
14593
14597
14598
14599
14602
14604
14605
14608
14609
14612
14614
14615
14624
14626
14628
14632
14634
14639
14644
14650
14652
14654
14657
14658
14659
14661
14662
14663
14665
14668
14669
14671
14672
14673
14674
14677
14678
14679
14682
14685
14686
14687
14690
14691
14695
14697
14698
14699
14700
14701
14703
14708
14709
14710
14712
14716
14719
14720
14721
14723
14726
14728
14731
14735
14736
14741
14742
14746
14748
14749
14751
14754
14756
14757
14759
14760
14761
14762
14767
14768
14773
14774
14776
14779
14782
14784
14785
14786
14787
14789
14791
14792
14794
14796
14797
14798
14799
14800
14802
14807
14808
14810
14811
14812
14814
14815
14816
14817
14818
14819
14820
14821
14824
14830
14833
14836
14838
14840
14841
14842
14843
14847
14848
14849
14850
14853
14854
14855
14858
14861
14865
14876
14877
14883
14888
14892
14893
14894
14901
14909
14911
14915
14919
14922
14945
14952
14960
14968
14970
14972
14973
14974
14975
14988
14993
14999
15000
15001
15005
15008
15009
15014
15018
15027
15038
15039
15041
15042
15059
15068
15072
15075
15078
15128
15137
15138
15140
15147
15149
15157
15199
15205
15210
15211
15220
15226
15227
15238
15247
15305
15310
15317
15318
15321
15339
15358
15382
15385
15388
15402
15407
15417
15430
15432
15433
15434
15472
15475
15480
15487
15489
15492
15518
15531
15532
15533
15539
15540
15543
15544
15545
15549
15550
15551
15552
15553
15557
15558
15559
15562
15563
15566
15567
15569
15571
15572
15573
15574
15575
15578
15580
15581
15583
15584
15585
15586
15587
15588
15589
15591
15592
15594
15597
15598
15600
15602
15604
15605
15606
15608
15612
15613
15614
15615
15616
15617
15618
15619
15620
15623
15624
15625
15626
15628
15629
15630
15631
15634
15635
15636
15639
15644
15645
15647
15648
15652
15654
15656
15658
15660
15661
15662
15663
15664
15665
15667
15668
15669
15670
15672
15674
15675
15677
15679
15680
15681
15685
15686
15687
15688
15691
15692
15693
15698
15700
15702
15704
15706
15709
15714
15715
15716
15717
15719
15720
15721
15723
15725
15726
15727
15730
15731
15732
15737
15738
15739
15742
15745
15746
15748
15749
15752
15754
15757
15761
15763
15765
15773
15775
15781
15783
15784
15785
15786
15788
15790
15792
15794
15795
15796
15797
15798
15800
15804
15805
15809
15810
15812
15813
15814
15818
15819
15821
15822
15826
15833
15839
15841
15842
15843
15845
15848
15851
15856
15857
15858
15860
15861
15862
15864
15865
15866
15868
15875
15882
15883
15885
15886
15887
15888
15889
15892
15893
15897
15901
15907
15916
15919
15922
15923
15927
15928
15929
15931
15934
15935
15938
15940
15941
15942
15945
15948
15949
15952
15954
15956
15957
15958
15961
15965
15966
15968
15969
15971
15973
15979
15980
15981
15982
15987
15988
15991
15995
16001
16002
16003
16004
16005
16006
16008
16010
16011
16012
16015
16018
16020
16023
16024
16028
16030
16034
16036
16037
16040
16047
16049
16051
16058
16060
16061
16065
16069
16070
16075
16079
16084
16085
16086
16090
16092
16093
16095
16104
16108
16109
16110
16115
16116
16118
16121
16123
16124
16126
16129
16132
16143
16144
16145
16148
16149
16153
16169
16177
16179
16182
16183
16186
16189
16191
16195
16201
16204
16207
16217
16219
16220
16222
16224
16228
16229
16231
16232
16237
16242
16247
16248
16252
16253
16254
16256
16259
16263
16264
16271
16272
16274
16277
16291
16292
16293
16297
16301
16302
16303
16305
16306
16307
16311
16317
16322
16325
16327
16328
16334
16339
16344
16345
16348
16350
16351
16352
16353
16355
16357
16359
16360
16367
16368
16374
16375
16376
16381
16384
16385
16390
16391
16392
16394
16395
16396
16397
16399
16402
16405
16407
16408
16411
16413
16416
16418
16419
16424
16425
16428
16431
16433
16435
16436
16445
16446
16450
16451
16454
16455
16459
16466
16469
16476
16478
16480
16481
16482
16484
16485
16489
16490
16492
16493
16498
16505
16514
16518
16522
16526
16536
16538
16546
16548
16549
16559
16560
16565
16566
16567
16571
16576
16579
16582
16583
16585
16588
16589
16593
16596
16600
16605
16607
16609
16615
16616
16617
16621
16623
16632
16641
16643
16647
16648
16650
16654
16664
16677
16678
16685
16698
16705
16707
16714
16715
16718
16722
16728
16734
16744
16746
16748
16753
16760
16761
16762
16764
16768
16787
16793
16795
16800
16803
16807
16808
16810
16817
16821
16822
16827
16831
16834
16835
16836
16846
16851
16852
16859
16868
16877
16879
16880
16883
16885
16888
16891
16894
16897
16901
16906
16910
16911
16912
16922
16923
16929
16933
16934
16938
16941
16944
16954
16964
16966
16968
16970
16972
16973
16979
16985
16991
16994
17000
17007
17021
17022
17025
17026
17028
17037
17041
17046
17051
17058
17059
17067
17068
17074
17080
17085
17091
17095
17097
17100
17104
17116
17119
17120
17130
17132
17140
17144
17147
17158
17160
17179
17181
17184
17190
17197
17202
17203
17208
17212
17213
17216
17217
17225
17232
17233
17237
17238
17240
17241
17244
17247
17249
17250
17253
17256
17257
17261
17262
17266
17267
17271
17276
17278
17279
17280
17282
17283
17285
17286
17290
17291
17292
17294
17298
17299
17300
17301
17302
17303
17305
17311
17313
17315
17318
17321
17325
17326
17330
17333
17336
17339
17340
17341
17343
17344
17345
17347
17348
17349
17350
17351
17353
17355
17359
17360
17362
17365
17368
17369
17370
17371
17374
17376
17378
17381
17382
17384
17388
17389
17390
17391
17392
17394
17396
17397
17398
17400
17402
17404
17405
17406
17407
17408
17409
17410
17415
17417
17418
17421
17423
17425
17426
17427
17428
17429
17432
17433
17434
17435
17436
17437
17438
17440
17441
17442
17446
17447
17448
17450
17451
17452
17453
17454
17455
17457
17458
17460
17461
17462
17463
17464
17465
17466
17468
17469
17470
17471
17472
17473
17474
17475
17477
17479
17480
17482
17483
17486
17487
17489
17492
17495
17497
17498
17499
17500
17502
17506
17509
17510
17511
17512
17515
17516
17519
17520
17521
17524
17526
17528
17530
17532
17533
17534
17535
17537
17539
17540
17541
17546
17547
17549
17552
17553
17556
17557
17559
17563
17567
17573
17574
17576
17579
17581
17582
17584
17585
17586
17587
17589
17591
17594
17595
17596
17598
17600
17602
17603
17604
17605
17607
17608
17611
17613
17614
17615
17617
17621
17622
17626
17628
17629
17632
17633
17636
17640
17649
17651
17656
17664
17666
17667
17669
17671
17672
17675
17677
17678
17681
17682
17686
17687
17688
17689
17693
17697
17698
17699
17701
17703
17705
17707
17708
17709
17711
17715
17718
17721
17722
17724
17726
17729
17742
17744
17746
17748
17751
17753
17754
17758
17760
17762
17763
17764
17766
17768
17770
17771
17773
17774
17775
17779
17782
17783
17784
17785
17786
17789
17791
17793
17794
17795
17796
17797
17798
17799
17800
17809
17810
17813
17815
17817
17818
17821
17822
17826
17829
17830
17832
17834
17836
17837
17839
17842
17844
17846
17848
17849
17850
17857
17858
17859
17863
17865
17867
17870
17872
17874
17878
17879
17883
17885
17886
17888
17889
17891
17892
17896
17898
17901
17902
17914
17917
17919
17924
17931
17937
17939
17941
17943
17945
17948
17950
17954
17955
17957
17958
17959
17962
17965
17966
17969
17971
17974
17979
17982
17983
17984
17987
17990
17993
17994
17995
17997
18006
18008
18010
18013
18015
18017
18018
18019
18020
18023
18027
18032
18033
18039
18040
18042
18045
18046
18047
18048
18053
18054
18055
18057
18062
18063
18064
18067
18068
18069
18075
18076
18083
18084
18085
18090
18092
18094
18096
18099
18104
18106
18108
18110
18113
18114
18117
18121
18122
18125
18128
18129
18130
18132
18133
18134
18135
18136
18138
18139
18142
18143
18144
18146
18148
18149
18150
18153
18155
18157
18158
18162
18163
18173
18174
18175
18177
18179
18182
18187
18193
18205
18209
18212
18218
18219
18221
18222
18225
18228
18234
18236
18241
18242
18244
18246
18254
18255
18262
18270
18272
18273
18277
18278
18281
18282
18283
18284
18285
18292
18293
18294
18295
18302
18306
18311
18313
18314
18317
18318
18319
18320
18322
18323
18324
18327
18328
18329
18338
18339
18340
18341
18342
18343
18344
18346
18348
18349
18353
18357
18359
18362
18365
18366
18368
18370
18375
18377
18378
18379
18386
18387
18388
18390
18391
18392
18393
18396
18398
18400
18404
18406
18410
18411
18414
18416
18417
18421
18422
18424
18427
18429
18430
18431
18432
18434
18437
18438
18439
18440
18441
18442
18445
18446
18448
18449
18451
18452
18455
18456
18458
18460
18462
18464
18465
18466
18468
18470
18472
18474
18476
18477
18478
18479
18480
18485
18486
18488
18490
18491
18493
18498
18499
18500
18503
18507
18508
18509
18511
18513
18514
18515
18516
18517
18521
18523
18526
18528
18529
18530
18531
18533
18535
18538
18540
18543
18544
18545
18547
18548
18549
18550
18554
18555
18556
18557
18558
18559
18560
18562
18563
18564
18565
18566
18569
18572
18573
18579
18581
18582
18583
18589
18590
18591
18594
18596
18607
18608
18614
18621
18622
18624
18627
18634
18637
18642
18645
18649
18654
18660
18661
18667
18668
18669
18670
18682
18684
18685
18686
18687
18693
18697
18702
18705
18707
18711
18713
18715
18717
18722
18728
18729
18732
18733
18734
18735
18744
18753
18766
18768
18776
18777
18784
18800
18810
18815
18817
18833
18839
18857
18861
18865
18866
18875
18878
18881
18889
18897
18902
18906
18915
18916
18925
18930
18944
18947
18955
18961
18968
18981
18988
18997
19006
19013
19036
19037
19049
19076
19078
19079
19081
19083
19099
19101
19103
19105
19107
19109
19120
19133
19138
19145
19150
19164
19169
19172
19183
19185
19194
19199
19200
19204
19209
19213
19217
19219
19227
19230
19231
19240
19244
19249
19250
19251
19252
19253
19254
19256
19257
19259
19261
19262
19263
19264
19266
19267
19269
19271
19272
19273
19274
19275
19276
19277
19280
19281
19282
19283
19284
19285
19286
19287
19289
19290
19291
19292
19294
19295
19296
19297
19299
19301
19302
19305
19308
19310
19311
19314
19317
19318
19320
19324
19326
19328
19329
19330
19331
19332
19333
19337
19339
19341
19344
19346
19349
19353
19354
19357
19359
19361
19362
19364
19365
19366
19367
19368
19370
19375
19380
19381
19385
19388
19389
19390
19391
19393
19394
19401
19402
19403
19405
19406
19407
19409
19410
19411
19412
19414
19416
19420
19422
19426
19428
19429
19432
19433
19435
19438
19441
19445
19446
19450
19453
19458
19460
19462
19463
19464
19465
19466
19467
19468
19470
19471
19474
19476
19477
19480
19481
19484
19486
19487
19489
19492
19493
19494
19496
19497
19498
19500
19501
19503
19504
19505
19508
19509
19510
19512
19513
19514
19520
19521
19524
19525
19526
19527
19528
19529
19530
19531
19532
19534
19535
19536
19538
19541
19542
19544
19545
19547
19549
19550
19551
19553
19555
19557
19562
19564
19565
19568
19569
19570
19571
19577
19578
19579
19580
19581
19582
19583
19584
19585
19588
19589
19590
19593
19596
19597
19598
19599
19602
19606
19607
19610
19611
19616
19620
19621
19623
19624
19625
19628
19630
19631
19632
19633
19634
19639
19640
19641
19644
19646
19647
19649
19653
19654
19657
19658
19661
19662
19663
19664
19666
19667
19668
19670
19671
19672
19674
19675
19678
19679
19681
19682
19683
19685
19686
19689
19691
19694
19695
19696
19700
19701
19702
19704
19705
19706
19713
19716
19718
19719
19720
19723
19726
19727
19728
19729
19733
19734
19737
19740
19742
19748
19751
19754
19757
19758
19760
19761
19765
19769
19774
19779
19781
19782
19784
19786
19787
19792
19793
19794
19796
19798
19799
19800
19802
19804
19806
19807
19808
19809
19811
19813
19814
19815
19817
19820
19822
19823
19826
19827
19830
19832
19838
19840
19841
19842
19843
19848
19849
19851
19852
19855
19856
19858
19859
19861
19863
19865
19866
19869
19874
19875
19878
19881
19883
19884
19885
19889
19890
19891
19892
19893
19894
19896
19900
19901
19902
19904
19906
19907
19908
19910
19912
19913
19914
19916
19917
19919
19922
19925
19927
19928
19929
19930
19935
19938
19941
19942
19946
19951
19955
19956
19957
19958
19961
19964
19965
19973
19977
19978
19982
19985
19986
19989
19990
19991
19992
19993
19994
19996
19998
19999
20000
20005
20006
20007
20011
20012
20014
20015
20016
20017
20019
20020
20021
20027
20028
20030
20031
20032
20036
20037
20038
20042
20045
20049
20050
20055
20058
20059
20061
20062
20063
20064
20065
20066
20068
20069
20070
20071
20073
20074
20077
20082
20089
20092
20095
20097
20099
20101
20102
20106
20117
20121
20125
20126
20129
20133
20134
20138
20139
20140
20141
20143
20144
20148
20149
20150
20152
20153
20156
20157
20160
20163
20164
20169
20170
20172
20173
20174
20176
20177
20182
20183
20185
20187
20190
20191
20192
20193
20195
20199
20200
20202
20206
20207
20211
20214
20218
20222
20226
20229
20232
20233
20235
20238
20243
20244
20249
20251
20252
20253
20254
20256
20257
20261
20264
20268
20271
20274
20279
20281
20287
20290
20291
20293
20294
20295
20296
20297
20300
20301
20302
20304
20306
20317
20319
20320
20321
20323
20324
20327
20328
20331
20333
20336
20337
20341
20342
20343
20346
20350
20352
20353
20356
20357
20361
20362
20368
20370
20371
20373
20375
20379
20382
20383
20385
20388
20389
20391
20392
20394
20401
20402
20418
20420
20429
20434
20435
20438
20444
20447
20448
20450
20459
20461
20467
20475
20478
20480
20485
20488
20494
20498
20504
20507
20508
20512
20514
20515
20516
20518
20524
20525
20526
20533
20537
20538
20541
20544
20545
20550
20581
20582
20583
20586
20591
20594
20595
20599
20608
20615
20616
20617
20625
20626
20627
20633
20639
20643
20646
20649
20650
20658
20659
20668
20669
20671
20672
20681
20682
20683
20686
20693
20699
20701
20706
20711
20712
20716
20722
20731
20734
20736
20739
20744
20745
20746
20755
20760
20761
20768
20769
20772
20773
20776
20781
20782
20792
20793
20801
20810
20814
20817
20818
20822
20824
20837
20842
20846
20849
20853
20856
20863
20864
20867
20868
20870
20872
20882
20888
20890
20893
20898
20903
20911
20915
20916
20918
20919
20921
20926
20927
20928
20930
20931
20935
20941
20951
20952
20953
20954
20957
20958
20961
20962
20963
20964
20965
20967
20970
20971
20974
20977
20980
20983
20984
20985
20988
20990
20991
20992
20995
20996
20997
20998
20999
21000
21002
21005
21006
21008
21009
21010
21013
21014
21015
21016
21019
21021
21024
21025
21026
21027
21031
21032
21043
21044
21045
21057
21058
21059
21060
21062
21063
21064
21065
21067
21068
21070
21071
21074
21075
21076
21079
21080
21081
21082
21083
21084
21085
21087
21088
21089
21090
21091
21092
21094
21095
21096
21097
21098
21099
21101
21102
21104
21106
21107
21108
21109
21112
21113
21114
21116
21118
21120
21121
21123
21125
21126
21128
21129
21131
21134
21135
21136
21139
21140
21143
21144
21145
21147
21149
21150
21151
21152
21155
21156
21158
21159
21160
21165
21166
21167
21168
21169
21171
21172
21174
21175
21177
21178
21179
21180
21182
21183
21184
21185
21186
21187
21190
21191
21196
21197
21199
21203
21204
21205
21206
21207
21208
21209
21211
21213
21214
21215
21216
21217
21218
21220
21221
21222
21223
21224
21225
21226
21228
21231
21232
21233
21234
21236
21237
21238
21242
21246
21247
21248
21249
21250
21251
21252
21254
21256
21259
21260
21261
21262
21263
21265
21267
21270
21271
21272
21276
21278
21279
21282
21286
21287
21288
21289
21291
21292
21293
21294
21296
21298
21299
21300
21301
21303
21304
21305
21307
21308
21309
21310
21311
21312
21314
21315
21316
21317
21318
21319
21323
21325
21328
21330
21332
21333
21334
21335
21340
21343
21344
21346
21349
21350
21351
21353
21354
21356
21357
21361
21363
21365
21366
21370
21376
21382
21383
21384
21385
21389
21391
21392
21394
21395
21396
21397
21399
21400
21402
21407
21411
21412
21413
21414
21415
21416
21419
21422
21424
21425
21428
21431
21433
21435
21437
21438
21440
21441
21442
21449
21450
21451
21453
21454
21457
21460
21462
21464
21466
21468
21470
21471
21472
21474
21477
21481
21483
21484
21485
21488
21489
21492
21493
21496
21498
21501
21503
21505
21506
21507
21508
21509
21512
21513
21516
21520
21524
21525
21526
21527
21529
21531
21534
21535
21536
21543
21545
21546
21547
21551
21552
21553
21556
21557
21560
21562
21563
21564
21565
21568
21570
21573
21574
21575
21576
21581
21582
21586
21588
21589
21590
21592
21602
21603
21604
21606
21608
21612
21614
21617
21618
21622
21623
21625
21630
21631
21633
21635
21638
21639
21643
21644
21653
21654
21655
21656
21657
21659
21664
21669
21670
21671
21674
21681
21683
21685
21691
21693
21697
21698
21701
21704
21707
21708
21710
21712
21714
21716
21720
21723
21724
21727
21729
21736
21737
21741
21742
21744
21745
21747
21748
21749
21756
21758
21759
21760
21762
21765
21767
21768
21769
21770
21774
21776
21778
21779
21782
21783
21788
21789
21792
21798
21799
21800
21802
21808
21811
21812
21813
21814
21815
21818
21819
21820
21821
21822
21823
21824
21827
21829
21832
21834
21836
21842
21843
21845
21846
21847
21848
21849
21850
21852
21853
21856
21857
21858
21860
21863
21864
21865
21866
21869
21870
21871
21872
21873
21874
21875
21876
21877
21878
21879
21882
21886
21887
21889
21895
21896
21898
21903
21904
21907
21908
21911
21915
21917
21919
21921
21924
21931
21932
21933
21935
21939
21942
21943
21946
21948
21950
21954
21955
21958
21959
21965
21966
21971
21974
21976
21981
21983
21984
21985
21986
21988
21990
21992
21994
21995
21999
22000
22001
22003
22004
22005
22006
22007
22008
22012
22016
22020
22022
22027
22028
22032
22033
22034
22036
22037
22040
22041
22042
22044
22053
22054
22055
22056
22057
22059
22062
22064
22065
22066
22067
22071
22077
22079
22080
22082
22084
22087
22088
22089
22090
22091
22092
22094
22096
22100
22101
22103
22104
22105
22106
22107
22112
22113
22114
22115
22118
22119
22120
22122
22123
22124
22125
22126
22127
22128
22129
22130
22131
22134
22137
22140
22143
22144
22148
22151
22154
22155
22156
22160
22162
22163
22169
22172
22174
22176
22177
22178
22179
22180
22182
22187
22189
22190
22191
22192
22193
22194
22199
22200
22201
22202
22204
22205
22206
22207
22210
22212
22214
22216
22217
22219
22224
22225
22227
22228
22229
22231
22232
22236
22240
22241
22242
22243
22244
22245
22246
22247
22249
22252
22254
22261
22264
22266
22268
22269
22270
22271
22273
22275
22276
22278
22280
22281
22282
22283
22287
22292
22303
22310
22312
22317
22326
22327
22332
22346
22357
22358
22372
22381
22394
22397
22401
22410
22416
22419
22427
22429
22430
22431
22435
22436
22441
22444
22458
22467
22495
22500
22516
22530
22540
22552
22568
22596
22603
22605
22607
22616
22648
22650
22654
22662
22678
22680
22685
22687
22688
22702
22713
22715
22726
22764
22784
22794
22813
22819
22867
22882
22893
22909
22910
22917
22919
22921
22946
22947
22958
22960
22965
22968
22969
22970
22971
22972
22973
22977
22978
22979
22980
22981
22982
22984
22985
22987
22988
22989
22991
22995
22996
22997
22998
22999
23000
23002
23004
23005
23006
23008
23009
23010
23011
23012
23015
23016
23017
23018
23019
23020
23021
23022
23024
23027
23029
23031
23034
23037
23038
23044
23046
23050
23051
23052
23054
23055
23056
23062
23063
23065
23071
23073
23075
23077
23080
23081
23083
23084
23085
23088
23089
23091
23093
23095
23096
23100
23102
23105
23107
23108
23114
23115
23116
23117
23118
23120
23122
23126
23127
23129
23130
23132
23133
23134
23137
23140
23142
23146
23147
23148
23149
23150
23152
23153
23155
23157
23161
23162
23167
23168
23169
23173
23174
23176
23177
23178
23179
23185
23187
23188
23190
23191
23193
23196
23198
23199
23201
23202
23203
23208
23210
23215
23216
23217
23218
23223
23225
23226
23229
23233
23235
23237
23238
23239
23240
23241
23242
23245
23246
23247
23248
23249
23250
23251
23253
23255
23256
23257
23259
23266
23269
23271
23274
23278
23279
23281
23282
23284
23285
23286
23290
23291
23292
23293
23296
23299
23303
23308
23309
23310
23313
23316
23322
23323
23324
23325
23328
23329
23334
23335
23337
23338
23341
23345
23346
23347
23348
23349
23351
23355
23357
23358
23359
23363
23365
23366
23369
23370
23371
23372
23375
23377
23379
23381
23382
23383
23384
23385
23389
23392
23393
23395
23397
23398
23403
23405
23406
23407
23409
23412
23415
23416
23418
23419
23421
23426
23427
23428
23429
23430
23434
23435
23438
23441
23442
23443
23446
23447
23448
23450
23452
23453
23455
23456
23461
23462
23471
23474
23475
23479
23480
23484
23487
23489
23491
23492
23493
23495
23496
23497
23498
23501
23505
23507
23510
23511
23512
23514
23518
23520
23522
23523
23526
23527
23528
23532
23536
23537
23540
23541
23542
23543
23546
23547
23549
23550
23553
23554
23556
23557
23560
23566
23569
23570
23577
23579
23581
23582
23584
23585
23591
23596
23597
23598
23600
23603
23608
23610
23611
23614
23617
23618
23619
23622
23624
23625
23628
23629
23637
23639
23640
23643
23644
23647
23648
23649
23650
23651
23652
23653
23657
23659
23660
23664
23665
23668
23670
23671
23675
23676
23677
23679
23682
23684
23687
23695
23696
23699
23700
23706
23707
23713
23714
23716
23719
23720
23721
23722
23723
23726
23727
23729
23730
23731
23733
23737
23739
23741
23742
23745
23751
23754
23756
23762
23772
23774
23776
23777
23778
23781
23782
23783
23785
23796
23797
23798
23804
23805
23806
23809
23816
23819
23821
23824
23826
23827
23830
23833
23835
23838
23843
23844
23845
23846
23847
23850
23851
23852
23856
23859
23860
23862
23864
23866
23870
23874
23875
23877
23879
23887
23888
23899
23900
23901
23903
23904
23905
23907
23908
23910
23913
23921
23922
23925
23926
23931
23933
23935
23943
23946
23949
23951
23952
23957
23960
23962
23965
23966
23970
23971
23976
23977
23980
23981
23986
23989
23995
23997
23999
24006
24007
24011
24016
24017
24018
24027
24030
24032
24034
24037
24040
24043
24046
24049
24050
24051
24052
24057
24060
24065
24071
24072
24073
24078
24080
24091
24094
24095
24097
24101
24103
24106
24107
24108
24123
24128
24138
24155
24167
24170
24174
24175
24180
24184
24188
24194
24200
24202
24214
24217
24220
24221
24225
24229
24230
24232
24233
24234
24235
24239
24242
24250
24251
24255
24257
24258
24261
24262
24264
24268
24269
24279
24285
24286
24296
24299
24305
24309
24317
24322
24329
24330
24331
24338
24340
24344
24347
24353
24368
24369
24371
24372
24381
24382
24388
24390
24394
24396
24398
24400
24407
24409
24410
24411
24423
24426
24430
24436
24437
24447
24450
24451
24452
24453
24454
24459
24461
24464
24469
24470
24475
24476
24484
24507
24513
24517
24520
24524
24526
24528
24532
24533
24537
24545
24547
24550
24566
24568
24571
24576
24579
24581
24583
24586
24590
24595
24600
24604
24611
24612
24613
24615
24625
24630
24633
24635
24636
24640
24641
24642
24645
24646
24647
24659
24660
24661
24664
24666
24670
24671
24672
24674
24675
24676
24678
24680
24684
24692
24694
24695
24697
24698
24699
24700
24701
24702
24705
24711
24712
24714
24716
24719
24720
24722
24727
24728
24731
24733
24735
24738
24739
24740
24741
24744
24745
24746
24749
24750
24752
24756
24758
24760
24761
24762
24766
24771
24772
24773
24777
24779
24780
24782
24783
24785
24787
24788
24789
24790
24793
24794
24795
24796
24797
24798
24799
24800
24802
24803
24804
24805
24807
24808
24809
24810
24811
24812
24813
24814
24816
24817
24818
24819
24822
24824
24825
24826
24828
24830
24831
24832
24833
24835
24836
24837
24840
24841
24842
24843
24845
24846
24847
24848
24850
24851
24853
24854
24855
24857
24858
24860
24861
24862
24865
24866
24867
24868
24869
24870
24872
24880
24881
24882
24883
24885
24886
24888
24889
24891
24892
24894
24898
24899
24900
24903
24904
24908
24910
24912
24913
24915
24918
24919
24920
24921
24923
24924
24925
24927
24928
24932
24933
24934
24935
24936
24937
24938
24939
24942
24944
24945
24949
24950
24951
24952
24954
24958
24959
24961
24963
24964
24968
24969
24970
24971
24973
24975
24976
24979
24980
24981
24984
24985
24988
24990
24992
24994
24995
24996
24998
25000
25002
25003
25005
25007
25012
25013
25014
25015
25017
25019
25020
25021
25022
25023
25024
25028
25030
25031
25035
25037
25039
25042
25044
25045
25046
25049
25056
25057
25058
25060
25061
25065
25070
25071
25072
25079
25084
25085
25087
25089
25097
25103
25105
25106
25107
25108
25109
25110
25111
25113
25114
25115
25117
25120
25122
25125
25126
25129
25130
25133
25138
25139
25140
25147
25148
25149
25152
25154
25155
25160
25164
25167
25168
25169
25170
25172
25174
25176
25178
25179
25181
25182
25186
25187
25188
25193
25199
25201
25202
25203
25205
25210
25212
25213
25214
25215
25217
25220
25221
25224
25225
25230
25234
25235
25238
25241
25243
25244
25245
25246
25249
25252
25257
25258
25263
25264
25268
25273
25275
25276
25278
25281
25282
25283
25285
25287
25290
25295
25296
25297
25300
25302
25305
25306
25307
25311
25312
25313
25315
25317
25319
25320
25324
25326
25332
25333
25334
25335
25336
25338
25342
25345
25347
25354
25357
25358
25365
25367
25369
25378
25379
25383
25384
25385
25388
25391
25394
25395
25399
25404
25406
25407
25411
25412
25416
25418
25422
25426
25427
25428
25433
25434
25436
25438
25440
25443
25446
25447
25448
25451
25458
25461
25462
25470
25474
25476
25477
25478
25479
25488
25489
25490
25496
25497
25498
25499
25502
25503
25506
25507
25513
25518
25520
25523
25524
25527
25528
25530
25532
25537
25540
25541
25542
25545
25546
25549
25552
25558
25560
25561
25562
25563
25566
25569
25570
25571
25572
25574
25576
25578
25581
25583
25585
25587
25591
25592
25594
25595
25596
25599
25603
25607
25609
25610
25612
25616
25618
25621
25624
25625
25626
25627
25629
25631
25635
25641
25644
25645
25646
25648
25649
25654
25657
25658
25664
25667
25668
25669
25671
25672
25673
25677
25678
25679
25682
25683
25685
25688
25690
25695
25698
25700
25701
25702
25704
25705
25709
25711
25714
25716
25717
25719
25722
25723
25726
25730
25731
25734
25735
25741
25748
25750
25751
25754
25755
25761
25769
25770
25771
25773
25775
25776
25778
25781
25784
25786
25787
25789
25790
25793
25794
25795
25796
25798
25801
25803
25804
25805
25806
25808
25810
25813
25815
25816
25819
25821
25823
25824
25826
25827
25828
25829
25830
25832
25833
25836
25837
25841
25842
25843
25844
25845
25846
25847
25851
25852
25853
25854
25855
25856
25858
25860
25861
25865
25866
25868
25869
25870
25872
25873
25876
25877
25878
25879
25883
25884
25886
25888
25891
25893
25895
25896
25898
25902
25903
25906
25907
25908
25913
25914
25915
25916
25918
25919
25921
25922
25923
25927
25928
25931
25934
25935
25936
25937
25938
25939
25941
25942
25943
25944
25945
25946
25947
25949
25951
25953
25955
25956
25957
25958
25959
25961
25962
25963
25966
25971
25975
25976
25977
25978
25979
25980
25982
25983
25984
25985
25987
25989
25991
25992
25993
25994
25995
25996
25997
25998
25999
26000
26004
26007
26022
26024
26027
26028
26029
26036
26037
26038
26042
26044
26046
26055
26057
26067
26068
26075
26078
26079
26081
26082
26084
26088
26095
26100
26104
26105
26108
26112
26114
26116
26121
26122
26131
26132
26133
26134
26135
26136
26137
26139
26141
26142
26143
26144
26145
26149
26152
26156
26159
26162
26163
26177
26180
26195
26214
26224
26230
26234
26236
26238
26256
26258
26259
26260
26272
26282
26288
26293
26317
26322
26325
26332
26338
26347
26351
26367
26370
26372
26384
26394
26395
26403
26413
26417
26420
26421
26441
26447
26462
26466
26486
26502
26505
26514
26517
26522
26524
26533
26535
26543
26558
26566
26570
26581
26584
26593
26596
26600
26622
26641
26652
26672
26673
26674
26675
26676
26678
26679
26680
26682
26683
26685
26687
26690
26692
26693
26694
26697
26698
26699
26701
26702
26703
26706
26708
26709
26711
26712
26713
26714
26715
26716
26717
26718
26719
26720
26722
26723
26724
26725
26727
26729
26730
26731
26732
26733
26735
26736
26737
26738
26739
26740
26742
26745
26746
26747
26748
26749
26751
26755
26756
26757
26758
26760
26761
26762
26764
26765
26767
26768
26771
26772
26773
26774
26776
26777
26778
26779
26781
26784
26785
26786
26787
26789
26792
26793
26794
26795
26796
26797
26800
26802
26803
26804
26805
26807
26808
26809
26813
26814
26816
26818
26819
26821
26822
26826
26828
26829
26830
26831
26832
26833
26834
26835
26837
26838
26839
26840
26841
26842
26845
26846
26850
26851
26854
26855
26856
26859
26860
26861
26862
26863
26864
26865
26866
26868
26869
26870
26873
26875
26876
26877
26878
26880
26881
26886
26888
26890
26891
26892
26893
26896
26898
26899
26900
26902
26903
26904
26905
26913
26914
26915
26919
26920
26921
26925
26926
26929
26930
26931
26932
26933
26935
26936
26937
26938
26940
26944
26948
26949
26950
26952
26954
26955
26957
26958
26959
26960
26961
26963
26964
26966
26967
26968
26969
26970
26972
26973
26974
26975
26977
26980
26981
26983
26986
26987
26988
26990
26992
26993
26996
26997
27001
27003
27005
27006
27007
27010
27011
27016
27017
27018
27020
27021
27022
27024
27027
27028
27032
27035
27039
27040
27041
27043
27058
27059
27060
27061
27062
27063
27065
27066
27069
27072
27073
27074
27076
27077
27078
27079
27083
27084
27085
27086
27087
27089
27090
27091
27092
27095
27096
27098
27099
27103
27104
27106
27107
27108
27111
27112
27113
27114
27116
27119
27121
27123
27127
27128
27129
27130
27135
27136
27141
27143
27146
27148
27154
27160
27161
27162
27167
27172
27173
27176
27178
27181
27183
27188
27189
27190
27191
27193
27196
27197
27198
27202
27203
27205
27209
27210
27211
27213
27215
27220
27221
27222
27223
27225
27226
27228
27229
27232
27236
27237
27238
27241
27245
27250
27251
27255
27256
27260
27263
27266
27270
27273
27274
27276
27277
27278
27280
27281
27283
27284
27285
27288
27290
27291
27292
27293
27294
27297
27298
27300
27303
27304
27305
27307
27311
27317
27322
27323
27324
27327
27328
27329
27336
27337
27338
27339
27341
27343
27345
27347
27348
27350
27354
27356
27357
27358
27362
27363
27364
27365
27366
27370
27373
27374
27376
27377
27378
27381
27383
27384
27389
27390
27394
27396
27398
27400
27401
27406
27408
27410
27414
27416
27417
27419
27420
27424
27427
27432
27433
27434
27437
27439
27440
27443
27444
27447
27449
27450
27452
27454
27455
27456
27459
27460
27462
27468
27470
27472
27473
27475
27476
27481
27482
27485
27486
27490
27492
27493
27496
27497
27500
27504
27505
27507
27508
27510
27512
27513
27515
27517
27518
27523
27525
27530
27532
27533
27534
27535
27537
27538
27539
27540
27541
27542
27549
27552
27553
27555
27556
27557
27558
27559
27560
27561
27564
27565
27567
27568
27572
27573
27575
27580
27584
27589
27591
27592
27595
27597
27601
27604
27611
27614
27615
27619
27620
27621
27628
27629
27631
27632
27633
27634
27635
27636
27639
27640
27641
27645
27646
27649
27650
27651
27653
27655
27656
27657
27661
27663
27664
27665
27666
27668
27669
27671
27674
27680
27681
27682
27683
27684
27685
27691
27692
27699
27703
27705
27707
27709
27713
27716
27718
27719
27720
27721
27723
27724
27727
27729
27732
27734
27739
27740
27743
27744
27748
27749
27752
27758
27760
27761
27765
27766
27768
27771
27774
27778
27784
27794
27796
27799
27801
27802
27803
27807
27808
27810
27811
27815
27818
27820
27822
27826
27828
27837
27838
27841
27844
27846
27851
27852
27853
27855
27856
27865
27871
27872
27873
27879
27883
27884
27887
27888
27893
27894
27895
27898
27900
27906
27907
27909
27910
27914
27931
27933
27935
27939
27940
27941
27942
27946
27952
27953
27954
27958
27961
27965
27966
27969
27971
27973
27976
27978
27981
27982
27984
27985
27993
27994
27995
27999
28001
28010
28013
28014
28016
28019
28023
28027
28031
28032
28034
28036
28037
28039
28044
28047
28048
28049
28054
28055
28060
28061
28065
28071
28075
28077
28079
28083
28087
28094
28100
28103
28106
28110
28111
28112
28114
28121
28123
28125
28128
28133
28135
28137
28144
28145
28152
28159
28160
28161
28162
28163
28164
28165
28166
28167
28168
28176
28178
28179
28182
28183
28188
28191
28192
28199
28200
28201
28204
28213
28214
28218
28221
28222
28226
28227
28228
28233
28236
28237
28239
28242
28243
28245
28249
28250
28251
28253
28258
28259
28261
28262
28264
28280
28290
28291
28292
28295
28296
28300
28305
28309
28317
28326
28331
28339
28344
28345
28348
28349
28350
28351
28352
28353
28355
28358
28359
28362
28368
28373
28374
28375
28380
28385
28386
28387
28389
28392
28393
28395
28396
28399
28400
28405
28407
28408
28412
28413
28416
28417
28419
28420
28422
28424
28428
28433
28437
28441
28442
28443
28445
28447
28449
28451
28455
28459
28464
28470
28471
28472
28475
28477
28480
28482
28483
28484
28485
28487
28490
28491
28494
28497
28499
28501
28504
28506
28510
28512
28513
28514
28515
28516
28517
28518
28519
28520
28521
28522
28523
28524
28526
28527
28529
28530
28531
28532
28533
28534
28535
28536
28537
28539
28540
28541
28542
28544
28546
28547
28548
28551
28558
28560
28562
28563
28564
28567
28568
28569
28571
28572
28573
28575
28576
28579
28580
28582
28583
28584
28586
28588
28589
28593
28594
28595
28596
28597
28599
28600
28602
28603
28604
28605
28606
28607
28608
28610
28612
28613
28614
28615
28616
28617
28618
28619
28622
28625
28626
28629
28631
28632
28634
28635
28637
28638
28639
28642
28643
28644
28645
28646
28648
28649
28650
28651
28652
28655
28656
28657
28659
28662
28664
28665
28666
28668
28673
28676
28677
28678
28680
28681
28682
28683
28684
28685
28687
28689
28690
28691
28693
28694
28695
28696
28699
28700
28703
28704
28705
28706
28709
28711
28712
28714
28715
28716
28717
28718
28719
28721
28722
28724
28725
28727
28728
28729
28731
28732
28733
28734
28735
28736
28737
28738
28741
28744
28745
28746
28747
28749
28751
28754
28756
28757
28758
28760
28762
28766
28767
28770
28771
28772
28774
28775
28778
28780
28781
28782
28784
28786
28787
28793
28797
28798
28803
28804
28805
28806
28808
28809
28811
28813
28815
28819
28820
28822
28823
28824
28825
28828
28829
28830
28831
28833
28834
28835
28837
28839
28840
28841
28843
28846
28847
28850
28851
28852
28853
28854
28856
28857
28863
28865
28866
28867
28868
28869
28874
28877
28878
28881
28882
28884
28888
28889
28893
28895
28896
28897
28900
28901
28902
28905
28906
28907
28908
28909
28910
28911
28913
28915
28917
28918
28920
28921
28924
28925
28927
28928
28934
28936
28937
28940
28942
28946
28952
28955
28956
28957
28959
28962
28963
28965
28966
28967
28968
28971
28972
28974
28975
28976
28979
28981
28983
28984
28987
28989
28990
28991
28992
28996
28997
28998
28999
29000
29002
29005
29009
29014
29016
29017
29019
29020
29021
29022
29023
29027
29028
29029
29030
29031
29042
29045
29046
29050
29051
29052
29053
29054
29056
29057
29059
29061
29063
29064
29065
29071
29073
29078
29081
29083
29085
29086
29087
29088
29091
29092
29094
29095
29097
29098
29102
29104
29107
29108
29109
29113
29117
29120
29121
29122
29123
29125
29126
29129
29132
29136
29137
29140
29147
29148
29150
29151
29152
29153
29157
29160
29161
29162
29163
29164
29167
29170
29172
29175
29177
29179
29183
29185
29186
29187
29188
29189
29190
29193
29194
29195
29203
29204
29205
29209
29210
29211
29215
29218
29226
29227
29228
29229
29230
29231
29232
29235
29238
29241
29244
29245
29246
29248
29250
29251
29252
29253
29258
29264
29269
29270
29272
29274
29275
29276
29280
29283
29284
29285
29286
29287
29288
29290
29292
29294
29295
29297
29298
29299
29302
29303
29305
29306
29308
29310
29311
29312
29315
29317
29319
29321
29323
29324
29326
29327
29330
29332
29333
29340
29341
29343
29345
29349
29351
29355
29358
29359
29360
29363
29368
29370
29371
29372
29374
29376
29377
29378
29382
29386
29387
29389
29390
29393
29396
29397
29398
29400
29402
29404
29408
29409
29410
29413
29414
29417
29420
29421
29424
29426
29428
29429
29432
29434
29435
29436
29437
29440
29443
29448
29450
29453
29455
29456
29457
29460
29461
29462
29464
29465
29466
29468
29469
29470
29471
29473
29478
29480
29482
29483
29484
29492
29495
29497
29498
29499
29502
29504
29505
29507
29508
29510
29512
29513
29515
29516
29517
29519
29520
29521
29522
29523
29525
29526
29527
29529
29530
29531
29532
29533
29534
29537
29540
29541
29542
29544
29546
29547
29548
29551
29553
29554
29556
29557
29558
29561
29563
29566
29571
29572
29575
29576
29577
29579
29580
29582
29583
29586
29587
29588
29590
29591
29593
29595
29597
29598
29599
29600
29602
29604
29605
29606
29608
29610
29614
29616
29617
29619
29620
29621
29622
29623
29626
29627
29628
29629
29630
29632
29633
29635
29638
29639
29640
29642
29651
29653
29655
29656
29659
29660
29663
29664
29667
29668
29670
29671
29672
29673
29675
29676
29680
29681
29682
29684
29685
29686
29687
29689
29690
29692
29693
29695
29696
29697
29699
29700
29701
29702
29703
29704
29707
29711
29714
29715
29717
29720
29724
29726
29729
29732
29733
29742
29743
29750
29753
29754
29760
29763
29764
29769
29770
29771
29781
29782
29784
29792
29796
29802
29803
29811
29814
29815
29828
29830
29831
29833
29834
29835
29837
29838
29840
29847
29848
29849
29852
29853
29856
29857
29858
29859
29862
29864
29868
29870
29873
29879
29902
29903
29917
29931
29959
29965
29971
29977
29987
29992
29993
30002
30003
30005
30025
30035
30036
30039
30040
30048
30050
30051
30070
30075
30086
30089
30106
30107
30108
30116
30124
30139
30146
30147
30151
30155
30163
30172
30193
30194
30197
30211
30220
30226
30238
30240
30241
30247
30253
30256
30262
30267
30270
30276
30286
30287
30289
30296
30304
30327
30328
30335
30342
30343
30348
30354
30356
30366
30374
30377
30382
30386
30387
30388
30389
30390
30393
30394
30395
30396
30397
30398
30399
30400
30401
30403
30404
30405
30406
30407
30408
30409
30410
30411
30412
30413
30414
30415
30416
30417
30418
30419
30422
30423
30424
30425
30426
30428
30429
30430
30431
30434
30435
30436
30438
30440
30441
30442
30443
30444
30445
30446
30449
30450
30452
30453
30454
30456
30457
30458
30459
30461
30462
30463
30467
30468
30469
30471
30472
30473
30474
30479
30482
30483
30484
30485
30487
30488
30489
30490
30491
30492
30493
30494
30495
30496
30497
30499
30500
30501
30502
30503
30505
30506
30507
30508
30509
30510
30512
30513
30515
30516
30517
30518
30519
30521
30523
30526
30527
30528
30529
30530
30532
30534
30535
30536
30537
30542
30543
30544
30545
30546
30547
30548
30550
30551
30552
30553
30554
30556
30557
30560
30564
30565
30567
30569
30570
30572
30573
30574
30575
30577
30579
30580
30582
30583
30584
30585
30587
30588
30590
30591
30592
30594
30595
30596
30597
30598
30600
30602
30604
30605
30606
30608
30612
30613
30615
30616
30618
30620
30621
30622
30624
30626
30627
30628
30629
30631
30632
30634
30635
30636
30637
30638
30639
30640
30642
30643
30645
30646
30648
30650
30652
30655
30657
30661
30662
30663
30664
30665
30666
30668
30670
30673
30674
30675
30677
30678
30679
30681
30682
30684
30686
30689
30690
30691
30694
30695
30696
30697
30698
30699
30700
30701
30702
30705
30706
30707
30709
30710
30711
30712
30713
30714
30719
30720
30721
30723
30724
30725
30726
30729
30731
30735
30736
30737
30738
30739
30740
30741
30742
30743
30744
30745
30748
30749
30750
30753
30755
30757
30760
30763
30765
30766
30774
30778
30779
30780
30785
30786
30787
30790
30791
30792
30793
30794
30795
30796
30798
30799
30800
30805
30806
30808
30810
30812
30813
30814
30817
30820
30821
30825
30826
30827
30830
30832
30833
30834
30835
30837
30840
30841
30842
30843
30844
30847
30853
30854
30855
30856
30857
30858
30860
30861
30863
30865
30868
30869
30871
30872
30874
30876
30877
30883
30884
30886
30887
30889
30890
30891
30897
30899
30901
30904
30907
30911
30912
30917
30919
30921
30925
30926
30927
30928
30929
30933
30934
30935
30940
30941
30944
30946
30948
30949
30953
30956
30958
30960
30961
30964
30965
30970
30971
30974
30975
30977
30978
30979
30980
30982
30984
30991
30995
31001
31003
31004
31005
31006
31010
31011
31012
31013
31014
31017
31018
31020
31021
31023
31024
31025
31026
31028
31032
31033
31034
31035
31036
31038
31039
31040
31042
31043
31044
31045
31049
31050
31052
31054
31055
31056
31057
31058
31060
31065
31066
31069
31070
31071
31073
31075
31078
31080
31087
31090
31091
31092
31093
31094
31098
31102
31104
31105
31108
31110
31112
31115
31118
31122
31123
31125
31128
31130
31133
31134
31135
31138
31139
31140
31142
31143
31147
31148
31153
31157
31161
31162
31166
31167
31168
31170
31173
31176
31179
31181
31182
31186
31187
31188
31190
31191
31193
31194
31195
31198
31200
31203
31204
31206
31207
31209
31211
31213
31216
31217
31219
31220
31222
31223
31224
31225
31226
31227
31228
31230
31232
31234
31235
31236
31237
31238
31239
31240
31242
31243
31245
31246
31247
31248
31251
31252
31254
31255
31258
31259
31267
31270
31273
31274
31275
31276
31283
31285
31287
31288
31291
31292
31295
31297
31302
31303
31304
31305
31306
31307
31309
31311
31314
31315
31316
31318
31323
31324
31327
31333
31336
31338
31345
31347
31349
31350
31353
31354
31358
31359
31365
31368
31369
31370
31371
31376
31378
31379
31381
31382
31385
31387
31388
31393
31395
31398
31399
31402
31408
31409
31410
31412
31413
31415
31418
31419
31421
31423
31425
31427
31432
31434
31435
31437
31438
31440
31444
31445
31447
31449
31451
31456
31457
31459
31461
31462
31463
31471
31473
31474
31477
31478
31479
31480
31483
31488
31492
31494
31497
31498
31499
31500
31502
31503
31507
31510
31513
31516
31517
31519
31521
31522
31525
31529
31530
31531
31534
31536
31546
31551
31556
31559
31566
31570
31571
31578
31579
31582
31587
31589
31601
31602
31604
31606
31614
31616
31618
31619
31620
31622
31625
31627
31628
31636
31637
31638
31645
31647
31648
31649
31656
31657
31660
31664
31666
31667
31668
31670
31673
31678
31679
31680
31683
31686
31687
31689
31690
31692
31693
31703
31707
31709
31715
31724
31728
31730
31733
31737
31740
31741
31745
31746
31757
31758
31759
31766
31767
31769
31775
31776
31778
31779
31785
31791
31798
31799
31800
31801
31806
31809
31812
31814
31815
31819
31822
31824
31825
31831
31834
31835
31839
31842
31847
31848
31851
31855
31858
31864
31868
31873
31875
31876
31880
31882
31886
31893
31897
31907
31910
31913
31915
31920
31924
31928
31930
31935
31940
31942
31944
31945
31951
31953
31954
31956
31957
31960
31962
31964
31966
31967
31972
31973
31975
31976
31977
31978
31985
31986
31994
31995
31997
31999
32006
32008
32009
32011
32014
32021
32031
32032
32035
32037
32038
32039
32040
32041
32042
32043
32053
32056
32058
32059
32064
32068
32070
32072
32075
32081
32082
32087
32089
32093
32094
32095
32096
32099
32100
32103
32105
32106
32107
32109
32112
32113
32116
32117
32118
32119
32120
32121
32122
32126
32127
32128
32130
32132
32133
32134
32137
32138
32139
32140
32141
32142
32144
32145
32147
32148
32150
32151
32152
32153
32155
32156
32157
32159
32160
32161
32167
32169
32171
32173
32175
32176
32179
32186
32189
32191
32199
32200
32201
32203
32204
32205
32207
32208
32213
32215
32217
32218
32221
32223
32224
32226
32227
32230
32231
32232
32233
32234
32236
32237
32238
32239
32240
32241
32242
32243
32244
32245
32246
32247
32248
32249
32250
32254
32256
32257
32258
32260
32262
32264
32265
32266
32267
32268
32270
32273
32274
32277
32278
32279
32280
32281
32282
32283
32284
32285
32286
32287
32288
32290
32291
32292
32294
32296
32298
32299
32302
32303
32306
32307
32308
32309
32310
32311
32313
32314
32316
32317
32319
32320
32322
32323
32324
32327
32328
32330
32331
32332
32334
32335
32336
32338
32339
32340
32341
32343
32345
32348
32349
32351
32353
32355
32357
32358
32360
32362
32363
32365
32366
32367
32371
32373
32378
32380
32381
32382
32384
32385
32386
32387
32388
32389
32390
32392
32393
32394
32396
32397
32398
32399
32400
32401
32402
32403
32408
32409
32410
32412
32413
32414
32415
32416
32418
32420
32421
32422
32423
32424
32426
32428
32430
32433
32434
32437
32438
32439
32440
32441
32442
32443
32445
32447
32448
32449
32450
32451
32452
32453
32455
32457
32459
32460
32465
32472
32474
32475
32477
32479
32480
32481
32485
32486
32487
32488
32489
32490
32496
32497
32498
32500
32502
32503
32506
32507
32511
32512
32514
32515
32516
32518
32519
32520
32521
32523
32524
32525
32526
32527
32528
32531
32534
32535
32536
32537
32538
32540
32541
32542
32543
32545
32546
32548
32549
32551
32553
32554
32555
32557
32558
32560
32561
32562
32563
32564
32566
32567
32568
32569
32570
32571
32573
32574
32575
32577
32579
32583
32585
32587
32588
32590
32591
32593
32594
32595
32596
32597
32598
32600
32602
32604
32607
32609
32610
32614
32615
32616
32619
32620
32623
32624
32625
32626
32627
32629
32630
32631
32635
32637
32639
32640
32641
32643
32645
32646
32648
32649
32651
32652
32653
32654
32655
32657
32658
32659
32661
32662
32663
32665
32666
32667
32668
32669
32670
32671
32673
32674
32675
32677
32678
32682
32683
32686
32687
32688
32691
32692
32693
32694
32695
32697
32698
32699
32700
32701
32702
32703
32706
32707
32708
32710
32711
32713
32715
32718
32719
32721
32722
32723
32725
32727
32728
32730
32731
32732
32733
32734
32740
32745
32747
32748
32750
32751
32752
32754
32755
32757
32760
32764
32765
32766
32769
32770
32772
32773
32775
32779
32780
32782
32783
32784
32785
32790
32795
32796
32799
32801
32804
32805
32806
32807
32811
32814
32815
32818
32819
32820
32821
32822
32827
32831
32832
32835
32838
32839
32841
32843
32844
32848
32849
32850
32854
32861
32865
32866
32871
32874
32876
32877
32879
32880
32883
32884
32886
32887
32889
32891
32895
32898
32899
32904
32905
32906
32907
32910
32911
32912
32914
32920
32921
32923
32925
32926
32927
32929
32930
32933
32934
32940
32942
32950
32953
32955
32956
32958
32960
32962
32964
32965
32966
32967
32968
32969
32970
32971
32977
32980
32981
32986
32988
32991
32994
32995
32998
32999
33000
33002
33004
33005
33006
33007
33009
33012
33013
33016
33017
33019
33020
33022
33023
33024
33027
33029
33031
33032
33035
33037
33040
33044
33045
33047
33049
33050
33053
33057
33058
33059
33060
33063
33064
33066
33068
33070
33075
33076
33078
33081
33082
33083
33084
33087
33088
33094
33095
33097
33100
33101
33102
33104
33105
33106
33108
33110
33113
33115
33118
33119
33120
33122
33123
33125
33126
33128
33130
33134
33135
33136
33137
33138
33139
33140
33141
33147
33148
33150
33151
33153
33155
33158
33162
33164
33166
33167
33169
33170
33171
33175
33177
33178
33179
33180
33181
33182
33185
33186
33189
33193
33195
33196
33199
33200
33202
33203
33204
33205
33208
33209
33211
33212
33213
33214
33215
33217
33218
33219
33221
33222
33223
33224
33227
33229
33231
33234
33235
33236
33238
33241
33243
33244
33247
33248
33250
33252
33254
33255
33256
33257
33261
33262
33264
33265
33268
33269
33270
33271
33272
33273
33274
33275
33277
33278
33279
33280
33281
33282
33283
33284
33285
33286
33290
33291
33293
33296
33297
33300
33301
33302
33304
33305
33307
33310
33311
33312
33313
33314
33316
33317
33318
33319
33320
33324
33325
33326
33328
33329
33330
33335
33336
33337
33340
33341
33342
33343
33344
33346
33349
33350
33352
33354
33355
33356
33359
33361
33362
33365
33366
33367
33368
33369
33370
33371
33372
33373
33374
33377
33378
33379
33380
33382
33383
33384
33385
33386
33387
33388
33390
33393
33396
33397
33399
33400
33402
33403
33404
33405
33406
33407
33408
33412
33413
33415
33417
33418
33421
33422
33423
33424
33425
33428
33429
33430
33431
33432
33434
33435
33439
33440
33443
33445
33447
33448
33450
33451
33452
33453
33455
33456
33457
33458
33459
33460
33461
33464
33465
33468
33469
33470
33471
33483
33485
33488
33490
33491
33495
33496
33500
33501
33503
33512
33514
33516
33528
33532
33536
33537
33538
33539
33540
33541
33546
33549
33550
33552
33553
33557
33558
33560
33561
33563
33564
33566
33567
33568
33569
33570
33571
33573
33578
33580
33587
33588
33590
33592
33593
33594
33596
33602
33603
33608
33609
33611
33616
33618
33627
33632
33633
33640
33660
33662
33671
33672
33673
33684
33687
33688
33701
33710
33727
33736
33739
33740
33750
33763
33768
33770
33772
33779
33784
33796
33800
33803
33808
33814
33817
33824
33827
33828
33829
33835
33846
33850
33851
33855
33869
33879
33884
33887
33889
33914
33917
33925
33943
33947
33948
33951
33955
33957
33961
33962
33973
33980
33982
34003
34016
34018
34020
34028
34031
34033
34034
34035
34050
34055
34057
34062
34068
34069
34075
34080
34083
34094
34095
34099
34100
34101
34103
34104
34107
34108
34109
34112
34113
34114
34117
34119
34120
34121
34123
34125
34127
34129
34132
34133
34136
34137
34139
34140
34142
34143
34144
34145
34146
34147
34148
34149
34150
34151
34154
34155
34156
34157
34158
34159
34160
34161
34163
34164
34165
34166
34168
34169
34170
34173
34174
34175
34176
34177
34179
34180
34181
34183
34184
34185
34186
34188
34189
34190
34191
34192
34193
34194
34195
34196
34197
34199
34201
34202
34204
34205
34206
34207
34208
34211
34212
34213
34215
34217
34219
34220
34221
34222
34223
34224
34225
34226
34228
34230
34231
34232
34233
34235
34236
34237
34238
34240
34241
34243
34244
34245
34246
34247
34248
34249
34250
34252
34256
34257
34259
34260
34263
34264
34267
34270
34273
34274
34275
34276
34277
34278
34279
34280
34281
34284
34285
34286
34288
34289
34290
34292
34293
34294
34295
34296
34297
34298
34299
34301
34303
34304
34305
34306
34307
34309
34312
34314
34315
34316
34319
34320
34321
34322
34323
34326
34328
34329
34330
34333
34335
34336
34341
34342
34345
34347
34348
34349
34351
34352
34353
34354
34355
34357
34358
34359
34360
34361
34362
34364
34366
34367
34368
34369
34370
34372
34375
34378
34379
34380
34381
34383
34384
34385
34386
34387
34388
34389
34390
34391
34392
34394
34395
34396
34398
34399
34400
34401
34403
34404
34405
34408
34412
34413
34415
34416
34418
34419
34420
34421
34422
34423
34424
34425
34427
34428
34430
34432
34433
34438
34439
34441
34442
34443
34445
34447
34449
34450
34452
34453
34455
34456
34458
34459
34460
34464
34465
34466
34467
34468
34472
34475
34476
34479
34480
34482
34483
34484
34487
34488
34492
34493
34494
34497
34498
34499
34500
34502
34505
34507
34509
34510
34511
34512
34513
34514
34515
34516
34517
34518
34519
34523
34524
34527
34530
34531
34535
34536
34537
34538
34539
34540
34541
34542
34543
34544
34547
34549
34550
34551
34554
34555
34556
34557
34558
34560
34561
34562
34563
34565
34568
34570
34571
34574
34577
34579
34580
34584
34585
34586
34587
34588
34589
34590
34592
34594
34598
34603
34604
34605
34606
34607
34611
34612
34613
34616
34619
34621
34623
34624
34625
34626
34628
34629
34630
34632
34633
34634
34635
34636
34637
34638
34639
34640
34641
34642
34643
34644
34645
34649
34650
34653
34654
34658
34660
34661
34662
34663
34664
34665
34666
34670
34672
34673
34674
34675
34678
34679
34681
34682
34684
34685
34686
34690
34691
34692
34693
34694
34698
34699
34700
34701
34702
34703
34704
34705
34706
34710
34713
34714
34715
34718
34719
34720
34721
34722
34726
34727
34729
34732
34733
34734
34735
34736
34738
34740
34745
34746
34747
34749
34751
34752
34756
34757
34758
34761
34762
34763
34764
34765
34766
34769
34770
34772
34775
34778
34782
34783
34785
34786
34790
34794
34795
34796
34798
34800
34801
34802
34803
34804
34805
34806
34807
34808
34816
34817
34818
34821
34822
34823
34824
34825
34826
34827
34828
34829
34831
34832
34834
34837
34839
34840
34841
34842
34844
34845
34847
34849
34850
34851
34852
34853
34856
34857
34860
34861
34862
34865
34867
34868
34869
34872
34874
34875
34876
34877
34879
34882
34883
34884
34887
34890
34891
34893
34894
34900
34901
34902
34903
34904
34906
34908
34909
34910
34911
34913
34914
34918
34920
34924
34927
34928
34933
34934
34936
34937
34939
34942
34944
34946
34947
34950
34952
34953
34955
34956
34958
34959
34960
34961
34962
34965
34966
34967
34968
34969
34971
34973
34975
34977
34978
34981
34985
34986
34987
34988
34989
34990
34992
34993
34994
34995
34996
34997
34999
35001
35003
35005
35006
35008
35010
35011
35015
35016
35018
35019
35020
35021
35022
35023
35024
35025
35028
35030
35032
35034
35039
35040
35043
35047
35049
35052
35056
35058
35060
35061
35063
35065
35068
35069
35070
35071
35073
35075
35077
35079
35082
35083
35084
35085
35087
35088
35091
35094
35096
35104
35106
35107
35108
35109
35110
35113
35116
35117
35119
35120
35122
35125
35126
35127
35130
35131
35133
35134
35135
35137
35139
35141
35146
35148
35149
35150
35151
35152
35153
35154
35155
35156
35160
35162
35164
35167
35168
35170
35171
35172
35173
35175
35176
35177
35179
35181
35182
35183
35186
35187
35188
35189
35192
35193
35194
35197
35202
35203
35206
35207
35209
35211
35212
35215
35216
35217
35218
35219
35221
35222
35224
35227
35229
35230
35231
35233
35234
35235
35236
35238
35239
35243
35245
35248
35250
35252
35254
35256
35257
35258
35260
35261
35262
35264
35269
35270
35271
35272
35273
35275
35277
35278
35279
35281
35283
35285
35286
35290
35293
35295
35297
35308
35310
35314
35315
35316
35317
35320
35321
35322
35328
35330
35333
35334
35336
35338
35339
35342
35349
35351
35352
35354
35357
35358
35360
35362
35363
35369
35370
35374
35375
35377
35378
35380
35382
35383
35387
35392
35393
35395
35397
35399
35404
35413
35415
35416
35417
35418
35419
35421
35422
35423
35429
35432
35433
35436
35438
35439
35441
35447
35450
35451
35459
35461
35462
35464
35465
35470
35471
35472
35473
35474
35476
35481
35483
35484
35485
35486
35487
35489
35490
35493
35499
35500
35501
35504
35505
35506
35509
35513
35514
35515
35519
35520
35521
35523
35524
35526
35527
35528
35529
35530
35531
35532
35534
35536
35538
35539
35542
35544
35545
35547
35548
35549
35552
35553
35554
35560
35561
35562
35563
35565
35566
35567
35568
35570
35573
35576
35578
35579
35582
35583
35585
35587
35589
35590
35591
35592
35594
35595
35596
35597
35598
35600
35601
35603
35604
35608
35609
35611
35614
35616
35618
35622
35626
35627
35628
35629
35632
35633
35637
35638
35642
35644
35646
35649
35652
35654
35655
35660
35666
35667
35668
35669
35670
35671
35673
35674
35675
35677
35678
35679
35681
35689
35690
35692
35695
35696
35701
35702
35703
35706
35708
35709
35711
35712
35714
35715
35716
35717
35719
35720
35721
35723
35724
35728
35729
35737
35738
35740
35741
35744
35745
35746
35749
35751
35752
35755
35756
35759
35767
35770
35772
35773
35776
35777
35778
35781
35782
35784
35787
35788
35789
35790
35791
35793
35794
35795
35796
35797
35798
35801
35802
35807
35813
35814
35817
35818
35820
35821
35824
35827
35831
35832
35833
35834
35835
35836
35840
35842
35844
35847
35848
35849
35851
35852
35853
35855
35856
35857
35858
35860
35864
35865
35869
35870
35876
35879
35881
35885
35887
35889
35891
35896
35898
35899
35900
35902
35903
35905
35907
35908
35909
35910
35911
35912
35913
35914
35915
35916
35917
35918
35919
35920
35921
35924
35925
35926
35927
35928
35929
35930
35931
35934
35935
35937
35938
35940
35941
35942
35943
35945
35946
35947
35948
35949
35950
35951
35952
35954
35955
35956
35958
35959
35960
35961
35964
35965
35967
35968
35969
35972
35974
35977
35979
35980
35982
35985
35986
35987
35988
35989
35991
35992
35993
35994
35995
35996
35997
35999
36000
36001
36002
36003
36004
36005
36007
36009
36010
36011
36012
36014
36016
36017
36018
36020
36021
36022
36023
36024
36025
36026
36027
36028
36030
36031
36033
36034
36036
36037
36040
36041
36042
36043
36044
36045
36046
36048
36050
36053
36056
36057
36058
36059
36061
36062
36065
36066
36067
36068
36070
36074
36077
36078
36079
36080
36081
36082
36083
36085
36087
36089
36092
36093
36094
36098
36101
36102
36103
36104
36105
36106
36107
36108
36110
36111
36112
36113
36115
36117
36118
36121
36122
36123
36124
36126
36127
36128
36130
36131
36133
36134
36135
36137
36138
36140
36142
36144
36146
36147
36149
36150
36151
36152
36154
36155
36157
36159
36160
36161
36162
36163
36165
36166
36168
36170
36173
36175
36181
36182
36184
36185
36186
36188
36189
36190
36191
36193
36194
36195
36199
36200
36205
36206
36207
36208
36209
36212
36213
36214
36215
36217
36218
36220
36221
36223
36225
36226
36230
36231
36232
36234
36235
36237
36238
36239
36240
36241
36242
36243
36244
36245
36247
36248
36251
36252
36254
36255
36256
36257
36258
36259
36261
36262
36263
36264
36265
36267
36268
36269
36270
36271
36272
36275
36278
36279
36280
36281
36282
36283
36284
36285
36287
36288
36289
36291
36292
36293
36294
36295
36297
36300
36302
36307
36310
36312
36313
36314
36316
36317
36318
36320
36321
36322
36323
36324
36328
36329
36333
36335
36338
36339
36340
36341
36343
36344
36346
36349
36352
36354
36358
36361
36364
36366
36367
36368
36369
36372
36374
36375
36376
36379
36380
36382
36383
36385
36386
36387
36388
36391
36392
36396
36397
36398
36399
36400
36401
36402
36403
36404
36405
36406
36407
36409
36410
36412
36413
36414
36415
36417
36418
36419
36420
36421
36422
36424
36425
36426
36428
36429
36430
36431
36434
36436
36437
36438
36444
36446
36447
36448
36449
36450
36451
36455
36457
36458
36459
36461
36462
36463
36464
36465
36466
36468
36471
36474
36475
36479
36481
36483
36484
36487
36489
36490
36493
36494
36495
36499
36501
36502
36503
36507
36509
36510
36512
36513
36514
36520
36525
36526
36527
36528
36529
36530
36532
36534
36535
36536
36541
36544
36545
36546
36548
36549
36551
36552
36553
36554
36555
36556
36557
36558
36560
36563
36564
36569
36574
36575
36576
36578
36579
36580
36581
36582
36584
36585
36587
36593
36598
36600
36601
36602
36605
36606
36607
36608
36611
36612
36613
36615
36616
36618
36619
36621
36622
36625
36626
36627
36630
36631
36634
36635
36636
36637
36638
36639
36640
36645
36646
36648
36649
36651
36652
36653
36658
36664
36666
36668
36669
36670
36671
36674
36675
36677
36680
36682
36684
36685
36686
36688
36689
36691
36692
36694
36695
36697
36700
36702
36703
36704
36705
36708
36711
36712
36713
36714
36715
36716
36717
36718
36720
36722
36723
36725
36727
36728
36729
36730
36731
36732
36733
36734
36735
36736
36738
36740
36741
36742
36743
36744
36745
36747
36749
36750
36753
36754
36755
36756
36759
36760
36762
36763
36764
36766
36767
36768
36771
36773
36774
36775
36776
36777
36779
36780
36783
36784
36786
36787
36789
36791
36792
36796
36799
36801
36804
36805
36806
36807
36808
36809
36810
36811
36814
36815
36820
36823
36824
36826
36829
36830
36832
36833
36834
36836
36837
36838
36839
36840
36842
36843
36844
36846
36847
36849
36850
36851
36852
36853
36854
36855
36856
36857
36859
36860
36861
36862
36864
36865
36868
36869
36872
36875
36876
36878
36879
36880
36883
36886
36888
36889
36892
36893
36894
36896
36899
36903
36905
36907
36908
36912
36913
36916
36917
36918
36919
36921
36922
36923
36924
36926
36927
36928
36929
36932
36933
36934
36935
36938
36940
36943
36945
36946
36947
36948
36949
36950
36952
36955
36956
36958
36959
36960
36961
36962
36963
36965
36966
36968
36970
36972
36974
36976
36978
36979
36981
36982
36983
36984
36985
36986
36987
36988
36989
36990
36991
36992
36994
36996
37000
37001
37002
37004
37006
37007
37008
37009
37010
37014
37015
37016
37017
37018
37019
37020
37021
37025
37026
37027
37028
37031
37032
37033
37035
37036
37038
37039
37041
37042
37043
37045
37046
37047
37048
37049
37050
37052
37054
37055
37056
37057
37058
37059
37061
37063
37064
37066
37068
37069
37070
37075
37077
37078
37079
37081
37082
37083
37084
37085
37086
37087
37088
37089
37092
37093
37095
37096
37097
37098
37100
37101
37102
37103
37104
37105
37107
37108
37110
37113
37114
37116
37117
37118
37119
37120
37121
37122
37123
37124
37126
37127
37128
37129
37130
37131
37132
37134
37135
37136
37137
