0
8
10
14
16
19
20
24
26
31
37
38
41
46
53
56
57
59
62
64
65
66
69
72
75
76
79
80
90
96
97
98
100
101
102
105
109
114
115
116
118
122
124
130
133
135
137
139
140
141
143
144
145
148
155
156
157
158
163
165
167
169
170
172
177
179
183
185
188
190
206
208
214
216
217
226
227
230
234
240
242
248
250
257
261
262
264
265
273
274
283
294
296
299
300
319
322
334
337
339
340
342
346
352
355
356
362
369
370
375
377
379
380
383
384
388
392
393
394
397
398
399
401
402
403
410
412
416
421
425
427
433
434
442
444
453
458
462
464
466
467
485
489
492
498
499
500
502
506
517
524
528
529
531
533
535
537
540
544
549
551
552
566
568
573
575
576
580
583
587
588
592
597
598
602
605
610
620
629
630
632
633
634
643
644
649
651
654
662
668
671
674
675
676
678
679
680
681
682
684
685
686
687
688
689
690
691
692
693
694
695
697
698
699
700
701
702
704
705
706
707
708
709
710
711
712
713
714
715
716
717
718
721
722
723
724
725
726
727
728
729
730
731
732
733
734
735
740
741
742
744
745
746
747
751
755
757
758
759
760
762
767
768
769
770
771
773
775
777
778
779
780
782
783
784
785
788
789
790
791
792
793
795
796
797
800
801
802
804
807
808
810
811
812
813
814
815
818
820
821
823
824
829
830
832
835
836
839
840
841
842
846
849
850
852
853
855
858
859
860
861
862
863
865
866
867
870
871
875
881
882
884
887
888
890
892
893
894
895
896
898
901
903
904
908
909
910
911
914
915
916
917
918
919
923
926
928
930
931
932
933
935
938
939
940
941
942
945
946
953
955
956
957
958
959
960
962
964
966
971
974
976
979
982
984
985
986
987
988
989
990
991
993
994
995
999
1000
1001
1002
1004
1006
1007
1008
1009
1011
1012
1013
1014
1015
1016
1017
1018
1020
1023
1026
1028
1029
1033
1036
1037
1040
1042
1043
1045
1049
1051
1053
1055
1056
1058
1061
1062
1064
1066
1067
1068
1071
1072
1075
1077
1079
1081
1082
1084
1085
1086
1087
1088
1091
1092
1093
1094
1098
1099
1100
1101
1103
1104
1105
1108
1109
1110
1112
1113
1118
1119
1121
1123
1124
1128
1129
1131
1132
1133
1134
1136
1138
1142
1143
1144
1145
1146
1147
1149
1150
1152
1153
1157
1162
1163
1164
1166
1167
1168
1175
1176
1178
1183
1184
1186
1191
1192
1193
1194
1197
1198
1201
1203
1207
1208
1209
1210
1212
1214
1217
1219
1221
1223
1228
1230
1239
1240
1241
1250
1253
1255
1261
1262
1263
1264
1266
1268
1271
1272
1273
1275
1278
1279
1280
1281
1286
1287
1289
1290
1291
1294
1295
1296
1297
1300
1302
1303
1304
1306
1309
1311
1312
1316
1319
1321
1322
1323
1324
1325
1326
1327
1328
1330
1332
1334
1335
1343
1345
1347
1349
1352
1358
1359
1361
1362
1364
1365
1368
1373
1374
1375
1376
1377
1378
1379
1380
1381
1382
1383
1386
1388
1390
1392
1393
1394
1398
1399
1403
1404
1405
1406
1408
1410
1416
1418
1423
1424
1425
1426
1428
1429
1433
1436
1437
1439
1440
1442
1444
1445
1446
1448
1455
1457
1458
1461
1462
1465
1466
1471
1473
1477
1478
1482
1485
1486
1488
1489
1490
1494
1495
1497
1499
1501
1502
1503
1504
1507
1512
1513
1514
1516
1517
1519
1520
1522
1523
1524
1529
1530
1532
1533
1535
1536
1540
1541
1546
1548
1551
1552
1554
1555
1558
1559
1563
1564
1566
1568
1569
1570
1572
1574
1575
1576
1579
1580
1583
1585
1586
1590
1593
1595
1596
1599
1603
1605
1606
1607
1610
1612
1613
1615
1616
1617
1621
1623
1626
1627
1628
1630
1633
1636
1637
1642
1643
1644
1648
1651
1653
1659
1663
1664
1665
1668
1669
1672
1673
1676
1679
1682
1685
1686
1687
1688
1690
1692
1694
1698
1699
1700
1703
1709
1710
1711
1714
1718
1722
1723
1724
1725
1726
1727
1729
1731
1732
1733
1737
1739
1741
1744
1746
1747
1748
1749
1750
1752
1760
1762
1766
1767
1769
1772
1776
1779
1783
1785
1787
1788
1789
1792
1794
1795
1798
1803
1805
1809
1811
1813
1819
1820
1822
1824
1826
1830
1834
1836
1839
1842
1843
1845
1846
1847
1848
1851
1852
1853
1855
1858
1860
1862
1866
1869
1871
1873
1882
1883
1887
1888
1890
1894
1896
1899
1904
1905
1906
1907
1908
1909
1910
1913
1916
1918
1922
1928
1932
1934
1937
1938
1940
1943
1944
1946
1948
1950
1951
1955
1956
1960
1961
1962
1964
1965
1966
1967
1971
1973
1974
1978
1981
1997
2000
2007
2010
2012
2013
2015
2016
2017
2023
2025
2026
2029
2032
2034
2038
2039
2046
2047
2052
2055
2066
2067
2068
2071
2073
2074
2079
2080
2084
2085
2087
2088
2093
2094
2096
2100
2108
2110
2112
2114
2116
2125
2126
2127
2130
2132
2135
2138
2140
2141
2146
2150
2156
2157
2158
2159
2161
2165
2166
2169
2171
2172
2174
2176
2178
2182
2183
2185
2189
2192
2193
2201
2203
2205
2206
2211
2213
2215
2216
2218
2219
2220
2221
2222
2225
2226
2230
2241
2243
2244
2247
2248
2254
2255
2258
2259
2261
2264
2266
2267
2268
2279
2282
2286
2287
2293
2294
2298
2302
2304
2307
2309
2318
2319
2320
2325
2327
2328
2329
2332
2337
2339
2347
2351
2352
2355
2356
2357
2359
2361
2362
2364
2365
2368
2371
2374
2376
2377
2379
2381
2382
2383
2387
2388
2389
2390
2391
2393
2394
2396
2397
2400
2401
2403
2406
2407
2412
2415
2418
2420
2422
2424
2425
2426
2427
2428
2430
2433
2435
2438
2442
2444
2445
2450
2451
2454
2457
2461
2466
2473
2474
2475
2476
2477
2480
2481
2484
2486
2487
2488
2489
2490
2491
2492
2493
2494
2495
2496
2498
2499
2500
2501
2502
2503
2504
2505
2506
2507
2508
2509
2510
2512
2513
2514
2515
2517
2518
2519
2520
2521
2522
2525
2526
2527
2528
2529
2530
2531
2532
2533
2534
2535
2536
2537
2538
2539
2540
2541
2542
2543
2544
2546
2547
2549
2550
2552
2553
2554
2555
2556
2558
2559
2560
2561
2562
2564
2565
2566
2567
2568
2569
2570
2571
2573
2574
2576
2577
2578
2579
2580
2581
2583
2584
2585
2588
2589
2590
2591
2593
2594
2595
2596
2597
2598
2599
2601
2602
2604
2607
2608
2610
2611
2612
2613
2614
2615
2616
2617
2618
2619
2620
2623
2624
2625
2626
2627
2628
2629
2630
2631
2633
2634
2635
2636
2637
2638
2639
2641
2642
2643
2644
2645
2646
2647
2650
2651
2652
2653
2654
2655
2656
2658
2661
2663
2664
2666
2668
2669
2670
2671
2672
2674
2675
2676
2677
2678
2679
2681
2682
2684
2685
2686
2687
2689
2690
2691
2692
2693
2694
2696
2697
2698
2699
2700
2701
2703
2706
2708
2709
2710
2711
2712
2716
2717
2718
2719
2720
2721
2722
2723
2724
2725
2727
2728
2729
2730
2731
2732
2733
2734
2735
2736
2737
2738
2740
2744
2745
2746
2748
2753
2755
2756
2758
2760
2761
2762
2763
2764
2765
2766
2769
2770
2771
2773
2774
2776
2777
2778
2779
2781
2782
2784
2786
2787
2791
2792
2793
2794
2795
2796
2798
2800
2802
2803
2806
2809
2811
2816
2819
2820
2821
2822
2824
2825
2826
2829
2830
2831
2832
2833
2836
2837
2838
2839
2841
2842
2843
2846
2847
2849
2850
2852
2853
2854
2855
2859
2862
2865
2867
2868
2870
2871
2872
2873
2874
2875
2877
2878
2880
2881
2882
2883
2885
2886
2887
2888
2890
2893
2894
2895
2896
2897
2898
2901
2903
2904
2906
2907
2911
2913
2914
2915
2916
2917
2919
2920
2923
2925
2928
2930
2931
2932
2933
2936
2937
2938
2939
2940
2941
2942
2943
2946
2947
2948
2949
2950
2951
2953
2954
2957
2959
2961
2962
2963
2968
2970
2975
2980
2981
2983
2986
2987
2988
2989
2992
2993
3002
3003
3004
3008
3009
3010
3011
3015
3016
3018
3019
3021
3022
3023
3025
3027
3030
3032
3033
3035
3037
3038
3039
3040
3046
3047
3048
3049
3050
3051
3052
3055
3062
3063
3066
3069
3070
3076
3078
3081
3083
3085
3088
3090
3094
3098
3099
3101
3102
3107
3111
3118
3119
3120
3121
3122
3123
3124
3127
3129
3134
3138
3149
3152
3153
3154
3157
3162
3163
3164
3166
3171
3172
3173
3174
3175
3178
3180
3182
3184
3189
3190
3192
3194
3195
3197
3199
3200
3201
3202
3205
3208
3210
3211
3212
3218
3219
3221
3226
3230
3231
3232
3234
3235
3236
3239
3241
3242
3243
3247
3250
3252
3253
3254
3257
3258
3261
3262
3263
3265
3268
3269
3271
3274
3276
3277
3278
3281
3282
3285
3286
3287
3288
3289
3290
3291
3292
3293
3296
3297
3298
3300
3301
3302
3303
3306
3307
3312
3315
3316
3317
3318
3319
3320
3321
3322
3323
3324
3325
3327
3328
3331
3337
3338
3340
3343
3349
3351
3352
3354
3357
3358
3360
3361
3362
3364
3365
3366
3370
3371
3373
3375
3376
3378
3379
3380
3382
3385
3387
3388
3389
3393
3394
3395
3397
3398
3400
3404
3405
3406
3408
3413
3414
3417
3418
3419
3421
3422
3423
3424
3425
3426
3427
3428
3430
3434
3435
3436
3437
3438
3439
3442
3443
3444
3446
3447
3450
3453
3454
3457
3458
3459
3460
3462
3463
3466
3467
3468
3470
3472
3473
3483
3485
3486
3487
3488
3491
3492
3495
3496
3497
3498
3501
3502
3503
3505
3506
3507
3508
3509
3510
3512
3514
3517
3519
3520
3521
3524
3526
3530
3531
3532
3534
3535
3539
3540
3544
3545
3547
3548
3549
3550
3553
3555
3556
3558
3559
3560
3561
3562
3564
3565
3567
3568
3569
3570
3571
3572
3573
3574
3578
3580
3581
3582
3584
3588
3589
3591
3592
3593
3594
3595
3596
3597
3599
3600
3602
3603
3604
3605
3606
3607
3608
3609
3610
3612
3613
3614
3617
3618
3619
3621
3622
3623
3625
3626
3627
3629
3631
3632
3633
3634
3637
3639
3640
3641
3643
3644
3647
3650
3652
3653
3654
3655
3656
3657
3658
3659
3661
3662
3666
3667
3669
3670
3671
3672
3674
3675
3676
3679
3680
3682
3684
3685
3688
3690
3691
3692
3694
3696
3697
3698
3699
3700
3701
3702
3703
3705
3706
3707
3708
3709
3710
3713
3714
3716
3724
3726
3728
3732
3733
3734
3737
3746
3751
3752
3753
3758
3762
3764
3765
3768
3769
3770
3772
3773
3774
3777
3778
3781
3783
3784
3789
3792
3793
3794
3795
3801
3803
3808
3819
3821
3822
3824
3825
3828
3829
3832
3834
3837
3840
3847
3849
3852
3854
3855
3857
3858
3859
3862
3871
3872
3873
3875
3876
3877
3880
3882
3884
3886
3893
3896
3897
3899
3900
3903
3906
3911
3921
3926
3933
3940
3951
3954
3957
3958
3961
3962
3968
3970
3972
3974
3975
3976
3982
3988
3993
4010
4019
4021
4024
4033
4040
4041
4046
4051
4052
4056
4057
4063
4068
4069
4070
4071
4074
4081
4082
4083
4084
4096
4100
4105
4106
4108
4109
4112
4117
4124
4125
4128
4129
4130
4132
4133
4135
4138
4139
4141
4146
4147
4151
4154
4156
4157
4165
4167
4176
4180
4182
4183
4185
4194
4202
4205
4207
4211
4213
4222
4223
4225
4235
4238
4239
4240
4241
4242
4248
4251
4253
4258
4271
4273
4278
4279
4282
4284
4289
4293
4294
4295
4302
4307
4313
4316
4325
4328
4330
4331
4334
4336
4337
4338
4339
4341
4343
4345
4346
4354
4355
4356
4358
4360
4362
4365
4367
4373
4375
4382
4384
4387
4388
4389
4391
4392
4393
4394
4395
4396
4397
4398
4399
4400
4401
4402
4403
4404
4405
4406
4407
4408
4409
4410
4411
4412
4413
4414
4415
4416
4417
4419
4420
4421
4422
4423
4424
4425
4426
4427
4428
4429
4430
4432
4435
4436
4441
4442
4445
4446
4448
4452
4454
4455
4456
4457
4459
4462
4463
4464
4467
4469
4471
4472
4473
4476
4477
4478
4479
4480
4481
4482
4483
4484
4485
4486
4487
4490
4492
4493
4495
4496
4497
4498
4499
4500
4501
4502
4503
4505
4507
4509
4510
4511
4512
4514
4515
4517
4520
4521
4523
4525
4526
4529
4531
4532
4533
4534
4535
4537
4538
4544
4545
4546
4547
4548
4549
4550
4551
4553
4554
4556
4557
4560
4562
4563
4564
4565
4566
4569
4570
4572
4573
4575
4576
4577
4579
4583
4584
4588
4589
4590
4593
4594
4597
4598
4602
4603
4604
4605
4606
4607
4611
4612
4615
4619
4620
4621
4623
4627
4628
4630
4632
4633
4637
4639
4640
4641
4644
4645
4647
4648
4652
4653
4654
4655
4656
4659
4660
4664
4665
4670
4671
4672
4673
4674
4675
4679
4680
4681
4683
4685
4686
4691
4693
4695
4696
4698
4699
4700
4701
4702
4703
4705
4708
4709
4711
4714
4715
4716
4717
4718
4721
4722
4724
4727
4728
4729
4731
4733
4734
4738
4740
4741
4746
4751
4753
4755
4756
4759
4762
4764
4765
4767
4768
4770
4772
4774
4775
4776
4777
4778
4780
4781
4783
4785
4786
4788
4790
4792
4793
4794
4795
4796
4798
4800
4801
4802
4803
4804
4805
4807
4809
4811
4812
4814
4815
4816
4817
4819
4821
4823
4825
4826
4827
4828
4830
4832
4835
4837
4838
4839
4840
4843
4844
4845
4846
4847
4848
4853
4859
4861
4862
4863
4864
4865
4866
4868
4871
4873
4875
4876
4877
4878
4881
4883
4884
4885
4886
4888
4889
4890
4891
4892
4895
4897
4898
4899
4900
4905
4907
4908
4910
4913
4914
4915
4916
4918
4921
4925
4934
4935
4936
4938
4941
4943
4944
4945
4948
4953
4954
4955
4956
4957
4958
4960
4963
4964
4966
4967
4970
4972
4973
4974
4975
4978
4980
4981
4982
4984
4985
4986
4990
4991
4993
4995
5000
5001
5005
5008
5013
5015
5017
5024
5026
5028
5029
5033
5034
5035
5038
5039
5041
5042
5044
5048
5049
5051
5054
5059
5062
5063
5064
5065
5070
5071
5072
5073
5077
5078
5080
5084
5085
5087
5088
5089
5090
5093
5094
5095
5096
5100
5102
5104
5107
5108
5112
5114
5116
5117
5118
5122
5124
5125
5130
5136
5142
5143
5145
5146
5147
5148
5150
5151
5153
5155
5157
5159
5160
5161
5162
5167
5168
5171
5172
5173
5175
5176
5179
5180
5182
5183
5184
5186
5188
5189
5192
5193
5196
5200
5202
5203
5204
5206
5208
5209
5210
5211
5213
5215
5216
5218
5220
5221
5226
5227
5230
5233
5234
5236
5237
5243
5244
5245
5246
5247
5249
5250
5252
5254
5255
5256
5257
5258
5261
5265
5268
5269
5271
5273
5274
5277
5278
5280
5281
5283
5286
5287
5290
5291
5293
5294
5297
5300
5303
5304
5307
5311
5312
5313
5316
5320
5321
5322
5327
5328
5329
5332
5333
5334
5337
5338
5341
5343
5344
5345
5348
5350
5356
5360
5361
5362
5363
5365
5367
5371
5376
5377
5379
5384
5386
5387
5389
5390
5391
5393
5396
5397
5399
5400
5401
5402
5404
5405
5407
5412
5414
5415
5417
5419
5420
5422
5423
5424
5433
5434
5435
5437
5439
5440
5442
5443
5446
5447
5451
5455
5456
5459
5460
5465
5466
5470
5473
5474
5475
5476
5477
5479
5480
5481
5482
5483
5488
5490
5496
5497
5504
5505
5509
5510
5512
5515
5519
5521
5523
5525
5527
5529
5534
5535
5539
5543
5544
5546
5548
5551
5552
5553
5556
5561
5562
5565
5567
5568
5569
5570
5572
5575
5579
5581
5582
5583
5586
5587
5590
5591
5595
5596
5599
5601
5603
5604
5606
5608
5618
5619
5620
5622
5623
5624
5626
5628
5630
5636
5637
5642
5643
5651
5654
5658
5661
5662
5664
5666
5670
5671
5675
5676
5677
5680
5684
5685
5687
5689
5692
5694
5695
5698
5700
5704
5709
5716
5717
5721
5722
5723
5724
5726
5727
5729
5730
5732
5735
5737
5739
5740
5743
5746
5747
5751
5752
5753
5754
5755
5759
5760
5761
5762
5764
5766
5769
5771
5775
5777
5783
5787
5790
5794
5795
5796
5799
5802
5803
5804
5805
5811
5812
5816
5822
5826
5829
5830
5839
5845
5847
5848
5849
5850
5853
5855
5857
5858
5859
5860
5864
5866
5867
5868
5873
5875
5877
5878
5879
5880
5882
5884
5885
5886
5889
5891
5892
5899
5900
5901
5902
5903
5914
5915
5920
5922
5923
5925
5927
5928
5932
5933
5937
5938
5939
5941
5944
5951
5952
5954
5955
5956
5958
5962
5965
5967
5968
5969
5972
5974
5977
5984
5985
5987
5988
5989
5996
5997
6000
6002
6003
6004
6012
6017
6025
6026
6028
6033
6034
6039
6041
6043
6048
6052
6054
6055
6056
6057
6065
6066
6069
6070
6071
6072
6073
6074
6075
6078
6079
6080
6081
6082
6084
6085
6086
6088
6091
6095
6096
6098
6101
6102
6104
6105
6108
6110
6111
6114
6115
6117
6118
6120
6121
6124
6126
6130
6132
6134
6135
6136
6138
6142
6144
6145
6146
6147
6148
6149
6152
6156
6157
6158
6159
6160
6162
6165
6166
6168
6169
6170
6171
6175
6176
6184
6185
6188
6189
6190
6191
6193
6195
6200
6201
6202
6203
6204
6205
6206
6207
6208
6209
6213
6214
6216
6217
6218
6219
6220
6224
6225
6226
6227
6228
6229
6230
6231
6232
6234
6235
6236
6237
6238
6239
6240
6242
6243
6244
6245
6246
6247
6248
6250
6251
6252
6253
6255
6256
6257
6259
6260
6261
6262
6263
6264
6265
6266
6267
6268
6269
6271
6272
6273
6274
6275
6276
6277
6278
6279
6280
6282
6283
6284
6285
6286
6287
6289
6290
6291
6292
6293
6294
6295
6296
6297
6298
6299
6300
6301
6302
6303
6304
6305
6308
6309
6310
6311
6312
6313
6315
6316
6318
6319
6321
6324
6327
6328
6329
6330
6332
6333
6334
6335
6337
6338
6340
6341
6342
6343
6345
6347
6348
6349
6350
6351
6352
6353
6354
6355
6356
6357
6358
6359
6361
6362
6365
6366
6367
6368
6369
6370
6371
6372
6373
6374
6375
6380
6382
6383
6384
6386
6388
6389
6390
6391
6392
6393
6395
6398
6399
6400
6401
6402
6403
6404
6405
6406
6407
6411
6412
6413
6414
6415
6417
6419
6420
6422
6425
6426
6427
6430
6431
6432
6433
6434
6435
6436
6437
6438
6439
6443
6444
6445
6447
6450
6452
6453
6454
6456
6458
6459
6460
6461
6462
6463
6465
6467
6469
6471
6473
6474
6476
6478
6479
6480
6481
6483
6486
6487
6488
6490
6491
6492
6495
6496
6498
6500
6501
6502
6503
6504
6506
6507
6509
6511
6512
6513
6514
6516
6518
6523
6527
6528
6529
6530
6532
6533
6535
6536
6537
6538
6539
6540
6543
6544
6547
6550
6551
6552
6555
6556
6560
6561
6562
6563
6564
6566
6567
6568
6569
6573
6576
6580
6582
6584
6585
6587
6588
6590
6591
6597
6598
6599
6600
6601
6602
6604
6605
6608
6609
6611
6612
6616
6618
6619
6621
6625
6628
6629
6631
6632
6633
6637
6639
6640
6642
6649
6651
6652
6654
6656
6657
6658
6659
6661
6662
6663
6668
6673
6674
6675
6676
6678
6680
6681
6682
6683
6684
6685
6686
6687
6688
6689
6690
6693
6694
6695
6698
6700
6702
6703
6704
6705
6706
6707
6708
6709
6712
6713
6714
6715
6717
6720
6723
6724
6727
6730
6731
6732
6736
6737
6739
6741
6743
6744
6746
6747
6750
6751
6752
6754
6756
6762
6764
6766
6768
6769
6771
6773
6775
6777
6781
6782
6784
6789
6790
6797
6798
6800
6801
6803
6804
6808
6815
6818
6820
6822
6825
6826
6829
6834
6837
6841
6842
6848
6851
6859
6860
6862
6864
6868
6871
6876
6878
6882
6884
6889
6893
6896
6897
6899
6901
6905
6906
6909
6913
6914
6915
6918
6920
6924
6925
6926
6927
6933
6936
6937
6939
6943
6944
6949
6950
6953
6954
6959
6964
6965
6967
6968
6970
6971
6972
6974
6978
6979
6980
6986
6988
6989
6990
6991
6992
6993
6994
6995
6996
7000
7001
7002
7005
7006
7008
7012
7013
7016
7021
7025
7026
7029
7030
7031
7032
7037
7038
7039
7043
7045
7048
7051
7052
7055
7060
7061
7063
7064
7065
7067
7075
7076
7078
7086
7089
7091
7094
7098
7099
7102
7103
7105
7106
7107
7108
7109
7110
7111
7113
7117
7119
7120
7125
7128
7129
7130
7132
7133
7134
7137
7138
7139
7140
7141
7144
7145
7147
7148
7149
7150
7152
7153
7156
7160
7162
7163
7164
7166
7168
7171
7172
7173
7177
7178
7180
7181
7182
7186
7187
7188
7191
7195
7200
7205
7206
7207
7208
7209
7210
7211
7214
7215
7217
7219
7220
7222
7224
7228
7231
7233
7234
7235
7238
7240
7243
7244
7245
7246
7248
7249
7251
7254
7258
7259
7260
7262
7263
7264
7267
7268
7269
7270
7271
7274
7275
7276
7279
7280
7281
7283
7284
7285
7286
7287
7288
7292
7295
7296
7299
7300
7302
7303
7306
7307
7310
7314
7316
7317
7318
7319
7320
7321
7323
7324
7325
7326
7327
7328
7331
7332
7335
7337
7339
7343
7345
7346
7348
7349
7351
7354
7356
7357
7358
7361
7367
7368
7371
7372
7374
7375
7376
7379
7380
7384
7385
7386
7388
7389
7390
7391
7392
7396
7398
7401
7404
7405
7408
7409
7410
7412
7413
7414
7415
7417
7418
7419
7420
7421
7423
7425
7426
7427
7428
7441
7443
7449
7450
7461
7471
7487
7490
7491
7492
7494
7496
7505
7507
7518
7519
7525
7537
7539
7547
7550
7551
7552
7554
7558
7559
7562
7564
7565
7570
7571
7572
7573
7574
7583
7586
7589
7593
7594
7598
7600
7607
7611
7613
7617
7625
7630
7634
7635
7645
7647
7648
7668
7675
7686
7690
7707
7721
7727
7731
7739
7745
7749
7750
7754
7755
7759
7765
7768
7771
7777
7783
7802
7805
7820
7825
7826
7836
7838
7862
7882
7883
7889
7893
7894
7908
7912
7916
7921
7927
7932
7945
7957
7964
7965
7967
7977
7986
7987
7993
8008
8011
8014
8020
8022
8028
8036
8051
8057
8064
8067
8070
8093
8094
8098
8102
8103
8105
8106
8107
8108
8110
8111
8112
8113
8114
8115
8117
8119
8122
8123
8124
8127
8128
8129
8131
8133
8135
8136
8138
8139
8140
8141
8142
8144
8146
8147
8148
8150
8152
8153
8154
8155
8156
8157
8158
8159
8160
8161
8163
8168
8169
8170
8174
8175
8176
8178
8179
8180
8182
8186
8187
8188
8191
8193
8197
8201
8203
8205
8207
8208
8209
8210
8212
8213
8215
8216
8217
8218
8219
8220
8221
8222
8223
8224
8226
8227
8228
8229
8232
8235
8239
8240
8242
8243
8246
8248
8252
8256
8258
8264
8265
8266
8268
8269
8271
8272
8274
8277
8278
8280
8282
8286
8289
8290
8296
8302
8303
8307
8309
8311
8315
8318
8320
8322
8323
8324
8325
8329
8330
8334
8336
8337
8342
8345
8348
8350
8359
8360
8361
8363
8364
8366
8367
8368
8370
8373
8374
8377
8380
8384
8386
8387
8388
8389
8390
8394
8395
8396
8397
8398
8399
8400
8402
8405
8407
8408
8409
8411
8412
8414
8415
8417
8418
8421
8422
8423
8424
8427
8428
8430
8435
8436
8437
8438
8444
8447
8451
8454
8457
8460
8464
8465
8470
8473
8479
8482
8483
8485
8486
8490
8492
8493
8497
8499
8504
8505
8507
8509
8511
8512
8514
8515
8517
8521
8525
8526
8528
8529
8537
8538
8540
8541
8544
8549
8551
8558
8560
8563
8569
8577
8580
8581
8582
8590
8592
8596
8597
8602
8604
8605
8606
8608
8609
8613
8618
8619
8624
8627
8628
8635
8636
8637
8645
8648
8649
8651
8656
8658
8662
8665
8666
8667
8676
8677
8682
8684
8690
8692
8694
8698
8700
8704
8705
8711
8714
8717
8719
8721
8724
8725
8726
8727
8728
8731
8739
8742
8743
8744
8749
8751
8752
8753
8754
8756
8758
8759
8760
8764
8766
8767
8772
8774
8776
8777
8779
8780
8784
8788
8789
8792
8793
8795
8797
8799
8801
8803
8804
8807
8809
8811
8814
8817
8818
8824
8826
8828
8829
8830
8831
8835
8839
8843
8844
8852
8853
8855
8857
8860
8864
8865
8868
8869
8873
8874
8875
8876
8878
8880
8881
8883
8885
8889
8890
8891
8892
8893
8894
8897
8898
8900
8902
8905
8906
8915
8916
8917
8918
8921
8922
8923
8926
8927
8929
8934
8935
8937
8939
8940
8943
8944
8946
8947
8949
8953
8955
8957
8959
8961
8963
8964
8968
8969
8970
8972
8974
8979
8982
8983
8984
8985
8987
8988
8989
8990
8991
8993
8996
8997
9000
9002
9005
9007
9008
9010
9011
9015
9017
9018
9019
9027
9031
9034
9037
9038
9042
9043
9045
9046
9048
9051
9053
9057
9065
9070
9081
9084
9085
9087
9090
9091
9092
9093
9094
9104
9109
9110
9111
9114
9120
9121
9122
9126
9128
9129
9133
9134
9139
9142
9143
9148
9153
9154
9155
9157
9159
9160
9174
9175
9178
9180
9182
9186
9187
9189
9190
9193
9194
9195
9202
9203
9204
9206
9215
9216
9219
9222
9223
9224
9226
9235
9237
9241
9249
9250
9255
9256
9263
9264
9265
9268
9270
9273
9276
9286
9301
9303
9310
9311
9312
9313
9315
9336
9338
9340
9341
9346
9361
9363
9364
9365
9367
9369
9370
9372
9373
9374
9376
9380
9381
9382
9383
9384
9385
9386
9389
9390
9391
9395
9399
9400
9401
9402
9406
9407
9409
9416
9417
9418
9419
9421
9424
9425
9440
9444
9449
9451
9453
9458
9459
9464
9466
9468
9472
9473
9474
9478
9480
9482
9485
9488
9491
9508
9515
9516
9523
9525
9533
9536
9538
9540
9541
9544
9551
9552
9553
9554
9561
9565
9567
9574
9580
9590
9597
9606
9609
9611
9617
9618
9619
9620
9631
9634
9635
9636
9652
9653
9668
9672
9679
9684
9685
9689
9690
9693
9695
9701
9707
9714
9719
9727
9728
9729
9735
9741
9742
9744
9746
9749
9754
9769
9776
9777
9778
9779
9783
9784
9785
9789
9795
9809
9810
9811
9812
9814
9815
9816
9819
9821
9822
9825
9828
9829
9832
9835
9842
9843
9844
9852
9856
9858
9862
9866
9871
9872
9873
9875
9877
9880
9882
9883
9884
9885
9887
9890
9898
9900
9901
9902
9908
9909
9913
9915
9916
9917
9918
9919
9921
9922
9923
9924
9925
9926
9927
9929
9930
9931
9932
9933
9934
9937
9938
9939
9941
9942
9943
9944
9945
9946
9947
9949
9950
9952
9953
9954
9955
9959
9960
9961
9962
9963
9964
9965
9966
9967
9968
9969
9970
9972
9974
9976
9978
9979
9980
9981
9982
9983
9984
9985
9986
9987
9989
9990
9991
9992
9993
9994
9995
9996
9997
9998
9999
10001
10002
10003
10005
10006
10009
10010
10012
10013
10016
10018
10019
10022
10023
10024
10025
10026
10027
10028
10029
10030
10031
10032
10034
10035
10036
10040
10042
10043
10044
10047
10048
10049
10051
10052
10054
10055
10056
10057
10059
10060
10061
10062
10063
10064
10067
10068
10069
10072
10074
10076
10078
10079
10080
10082
10083
10087
10088
10093
10094
10096
10100
10102
10103
10104
10106
10107
10108
10109
10112
10113
10115
10117
10119
10121
10122
10126
10127
10128
10129
10130
10134
10136
10137
10138
10139
10142
10144
10145
10146
10147
10149
10151
10152
10154
10156
10157
10158
10160
10162
10164
10165
10166
10172
10174
10175
10176
10179
10181
10183
10184
10187
10188
10193
10196
10197
10199
10201
10202
10203
10204
10205
10207
10212
10215
10216
10217
10218
10219
10220
10223
10224
10225
10226
10228
10229
10235
10237
10238
10240
10241
10243
10246
10247
10249
10250
10252
10253
10254
10257
10258
10260
10261
10264
10265
10266
10267
10269
10270
10271
10272
10273
10275
10276
10277
10278
10280
10282
10283
10285
10286
10287
10291
10293
10294
10295
10296
10298
10301
10302
10304
10307
10308
10314
10315
10318
10319
10320
10323
10324
10325
10326
10327
10330
10332
10335
10336
10337
10339
10341
10342
10343
10345
10347
10348
10349
10350
10351
10353
10356
10357
10363
10370
10374
10377
10378
10379
10380
10385
10386
10387
10389
10390
10391
10393
10396
10401
10403
10408
10411
10413
10414
10416
10419
10420
10422
10423
10426
10429
10430
10431
10434
10436
10437
10438
10439
10444
10446
10447
10450
10451
10453
10457
10458
10460
10461
10462
10463
10464
10466
10468
10473
10476
10478
10481
10488
10489
10491
10493
10498
10500
10504
10506
10515
10518
10522
10527
10529
10531
10538
10539
10541
10543
10546
10547
10548
10549
10550
10551
10555
10556
10559
10562
10566
10572
10573
10579
10581
10582
10586
10590
10591
10592
10595
10601
10602
10605
10607
10613
10614
10616
10618
10619
10621
10624
10627
10628
10637
10638
10641
10642
10646
10647
10651
10656
10658
10660
10664
10667
10668
10669
10671
10673
10674
10680
10681
10682
10684
10685
10686
10687
10689
10692
10699
10704
10706
10712
10714
10715
10716
10718
10719
10720
10721
10722
10726
10727
10729
10730
10733
10735
10738
10739
10740
10743
10744
10745
10746
10750
10752
10753
10754
10760
10765
10766
10768
10770
10777
10779
10784
10785
10787
10790
10793
10795
10797
10798
10803
10805
10806
10808
10809
10812
10813
10816
10820
10822
10824
10826
10829
10832
10836
10839
10841
10843
10846
10848
10851
10852
10853
10854
10855
10857
10858
10860
10863
10864
10866
10874
10878
10879
10882
10885
10888
10894
10895
10899
10900
10902
10903
10905
10910
10914
10915
10918
10921
10929
10930
10931
10935
10936
10937
10938
10942
10943
10947
10949
10952
10954
10958
10959
10962
10963
10967
10968
10973
10976
10983
10984
10985
10987
10988
10989
10990
10993
10994
10997
10998
10999
11001
11002
11005
11006
11009
11012
11013
11016
11019
11021
11023
11024
11027
11028
11030
11032
11034
11035
11038
11040
11041
11042
11045
11046
11047
11051
11052
11053
11057
11059
11060
11062
11063
11065
11066
11068
11069
11070
11071
11075
11080
11082
11083
11085
11086
11089
11091
11093
11094
11097
11101
11102
11103
11104
11105
11106
11107
11110
11116
11119
11122
11123
11124
11125
11126
11127
11129
11130
11131
11133
11136
11139
11140
11141
11144
11147
11150
11159
11162
11175
11179
11180
11183
11185
11189
11190
11195
11196
11199
11206
11207
11213
11214
11217
11218
11220
11221
11228
11232
11237
11240
11242
11243
11253
11254
11256
11259
11262
11265
11268
11269
11271
11275
11277
11278
11280
11284
11286
11287
11288
11289
11290
11292
11293
11299
11300
11304
11307
11314
11321
11325
11329
11340
11342
11344
11356
11358
11360
11363
11365
11368
11374
11387
11403
11423
11436
11443
11449
11463
11468
11483
11488
11489
11491
11497
11503
11506
11509
11512
11514
11516
11517
11521
11522
11525
11528
11534
11538
11540
11542
11544
11547
11552
11555
11559
11560
11563
11569
11576
11584
11585
11600
11606
11607
11608
11611
11624
11641
11648
11650
11653
11661
11664
11666
11669
11677
11693
11694
11704
11722
11724
11734
11740
11745
11746
11752
11755
11758
11765
11776
11777
11786
11789
11790
11816
11817
11818
11819
11820
11821
11822
11823
11824
11825
11826
11827
11828
11829
11831
11832
11834
11835
11836
11838
11839
11841
11842
11843
11845
11847
11851
11852
11853
11855
11856
11857
11858
11859
11860
11861
11862
11864
11866
11867
11869
11872
11873
11874
11879
11880
11884
11889
11890
11891
11894
11897
11898
11899
11900
11901
11904
11906
11907
11910
11911
11912
11913
11914
11915
11917
11922
11923
11926
11927
11928
11930
11932
11933
11935
11941
11942
11943
11944
11947
11949
11950
11953
11954
11958
11960
11962
11963
11964
11965
11966
11972
11975
11976
11977
11978
11979
11980
11987
11991
11992
12000
12001
12003
12004
12009
12012
12018
12021
12023
12024
12025
12028
12029
12030
12031
12032
12034
12035
12039
12040
12042
12044
12046
12048
12049
12051
12053
12058
12059
12061
12064
12065
12067
12069
12072
12073
12076
12079
12080
12081
12082
12086
12089
12097
12100
12108
12111
12119
12121
12122
12124
12126
12127
12129
12130
12134
12135
12136
12137
12139
12143
12146
12148
12153
12155
12157
12158
12159
12160
12161
12162
12173
12174
12181
12182
12184
12185
12186
12187
12188
12192
12193
12195
12198
12199
12200
12201
12202
12204
12205
12209
12210
12211
12213
12214
12215
12216
12218
12221
12222
12224
12226
12235
12238
12239
12240
12243
12244
12245
12251
12255
12262
12263
12264
12265
12267
12270
12271
12274
12277
12279
12285
12286
12288
12289
12292
12293
12296
12302
12304
12306
12307
12308
12310
12311
12313
12316
12319
12320
12324
12325
12328
12330
12331
12333
12334
12335
12349
12352
12353
12357
12358
12359
12362
12363
12364
12365
12371
12372
12373
12374
12375
12376
12377
12379
12381
12388
12389
12392
12393
12394
12395
12399
12400
12403
12405
12406
12407
12410
12411
12413
12418
12422
12426
12427
12429
12430
12431
12433
12434
12435
12438
12442
12445
12450
12451
12453
12454
12456
12458
12462
12463
12465
12467
12468
12472
12473
12474
12476
12479
12480
12490
12491
12492
12494
12496
12501
12503
12504
12505
12508
12512
12514
12515
12516
12517
12518
12521
12523
12529
12532
12533
12534
12535
12540
12541
12542
12543
12545
12546
12548
12550
12558
12560
12563
12567
12568
12569
12570
12571
12572
12575
12576
12578
12579
12580
12583
12587
12588
12590
12591
12592
12596
12598
12603
12608
12609
12612
12617
12620
12622
12623
12626
12627
12628
12630
12631
12632
12634
12636
12637
12638
12639
12640
12642
12643
12648
12649
12655
12658
12659
12666
12668
12675
12677
12678
12679
12682
12683
12685
12692
12694
12695
12698
12699
12701
12702
12704
12705
12706
12710
12711
12714
12716
12717
12718
12719
12720
12721
12722
12725
12728
12729
12732
12735
12738
12739
12741
12744
12745
12746
12749
12755
12756
12762
12764
12765
12766
12767
12769
12771
12772
12775
12776
12778
12779
12788
12791
12793
12799
12804
12806
12807
12808
12815
12816
12818
12821
12822
12824
12827
12828
12829
12833
12837
12842
12843
12845
12847
12851
12852
12854
12855
12856
12858
12861
12862
12864
12865
12867
12868
12869
12871
12874
12879
12885
12887
12888
12896
12899
12901
12903
12907
12909
12918
12919
12933
12936
12939
12947
12948
12949
12951
12953
12955
12958
12960
12961
12963
12964
12965
12974
12976
12977
12979
12981
12984
12986
12992
12993
12994
12996
13004
13008
13010
13017
13019
13020
13027
13028
13038
13039
13041
13048
13050
13052
13056
13058
13060
13062
13064
13068
13073
13075
13077
13079
13086
13090
13096
13097
13098
13099
13103
13108
13109
13110
13115
13117
13118
13120
13121
13122
13129
13138
13139
13142
13145
13154
13156
13158
13160
13163
13165
13167
13168
13170
13171
13174
13175
13180
13183
13186
13188
13189
13194
13199
13207
13215
13221
13227
13230
13238
13240
13242
13246
13250
13252
13254
13268
13275
13278
13279
13283
13284
13286
13288
13289
13290
13292
13296
13305
13307
13310
13311
13312
13314
13322
13343
13348
13350
13351
13353
13357
13363
13364
13365
13367
13372
13374
13375
13383
13386
13389
13392
13393
13394
13396
13402
13406
13410
13417
13418
13421
13424
13428
13433
13439
13440
13442
13444
13449
13454
13459
13460
13462
13470
13471
13473
13475
13483
13488
13491
13492
13496
13497
13498
13500
13505
13507
13508
13513
13514
13516
13517
13518
13519
13521
13522
13523
13524
13525
13526
13529
13530
13533
13536
13538
13539
13541
13542
13543
13547
13549
13550
13552
13554
13557
13558
13560
13563
13564
13570
13574
13578
13580
13584
13585
13586
13587
13594
13597
13600
13601
13603
13607
13621
13622
13623
13625
13626
13627
13629
13631
13632
13633
13634
13635
13636
13637
13638
13640
13641
13643
13645
13647
13648
13651
13652
13653
13654
13655
13656
13657
13659
13660
13661
13662
13665
13666
13667
13668
13670
13672
13673
13674
13675
13676
13677
13679
13680
13683
13684
13687
13688
13691
13692
13695
13696
13697
13698
13699
13700
13701
13703
13704
13705
13707
13708
13710
13711
13712
13713
13715
13716
13717
13718
13719
13722
13723
13724
13725
13726
13727
13728
13730
13731
13732
13733
13734
13737
13738
13740
13741
13742
13743
13744
13746
13747
13749
13750
13752
13753
13754
13755
13756
13757
13758
13759
13761
13762
13763
13765
13766
13768
13771
13773
13775
13776
13777
13778
13779
13783
13784
13786
13788
13790
13793
13795
13796
13797
13798
13801
13803
13805
13808
13810
13811
13812
13813
13814
13817
13818
13819
13820
13821
13823
13825
13827
13828
13829
13830
13831
13832
13834
13835
13837
13839
13841
13842
13843
13845
13846
13848
13851
13852
13857
13858
13860
13861
13863
13865
13866
13868
13869
13870
13871
13872
13873
13875
13876
13877
13878
13879
13882
13886
13889
13890
13891
13893
13895
13897
13898
13899
13900
13902
13907
13908
13909
13910
13915
13918
13919
13921
13926
13928
13929
13930
13931
13932
13935
13937
13939
13941
13942
13944
13946
13948
13949
13951
13954
13955
13956
13957
13961
13962
13964
13967
13968
13970
13971
13972
13978
13979
13983
13987
13988
13989
13990
13991
13992
13994
13996
13997
13999
14000
14001
14002
14004
14007
14008
14010
14012
14016
14017
14018
14021
14025
14027
14028
14029
14030
14032
14037
14038
14039
14040
14041
14045
14046
14048
14049
14050
14051
14052
14055
14057
14058
14059
14060
14061
14065
14068
14070
14071
14074
14078
14079
14080
14081
14082
14084
14085
14088
14089
14091
14094
14099
14101
14103
14104
14106
14108
14112
14115
14116
14118
14119
14122
14123
14127
14128
14130
14131
14134
14135
14140
14142
14145
14146
14150
14153
14156
14158
14160
14163
14164
14165
14171
14172
14175
14179
14180
14182
14183
14190
14192
14194
14196
14197
14199
14203
14205
14211
14221
14225
14226
14229
14241
14242
14243
14246
14248
14252
14253
14262
14263
14265
14269
14270
14274
14276
14277
14280
14282
14291
14292
14296
14297
14299
14301
14304
14306
14307
14309
14314
14315
14319
14321
14324
14326
14328
14332
14334
14337
14340
14346
14349
14351
14352
14361
14368
14369
14371
14372
14374
14381
14382
14385
14386
14388
14389
14391
14392
14393
14394
14395
14396
14397
14398
14400
14402
14404
14405
14408
14413
14415
14418
14420
14421
14424
14425
14426
14427
14428
14429
14431
14432
14433
14434
14435
14437
14438
14441
14442
14443
14449
14450
14454
14459
14460
14463
14467
14470
14471
14476
14477
14479
14483
14488
14489
14491
14492
14493
14498
14499
14503
14505
14507
14512
14514
14515
14517
14520
14522
14526
14527
14528
14529
14530
14531
14535
14536
14537
14539
14540
14546
14547
14550
14552
14556
14558
14559
14560
14561
14563
14564
14567
14569
14570
14571
14572
14573
14577
14578
14579
14581
14583
14584
14588
14589
14592
14593
14596
14601
14603
14606
14608
14609
14610
14615
14616
14619
14625
14626
14627
14628
14630
14633
14634
14636
14639
14642
14645
14650
14651
14654
14656
14659
14661
14663
14666
14672
14673
14674
14676
14677
14678
14679
14681
14682
14687
14692
14695
14697
14700
14703
14704
14706
14708
14709
14710
14711
14712
14715
14723
14724
14726
14727
14728
14730
14731
14732
14734
14735
14741
14742
14744
14747
14748
14749
14751
14752
14756
14759
14760
14761
14762
14763
14765
14767
14771
14773
14776
14779
14782
14784
14785
14786
14789
14792
14795
14797
14799
14800
14802
14803
14804
14808
14809
14810
14812
14814
14815
14817
14818
14820
14821
14823
14824
14826
14829
14830
14832
14833
14836
14837
14838
14840
14841
14842
14844
14847
14848
14849
14850
14851
14853
14854
14855
14857
14861
14863
14875
14884
14886
14892
14894
14895
14900
14903
14906
14913
14915
14918
14919
14922
14925
14929
14935
14939
14946
14951
14957
14958
14962
14970
14975
14976
14977
14978
14979
14982
14986
14991
14993
14996
14997
14999
15001
15002
15003
15008
15009
15014
15019
15042
15053
15062
15063
15067
15070
15072
15085
15091
15094
15096
15097
15098
15104
15106
15109
15111
15112
15117
15132
15146
15158
15183
15192
15194
15201
15215
15228
15230
15232
15233
15261
15269
15273
15279
15281
15283
15290
15298
15312
15314
15318
15319
15322
15326
15344
15355
15373
15381
15385
15391
15395
15411
15412
15418
15432
15436
15454
15458
15460
15473
15475
15476
15480
15482
15486
15492
15495
15500
15502
15504
15506
15518
15532
15535
15536
15537
15539
15540
15541
15542
15543
15544
15547
15549
15550
15551
15553
15555
15557
15558
15559
15561
15562
15563
15565
15566
15567
15568
15569
15570
15571
15572
15574
15575
15578
15579
15580
15581
15583
15585
15587
15588
15589
15590
15591
15592
15596
15600
15602
15603
15605
15606
15609
15610
15612
15613
15614
15615
15618
15621
15623
15625
15629
15631
15635
15636
15639
15640
15643
15644
15646
15648
15651
15652
15653
15654
15655
15656
15659
15660
15662
15663
15666
15670
15672
15673
15674
15675
15676
15677
15680
15681
15689
15691
15692
15693
15694
15697
15701
15702
15703
15705
15707
15708
15710
15711
15712
15714
15717
15718
15719
15722
15723
15724
15731
15732
15733
15736
15738
15739
15745
15746
15748
15749
15751
15752
15753
15757
15759
15760
15762
15763
15764
15765
15768
15770
15773
15775
15778
15779
15781
15783
15788
15789
15790
15791
15794
15795
15797
15799
15801
15804
15805
15806
15807
15809
15814
15815
15816
15818
15819
15821
15823
15831
15833
15835
15836
15838
15841
15842
15843
15844
15846
15850
15851
15852
15856
15857
15860
15862
15863
15864
15865
15866
15868
15869
15873
15875
15883
15888
15896
15901
15904
15906
15907
15916
15917
15919
15920
15925
15927
15930
15931
15934
15935
15936
15937
15939
15942
15943
15944
15947
15948
15949
15953
15956
15957
15958
15961
15962
15965
15966
15967
15968
15969
15971
15972
15974
15979
15980
15981
15987
15988
15989
15992
15993
15996
15997
16002
16006
16008
16009
16012
16013
16014
16016
16018
16020
16022
16024
16025
16027
16029
16031
16034
16036
16041
16043
16045
16046
16050
16052
16054
16055
16056
16058
16063
16067
16068
16069
16071
16073
16077
16080
16081
16082
16083
16084
16085
16086
16087
16088
16090
16093
16102
16109
16114
16116
16117
16119
16120
16122
16131
16132
16135
16137
16139
16142
16144
16156
16161
16167
16169
16170
16175
16179
16180
16182
16183
16184
16187
16191
16193
16195
16196
16201
16204
16206
16214
16215
16218
16221
16222
16226
16228
16229
16230
16231
16233
16235
16236
16242
16243
16244
16246
16248
16252
16254
16256
16258
16259
16260
16264
16270
16272
16273
16283
16285
16286
16288
16289
16293
16294
16299
16301
16302
16304
16305
16306
16308
16314
16317
16321
16323
16325
16326
16330
16333
16334
16337
16338
16344
16348
16350
16353
16356
16357
16358
16363
16365
16369
16373
16376
16377
16385
16389
16392
16394
16399
16400
16401
16405
16408
16410
16411
16416
16424
16426
16428
16430
16432
16435
16439
16445
16446
16449
16453
16454
16455
16456
16460
16479
16481
16483
16485
16486
16496
16498
16515
16518
16519
16520
16521
16526
16529
16532
16534
16538
16543
16546
16548
16552
16555
16556
16559
16561
16566
16567
16569
16571
16579
16580
16581
16582
16585
16588
16591
16592
16593
16595
16601
16603
16607
16608
16609
16612
16617
16618
16621
16624
16627
16629
16636
16638
16651
16654
16657
16660
16665
16667
16669
16670
16673
16675
16676
16677
16678
16685
16688
16698
16722
16731
16733
16737
16743
16745
16748
16753
16761
16766
16770
16772
16773
16774
16780
16781
16790
16791
16800
16801
16810
16818
16820
16821
16822
16828
16829
16833
16835
16836
16837
16845
16851
16860
16863
16867
16868
16872
16879
16884
16888
16891
16893
16895
16896
16901
16902
16903
16906
16910
16911
16912
16914
16919
16920
16926
16929
16930
16935
16940
16941
16942
16944
16952
16958
16964
16968
16969
16970
16972
16979
16981
16988
16992
16993
16997
17001
17002
17003
17007
17008
17009
17010
17013
17020
17024
17025
17026
17027
17041
17043
17044
17046
17053
17054
17060
17061
17062
17064
17071
17076
17079
17091
17097
17100
17103
17108
17114
17116
17119
17123
17124
17137
17138
17139
17140
17142
17153
17154
17158
17159
17163
17167
17174
17175
17176
17181
17183
17190
17191
17204
17206
17208
17211
17212
17213
17215
17217
17222
17228
17230
17231
17232
17237
17238
17239
17243
17244
17247
17248
17250
17251
17253
17257
17260
17261
17262
17263
17264
17266
17268
17270
17271
17276
17277
17278
17279
17284
17285
17286
17287
17288
17291
17292
17294
17295
17299
17300
17301
17303
17305
17306
17310
17311
17312
17313
17315
17316
17317
17318
17319
17321
17329
17330
17331
17336
17343
17344
17345
17346
17347
17348
17349
17350
17351
17352
17354
17355
17356
17357
17359
17360
17362
17363
17365
17367
17369
17370
17371
17373
17374
17375
17376
17378
17381
17382
17383
17384
17385
17388
17389
17390
17391
17392
17394
17395
17398
17400
17402
17403
17405
17406
17407
17408
17409
17410
17412
17415
17416
17417
17418
17421
17422
17424
17425
17426
17427
17429
17433
17435
17437
17438
17439
17441
17442
17445
17449
17451
17452
17453
17455
17457
17458
17460
17463
17464
17470
17471
17472
17475
17476
17479
17480
17482
17483
17484
17485
17486
17487
17489
17492
17493
17496
17497
17498
17500
17504
17508
17509
17510
17511
17514
17515
17516
17517
17522
17524
17526
17527
17528
17531
17532
17533
17534
17535
17537
17540
17541
17545
17547
17548
17549
17551
17552
17553
17555
17556
17557
17559
17567
17568
17569
17570
17572
17574
17575
17576
17578
17581
17582
17583
17585
17586
17587
17589
17591
17592
17593
17594
17596
17601
17602
17603
17608
17609
17611
17613
17614
17615
17616
17618
17620
17621
17622
17625
17629
17632
17633
17639
17640
17643
17645
17646
17649
17651
17655
17656
17658
17661
17662
17666
17667
17668
17669
17670
17672
17674
17675
17680
17682
17683
17685
17686
17688
17692
17693
17695
17697
17698
17699
17701
17703
17704
17706
17708
17710
17711
17714
17718
17721
17722
17723
17724
17725
17726
17727
17728
17729
17732
17735
17737
17741
17742
17743
17746
17747
17751
17753
17754
17755
17758
17760
17763
17766
17767
17770
17771
17773
17774
17775
17776
17779
17784
17786
17794
17795
17797
17798
17799
17803
17805
17806
17807
17809
17812
17813
17815
17816
17819
17824
17826
17832
17836
17839
17841
17842
17844
17845
17848
17850
17851
17852
17854
17855
17856
17858
17859
17860
17862
17866
17867
17872
17873
17874
17875
17877
17878
17885
17886
17888
17889
17892
17893
17894
17898
17900
17904
17905
17915
17917
17918
17919
17921
17924
17925
17926
17930
17932
17941
17948
17950
17955
17957
17962
17966
17967
17974
17975
17979
17983
17984
17985
17987
17989
17991
17994
18003
18006
18007
18010
18015
18018
18020
18021
18027
18028
18030
18033
18035
18038
18043
18047
18051
18053
18056
18057
18066
18067
18069
18075
18076
18077
18078
18081
18085
18086
18092
18097
18098
18105
18108
18109
18110
18111
18113
18115
18116
18118
18120
18122
18124
18128
18132
18133
18134
18136
18138
18140
18141
18142
18143
18146
18147
18150
18152
18153
18157
18162
18163
18165
18166
18173
18174
18175
18178
18179
18181
18185
18189
18193
18196
18197
18198
18200
18201
18202
18203
18204
18206
18207
18209
18211
18213
18214
18215
18217
18218
18219
18221
18224
18225
18226
18227
18231
18234
18235
18236
18237
18239
18241
18244
18245
18253
18255
18260
18261
18262
18267
18269
18270
18273
18274
18275
18276
18277
18278
18279
18280
18281
18282
18283
18284
18286
18288
18290
18291
18292
18295
18298
18299
18301
18302
18303
18304
18306
18308
18313
18315
18316
18318
18319
18322
18323
18328
18332
18333
18335
18338
18340
18341
18342
18343
18346
18349
18350
18353
18354
18357
18358
18362
18366
18368
18370
18373
18374
18375
18377
18379
18380
18382
18384
18386
18387
18388
18390
18391
18392
18396
18399
18400
18401
18404
18405
18406
18409
18412
18413
18414
18415
18416
18417
18418
18421
18425
18426
18427
18430
18431
18437
18438
18441
18445
18448
18449
18455
18456
18458
18464
18465
18466
18468
18470
18473
18474
18475
18478
18479
18482
18483
18485
18487
18488
18489
18490
18491
18492
18494
18496
18498
18499
18500
18501
18502
18503
18505
18506
18507
18508
18510
18511
18513
18514
18516
18517
18522
18525
18526
18528
18529
18530
18531
18532
18533
18534
18535
18538
18540
18542
18543
18544
18547
18548
18549
18550
18551
18552
18554
18555
18556
18557
18558
18559
18561
18562
18564
18565
18569
18570
18579
18580
18594
18596
18597
18600
18602
18603
18607
18614
18624
18628
18629
18633
18640
18642
18645
18649
18652
18654
18659
18667
18668
18670
18676
18678
18680
18683
18684
18685
18688
18690
18691
18692
18693
18694
18696
18701
18711
18713
18714
18715
18717
18731
18738
18741
18742
18746
18749
18755
18770
18784
18789
18793
18800
18801
18808
18820
18827
18828
18831
18833
18834
18845
18854
18858
18869
18896
18900
18910
18922
18927
18931
18932
18933
18940
18941
18944
18950
18952
18958
18964
18968
18969
18971
18973
18986
18988
18995
19003
19004
19012
19029
19030
19039
19054
19055
19057
19061
19063
19076
19081
19085
19095
19112
19114
19116
19132
19137
19140
19142
19145
19147
19158
19164
19172
19188
19189
19190
19197
19206
19209
19224
19226
19235
19241
19245
19246
19247
19248
19249
19250
19252
19253
19254
19255
19256
19257
19259
19260
19262
19263
19264
19265
19266
19267
19268
19269
19271
19272
19273
19274
19277
19278
19280
19281
19282
19283
19284
19285
19287
19288
19289
19292
19293
19294
19295
19296
19297
19298
19299
19302
19303
19304
19306
19308
19312
19315
19321
19322
19323
19326
19327
19328
19329
19330
19333
19335
19338
19341
19343
19345
19346
19349
19350
19351
19354
19356
19357
19358
19359
19360
19361
19362
19363
19364
19365
19366
19369
19370
19371
19373
19375
19376
19379
19380
19381
19383
19384
19385
19386
19387
19388
19389
19391
19394
19396
19398
19400
19401
19402
19404
19405
19406
19407
19411
19416
19417
19420
19423
19428
19429
19431
19432
19435
19436
19438
19441
19443
19445
19448
19449
19454
19456
19458
19459
19462
19463
19465
19467
19470
19471
19473
19475
19477
19479
19480
19482
19485
19488
19489
19490
19491
19492
19493
19494
19495
19496
19497
19498
19500
19503
19505
19506
19507
19508
19509
19513
19515
19520
19525
19526
19528
19529
19531
19532
19533
19534
19535
19540
19541
19542
19547
19549
19550
19552
19555
19556
19557
19558
19565
19567
19568
19569
19571
19573
19574
19576
19577
19578
19579
19580
19582
19586
19587
19589
19590
19591
19592
19593
19596
19601
19602
19604
19608
19609
19610
19616
19618
19621
19624
19625
19626
19629
19631
19633
19636
19637
19639
19641
19642
19644
19648
19649
19651
19652
19657
19658
19659
19663
19664
19667
19670
19671
19672
19673
19679
19680
19682
19683
19686
19688
19691
19693
19700
19701
19702
19703
19704
19705
19707
19709
19712
19715
19717
19720
19722
19723
19726
19727
19729
19732
19734
19735
19736
19738
19741
19744
19745
19747
19748
19756
19759
19760
19763
19764
19768
19769
19770
19771
19774
19775
19777
19778
19780
19781
19787
19791
19793
19794
19797
19798
19800
19804
19807
19808
19811
19812
19815
19817
19820
19822
19823
19831
19833
19834
19835
19836
19837
19838
19840
19842
19843
19849
19851
19855
19857
19858
19859
19861
19863
19869
19870
19872
19873
19884
19887
19889
19893
19895
19896
19897
19900
19901
19902
19904
19907
19912
19917
19918
19920
19922
19926
19927
19928
19929
19932
19935
19936
19938
19940
19942
19943
19944
19945
19946
19949
19950
19951
19953
19955
19956
19958
19960
19961
19965
19966
19967
19970
19971
19973
19974
19978
19982
19986
19994
19996
19997
19998
19999
20000
20004
20006
20007
20009
20011
20015
20016
20020
20022
20024
20026
20027
20028
20030
20031
20036
20044
20046
20047
20048
20049
20050
20054
20056
20058
20059
20060
20064
20065
20067
20069
20074
20075
20076
20077
20080
20082
20083
20086
20091
20092
20093
20095
20103
20109
20110
20111
20113
20117
20119
20120
20121
20124
20125
20129
20131
20132
20137
20138
20139
20144
20146
20147
20149
20150
20152
20153
20156
20157
20159
20160
20161
20162
20163
20164
20165
20168
20169
20176
20177
20179
20186
20187
20188
20189
20190
20191
20192
20193
20196
20199
20200
20201
20204
20205
20207
20208
20211
20216
20219
20221
20235
20239
20241
20243
20248
20250
20251
20252
20253
20254
20255
20256
20260
20263
20264
20265
20266
20269
20271
20272
20273
20279
20280
20282
20285
20286
20287
20290
20291
20292
20293
20296
20299
20305
20306
20307
20313
20315
20316
20317
20320
20322
20323
20332
20333
20336
20337
20338
20343
20345
20346
20347
20357
20358
20361
20362
20365
20368
20375
20377
20379
20383
20385
20386
20393
20394
20398
20406
20409
20411
20418
20421
20427
20429
20434
20436
20437
20438
20442
20447
20448
20452
20453
20458
20459
20466
20467
20470
20474
20475
20476
20478
20479
20480
20484
20488
20495
20503
20505
20507
20514
20515
20516
20518
20522
20524
20525
20526
20527
20528
20532
20533
20535
20536
20537
20538
20541
20545
20548
20550
20554
20556
20562
20565
20570
20573
20579
20580
20582
20585
20586
20591
20594
20598
20599
20608
20609
20611
20614
20615
20616
20617
20627
20631
20636
20643
20645
20647
20648
20649
20654
20655
20657
20658
20659
20666
20668
20669
20672
20673
20674
20682
20683
20685
20686
20690
20694
20695
20696
20713
20716
20717
20718
20720
20723
20724
20727
20731
20732
20735
20736
20738
20739
20740
20741
20744
20746
20748
20761
20764
20771
20772
20775
20776
20778
20779
20786
20788
20793
20794
20795
20797
20798
20809
20813
20814
20821
20825
20831
20836
20843
20845
20852
20854
20856
20858
20868
20872
20874
20875
20877
20881
20884
20885
20890
20892
20895
20897
20898
20899
20911
20916
20921
20926
20928
20929
20932
20933
20935
20936
20939
20945
20946
20947
20952
20954
20957
20958
20959
20961
20962
20969
20970
20971
20974
20976
20977
20980
20983
20987
20988
20990
20992
20993
20995
20996
20999
21000
21002
21003
21008
21010
21012
21013
21014
21015
21025
21026
21029
21031
21032
21047
21051
21052
21057
21058
21059
21061
21063
21064
21065
21067
21068
21071
21072
21073
21074
21075
21076
21077
21079
21082
21083
21084
21085
21088
21089
21090
21091
21092
21093
21094
21095
21096
21097
21098
21099
21101
21102
21104
21106
21108
21111
21112
21113
21114
21116
21117
21120
21121
21122
21123
21126
21128
21129
21131
21132
21134
21135
21136
21139
21140
21141
21142
21143
21144
21145
21146
21147
21151
21152
21153
21155
21156
21158
21159
21160
21161
21164
21165
21166
21167
21169
21171
21172
21174
21175
21177
21178
21180
21182
21183
21184
21186
21187
21188
21189
21190
21193
21194
21196
21198
21199
21203
21204
21206
21207
21209
21211
21213
21214
21215
21216
21217
21218
21219
21221
21222
21223
21224
21225
21226
21228
21229
21231
21232
21233
21236
21237
21238
21242
21244
21246
21248
21249
21251
21252
21254
21255
21257
21258
21259
21261
21262
21263
21266
21267
21269
21270
21271
21273
21276
21278
21280
21281
21282
21283
21285
21289
21290
21291
21292
21293
21294
21295
21296
21297
21298
21299
21300
21301
21303
21304
21306
21307
21308
21309
21310
21311
21313
21314
21316
21317
21319
21321
21325
21328
21329
21330
21331
21332
21335
21336
21338
21343
21344
21345
21346
21347
21350
21351
21354
21356
21358
21359
21360
21362
21363
21365
21367
21372
21376
21377
21378
21379
21381
21383
21384
21385
21386
21387
21389
21391
21392
21394
21395
21396
21400
21401
21402
21403
21406
21407
21408
21411
21415
21416
21419
21420
21422
21423
21425
21426
21427
21429
21431
21433
21435
21436
21438
21440
21443
21444
21450
21452
21453
21455
21456
21458
21460
21466
21468
21472
21473
21474
21475
21477
21480
21484
21485
21487
21489
21490
21492
21493
21497
21498
21501
21504
21505
21506
21510
21513
21514
21515
21516
21517
21518
21524
21525
21529
21531
21533
21536
21538
21543
21544
21545
21546
21548
21550
21556
21558
21559
21561
21562
21563
21564
21565
21571
21573
21575
21577
21579
21581
21582
21583
21586
21588
21592
21600
21603
21605
21606
21609
21610
21613
21617
21618
21620
21625
21631
21633
21636
21638
21642
21643
21645
21653
21657
21659
21663
21664
21670
21676
21677
21678
21680
21681
21690
21697
21700
21701
21704
21705
21710
21720
21721
21723
21724
21725
21729
21732
21733
21734
21735
21737
21740
21741
21742
21743
21744
21745
21747
21749
21752
21753
21754
21759
21760
21761
21764
21765
21767
21769
21771
21772
21776
21777
21778
21780
21781
21782
21783
21784
21790
21792
21798
21799
21800
21802
21806
21808
21809
21810
21813
21815
21818
21820
21823
21824
21826
21827
21829
21830
21832
21836
21841
21843
21844
21845
21846
21848
21849
21854
21855
21857
21858
21859
21860
21861
21862
21866
21873
21875
21878
21880
21881
21883
21884
21887
21888
21889
21891
21895
21900
21904
21907
21909
21915
21916
21920
21921
21929
21930
21931
21932
21933
21935
21936
21938
21939
21945
21946
21948
21954
21955
21958
21959
21963
21964
21967
21968
21969
21974
21975
21976
21978
21980
21981
21982
21983
21984
21987
21989
21991
21992
21994
21995
21996
21998
21999
22003
22004
22005
22006
22009
22011
22012
22015
22016
22018
22020
22027
22030
22033
22034
22036
22037
22039
22042
22043
22047
22049
22054
22055
22056
22057
22058
22063
22067
22071
22072
22074
22076
22078
22080
22084
22087
22088
22089
22091
22093
22094
22100
22101
22102
22105
22106
22107
22110
22112
22114
22115
22116
22118
22121
22123
22125
22126
22127
22129
22130
22131
22136
22137
22138
22140
22141
22143
22144
22147
22149
22152
22154
22155
22157
22158
22159
22163
22164
22165
22169
22170
22172
22175
22176
22179
22180
22182
22184
22185
22187
22188
22190
22191
22192
22193
22197
22198
22199
22200
22201
22202
22204
22205
22206
22207
22208
22210
22212
22213
22214
22222
22223
22224
22227
22228
22229
22230
22231
22233
22234
22236
22240
22242
22244
22246
22247
22248
22249
22252
22254
22256
22257
22258
22261
22262
22264
22265
22266
22268
22269
22271
22272
22275
22276
22279
22283
22290
22291
22293
22302
22318
22323
22327
22328
22341
22343
22345
22346
22348
22349
22350
22353
22368
22384
22391
22399
22400
22407
22409
22411
22413
22414
22416
22424
22427
22428
22431
22437
22438
22442
22443
22446
22449
22463
22467
22469
22470
22474
22490
22500
22503
22516
22518
22524
22528
22529
22546
22549
22556
22564
22577
22590
22591
22592
22603
22606
22624
22630
22643
22647
22655
22677
22678
22682
22688
22722
22726
22727
22732
22751
22753
22764
22772
22783
22792
22801
22803
22805
22812
22813
22818
22823
22834
22840
22841
22846
22862
22915
22917
22922
22927
22928
22941
22945
22958
22959
22960
22963
22964
22967
22968
22969
22973
22975
22976
22977
22979
22980
22981
22983
22984
22985
22986
22987
22988
22990
22991
22993
22994
22995
22996
22997
22998
23000
23002
23006
23008
23009
23010
23012
23013
23014
23016
23017
23019
23022
23027
23028
23029
23032
23034
23035
23036
23037
23038
23040
23042
23046
23048
23051
23053
23054
23056
23057
23058
23062
23063
23068
23069
23070
23072
23074
23075
23076
23078
23079
23082
23084
23085
23086
23087
23088
23089
23091
23096
23097
23098
23099
23100
23101
23102
23108
23109
23110
23111
23112
23114
23116
23119
23120
23125
23126
23127
23130
23131
23132
23136
23139
23144
23146
23147
23148
23151
23152
23155
23160
23162
23163
23167
23168
23171
23172
23173
23174
23176
23177
23178
23181
23182
23185
23186
23188
23189
23190
23192
23193
23198
23199
23200
23203
23206
23207
23209
23211
23214
23217
23218
23219
23220
23222
23223
23224
23225
23226
23227
23228
23229
23233
23234
23237
23240
23241
23244
23245
23246
23247
23249
23251
23254
23255
23256
23261
23263
23266
23269
23270
23271
23272
23274
23279
23283
23286
23288
23291
23292
23293
23294
23296
23297
23301
23302
23303
23304
23307
23310
23316
23318
23321
23322
23324
23325
23327
23328
23330
23332
23333
23335
23339
23344
23345
23346
23347
23350
23351
23354
23358
23359
23360
23362
23363
23365
23366
23368
23371
23373
23375
23377
23381
23382
23384
23387
23388
23389
23390
23393
23394
23395
23397
23398
23405
23407
23408
23409
23411
23412
23414
23415
23420
23421
23422
23424
23425
23426
23427
23429
23432
23435
23436
23440
23441
23443
23445
23455
23456
23461
23462
23467
23469
23471
23474
23475
23477
23479
23482
23483
23487
23492
23495
23500
23503
23505
23507
23512
23513
23514
23518
23523
23525
23526
23528
23532
23533
23534
23536
23537
23541
23542
23543
23545
23548
23549
23550
23561
23565
23566
23568
23576
23577
23580
23583
23584
23587
23589
23594
23595
23597
23598
23603
23604
23605
23607
23608
23611
23614
23617
23618
23619
23620
23622
23623
23624
23630
23631
23632
23633
23634
23635
23636
23637
23638
23642
23643
23645
23647
23648
23650
23654
23656
23657
23659
23660
23662
23663
23665
23666
23667
23670
23671
23672
23674
23676
23677
23680
23682
23684
23687
23689
23690
23692
23693
23695
23700
23701
23702
23705
23706
23711
23713
23717
23718
23719
23720
23725
23729
23733
23738
23739
23742
23743
23745
23750
23751
23756
23758
23762
23766
23767
23770
23771
23772
23776
23778
23780
23781
23786
23790
23791
23794
23797
23799
23811
23816
23817
23819
23820
23824
23827
23830
23834
23835
23845
23846
23847
23848
23851
23854
23858
23859
23860
23862
23863
23868
23871
23873
23874
23877
23879
23883
23888
23898
23900
23901
23902
23904
23907
23910
23913
23917
23921
23924
23926
23931
23937
23940
23946
23948
23956
23957
23962
23963
23964
23965
23966
23968
23969
23972
23974
23978
23979
23983
23984
23987
23991
23992
23993
23995
24002
24006
24007
24010
24012
24015
24016
24021
24030
24035
24037
24043
24045
24046
24049
24050
24051
24053
24060
24062
24066
24069
24071
24075
24077
24079
24083
24088
24091
24093
24094
24095
24096
24097
24100
24101
24102
24103
24106
24108
24122
24123
24128
24130
24138
24146
24147
24151
24165
24167
24172
24173
24174
24178
24181
24184
24186
24188
24192
24200
24210
24215
24217
24218
24219
24221
24223
24224
24228
24232
24238
24239
24240
24241
24242
24245
24246
24250
24255
24256
24257
24262
24269
24273
24275
24281
24286
24287
24288
24296
24305
24310
24313
24316
24317
24318
24322
24323
24329
24330
24331
24334
24338
24340
24346
24348
24351
24353
24358
24366
24368
24370
24371
24372
24378
24380
24382
24386
24388
24397
24400
24408
24417
24421
24443
24445
24447
24450
24452
24453
24454
24455
24458
24460
24469
24472
24473
24475
24479
24485
24486
24487
24490
24491
24492
24494
24498
24499
24500
24502
24504
24506
24507
24508
24523
24525
24532
24535
24536
24542
24544
24553
24557
24559
24560
24566
24575
24582
24587
24591
24593
24601
24603
24609
24610
24611
24613
24617
24618
24625
24626
24627
24630
24635
24636
24640
24641
24642
24643
24645
24656
24658
24659
24661
24666
24667
24668
24671
24672
24675
24678
24681
24684
24685
24686
24688
24689
24691
24692
24694
24697
24699
24700
24704
24706
24710
24712
24714
24720
24722
24727
24729
24731
24733
24738
24741
24742
24745
24746
24748
24752
24756
24758
24759
24760
24761
24762
24764
24768
24771
24773
24774
24775
24776
24777
24779
24780
24782
24785
24787
24788
24789
24790
24793
24794
24795
24797
24798
24799
24801
24802
24803
24804
24805
24806
24808
24810
24812
24813
24814
24815
24816
24817
24820
24822
24826
24827
24829
24830
24831
24832
24833
24834
24835
24836
24837
24838
24840
24841
24842
24843
24844
24846
24847
24848
24850
24853
24854
24855
24857
24858
24859
24862
24865
24866
24869
24870
24872
24874
24879
24880
24881
24882
24883
24884
24885
24886
24887
24888
24889
24891
24897
24898
24899
24900
24901
24902
24903
24904
24907
24908
24910
24911
24913
24919
24920
24921
24923
24925
24926
24928
24931
24932
24935
24936
24939
24943
24945
24946
24950
24952
24953
24954
24956
24959
24960
24962
24963
24964
24965
24966
24967
24968
24969
24973
24974
24976
24977
24984
24985
24987
24992
24994
24995
24996
24997
25000
25002
25003
25005
25006
25008
25009
25011
25012
25014
25015
25019
25020
25021
25022
25023
25025
25027
25031
25032
25033
25037
25042
25043
25048
25049
25057
25058
25060
25066
25070
25072
25073
25074
25076
25079
25081
25084
25087
25089
25090
25093
25095
25105
25106
25108
25109
25110
25111
25112
25113
25114
25117
25120
25121
25122
25126
25128
25129
25130
25133
25136
25139
25143
25148
25149
25151
25152
25155
25156
25158
25160
25162
25163
25165
25167
25168
25170
25172
25174
25179
25181
25182
25185
25186
25188
25190
25191
25193
25194
25195
25196
25199
25203
25204
25212
25213
25217
25218
25219
25220
25223
25226
25227
25230
25231
25234
25235
25243
25244
25245
25249
25252
25254
25259
25262
25264
25265
25266
25267
25268
25271
25272
25274
25276
25278
25283
25287
25288
25289
25291
25297
25299
25304
25306
25309
25314
25316
25317
25320
25322
25324
25325
25326
25329
25331
25334
25337
25339
25344
25354
25355
25358
25362
25364
25372
25375
25376
25378
25385
25388
25395
25399
25403
25406
25407
25408
25409
25410
25411
25412
25418
25421
25422
25426
25428
25432
25438
25445
25446
25448
25449
25451
25459
25461
25465
25466
25467
25469
25470
25471
25473
25475
25476
25477
25479
25487
25488
25490
25493
25494
25514
25516
25518
25520
25523
25524
25526
25527
25532
25533
25536
25537
25538
25541
25542
25545
25548
25550
25559
25560
25561
25562
25563
25566
25572
25574
25575
25576
25577
25578
25581
25582
25585
25586
25589
25590
25591
25593
25596
25599
25600
25601
25603
25605
25607
25608
25609
25618
25621
25624
25630
25632
25634
25635
25641
25642
25644
25646
25648
25652
25656
25659
25662
25664
25665
25669
25672
25673
25674
25676
25677
25678
25679
25681
25682
25683
25688
25690
25693
25695
25696
25697
25701
25702
25703
25705
25706
25708
25709
25710
25711
25712
25714
25715
25716
25717
25718
25719
25720
25722
25723
25726
25730
25733
25734
25738
25741
25743
25745
25746
25747
25748
25750
25751
25757
25768
25769
25770
25772
25773
25777
25780
25781
25784
25786
25787
25789
25790
25792
25793
25796
25798
25799
25801
25802
25803
25807
25808
25814
25815
25816
25820
25821
25823
25826
25828
25829
25832
25834
25835
25837
25838
25840
25841
25842
25843
25844
25845
25846
25850
25854
25856
25862
25863
25865
25866
25871
25873
25876
25877
25880
25881
25884
25886
25887
25888
25889
25893
25898
25899
25900
25901
25902
25905
25906
25913
25914
25915
25916
25917
25918
25919
25921
25924
25926
25927
25928
25931
25936
25937
25938
25939
25940
25941
25942
25944
25945
25946
25948
25950
25951
25954
25955
25956
25957
25958
25959
25960
25961
25962
25963
25966
25968
25971
25972
25974
25975
25978
25980
25981
25982
25983
25984
25985
25986
25987
25989
25991
25992
25993
25995
25996
25997
25998
26000
26004
26007
26018
26028
26030
26034
26035
26036
26037
26039
26044
26046
26052
26053
26059
26070
26076
26077
26081
26082
26086
26089
26094
26095
26100
26108
26110
26114
26115
26120
26121
26122
26124
26127
26130
26132
26137
26139
26141
26143
26149
26150
26151
26156
26159
26160
26161
26164
26166
26170
26173
26180
26188
26201
26205
26212
26217
26225
26231
26238
26250
26257
26259
26264
26278
26279
26281
26289
26294
26299
26304
26305
26330
26334
26344
26347
26357
26367
26372
26375
26377
26384
26396
26399
26406
26419
26423
26425
26449
26451
26465
26469
26501
26504
26508
26514
26518
26519
26522
26527
26532
26533
26550
26575
26576
26577
26578
26585
26586
26590
26600
26615
26624
26625
26628
26632
26652
26667
26668
26672
26673
26674
26676
26677
26678
26679
26681
26682
26683
26684
26685
26687
26689
26690
26691
26693
26694
26696
26698
26699
26700
26701
26702
26703
26704
26705
26706
26708
26709
26710
26711
26712
26713
26715
26716
26718
26719
26720
26721
26722
26723
26726
26727
26728
26729
26730
26732
26733
26735
26736
26738
26739
26740
26742
26744
26745
26746
26747
26754
26755
26756
26760
26761
26762
26763
26764
26765
26767
26769
26770
26771
26773
26776
26777
26778
26780
26782
26783
26785
26786
26787
26788
26793
26797
26798
26799
26800
26803
26804
26805
26808
26809
26810
26811
26812
26813
26814
26815
26816
26817
26819
26822
26825
26826
26828
26830
26831
26832
26833
26834
26835
26838
26840
26841
26842
26843
26844
26845
26847
26848
26849
26851
26853
26856
26858
26859
26860
26861
26863
26864
26866
26870
26871
26873
26874
26876
26879
26880
26886
26887
26888
26890
26892
26895
26899
26900
26901
26902
26907
26909
26914
26916
26917
26920
26921
26922
26924
26925
26926
26927
26928
26929
26930
26931
26933
26934
26938
26939
26940
26948
26951
26954
26955
26956
26957
26959
26960
26961
26963
26964
26965
26967
26970
26972
26975
26977
26979
26980
26983
26984
26985
26986
26991
26993
26996
26997
27003
27004
27005
27006
27010
27011
27017
27026
27030
27037
27038
27039
27040
27048
27051
27052
27053
27054
27057
27059
27060
27061
27065
27066
27069
27072
27076
27077
27079
27080
27081
27082
27083
27085
27086
27088
27089
27091
27095
27096
27098
27099
27101
27103
27106
27107
27108
27110
27111
27112
27114
27118
27119
27121
27123
27129
27130
27132
27134
27135
27136
27137
27138
27140
27141
27143
27145
27146
27148
27149
27150
27151
27157
27158
27159
27160
27162
27163
27164
27166
27169
27170
27173
27175
27176
27177
27178
27183
27185
27188
27191
27196
27198
27205
27207
27208
27209
27214
27215
27218
27219
27221
27223
27224
27225
27226
27227
27232
27235
27236
27237
27239
27244
27246
27250
27251
27256
27258
27260
27262
27263
27269
27271
27272
27277
27278
27281
27285
27286
27288
27290
27292
27297
27298
27300
27301
27302
27303
27305
27306
27309
27313
27314
27316
27317
27319
27320
27321
27323
27326
27328
27329
27330
27331
27332
27334
27338
27339
27341
27345
27346
27347
27348
27350
27354
27356
27361
27363
27366
27367
27370
27371
27372
27373
27374
27377
27378
27379
27380
27386
27388
27389
27391
27392
27396
27398
27399
27401
27403
27406
27408
27409
27410
27412
27414
27416
27420
27422
27425
27427
27430
27433
27434
27435
27436
27439
27441
27443
27444
27447
27448
27450
27452
27453
27454
27455
27456
27458
27462
27463
27467
27469
27470
27473
27475
27476
27477
27480
27481
27482
27484
27486
27490
27491
27494
27495
27497
27499
27500
27502
27505
27508
27509
27511
27512
27514
27516
27517
27523
27527
27528
27529
27533
27536
27537
27539
27541
27544
27545
27548
27549
27552
27553
27557
27558
27559
27560
27561
27565
27566
27567
27570
27572
27573
27575
27580
27581
27583
27588
27589
27591
27595
27597
27601
27602
27605
27606
27608
27609
27614
27615
27617
27618
27619
27621
27622
27624
27626
27627
27628
27631
27635
27636
27640
27645
27655
27656
27660
27663
27671
27672
27674
27677
27679
27680
27681
27684
27688
27692
27694
27698
27703
27705
27707
27708
27710
27713
27715
27716
27718
27719
27720
27721
27723
27727
27730
27732
27740
27741
27743
27744
27745
27749
27753
27756
27757
27758
27759
27760
27761
27764
27766
27767
27773
27774
27781
27783
27785
27788
27789
27794
27796
27799
27801
27802
27803
27808
27809
27810
27815
27822
27828
27832
27836
27837
27839
27840
27844
27845
27846
27852
27856
27857
27858
27859
27864
27872
27876
27880
27884
27887
27888
27889
27890
27895
27900
27904
27905
27906
27908
27910
27911
27914
27916
27918
27922
27927
27931
27937
27942
27944
27946
27952
27953
27954
27955
27956
27960
27961
27964
27969
27971
27976
27978
27979
27984
27995
27996
27998
28001
28002
28010
28012
28014
28019
28023
28024
28026
28029
28033
28035
28036
28037
28039
28043
28044
28045
28048
28052
28053
28055
28060
28061
28062
28070
28071
28072
28074
28077
28078
28079
28085
28095
28096
28098
28100
28103
28106
28107
28110
28114
28116
28121
28123
28124
28133
28134
28136
28144
28145
28148
28151
28152
28159
28166
28168
28169
28170
28172
28176
28182
28183
28189
28192
28195
28201
28206
28207
28209
28211
28214
28216
28218
28219
28222
28225
28226
28228
28235
28237
28239
28245
28246
28250
28253
28256
28261
28262
28265
28268
28280
28282
28283
28284
28286
28288
28289
28290
28295
28296
28300
28302
28313
28317
28318
28319
28326
28327
28337
28338
28339
28346
28348
28349
28350
28354
28355
28359
28361
28362
28363
28368
28369
28370
28372
28373
28374
28378
28379
28380
28382
28383
28384
28385
28386
28387
28389
28392
28395
28399
28405
28406
28408
28410
28411
28412
28413
28415
28418
28421
28425
28426
28427
28428
28430
28431
28433
28434
28438
28441
28443
28447
28449
28450
28455
28457
28459
28461
28463
28465
28466
28469
28472
28475
28476
28478
28480
28481
28482
28483
28484
28485
28487
28490
28491
28496
28497
28498
28499
28501
28503
28504
28507
28509
28510
28512
28513
28515
28516
28517
28518
28519
28520
28521
28524
28526
28528
28529
28530
28531
28532
28535
28536
28538
28540
28541
28542
28543
28544
28545
28546
28547
28548
28549
28550
28552
28553
28554
28555
28556
28557
28558
28559
28560
28561
28562
28563
28564
28566
28567
28568
28569
28570
28571
28572
28573
28574
28575
28577
28578
28581
28582
28583
28584
28586
28587
28588
28589
28593
28594
28596
28597
28599
28600
28602
28603
28604
28605
28606
28607
28608
28610
28612
28613
28614
28615
28616
28617
28618
28619
28621
28622
28625
28626
28627
28629
28631
28634
28636
28637
28638
28639
28641
28646
28648
28649
28651
28652
28653
28654
28656
28657
28659
28661
28662
28664
28666
28667
28668
28672
28673
28674
28675
28676
28677
28678
28679
28682
28683
28685
28686
28687
28689
28690
28691
28693
28695
28696
28698
28700
28701
28704
28708
28709
28710
28714
28715
28717
28718
28719
28721
28724
28725
28726
28727
28729
28732
28733
28734
28735
28736
28737
28739
28740
28741
28742
28744
28745
28746
28747
28749
28751
28753
28755
28758
28760
28765
28768
28771
28774
28775
28776
28777
28781
28782
28784
28786
28787
28790
28791
28793
28795
28798
28803
28807
28809
28810
28811
28813
28814
28819
28820
28822
28823
28824
28828
28831
28833
28834
28835
28839
28840
28843
28844
28845
28847
28848
28850
28851
28853
28856
28857
28858
28859
28860
28863
28864
28865
28867
28868
28869
28870
28871
28872
28873
28874
28877
28879
28881
28885
28886
28888
28893
28894
28895
28896
28897
28900
28901
28902
28905
28906
28907
28910
28912
28913
28915
28917
28919
28933
28934
28935
28940
28941
28942
28943
28944
28950
28954
28957
28960
28963
28964
28966
28971
28973
28977
28978
28979
28982
28987
28991
28992
28993
28996
28997
28998
29001
29008
29009
29010
29014
29016
29017
29020
29021
29023
29027
29028
29030
29031
29034
29036
29038
29042
29043
29045
29046
29047
29048
29054
29055
29066
29067
29072
29074
29076
29081
29082
29083
29085
29088
29097
29100
29104
29105
29106
29108
29109
29111
29113
29117
29118
29121
29124
29125
29126
29129
29132
29135
29136
29138
29139
29143
29146
29148
29152
29153
29156
29157
29163
29165
29166
29170
29172
29174
29175
29177
29186
29188
29189
29190
29193
29202
29203
29204
29209
29210
29211
29212
29213
29216
29217
29218
29224
29228
29234
29236
29237
29238
29241
29243
29244
29246
29252
29253
29254
29255
29256
29259
29260
29261
29262
29263
29264
29267
29269
29271
29274
29275
29276
29280
29284
29285
29287
29288
29290
29297
29299
29300
29305
29306
29308
29309
29310
29314
29315
29317
29318
29319
29320
29321
29323
29324
29327
29328
29332
29335
29339
29340
29345
29347
29348
29349
29355
29356
29359
29360
29361
29363
29366
29367
29368
29372
29373
29376
29378
29383
29385
29386
29387
29391
29392
29395
29396
29399
29404
29408
29411
29416
29417
29418
29419
29420
29421
29422
29423
29428
29431
29432
29434
29437
29438
29440
29443
29444
29447
29448
29455
29456
29458
29461
29462
29464
29469
29471
29472
29474
29476
29480
29482
29483
29484
29487
29488
29489
29490
29492
29494
29497
29501
29504
29507
29508
29509
29510
29512
29517
29522
29523
29524
29527
29528
29529
29530
29531
29533
29537
29538
29540
29541
29542
29546
29547
29551
29553
29555
29556
29557
29558
29559
29560
29566
29568
29569
29571
29572
29574
29576
29579
29580
29583
29586
29590
29591
29592
29593
29595
29597
29598
29600
29603
29608
29611
29617
29620
29626
29627
29629
29632
29633
29635
29636
29638
29640
29642
29644
29645
29655
29656
29657
29658
29659
29660
29661
29664
29667
29670
29671
29672
29673
29674
29675
29676
29677
29679
29680
29682
29683
29685
29686
29687
29688
29689
29690
29692
29694
29696
29697
29698
29699
29700
29701
29703
29704
29705
29706
29709
29710
29711
29712
29714
29715
29716
29717
29722
29731
29732
29739
29743
29746
29751
29753
29759
29765
29766
29768
29770
29771
29778
29784
29785
29789
29796
29809
29811
29822
29828
29830
29832
29835
29836
29838
29839
29840
29863
29864
29870
29872
29874
29877
29880
29882
29884
29889
29897
29900
29902
29905
29909
29914
29919
29931
29936
29957
29961
29973
29976
29990
30006
30016
30018
30034
30038
30039
30050
30052
30058
30077
30081
30082
30085
30086
30095
30098
30100
30103
30105
30107
30110
30123
30124
30125
30126
30143
30152
30167
30172
30174
30181
30191
30194
30200
30207
30211
30213
30214
30222
30231
30233
30235
30236
30246
30251
30268
30279
30280
30291
30295
30299
30300
30304
30306
30314
30320
30324
30331
30337
30341
30356
30358
30366
30374
30380
30381
30386
30387
30388
30390
30391
30392
30393
30394
30395
30396
30397
30398
30400
30401
30403
30404
30405
30406
30407
30408
30409
30410
30411
30412
30413
30414
30415
30416
30419
30420
30422
30423
30424
30425
30426
30427
30428
30429
30430
30431
30434
30435
30436
30437
30438
30439
30440
30441
30442
30444
30445
30446
30447
30448
30449
30450
30452
30453
30454
30456
30458
30461
30462
30463
30466
30468
30469
30470
30471
30473
30474
30477
30478
30481
30482
30483
30484
30485
30486
30487
30490
30491
30492
30494
30496
30497
30500
30501
30503
30505
30506
30507
30508
30509
30510
30512
30513
30514
30515
30516
30517
30519
30520
30521
30522
30523
30525
30526
30527
30528
30530
30531
30532
30534
30535
30536
30538
30539
30540
30542
30543
30544
30545
30547
30548
30549
30550
30553
30554
30555
30556
30557
30559
30562
30564
30566
30567
30569
30570
30572
30573
30574
30575
30576
30577
30578
30580
30581
30582
30584
30585
30586
30587
30588
30592
30596
30600
30601
30604
30606
30607
30609
30610
30613
30615
30618
30620
30621
30622
30623
30624
30626
30627
30628
30631
30633
30635
30636
30637
30639
30640
30642
30643
30650
30651
30652
30653
30655
30656
30657
30659
30661
30662
30664
30665
30666
30668
30670
30671
30673
30674
30676
30678
30679
30681
30682
30685
30686
30689
30690
30691
30693
30694
30695
30697
30698
30699
30702
30706
30708
30710
30712
30713
30714
30717
30718
30719
30720
30721
30722
30723
30725
30728
30729
30731
30734
30738
30739
30741
30743
30744
30745
30746
30749
30752
30755
30756
30757
30758
30760
30762
30763
30765
30766
30767
30768
30771
30772
30773
30774
30775
30776
30778
30779
30783
30784
30785
30786
30787
30789
30790
30791
30792
30793
30795
30796
30799
30800
30801
30804
30805
30806
30809
30811
30812
30815
30817
30820
30821
30824
30825
30826
30828
30832
30833
30835
30837
30838
30839
30840
30843
30844
30849
30851
30853
30854
30855
30857
30858
30859
30860
30861
30862
30863
30864
30865
30868
30872
30873
30874
30875
30876
30877
30880
30881
30883
30884
30886
30889
30890
30891
30892
30893
30897
30898
30901
30902
30904
30906
30907
30908
30909
30911
30912
30914
30915
30919
30921
30922
30923
30925
30927
30929
30930
30931
30935
30940
30941
30943
30947
30948
30949
30950
30953
30954
30957
30958
30962
30964
30965
30969
30970
30971
30972
30974
30975
30978
30983
30985
30988
30990
30991
30992
30993
30996
30998
30999
31000
31001
31002
31004
31006
31008
31009
31011
31012
31014
31015
31017
31020
31021
31022
31023
31025
31026
31027
31028
31031
31033
31035
31036
31037
31038
31039
31043
31044
31046
31049
31051
31053
31054
31055
31057
31059
31060
31061
31062
31064
31065
31066
31067
31068
31070
31071
31077
31084
31085
31087
31089
31090
31091
31093
31094
31098
31102
31103
31104
31105
31108
31109
31110
31112
31116
31118
31120
31123
31128
31129
31130
31132
31135
31136
31139
31140
31142
31145
31147
31148
31150
31151
31153
31155
31156
31157
31158
31159
31161
31162
31164
31166
31168
31170
31171
31173
31175
31176
31178
31179
31180
31181
31184
31186
31189
31190
31191
31194
31196
31198
31200
31202
31205
31206
31207
31208
31209
31216
31217
31218
31221
31224
31225
31229
31232
31234
31237
31239
31242
31244
31245
31247
31248
31251
31253
31255
31258
31263
31264
31269
31271
31273
31274
31275
31276
31279
31282
31283
31286
31287
31288
31291
31292
31293
31294
31295
31297
31299
31302
31303
31306
31310
31311
31315
31317
31319
31323
31324
31328
31329
31332
31336
31341
31345
31346
31348
31350
31351
31353
31354
31359
31361
31363
31365
31374
31375
31376
31382
31384
31386
31388
31390
31393
31394
31398
31399
31402
31405
31406
31407
31408
31411
31412
31421
31422
31423
31427
31428
31435
31438
31440
31441
31444
31447
31449
31451
31453
31458
31459
31462
31465
31472
31474
31477
31479
31480
31482
31484
31485
31487
31488
31492
31494
31498
31499
31500
31503
31508
31510
31516
31518
31519
31521
31525
31529
31531
31532
31533
31534
31544
31546
31548
31551
31553
31556
31558
31577
31578
31581
31586
31589
31591
31594
31598
31601
31602
31603
31604
31607
31616
31617
31618
31621
31628
31630
31634
31637
31641
31643
31646
31654
31656
31658
31659
31662
31664
31666
31667
31668
31673
31678
31679
31681
31683
31684
31685
31690
31691
31692
31693
31696
31704
31706
31707
31708
31709
31712
31714
31715
31724
31727
31728
31729
31730
31731
31733
31735
31737
31738
31739
31740
31743
31745
31749
31750
31753
31755
31757
31758
31759
31762
31768
31769
31770
31775
31777
31778
31780
31783
31785
31791
31796
31797
31799
31801
31805
31807
31810
31813
31819
31821
31824
31825
31826
31828
31835
31837
31838
31841
31845
31846
31847
31849
31851
31853
31854
31866
31873
31875
31877
31880
31881
31882
31884
31897
31898
31904
31907
31908
31910
31913
31918
31924
31927
31930
31937
31941
31944
31950
31951
31953
31956
31961
31968
31969
31970
31971
31972
31974
31975
31976
31979
31985
31986
31996
31998
32000
32001
32003
32006
32009
32012
32013
32014
32018
32019
32020
32023
32029
32032
32033
32037
32040
32048
32053
32055
32056
32057
32058
32059
32063
32064
32065
32067
32068
32069
32070
32072
32073
32074
32075
32076
32079
32081
32082
32086
32088
32089
32092
32093
32094
32095
32096
32099
32100
32103
32105
32106
32107
32109
32110
32111
32112
32113
32119
32120
32122
32126
32127
32128
32129
32130
32132
32133
32134
32135
32137
32139
32141
32142
32144
32147
32148
32150
32151
32152
32155
32159
32161
32163
32164
32166
32168
32169
32171
32173
32174
32176
32177
32180
32182
32183
32184
32185
32186
32187
32188
32189
32190
32194
32195
32198
32199
32200
32201
32202
32203
32204
32205
32206
32207
32208
32210
32211
32212
32215
32216
32217
32218
32219
32221
32223
32224
32225
32226
32227
32230
32231
32232
32233
32234
32235
32236
32237
32238
32240
32241
32244
32247
32249
32250
32251
32252
32253
32254
32255
32258
32260
32262
32263
32264
32265
32266
32268
32269
32270
32271
32272
32274
32275
32276
32278
32279
32280
32281
32282
32283
32285
32286
32287
32289
32291
32292
32293
32294
32295
32296
32297
32300
32302
32303
32304
32307
32308
32309
32310
32311
32314
32316
32317
32318
32319
32320
32321
32322
32323
32324
32327
32328
32329
32331
32332
32334
32335
32336
32338
32339
32341
32342
32343
32344
32345
32347
32348
32351
32353
32354
32356
32357
32358
32360
32365
32366
32367
32368
32371
32372
32373
32374
32375
32378
32379
32380
32382
32383
32384
32386
32388
32390
32391
32392
32393
32394
32396
32397
32398
32399
32401
32402
32403
32404
32406
32409
32410
32411
32412
32413
32414
32415
32416
32418
32422
32424
32427
32428
32429
32430
32431
32432
32433
32436
32437
32438
32439
32440
32441
32442
32443
32445
32448
32450
32451
32452
32454
32457
32459
32461
32463
32464
32465
32466
32467
32468
32470
32471
32472
32473
32474
32477
32480
32482
32485
32488
32489
32491
32492
32493
32496
32498
32500
32501
32502
32504
32506
32507
32509
32512
32513
32515
32516
32517
32518
32520
32524
32525
32527
32528
32529
32531
32533
32535
32537
32538
32541
32542
32543
32548
32549
32550
32553
32554
32555
32556
32557
32560
32564
32566
32567
32571
32573
32574
32575
32576
32577
32578
32579
32580
32583
32586
32588
32592
32593
32595
32602
32603
32606
32607
32610
32611
32614
32616
32618
32619
32622
32623
32624
32627
32630
32631
32632
32634
32637
32638
32640
32641
32642
32643
32650
32652
32653
32654
32656
32657
32658
32659
32661
32662
32663
32666
32670
32671
32673
32674
32676
32677
32678
32680
32682
32683
32686
32687
32688
32690
32691
32692
32693
32695
32697
32698
32700
32701
32702
32703
32704
32707
32708
32710
32711
32712
32715
32716
32717
32718
32721
32727
32730
32731
32733
32734
32735
32739
32742
32744
32745
32746
32747
32748
32749
32750
32751
32752
32756
32757
32760
32762
32764
32765
32767
32768
32769
32771
32773
32775
32777
32785
32786
32787
32788
32790
32791
32794
32796
32797
32806
32811
32813
32814
32818
32822
32823
32827
32829
32830
32831
32832
32835
32836
32838
32839
32840
32841
32842
32846
32847
32849
32850
32851
32866
32869
32871
32874
32876
32877
32879
32881
32883
32884
32886
32887
32888
32891
32892
32898
32899
32902
32904
32909
32910
32912
32915
32916
32922
32923
32925
32927
32931
32932
32934
32937
32939
32944
32950
32951
32952
32953
32955
32957
32960
32961
32963
32964
32965
32966
32968
32969
32971
32972
32973
32976
32978
32980
32985
32988
32990
32991
32992
32994
32995
32998
33000
33004
33006
33010
33012
33013
33016
33017
33018
33019
33020
33021
33022
33024
33025
33026
33029
33030
33031
33032
33035
33037
33038
33040
33041
33042
33045
33049
33050
33054
33055
33058
33059
33061
33063
33068
33070
33072
33073
33074
33082
33083
33085
33087
33088
33091
33092
33093
33094
33095
33097
33101
33104
33105
33107
33108
33110
33111
33118
33120
33122
33123
33125
33126
33128
33130
33131
33133
33136
33137
33138
33140
33141
33142
33148
33150
33151
33154
33156
33158
33161
33162
33164
33169
33171
33172
33173
33175
33176
33178
33179
33182
33183
33185
33187
33189
33191
33192
33194
33195
33197
33198
33199
33201
33202
33204
33205
33206
33207
33209
33211
33212
33214
33215
33218
33221
33222
33226
33229
33230
33231
33232
33235
33236
33238
33243
33244
33246
33249
33251
33253
33254
33255
33256
33257
33259
33260
33261
33262
33264
33265
33267
33268
33269
33270
33271
33272
33273
33274
33275
33276
33280
33281
33282
33283
33284
33285
33286
33289
33290
33293
33294
33296
33301
33302
33304
33305
33311
33312
33313
33314
33316
33318
33319
33320
33321
33322
33324
33325
33329
33330
33334
33335
33336
33342
33343
33344
33345
33346
33349
33352
33354
33355
33357
33359
33363
33366
33367
33368
33369
33370
33371
33373
33374
33375
33377
33378
33379
33381
33382
33383
33384
33385
33386
33387
33388
33389
33390
33391
33392
33394
33396
33397
33398
33399
33400
33402
33403
33404
33405
33406
33407
33408
33409
33410
33411
33413
33414
33415
33416
33417
33419
33420
33421
33422
33423
33424
33425
33426
33430
33431
33434
33435
33436
33446
33447
33450
33451
33452
33455
33456
33457
33462
33463
33464
33468
33471
33480
33485
33487
33488
33489
33493
33494
33496
33501
33503
33504
33506
33510
33516
33517
33522
33523
33534
33535
33538
33540
33541
33542
33546
33547
33549
33552
33554
33562
33563
33569
33571
33572
33584
33587
33588
33592
33594
33596
33600
33605
33609
33611
33613
33633
33637
33640
33642
33649
33659
33660
33662
33688
33691
33706
33713
33717
33724
33737
33745
33764
33768
33770
33778
33780
33795
33800
33803
33814
33824
33827
33828
33831
33833
33834
33836
33850
33851
33853
33876
33879
33881
33888
33892
33893
33897
33908
33910
33914
33919
33921
33924
33935
33947
33961
33979
33985
33991
33998
34004
34006
34009
34014
34020
34024
34026
34028
34035
34043
34044
34045
34050
34051
34052
34055
34059
34060
34062
34065
34069
34073
34080
34088
34091
34094
34100
34101
34102
34103
34104
34105
34106
34107
34108
34109
34110
34111
34112
34113
34115
34116
34117
34119
34120
34122
34123
34124
34125
34126
34127
34128
34130
34131
34132
34133
34136
34137
34139
34140
34141
34142
34144
34146
34147
34148
34149
34151
34152
34153
34154
34155
34156
34157
34159
34160
34161
34162
34163
34164
34165
34166
34167
34168
34169
34170
34173
34174
34175
34176
34179
34180
34183
34184
34188
34191
34192
34193
34194
34196
34198
34199
34204
34205
34206
34208
34210
34211
34213
34214
34215
34216
34217
34220
34222
34223
34225
34226
34227
34228
34229
34231
34232
34233
34240
34241
34242
34243
34244
34245
34246
34247
34249
34250
34252
34254
34255
34256
34258
34259
34260
34262
34263
34264
34265
34266
34267
34268
34271
34272
34274
34278
34280
34281
34284
34286
34287
34288
34289
34290
34291
34292
34293
34298
34299
34300
34301
34303
34305
34309
34310
34311
34312
34314
34315
34316
34318
34319
34320
34321
34322
34323
34324
34326
34327
34329
34330
34332
34333
34335
34336
34337
34341
34342
34345
34348
34349
34351
34352
34354
34355
34356
34357
34359
34364
34365
34366
34368
34373
34375
34376
34377
34379
34380
34381
34382
34384
34388
34389
34390
34391
34392
34393
34396
34397
34398
34400
34402
34403
34405
34406
34407
34408
34409
34411
34412
34413
34414
34416
34417
34418
34420
34421
34422
34423
34424
34425
34426
34427
34428
34429
34431
34433
34435
34441
34442
34445
34446
34452
34453
34454
34455
34458
34459
34460
34461
34462
34465
34466
34467
34469
34470
34472
34474
34476
34479
34480
34482
34487
34489
34490
34491
34492
34493
34494
34495
34497
34498
34500
34501
34503
34504
34507
34508
34510
34511
34513
34514
34517
34519
34524
34527
34529
34531
34533
34535
34537
34538
34539
34545
34546
34547
34549
34550
34551
34552
34555
34557
34558
34562
34564
34565
34566
34568
34569
34572
34573
34574
34576
34577
34582
34583
34585
34586
34588
34590
34592
34594
34595
34598
34600
34601
34603
34604
34605
34606
34609
34612
34616
34617
34621
34623
34625
34626
34630
34631
34633
34635
34636
34637
34641
34642
34643
34645
34646
34647
34648
34649
34653
34654
34655
34657
34659
34660
34661
34665
34667
34668
34671
34672
34674
34675
34676
34677
34678
34679
34681
34683
34684
34685
34686
34688
34690
34693
34694
34698
34699
34700
34701
34704
34705
34706
34708
34709
34710
34713
34714
34720
34723
34725
34726
34728
34729
34731
34733
34734
34739
34740
34741
34742
34743
34744
34745
34747
34749
34750
34751
34752
34753
34756
34758
34761
34762
34763
34764
34766
34767
34768
34769
34773
34776
34778
34782
34784
34789
34791
34792
34793
34794
34796
34798
34799
34800
34801
34802
34804
34807
34812
34813
34814
34816
34817
34818
34819
34824
34826
34828
34829
34830
34833
34834
34835
34836
34837
34838
34839
34841
34843
34848
34849
34852
34853
34855
34856
34858
34860
34862
34863
34867
34868
34869
34871
34872
34875
34876
34880
34881
34883
34884
34886
34887
34888
34891
34892
34893
34894
34895
34896
34897
34900
34903
34905
34906
34908
34909
34912
34914
34916
34921
34923
34927
34932
34933
34935
34939
34943
34946
34947
34948
34950
34955
34956
34959
34960
34961
34962
34964
34965
34967
34969
34972
34974
34975
34976
34978
34980
34981
34982
34984
34985
34986
34987
34988
34992
34993
34994
34995
34998
34999
35000
35003
35005
35006
35008
35009
35010
35016
35019
35022
35024
35025
35029
35033
35035
35037
35042
35043
35044
35046
35048
35050
35052
35054
35055
35056
35057
35059
35060
35062
35063
35064
35067
35068
35072
35073
35074
35075
35077
35078
35079
35082
35084
35085
35090
35095
35096
35100
35104
35106
35107
35108
35109
35110
35111
35113
35116
35118
35119
35121
35123
35124
35125
35126
35127
35131
35135
35137
35139
35140
35141
35142
35143
35144
35145
35146
35148
35149
35150
35151
35152
35155
35157
35160
35165
35169
35171
35172
35176
35177
35180
35183
35186
35187
35188
35191
35192
35194
35197
35199
35201
35202
35204
35206
35207
35208
35209
35210
35211
35213
35214
35216
35221
35222
35223
35224
35225
35226
35230
35235
35236
35237
35239
35240
35242
35243
35245
35246
35247
35248
35250
35254
35255
35258
35265
35266
35268
35269
35272
35279
35282
35284
35285
35287
35288
35292
35293
35295
35297
35299
35303
35306
35307
35308
35309
35313
35315
35316
35317
35318
35325
35328
35329
35331
35332
35335
35336
35337
35338
35340
35341
35342
35343
35344
35352
35355
35356
35357
35359
35360
35361
35363
35365
35368
35370
35372
35374
35378
35380
35381
35382
35383
35387
35388
35389
35390
35391
35393
35394
35397
35398
35399
35400
35401
35402
35403
35404
35406
35407
35412
35420
35421
35423
35426
35429
35430
35431
35433
35434
35435
35438
35440
35442
35447
35449
35451
35453
35454
35457
35459
35464
35466
35467
35469
35471
35472
35473
35477
35481
35482
35483
35485
35487
35488
35489
35491
35492
35496
35499
35504
35505
35506
35507
35511
35512
35513
35514
35515
35516
35517
35523
35524
35525
35528
35529
35530
35534
35537
35538
35539
35541
35545
35548
35551
35559
35560
35561
35562
35563
35564
35568
35572
35573
35578
35579
35580
35583
35587
35589
35592
35594
35596
35597
35598
35600
35604
35605
35607
35609
35617
35620
35624
35627
35628
35629
35631
35632
35633
35636
35637
35638
35639
35640
35641
35644
35645
35646
35648
35649
35650
35653
35654
35656
35659
35660
35661
35664
35667
35670
35671
35673
35674
35675
35678
35679
35680
35684
35686
35687
35690
35692
35693
35694
35695
35697
35698
35699
35701
35702
35703
35706
35707
35708
35709
35711
35712
35714
35715
35718
35723
35724
35728
35729
35730
35731
35733
35735
35737
35740
35741
35745
35746
35748
35749
35752
35754
35755
35758
35767
35772
35773
35775
35777
35781
35782
35783
35784
35786
35787
35788
35793
35798
35801
35803
35805
35807
35808
35809
35810
35811
35812
35814
35817
35820
35823
35824
35825
35826
35827
35828
35829
35831
35832
35833
35834
35835
35836
35838
35839
35840
35841
35842
35843
35844
35846
35847
35848
35852
35854
35855
35856
35857
35858
35859
35861
35862
35864
35866
35867
35868
35869
35870
35871
35872
35873
35874
35875
35879
35880
35881
35882
35884
35885
35887
35888
35889
35890
35891
35894
35895
35897
35898
35900
35901
35903
35904
35905
35906
35907
35908
35909
35910
35911
35913
35914
35915
35917
35920
35921
35922
35923
35924
35925
35926
35927
35929
35930
35931
35932
35935
35937
35938
35940
35941
35943
35944
35945
35946
35947
35948
35949
35950
35952
35954
35955
35956
35958
35959
35960
35961
35962
35963
35964
35967
35968
35969
35972
35974
35975
35976
35977
35978
35979
35980
35982
35983
35985
35987
35988
35990
35991
35992
35994
35995
35996
35997
35999
36000
36001
36003
36004
36005
36006
36008
36009
36010
36012
36013
36014
36016
36017
36018
36021
36022
36023
36025
36027
36028
36030
36031
36033
36034
36038
36039
36040
36041
36042
36044
36045
36046
36047
36049
36050
36053
36054
36055
36057
36059
36060
36061
36062
36063
36065
36067
36068
36069
36070
36071
36074
36078
36079
36080
36081
36082
36084
36085
36087
36089
36092
36093
36094
36095
36098
36101
36102
36103
36104
36105
36106
36107
36108
36110
36111
36112
36113
36115
36117
36120
36121
36123
36124
36125
36126
36127
36128
36129
36132
36134
36137
36142
36143
36144
36146
36147
36148
36149
36150
36151
36152
36153
36154
36155
36156
36157
36158
36159
36160
36161
36162
36163
36164
36165
36166
36168
36170
36172
36173
36174
36175
36176
36179
36180
36182
36184
36185
36186
36188
36190
36191
36193
36194
36195
36198
36199
36200
36202
36206
36209
36210
36212
36213
36214
36215
36216
36218
36220
36221
36223
36224
36226
36232
36233
36235
36237
36238
36239
36241
36247
36248
36249
36250
36251
36252
36254
36256
36257
36258
36262
36264
36265
36267
36268
36269
36271
36272
36275
36276
36278
36279
36281
36282
36283
36288
36291
36292
36293
36294
36296
36297
36298
36299
36300
36309
36310
36311
36312
36313
36314
36316
36319
36324
36328
36330
36332
36333
36335
36337
36338
36339
36341
36343
36344
36345
36346
36348
36349
36351
36352
36354
36355
36356
36358
36359
36361
36362
36364
36366
36367
36368
36369
36370
36371
36372
36375
36376
36378
36380
36384
36385
36390
36391
36392
36394
36395
36396
36399
36400
36401
36402
36403
36404
36405
36407
36410
36415
36416
36418
36420
36421
36425
36426
36427
36428
36429
36430
36431
36432
36436
36437
36441
36442
36443
36444
36446
36448
36451
36456
36458
36459
36461
36462
36463
36464
36465
36466
36471
36474
36476
36478
36479
36485
36487
36488
36489
36491
36492
36493
36494
36496
36498
36501
36502
36504
36508
36510
36514
36515
36516
36518
36520
36522
36525
36528
36529
36530
36532
36533
36534
36536
36538
36539
36545
36546
36547
36548
36549
36552
36553
36554
36557
36560
36561
36564
36565
36566
36572
36574
36575
36577
36579
36580
36581
36582
36583
36585
36587
36590
36591
36592
36593
36597
36598
36599
36600
36601
36602
36604
36605
36608
36609
36612
36613
36615
36617
36618
36621
36623
36625
36629
36630
36634
36636
36637
36642
36644
36645
36646
36648
36649
36651
36652
36656
36658
36661
36662
36664
36666
36668
36671
36672
36674
36679
36680
36683
36684
36685
36686
36687
36688
36690
36692
36697
36698
36699
36700
36701
36704
36705
36706
36708
36709
36710
36712
36713
36714
36715
36716
36717
36718
36720
36722
36724
36725
36727
36728
36729
36730
36731
36733
36738
36741
36742
36743
36745
36747
36748
36750
36751
36752
36753
36755
36756
36757
36760
36761
36763
36764
36766
36767
36768
36771
36777
36782
36783
36785
36790
36792
36794
36796
36798
36800
36802
36806
36807
36808
36810
36811
36813
36814
36815
36819
36820
36821
36822
36823
36824
36828
36830
36831
36832
36834
36837
36838
36839
36840
36843
36844
36846
36847
36848
36849
36850
36851
36852
36854
36855
36856
36857
36858
36860
36862
36864
36865
36870
36872
36876
36878
36882
36883
36884
36887
36888
36889
36890
36892
36893
36896
36898
36899
36903
36904
36906
36910
36911
36912
36914
36915
36917
36918
36920
36922
36923
36925
36926
36930
36932
36933
36934
36935
36936
36938
36940
36944
36945
36946
36947
36950
36952
36955
36957
36958
36960
36961
36962
36964
36965
36966
36970
36971
36972
36974
36975
36976
36979
36981
36982
36984
36985
36986
36987
36990
36991
36992
36994
36995
36997
36998
36999
37000
37001
37003
37004
37007
37008
37010
37012
37014
37015
37018
37019
37021
37022
37026
37028
37031
37032
37033
37035
37036
37038
37039
37041
37042
37043
37044
37045
37048
37049
37050
37052
37053
37054
37057
37058
37060
37062
37064
37065
37066
37067
37068
37069
37070
37071
37073
37079
37081
37082
37083
37084
37085
37086
37087
37088
37091
37092
37093
37094
37095
37097
37098
37099
37101
37102
37104
37105
37106
37108
37109
37110
37111
37112
37113
37114
37115
37116
37117
37118
37119
37120
37122
37123
37124
37125
37126
37127
37128
37129
37130
37131
37132
37133
37134
37135
37137
37138
37139
