9
11
12
18
20
26
28
30
36
37
39
41
44
46
48
54
56
62
64
66
71
74
77
79
80
83
93
95
96
99
103
107
111
112
113
116
117
118
121
123
124
125
126
128
131
135
136
137
138
139
142
143
144
145
147
148
150
151
158
159
161
162
165
168
172
175
178
179
182
183
185
186
190
197
200
202
206
207
209
213
214
216
225
227
233
240
250
255
256
258
261
262
268
272
277
281
288
296
297
313
326
327
335
339
342
343
351
355
356
380
383
387
392
395
397
398
401
410
413
415
418
425
427
434
435
437
441
442
443
445
451
453
458
466
468
470
477
480
487
493
499
504
505
508
511
519
521
524
529
533
550
552
564
569
572
580
583
587
590
591
594
604
608
609
618
619
623
626
636
639
642
643
644
649
651
655
659
664
665
669
670
674
676
678
679
680
681
682
683
684
685
686
687
688
689
690
691
692
693
695
699
700
701
702
703
704
705
706
707
710
711
712
713
714
715
716
717
718
719
720
722
723
724
725
727
728
729
730
731
732
733
735
739
740
743
744
746
748
752
753
754
755
756
757
758
762
763
764
765
767
769
770
773
775
776
778
779
780
782
783
784
786
787
788
789
791
792
793
796
798
799
800
801
803
805
808
810
811
812
813
814
815
818
819
820
821
824
827
829
830
833
834
835
836
837
838
839
840
842
843
844
846
849
850
851
852
853
854
856
858
860
861
862
863
866
867
869
872
873
878
881
882
884
886
888
890
891
892
894
895
898
900
901
904
905
906
909
911
916
917
919
922
923
925
926
930
932
933
934
935
936
938
939
940
941
944
945
947
950
951
954
956
957
958
959
961
966
967
968
969
971
972
974
975
976
977
979
980
984
985
986
987
989
991
993
994
995
996
998
999
1001
1002
1005
1006
1007
1009
1011
1014
1016
1017
1018
1019
1020
1022
1023
1026
1028
1031
1032
1033
1035
1037
1040
1041
1043
1045
1048
1050
1051
1052
1053
1055
1058
1061
1063
1064
1065
1066
1069
1070
1071
1072
1073
1074
1075
1076
1078
1079
1080
1081
1082
1086
1087
1088
1089
1093
1097
1098
1099
1100
1101
1103
1104
1108
1110
1111
1113
1118
1119
1121
1123
1125
1128
1129
1130
1131
1132
1133
1134
1135
1140
1143
1144
1146
1147
1149
1151
1152
1153
1155
1156
1157
1159
1160
1161
1162
1163
1164
1166
1169
1170
1172
1174
1176
1178
1181
1183
1184
1185
1187
1191
1192
1194
1199
1202
1203
1204
1205
1207
1209
1211
1212
1213
1219
1220
1221
1224
1225
1228
1229
1230
1231
1234
1235
1238
1241
1244
1245
1249
1250
1251
1252
1253
1256
1257
1258
1260
1261
1263
1264
1265
1266
1270
1272
1273
1274
1276
1278
1281
1282
1284
1286
1289
1291
1293
1295
1300
1307
1309
1311
1313
1315
1318
1319
1320
1321
1323
1324
1326
1327
1328
1329
1330
1331
1332
1334
1335
1336
1338
1339
1340
1342
1345
1348
1349
1350
1352
1354
1355
1356
1358
1359
1361
1366
1368
1371
1374
1375
1376
1378
1379
1380
1382
1383
1385
1386
1387
1389
1390
1391
1393
1394
1396
1397
1398
1399
1400
1401
1403
1405
1407
1408
1410
1411
1413
1416
1419
1425
1426
1427
1428
1429
1435
1436
1437
1439
1441
1445
1446
1448
1449
1455
1457
1458
1459
1461
1465
1466
1470
1471
1474
1475
1476
1477
1478
1481
1486
1488
1489
1494
1495
1499
1500
1501
1505
1506
1507
1512
1513
1515
1520
1523
1524
1525
1526
1527
1529
1530
1533
1535
1536
1537
1538
1539
1540
1541
1542
1543
1545
1550
1555
1556
1557
1558
1561
1562
1563
1568
1569
1570
1574
1575
1576
1577
1579
1583
1584
1586
1588
1589
1590
1593
1595
1596
1598
1599
1604
1606
1607
1609
1616
1617
1620
1622
1623
1624
1625
1630
1633
1637
1638
1644
1646
1648
1653
1655
1656
1659
1663
1664
1665
1668
1670
1671
1673
1674
1675
1676
1678
1680
1682
1683
1686
1687
1688
1690
1692
1694
1695
1698
1702
1703
1705
1706
1709
1715
1719
1720
1723
1724
1725
1726
1727
1728
1729
1731
1732
1737
1738
1739
1743
1744
1745
1746
1747
1748
1752
1753
1759
1760
1761
1762
1763
1764
1765
1766
1767
1768
1773
1775
1781
1782
1783
1788
1789
1791
1792
1793
1795
1796
1797
1798
1803
1805
1806
1807
1812
1813
1816
1817
1819
1820
1821
1822
1824
1830
1832
1834
1835
1839
1843
1844
1848
1852
1855
1857
1862
1866
1867
1870
1883
1884
1885
1886
1887
1892
1894
1902
1905
1906
1908
1916
1922
1923
1924
1933
1936
1939
1940
1943
1944
1945
1946
1949
1951
1954
1955
1962
1968
1970
1971
1972
1973
1975
1978
1980
1981
1983
1984
1986
1989
1992
1995
1997
2007
2010
2012
2016
2021
2023
2028
2032
2034
2038
2040
2043
2046
2047
2048
2050
2054
2060
2063
2066
2067
2069
2071
2073
2077
2078
2079
2082
2085
2088
2090
2095
2096
2097
2104
2105
2106
2108
2111
2112
2113
2116
2117
2119
2125
2129
2133
2136
2140
2142
2143
2144
2147
2150
2152
2157
2161
2165
2168
2169
2171
2172
2175
2179
2181
2185
2186
2189
2190
2191
2199
2203
2205
2206
2208
2213
2214
2215
2218
2219
2220
2221
2225
2237
2239
2240
2241
2244
2247
2251
2254
2256
2258
2261
2264
2266
2271
2273
2274
2276
2279
2282
2286
2287
2289
2294
2297
2303
2307
2309
2311
2314
2315
2317
2319
2320
2327
2328
2329
2331
2335
2341
2342
2343
2346
2347
2350
2351
2356
2357
2359
2361
2369
2370
2372
2373
2375
2380
2381
2382
2383
2384
2387
2388
2389
2390
2391
2394
2395
2396
2397
2398
2404
2406
2407
2408
2410
2415
2420
2422
2424
2425
2427
2428
2430
2432
2433
2434
2435
2436
2438
2440
2442
2443
2444
2445
2448
2449
2450
2454
2455
2456
2457
2459
2461
2465
2470
2481
2484
2485
2487
2488
2489
2490
2491
2492
2493
2494
2495
2497
2498
2500
2501
2504
2505
2506
2508
2509
2510
2511
2512
2513
2514
2515
2516
2518
2519
2520
2522
2523
2524
2525
2526
2527
2528
2529
2530
2531
2532
2533
2534
2535
2536
2537
2538
2539
2540
2541
2542
2544
2545
2546
2549
2550
2551
2552
2553
2554
2555
2556
2557
2558
2559
2560
2561
2562
2563
2564
2565
2566
2567
2568
2569
2570
2571
2573
2574
2575
2577
2579
2581
2582
2584
2586
2587
2588
2589
2590
2591
2592
2594
2596
2597
2598
2599
2600
2601
2604
2605
2606
2607
2608
2610
2612
2613
2614
2615
2616
2617
2620
2621
2622
2623
2624
2626
2627
2628
2629
2630
2631
2633
2634
2635
2636
2637
2639
2641
2642
2643
2644
2645
2646
2648
2650
2651
2652
2653
2654
2655
2658
2659
2660
2661
2662
2663
2664
2667
2668
2670
2672
2675
2676
2678
2679
2682
2684
2685
2688
2689
2690
2691
2692
2693
2694
2697
2698
2699
2700
2701
2702
2703
2704
2706
2707
2710
2711
2712
2713
2714
2716
2717
2718
2721
2722
2723
2724
2725
2728
2729
2730
2733
2736
2737
2738
2740
2741
2742
2743
2744
2747
2749
2750
2756
2758
2759
2760
2761
2764
2765
2766
2767
2768
2773
2774
2775
2776
2778
2779
2780
2782
2784
2786
2787
2788
2789
2790
2791
2795
2797
2799
2800
2802
2803
2805
2806
2811
2812
2813
2814
2816
2818
2819
2821
2822
2825
2826
2828
2829
2830
2831
2833
2836
2837
2841
2842
2843
2845
2847
2848
2849
2852
2855
2858
2859
2860
2865
2866
2867
2868
2869
2870
2871
2873
2874
2878
2879
2883
2884
2886
2887
2888
2890
2894
2895
2898
2900
2902
2903
2904
2906
2907
2910
2911
2912
2913
2915
2917
2919
2920
2923
2925
2926
2928
2933
2934
2935
2938
2940
2942
2943
2944
2949
2954
2957
2959
2961
2964
2965
2966
2968
2970
2974
2975
2976
2979
2980
2981
2983
2984
2986
2987
2988
2989
2991
2992
2998
2999
3001
3002
3003
3010
3011
3012
3014
3017
3018
3022
3023
3025
3030
3032
3033
3035
3036
3037
3038
3039
3045
3046
3048
3049
3050
3052
3054
3055
3056
3057
3058
3059
3065
3067
3070
3073
3074
3076
3078
3080
3087
3088
3090
3091
3094
3098
3099
3100
3102
3103
3104
3106
3108
3110
3111
3122
3123
3126
3127
3128
3130
3134
3138
3142
3145
3148
3149
3150
3151
3154
3157
3159
3162
3164
3167
3174
3175
3177
3178
3179
3187
3189
3192
3195
3199
3200
3202
3204
3205
3208
3213
3220
3221
3222
3223
3226
3229
3230
3231
3232
3234
3236
3239
3240
3241
3243
3246
3247
3248
3250
3252
3253
3254
3256
3261
3262
3264
3266
3267
3269
3271
3274
3275
3276
3277
3278
3281
3282
3284
3285
3286
3287
3288
3290
3291
3295
3297
3298
3299
3300
3301
3305
3307
3308
3309
3310
3315
3316
3317
3318
3319
3322
3324
3325
3330
3333
3334
3337
3341
3344
3345
3346
3349
3351
3353
3359
3360
3362
3364
3365
3366
3368
3369
3370
3376
3378
3380
3382
3385
3387
3388
3389
3392
3393
3394
3395
3397
3398
3399
3404
3405
3406
3407
3409
3411
3413
3414
3418
3419
3420
3421
3422
3423
3424
3426
3427
3430
3431
3435
3436
3437
3438
3439
3442
3444
3445
3446
3449
3450
3453
3457
3458
3459
3460
3461
3462
3463
3466
3467
3468
3470
3472
3473
3474
3477
3482
3483
3484
3485
3486
3488
3489
3490
3491
3492
3493
3496
3500
3501
3502
3503
3506
3508
3510
3512
3513
3514
3517
3521
3524
3525
3526
3529
3530
3531
3532
3534
3535
3536
3539
3540
3543
3544
3545
3548
3552
3553
3555
3556
3557
3558
3559
3560
3561
3562
3566
3567
3569
3570
3574
3578
3581
3582
3583
3586
3588
3589
3592
3593
3594
3595
3596
3597
3600
3602
3603
3606
3609
3610
3612
3613
3614
3616
3617
3618
3619
3621
3622
3623
3625
3626
3628
3629
3630
3631
3634
3635
3637
3642
3643
3644
3646
3647
3650
3657
3658
3661
3662
3665
3666
3668
3669
3670
3671
3672
3674
3675
3676
3677
3678
3679
3680
3682
3687
3688
3690
3691
3693
3694
3696
3698
3699
3703
3705
3706
3707
3708
3712
3713
3716
3730
3732
3733
3734
3740
3745
3752
3753
3754
3755
3758
3760
3761
3762
3765
3766
3768
3769
3770
3771
3777
3778
3779
3780
3781
3783
3784
3786
3788
3789
3792
3793
3795
3797
3798
3801
3802
3803
3804
3810
3813
3818
3824
3826
3830
3831
3838
3839
3840
3841
3842
3843
3844
3847
3849
3850
3853
3855
3856
3857
3859
3860
3861
3868
3869
3872
3876
3877
3878
3879
3884
3886
3893
3897
3899
3903
3906
3910
3911
3912
3919
3920
3921
3922
3925
3927
3928
3930
3935
3940
3941
3944
3945
3946
3947
3954
3957
3961
3962
3964
3965
3966
3968
3969
3970
3972
3975
3977
3979
3984
3987
3989
3992
3993
3995
3998
4001
4007
4011
4012
4015
4022
4032
4033
4034
4035
4036
4037
4041
4046
4053
4055
4058
4066
4069
4070
4076
4077
4079
4083
4090
4094
4095
4100
4102
4105
4106
4107
4111
4112
4114
4116
4120
4121
4123
4128
4129
4131
4134
4135
4139
4141
4144
4148
4151
4155
4156
4157
4164
4167
4169
4172
4178
4179
4180
4182
4183
4184
4194
4197
4199
4202
4207
4209
4211
4213
4217
4219
4220
4221
4227
4228
4230
4231
4233
4235
4238
4243
4247
4248
4249
4251
4264
4265
4270
4273
4284
4287
4291
4297
4302
4303
4304
4305
4308
4313
4315
4316
4318
4330
4333
4334
4341
4343
4346
4347
4348
4357
4361
4363
4376
4377
4383
4387
4388
4389
4390
4391
4392
4393
4394
4395
4396
4397
4398
4399
4400
4402
4403
4404
4405
4410
4411
4413
4414
4415
4416
4417
4418
4419
4420
4421
4423
4424
4425
4426
4427
4428
4430
4431
4432
4436
4437
4439
4441
4442
4444
4445
4447
4448
4449
4451
4452
4453
4454
4456
4457
4458
4459
4460
4463
4464
4465
4470
4471
4472
4473
4474
4475
4476
4481
4482
4483
4486
4487
4488
4489
4490
4492
4494
4496
4497
4499
4500
4502
4503
4504
4507
4509
4513
4516
4517
4518
4520
4521
4522
4524
4525
4526
4527
4529
4531
4532
4533
4534
4535
4537
4538
4540
4541
4547
4548
4549
4550
4551
4552
4553
4556
4557
4558
4559
4560
4564
4565
4572
4574
4576
4579
4580
4581
4582
4584
4587
4591
4592
4593
4597
4600
4601
4602
4603
4605
4606
4607
4608
4609
4610
4612
4613
4618
4620
4621
4623
4624
4625
4626
4627
4631
4633
4637
4638
4639
4640
4641
4642
4645
4647
4649
4650
4652
4653
4654
4655
4656
4657
4658
4659
4661
4663
4664
4666
4668
4670
4671
4672
4675
4676
4677
4679
4680
4684
4685
4686
4688
4691
4694
4696
4699
4700
4701
4702
4709
4712
4714
4715
4716
4717
4719
4720
4721
4723
4727
4728
4730
4731
4732
4733
4734
4737
4739
4740
4741
4746
4750
4754
4755
4756
4765
4767
4770
4773
4775
4776
4780
4781
4783
4785
4786
4790
4791
4795
4796
4797
4800
4801
4802
4803
4807
4810
4811
4812
4815
4816
4817
4819
4820
4821
4823
4825
4826
4827
4828
4830
4831
4832
4834
4835
4837
4839
4841
4842
4843
4845
4846
4848
4849
4850
4856
4858
4859
4860
4862
4863
4864
4865
4866
4871
4876
4877
4878
4880
4883
4884
4885
4886
4888
4889
4891
4892
4895
4896
4897
4898
4899
4901
4902
4905
4908
4910
4912
4913
4914
4916
4917
4921
4923
4925
4931
4934
4935
4937
4941
4942
4943
4944
4946
4947
4948
4951
4953
4955
4959
4961
4963
4964
4966
4967
4971
4972
4974
4975
4978
4979
4980
4981
4984
4985
4986
4987
4988
4989
4991
4992
4995
4997
4998
5000
5001
5003
5005
5010
5012
5014
5017
5025
5026
5030
5032
5033
5034
5035
5038
5039
5041
5042
5043
5044
5045
5047
5048
5049
5052
5056
5057
5062
5063
5066
5067
5069
5070
5072
5073
5074
5076
5077
5078
5079
5080
5081
5082
5084
5088
5089
5090
5092
5093
5095
5096
5097
5100
5101
5102
5103
5106
5107
5109
5110
5111
5112
5114
5115
5116
5117
5118
5119
5122
5124
5127
5130
5131
5134
5138
5140
5141
5142
5143
5144
5147
5148
5149
5150
5151
5154
5155
5157
5158
5159
5160
5162
5165
5168
5169
5170
5174
5175
5176
5179
5180
5186
5189
5190
5192
5194
5201
5202
5203
5204
5206
5208
5209
5211
5212
5213
5216
5217
5218
5220
5221
5226
5227
5231
5232
5233
5235
5238
5243
5244
5245
5247
5249
5251
5253
5254
5255
5257
5260
5261
5264
5265
5266
5267
5269
5271
5272
5273
5274
5275
5277
5278
5280
5281
5282
5283
5285
5286
5288
5289
5290
5293
5294
5296
5300
5302
5304
5305
5307
5308
5309
5313
5317
5320
5321
5327
5328
5329
5332
5333
5334
5335
5338
5343
5346
5347
5351
5352
5355
5356
5360
5362
5363
5364
5365
5367
5371
5373
5378
5380
5381
5383
5384
5385
5387
5393
5394
5396
5397
5398
5400
5401
5402
5404
5407
5408
5412
5413
5414
5417
5418
5423
5430
5434
5435
5436
5437
5439
5440
5446
5447
5450
5457
5458
5460
5466
5470
5473
5474
5475
5476
5477
5479
5480
5481
5482
5486
5490
5495
5496
5499
5503
5509
5512
5513
5519
5523
5524
5525
5527
5530
5531
5532
5533
5535
5536
5538
5540
5542
5544
5548
5549
5550
5553
5556
5558
5561
5562
5563
5566
5568
5569
5570
5572
5575
5576
5577
5580
5592
5595
5597
5599
5600
5601
5604
5608
5613
5619
5620
5621
5624
5627
5631
5637
5640
5642
5645
5646
5647
5649
5651
5653
5658
5659
5660
5662
5663
5664
5666
5670
5671
5672
5675
5679
5681
5682
5685
5687
5688
5689
5692
5693
5695
5696
5698
5706
5711
5713
5714
5716
5718
5720
5721
5723
5725
5726
5730
5735
5737
5738
5739
5740
5743
5746
5747
5749
5752
5754
5760
5761
5763
5764
5769
5770
5773
5776
5778
5780
5781
5785
5788
5793
5799
5800
5801
5802
5803
5807
5811
5815
5820
5821
5822
5824
5826
5830
5831
5834
5841
5843
5853
5856
5860
5861
5864
5866
5870
5871
5877
5879
5880
5882
5883
5884
5885
5886
5888
5890
5892
5893
5896
5899
5902
5906
5907
5909
5912
5916
5918
5920
5922
5925
5932
5934
5935
5937
5938
5943
5944
5947
5950
5951
5953
5954
5956
5961
5966
5968
5969
5970
5972
5974
5975
5977
5978
5984
5987
5988
5989
5990
5993
5999
6004
6006
6011
6012
6019
6021
6023
6025
6027
6031
6033
6034
6041
6042
6043
6047
6048
6053
6055
6058
6061
6064
6065
6068
6069
6070
6071
6073
6074
6077
6079
6081
6082
6084
6086
6087
6089
6090
6092
6095
6096
6097
6100
6101
6102
6105
6106
6107
6108
6110
6111
6112
6115
6117
6118
6119
6121
6122
6124
6125
6129
6131
6135
6136
6139
6142
6143
6144
6145
6146
6147
6149
6150
6152
6154
6155
6156
6157
6158
6159
6161
6162
6163
6164
6165
6169
6171
6172
6175
6176
6177
6179
6188
6191
6193
6195
6197
6198
6199
6200
6201
6202
6203
6204
6205
6206
6208
6209
6210
6212
6213
6215
6217
6219
6220
6223
6224
6225
6226
6227
6228
6229
6232
6233
6234
6235
6236
6238
6239
6240
6241
6242
6243
6244
6245
6246
6247
6248
6249
6250
6251
6252
6253
6254
6255
6256
6257
6258
6260
6261
6262
6263
6264
6265
6266
6267
6268
6270
6272
6273
6274
6275
6276
6277
6278
6279
6280
6281
6283
6284
6285
6286
6287
6288
6289
6290
6291
6292
6294
6296
6297
6298
6299
6302
6303
6304
6305
6306
6308
6310
6311
6312
6313
6314
6315
6316
6317
6318
6319
6321
6322
6326
6327
6328
6329
6330
6331
6332
6333
6334
6337
6338
6340
6341
6342
6343
6344
6345
6347
6348
6349
6350
6351
6353
6354
6355
6356
6357
6358
6359
6360
6362
6363
6364
6365
6366
6367
6368
6369
6370
6371
6372
6373
6374
6375
6377
6378
6379
6380
6381
6382
6383
6384
6386
6387
6389
6390
6391
6392
6393
6395
6398
6399
6400
6402
6403
6404
6405
6406
6407
6408
6409
6410
6411
6412
6413
6414
6415
6416
6418
6419
6421
6423
6424
6425
6426
6427
6428
6430
6431
6432
6433
6434
6435
6436
6437
6438
6439
6442
6443
6444
6445
6447
6448
6449
6450
6451
6452
6454
6456
6457
6458
6459
6460
6461
6462
6463
6465
6467
6468
6469
6472
6473
6474
6475
6476
6477
6478
6479
6480
6481
6482
6487
6488
6490
6492
6493
6494
6495
6496
6498
6500
6501
6502
6503
6504
6509
6511
6513
6514
6516
6517
6519
6523
6524
6525
6526
6527
6528
6529
6530
6531
6532
6533
6535
6536
6537
6538
6539
6540
6543
6544
6545
6546
6547
6551
6552
6556
6557
6559
6560
6562
6563
6566
6567
6569
6574
6575
6576
6578
6579
6580
6581
6582
6583
6584
6585
6586
6587
6588
6590
6592
6593
6594
6595
6597
6598
6599
6600
6601
6604
6606
6608
6609
6612
6615
6618
6621
6622
6624
6625
6626
6627
6628
6629
6630
6631
6632
6633
6634
6635
6637
6638
6639
6642
6644
6648
6649
6650
6651
6653
6654
6656
6657
6658
6659
6660
6662
6663
6664
6667
6671
6673
6675
6676
6677
6681
6682
6685
6687
6688
6689
6690
6694
6695
6698
6699
6700
6701
6702
6703
6704
6705
6706
6707
6710
6712
6713
6715
6716
6717
6719
6723
6725
6726
6730
6731
6732
6734
6735
6736
6737
6743
6744
6746
6747
6749
6750
6752
6753
6754
6755
6756
6759
6762
6763
6764
6765
6769
6770
6773
6774
6775
6776
6784
6791
6796
6797
6798
6800
6802
6808
6811
6812
6813
6815
6816
6818
6821
6822
6827
6829
6834
6835
6837
6841
6842
6848
6852
6855
6859
6863
6864
6868
6872
6876
6878
6879
6881
6885
6888
6890
6893
6894
6901
6904
6905
6906
6909
6911
6914
6918
6919
6923
6924
6927
6929
6932
6933
6934
6937
6942
6943
6944
6946
6950
6952
6953
6954
6957
6959
6962
6963
6964
6965
6966
6967
6968
6969
6970
6971
6972
6973
6974
6975
6978
6979
6980
6982
6983
6986
6992
6994
6996
6999
7000
7001
7002
7004
7006
7009
7011
7013
7014
7015
7018
7019
7021
7026
7027
7029
7031
7033
7039
7046
7048
7049
7051
7053
7054
7055
7056
7057
7058
7060
7061
7063
7065
7066
7067
7068
7071
7075
7076
7077
7079
7080
7082
7084
7085
7086
7087
7093
7094
7095
7098
7099
7102
7103
7106
7107
7108
7109
7110
7111
7112
7119
7120
7121
7125
7128
7130
7131
7134
7135
7136
7137
7138
7139
7140
7141
7142
7143
7146
7147
7150
7151
7152
7153
7156
7160
7162
7164
7170
7171
7173
7174
7175
7176
7177
7178
7180
7181
7182
7184
7186
7187
7191
7196
7197
7198
7200
7201
7202
7203
7204
7206
7207
7208
7209
7210
7211
7215
7216
7217
7220
7224
7226
7228
7229
7231
7233
7234
7235
7237
7238
7240
7244
7245
7246
7248
7249
7251
7253
7254
7256
7257
7259
7262
7263
7264
7266
7267
7269
7270
7271
7272
7273
7274
7275
7279
7281
7283
7284
7285
7287
7288
7292
7295
7296
7297
7300
7302
7303
7308
7309
7311
7313
7314
7316
7317
7318
7319
7320
7321
7323
7324
7326
7331
7332
7337
7338
7339
7340
7343
7348
7352
7353
7354
7357
7358
7361
7364
7367
7369
7370
7371
7372
7374
7375
7376
7379
7381
7386
7387
7388
7389
7390
7392
7393
7396
7398
7400
7401
7402
7405
7407
7408
7410
7413
7414
7415
7417
7419
7420
7421
7422
7423
7425
7427
7430
7431
7434
7435
7446
7447
7454
7464
7468
7471
7473
7474
7476
7480
7482
7486
7490
7496
7500
7503
7506
7509
7516
7518
7524
7526
7539
7540
7543
7545
7552
7555
7557
7558
7565
7569
7572
7573
7579
7580
7582
7586
7590
7592
7596
7598
7607
7617
7618
7634
7641
7642
7652
7658
7662
7668
7669
7674
7683
7684
7686
7688
7689
7696
7701
7719
7723
7724
7731
7746
7754
7760
7765
7766
7780
7787
7799
7803
7805
7810
7811
7816
7826
7830
7838
7840
7850
7855
7862
7863
7874
7881
7883
7884
7891
7894
7897
7908
7910
7916
7919
7926
7927
7933
7936
7947
7949
7953
7956
7957
7959
7961
7963
7964
7967
7979
7990
7994
7995
7998
8001
8003
8007
8013
8016
8027
8029
8030
8037
8038
8044
8045
8048
8049
8051
8058
8061
8064
8072
8077
8091
8097
8098
8102
8104
8105
8107
8108
8109
8110
8111
8112
8113
8114
8115
8117
8118
8120
8122
8125
8127
8128
8129
8130
8131
8132
8133
8134
8137
8138
8140
8143
8144
8145
8147
8148
8150
8151
8153
8154
8155
8157
8160
8161
8163
8166
8167
8170
8174
8175
8180
8182
8185
8186
8187
8190
8192
8196
8197
8199
8201
8202
8203
8206
8207
8208
8209
8211
8212
8214
8216
8217
8219
8220
8223
8224
8226
8229
8231
8232
8233
8234
8236
8239
8240
8241
8242
8244
8248
8250
8252
8254
8255
8257
8258
8261
8263
8264
8265
8266
8267
8268
8269
8270
8273
8274
8277
8284
8286
8288
8290
8292
8294
8295
8296
8297
8303
8307
8308
8309
8310
8314
8315
8316
8318
8320
8322
8323
8324
8325
8326
8327
8329
8332
8333
8334
8336
8337
8338
8342
8344
8345
8351
8353
8354
8355
8357
8359
8363
8366
8367
8372
8373
8374
8376
8377
8378
8381
8382
8385
8386
8388
8390
8393
8394
8396
8397
8399
8400
8402
8405
8408
8410
8413
8415
8421
8422
8423
8424
8428
8429
8430
8432
8436
8437
8441
8443
8444
8445
8447
8450
8455
8456
8459
8465
8468
8475
8478
8479
8480
8482
8483
8485
8488
8489
8490
8491
8492
8493
8494
8498
8499
8501
8502
8506
8509
8512
8514
8515
8517
8521
8522
8525
8526
8528
8529
8531
8534
8536
8537
8541
8542
8543
8544
8546
8549
8551
8555
8561
8563
8567
8569
8570
8574
8575
8576
8578
8579
8580
8581
8585
8587
8590
8592
8594
8595
8597
8600
8602
8603
8606
8609
8610
8614
8622
8624
8627
8628
8635
8637
8638
8639
8641
8643
8645
8647
8649
8652
8653
8658
8661
8667
8669
8673
8675
8677
8678
8680
8684
8688
8689
8691
8694
8697
8698
8702
8704
8705
8706
8712
8714
8715
8717
8718
8719
8721
8722
8728
8732
8736
8741
8742
8743
8749
8753
8754
8755
8758
8759
8760
8762
8763
8764
8766
8767
8768
8771
8774
8776
8777
8782
8784
8787
8801
8803
8804
8810
8811
8813
8814
8815
8819
8822
8824
8827
8829
8831
8833
8837
8842
8843
8844
8855
8858
8862
8864
8865
8872
8873
8877
8882
8884
8886
8887
8889
8893
8894
8895
8896
8897
8898
8903
8905
8906
8907
8908
8910
8911
8914
8915
8916
8917
8918
8922
8923
8927
8929
8933
8935
8939
8941
8943
8944
8948
8950
8956
8957
8959
8960
8963
8965
8966
8969
8973
8974
8978
8979
8980
8983
8988
8989
8990
8991
9000
9001
9003
9004
9007
9011
9013
9018
9021
9022
9030
9033
9036
9038
9043
9044
9045
9049
9051
9052
9053
9057
9063
9064
9065
9068
9069
9070
9071
9072
9076
9077
9081
9083
9087
9090
9092
9093
9094
9095
9101
9102
9104
9107
9108
9111
9114
9118
9119
9120
9121
9123
9126
9128
9129
9134
9137
9144
9147
9150
9154
9160
9164
9165
9169
9171
9175
9178
9179
9181
9182
9187
9193
9194
9195
9196
9197
9207
9209
9215
9219
9224
9225
9228
9232
9234
9240
9241
9247
9249
9250
9259
9260
9264
9267
9274
9280
9283
9289
9292
9294
9297
9299
9302
9304
9313
9325
9328
9330
9331
9332
9334
9336
9338
9340
9352
9358
9361
9363
9367
9380
9382
9383
9389
9395
9400
9401
9403
9406
9408
9423
9425
9432
9434
9435
9437
9438
9440
9444
9445
9446
9449
9451
9453
9454
9457
9459
9460
9466
9474
9481
9482
9489
9491
9493
9494
9495
9497
9501
9506
9507
9513
9515
9516
9517
9519
9524
9528
9529
9532
9536
9538
9540
9541
9543
9557
9559
9565
9567
9568
9572
9573
9574
9575
9576
9578
9591
9592
9593
9596
9597
9618
9619
9629
9640
9643
9644
9646
9647
9649
9653
9656
9657
9659
9663
9666
9667
9669
9670
9679
9690
9694
9695
9699
9704
9707
9710
9712
9713
9714
9719
9722
9723
9735
9736
9745
9746
9747
9753
9757
9759
9764
9769
9771
9772
9774
9779
9780
9782
9783
9785
9787
9789
9796
9799
9802
9809
9811
9812
9816
9817
9818
9819
9822
9824
9825
9828
9829
9832
9833
9835
9836
9838
9840
9842
9843
9844
9846
9850
9854
9855
9856
9857
9858
9859
9861
9864
9866
9871
9872
9873
9875
9877
9881
9882
9883
9885
9893
9897
9905
9907
9908
9909
9915
9917
9918
9919
9921
9923
9925
9926
9927
9930
9931
9932
9933
9934
9937
9938
9940
9941
9942
9943
9945
9946
9947
9948
9949
9950
9951
9952
9953
9954
9956
9957
9958
9959
9960
9963
9964
9965
9966
9968
9969
9970
9971
9972
9973
9974
9975
9976
9977
9978
9979
9980
9981
9982
9986
9987
9989
9990
9991
9992
9994
9995
9996
9997
9998
9999
10001
10002
10004
10005
10007
10008
10009
10010
10012
10013
10014
10017
10018
10019
10022
10023
10024
10025
10026
10027
10029
10030
10032
10033
10034
10035
10036
10040
10041
10042
10043
10044
10045
10046
10047
10048
10049
10051
10052
10054
10055
10056
10057
10058
10061
10062
10064
10065
10066
10067
10069
10070
10071
10072
10074
10076
10079
10081
10082
10083
10084
10088
10089
10091
10094
10096
10098
10099
10100
10101
10102
10103
10104
10106
10107
10109
10110
10113
10114
10117
10118
10119
10120
10122
10123
10124
10125
10126
10128
10129
10130
10131
10133
10134
10137
10138
10139
10141
10142
10144
10145
10146
10148
10149
10151
10152
10153
10154
10155
10156
10157
10158
10159
10161
10163
10164
10166
10168
10170
10171
10172
10174
10175
10176
10179
10181
10183
10185
10186
10188
10192
10193
10198
10199
10200
10201
10202
10203
10204
10207
10211
10212
10214
10216
10217
10220
10222
10223
10225
10228
10231
10234
10235
10237
10239
10240
10241
10243
10244
10246
10249
10250
10252
10253
10254
10257
10258
10261
10264
10265
10266
10267
10269
10270
10271
10272
10273
10274
10277
10280
10281
10282
10283
10287
10289
10293
10296
10297
10298
10299
10301
10302
10306
10307
10309
10310
10311
10313
10314
10315
10316
10318
10322
10326
10330
10331
10332
10335
10338
10339
10340
10343
10345
10346
10347
10348
10349
10351
10354
10355
10356
10357
10359
10363
10366
10367
10368
10370
10371
10372
10377
10380
10381
10382
10384
10385
10386
10388
10389
10390
10394
10396
10401
10402
10403
10404
10405
10407
10408
10414
10416
10417
10418
10420
10421
10423
10427
10429
10430
10431
10432
10437
10438
10442
10444
10445
10446
10447
10450
10451
10453
10458
10459
10460
10461
10463
10464
10466
10470
10471
10476
10478
10480
10482
10486
10487
10488
10490
10493
10496
10497
10498
10501
10506
10512
10513
10516
10517
10522
10523
10524
10527
10528
10529
10530
10532
10535
10539
10540
10543
10547
10548
10550
10551
10555
10556
10557
10558
10562
10564
10572
10573
10578
10582
10590
10591
10592
10594
10595
10596
10599
10605
10607
10608
10617
10618
10619
10620
10621
10625
10628
10632
10634
10637
10639
10645
10655
10656
10658
10659
10660
10662
10666
10669
10671
10673
10676
10679
10680
10681
10682
10685
10686
10689
10690
10692
10693
10694
10695
10697
10699
10702
10703
10704
10705
10706
10710
10714
10715
10716
10719
10720
10721
10724
10725
10729
10730
10731
10735
10736
10744
10745
10746
10749
10750
10752
10753
10763
10765
10768
10772
10774
10777
10778
10779
10781
10784
10785
10786
10788
10789
10791
10793
10794
10795
10798
10803
10806
10808
10811
10812
10813
10816
10821
10822
10823
10824
10826
10827
10830
10832
10833
10834
10839
10844
10845
10846
10848
10849
10850
10853
10854
10856
10862
10863
10864
10867
10869
10870
10874
10876
10878
10882
10885
10887
10889
10890
10891
10894
10895
10899
10900
10901
10902
10903
10908
10911
10912
10915
10918
10920
10924
10925
10926
10929
10931
10933
10934
10935
10936
10937
10938
10941
10942
10943
10944
10945
10946
10947
10948
10949
10952
10953
10957
10958
10959
10960
10962
10963
10965
10967
10970
10971
10972
10973
10974
10976
10977
10978
10981
10983
10984
10985
10986
10988
10989
10990
10994
10998
11002
11005
11006
11009
11010
11012
11014
11015
11016
11017
11020
11021
11023
11025
11027
11028
11030
11035
11040
11041
11042
11045
11046
11049
11050
11051
11052
11053
11054
11057
11058
11059
11061
11062
11064
11065
11068
11070
11072
11073
11077
11078
11080
11081
11084
11085
11086
11088
11090
11091
11093
11094
11095
11097
11100
11102
11103
11104
11105
11106
11107
11110
11112
11116
11118
11119
11120
11122
11124
11125
11126
11127
11128
11130
11131
11133
11135
11136
11139
11140
11141
11146
11147
11157
11161
11168
11171
11172
11173
11179
11180
11182
11184
11186
11192
11193
11194
11195
11197
11198
11200
11202
11206
11213
11220
11221
11222
11226
11227
11231
11237
11240
11243
11249
11255
11256
11257
11258
11265
11268
11271
11272
11273
11274
11277
11278
11283
11284
11285
11286
11287
11293
11297
11298
11300
11302
11303
11304
11307
11309
11310
11318
11319
11327
11332
11347
11348
11349
11351
11369
11372
11374
11380
11381
11389
11394
11396
11398
11400
11404
11407
11416
11417
11423
11430
11432
11433
11438
11439
11445
11461
11463
11464
11468
11469
11478
11480
11482
11486
11491
11495
11498
11512
11517
11519
11522
11525
11528
11529
11530
11536
11537
11543
11549
11561
11569
11576
11577
11578
11582
11591
11598
11600
11604
11606
11608
11612
11621
11623
11624
11626
11630
11633
11641
11644
11650
11655
11661
11663
11665
11666
11669
11670
11676
11677
11678
11680
11681
11688
11694
11695
11698
11699
11700
11704
11713
11714
11715
11716
11722
11725
11730
11735
11737
11738
11740
11744
11757
11758
11761
11762
11771
11773
11775
11778
11783
11785
11786
11791
11799
11809
11812
11816
11818
11820
11821
11822
11823
11824
11826
11827
11828
11829
11830
11833
11834
11835
11836
11838
11841
11842
11843
11844
11846
11847
11850
11851
11852
11853
11854
11855
11857
11858
11860
11862
11863
11864
11866
11867
11868
11869
11870
11871
11873
11874
11877
11879
11880
11881
11884
11889
11891
11892
11894
11899
11900
11902
11904
11907
11910
11911
11915
11916
11917
11918
11920
11922
11925
11926
11928
11933
11934
11935
11936
11940
11941
11943
11944
11947
11948
11949
11952
11953
11955
11956
11959
11960
11961
11963
11965
11966
11972
11973
11974
11977
11978
11979
11980
11983
11984
11985
11986
11987
11988
11990
11991
11995
11998
12000
12006
12007
12010
12012
12014
12018
12019
12021
12023
12028
12030
12031
12033
12034
12035
12036
12037
12039
12040
12043
12045
12048
12049
12051
12053
12054
12055
12056
12060
12062
12063
12064
12065
12066
12067
12069
12070
12072
12073
12077
12086
12087
12088
12090
12092
12094
12097
12098
12100
12103
12104
12108
12109
12111
12116
12119
12121
12123
12125
12127
12129
12130
12133
12137
12138
12140
12141
12148
12149
12161
12163
12170
12171
12173
12174
12178
12183
12185
12186
12187
12190
12193
12195
12197
12198
12203
12205
12208
12213
12214
12215
12216
12218
12219
12224
12225
12227
12228
12229
12230
12231
12237
12239
12242
12243
12247
12252
12255
12256
12260
12263
12265
12266
12267
12270
12271
12273
12274
12276
12277
12280
12281
12284
12287
12289
12290
12298
12300
12301
12302
12304
12305
12306
12308
12310
12311
12314
12316
12317
12318
12319
12324
12325
12327
12328
12330
12332
12333
12334
12336
12344
12345
12346
12347
12349
12352
12359
12361
12364
12365
12370
12375
12376
12377
12378
12379
12383
12388
12389
12394
12395
12396
12400
12403
12404
12407
12408
12409
12410
12413
12414
12418
12419
12420
12421
12422
12425
12429
12433
12437
12442
12450
12451
12453
12457
12459
12461
12462
12467
12468
12469
12471
12472
12473
12474
12476
12477
12490
12491
12498
12499
12500
12501
12506
12509
12511
12512
12515
12516
12517
12518
12519
12521
12523
12524
12528
12529
12538
12540
12543
12545
12547
12549
12550
12551
12552
12553
12557
12558
12565
12567
12568
12570
12571
12572
12578
12579
12581
12583
12588
12592
12593
12594
12599
12600
12603
12604
12606
12610
12617
12618
12620
12621
12624
12625
12627
12630
12631
12633
12636
12637
12638
12639
12643
12644
12645
12646
12648
12649
12650
12651
12655
12661
12662
12664
12667
12671
12675
12677
12678
12679
12680
12681
12682
12686
12697
12699
12701
12702
12703
12705
12709
12710
12711
12712
12714
12717
12718
12719
12721
12722
12725
12727
12730
12731
12733
12735
12737
12745
12748
12749
12752
12755
12757
12759
12762
12765
12768
12770
12779
12780
12781
12783
12788
12790
12792
12795
12796
12798
12799
12801
12807
12812
12814
12818
12825
12829
12832
12833
12834
12835
12837
12840
12842
12843
12845
12851
12857
12862
12863
12865
12867
12869
12870
12871
12874
12878
12883
12884
12885
12888
12890
12894
12899
12901
12904
12907
12915
12916
12918
12921
12924
12925
12938
12941
12945
12947
12950
12951
12959
12963
12966
12971
12974
12976
12977
12984
12986
12987
12990
13005
13009
13013
13017
13020
13022
13024
13025
13026
13029
13032
13036
13045
13047
13048
13050
13053
13065
13073
13074
13081
13087
13090
13092
13093
13094
13097
13099
13103
13109
13111
13112
13113
13114
13116
13118
13119
13120
13121
13132
13134
13137
13139
13149
13154
13158
13163
13165
13167
13171
13173
13174
13176
13179
13180
13183
13185
13188
13189
13198
13203
13204
13205
13213
13221
13227
13229
13232
13233
13236
13237
13243
13250
13254
13255
13266
13268
13270
13275
13279
13281
13286
13288
13291
13295
13305
13308
13311
13312
13314
13316
13317
13323
13324
13325
13327
13328
13332
13333
13335
13339
13343
13346
13350
13353
13354
13360
13365
13367
13368
13379
13383
13384
13388
13389
13393
13395
13403
13405
13409
13411
13412
13415
13421
13424
13425
13427
13428
13432
13434
13439
13440
13442
13444
13446
13449
13461
13462
13467
13471
13473
13482
13484
13488
13492
13493
13497
13498
13499
13500
13501
13505
13513
13514
13519
13522
13523
13524
13526
13527
13528
13529
13530
13533
13536
13538
13539
13542
13548
13549
13552
13556
13557
13558
13564
13565
13567
13570
13574
13578
13580
13582
13584
13585
13586
13590
13592
13593
13596
13597
13603
13605
13616
13618
13619
13621
13622
13627
13628
13629
13630
13631
13632
13633
13634
13635
13636
13637
13638
13640
13641
13642
13643
13644
13645
13646
13647
13648
13649
13651
13652
13653
13654
13655
13656
13657
13660
13661
13662
13663
13664
13665
13666
13668
13670
13671
13672
13673
13674
13676
13678
13680
13682
13683
13684
13685
13686
13688
13690
13692
13693
13694
13695
13696
13700
13701
13702
13703
13704
13706
13707
13708
13709
13710
13711
13712
13713
13715
13716
13717
13718
13719
13720
13721
13722
13723
13724
13726
13727
13728
13730
13731
13732
13733
13734
13737
13738
13739
13740
13741
13742
13743
13744
13746
13747
13748
13749
13750
13752
13754
13755
13756
13757
13758
13759
13761
13762
13763
13765
13768
13769
13770
13771
13773
13775
13776
13777
13778
13780
13781
13782
13783
13784
13785
13786
13787
13788
13790
13791
13792
13793
13794
13795
13797
13798
13799
13800
13803
13805
13806
13808
13809
13810
13812
13814
13816
13818
13819
13820
13821
13823
13824
13827
13828
13830
13831
13832
13833
13834
13836
13837
13839
13840
13841
13842
13843
13844
13845
13848
13849
13852
13853
13854
13857
13858
13859
13860
13862
13863
13864
13865
13866
13867
13869
13870
13871
13872
13873
13875
13877
13878
13879
13880
13881
13882
13883
13884
13886
13887
13889
13890
13893
13895
13897
13898
13900
13901
13902
13906
13907
13908
13914
13915
13916
13918
13921
13922
13923
13925
13926
13928
13932
13935
13937
13939
13940
13942
13944
13947
13948
13950
13951
13953
13954
13955
13957
13958
13960
13963
13964
13965
13966
13967
13968
13970
13971
13972
13973
13975
13977
13978
13979
13980
13983
13984
13985
13986
13987
13990
13991
13992
13994
13997
13998
14000
14001
14002
14005
14009
14010
14011
14012
14016
14017
14018
14020
14021
14023
14025
14028
14029
14030
14032
14035
14036
14037
14038
14039
14040
14042
14044
14045
14046
14049
14052
14054
14055
14056
14057
14058
14059
14061
14064
14065
14070
14075
14079
14080
14082
14083
14084
14085
14086
14092
14094
14101
14102
14103
14104
14106
14108
14110
14113
14115
14116
14117
14118
14122
14123
14124
14128
14129
14131
14134
14136
14137
14138
14140
14145
14151
14152
14153
14157
14158
14160
14164
14165
14166
14167
14172
14174
14175
14178
14180
14182
14184
14187
14188
14189
14190
14192
14195
14197
14203
14208
14213
14221
14224
14227
14229
14231
14236
14246
14250
14257
14262
14265
14266
14269
14270
14273
14276
14280
14285
14287
14288
14290
14292
14296
14297
14298
14306
14309
14310
14316
14317
14318
14319
14321
14328
14329
14334
14335
14337
14339
14342
14346
14347
14351
14352
14354
14355
14357
14359
14361
14362
14363
14364
14371
14372
14374
14382
14384
14385
14387
14390
14391
14394
14395
14397
14398
14403
14406
14408
14409
14410
14411
14418
14420
14421
14424
14425
14429
14430
14432
14433
14440
14443
14446
14448
14449
14450
14451
14453
14454
14457
14458
14459
14464
14465
14466
14467
14470
14475
14476
14477
14479
14480
14481
14482
14483
14484
14485
14486
14487
14488
14489
14490
14491
14492
14493
14496
14499
14500
14501
14502
14504
14505
14506
14507
14515
14516
14520
14521
14522
14523
14525
14526
14527
14530
14531
14534
14535
14536
14538
14539
14540
14541
14545
14546
14547
14548
14552
14553
14554
14555
14556
14558
14562
14563
14564
14565
14568
14569
14570
14572
14574
14576
14578
14579
14580
14581
14583
14584
14586
14588
14589
14592
14594
14595
14598
14599
14601
14602
14603
14604
14605
14608
14609
14610
14614
14615
14619
14623
14624
14626
14628
14631
14636
14638
14639
14643
14645
14651
14652
14654
14659
14661
14663
14665
14668
14670
14672
14673
14674
14676
14677
14679
14682
14684
14686
14687
14688
14690
14692
14693
14694
14697
14699
14700
14702
14703
14704
14705
14706
14709
14710
14712
14713
14719
14720
14723
14726
14728
14730
14734
14741
14742
14744
14745
14748
14751
14756
14757
14758
14759
14760
14761
14763
14764
14765
14767
14769
14771
14772
14773
14774
14776
14780
14782
14784
14785
14786
14789
14791
14792
14794
14795
14796
14797
14799
14800
14801
14803
14804
14807
14809
14811
14813
14814
14815
14816
14817
14818
14819
14820
14821
14824
14826
14829
14830
14832
14833
14834
14835
14837
14838
14839
14840
14841
14843
14845
14847
14848
14849
14850
14851
14853
14854
14858
14859
14880
14882
14885
14892
14893
14894
14906
14911
14912
14913
14914
14919
14921
14931
14935
14946
14952
14956
14959
14962
14968
14970
14971
14972
14975
14976
14979
14980
14981
14982
14986
14992
14995
14999
15000
15001
15002
15008
15009
15014
15015
15017
15019
15021
15024
15041
15044
15053
15055
15062
15063
15075
15083
15088
15095
15096
15106
15108
15125
15127
15133
15142
15143
15147
15152
15162
15175
15178
15184
15195
15196
15201
15202
15232
15236
15242
15251
15254
15266
15281
15283
15289
15290
15293
15297
15311
15322
15323
15326
15332
15336
15338
15341
15344
15349
15353
15373
15380
15384
15391
15395
15398
15407
15408
15432
15433
15436
15451
15457
15460
15463
15464
15472
15479
15480
15482
15485
15490
15523
15531
15535
15537
15538
15539
15540
15541
15542
15544
15545
15546
15547
15553
15555
15556
15558
15559
15560
15561
15562
15567
15568
15570
15572
15573
15574
15578
15579
15582
15583
15584
15585
15587
15590
15591
15592
15597
15598
15599
15602
15604
15605
15606
15607
15609
15611
15614
15615
15618
15619
15620
15621
15622
15625
15626
15628
15629
15630
15631
15634
15635
15636
15637
15638
15639
15644
15645
15646
15647
15648
15649
15650
15652
15653
15654
15655
15657
15658
15659
15660
15661
15663
15667
15668
15669
15670
15675
15677
15680
15681
15682
15683
15684
15686
15687
15689
15691
15693
15694
15695
15698
15700
15702
15703
15704
15705
15708
15709
15711
15713
15714
15718
15720
15722
15723
15728
15729
15730
15731
15732
15735
15740
15742
15745
15746
15748
15754
15755
15756
15757
15760
15761
15764
15765
15766
15768
15769
15770
15771
15778
15779
15781
15786
15787
15788
15789
15794
15796
15797
15801
15804
15805
15809
15811
15812
15813
15814
15817
15818
15822
15823
15826
15832
15835
15841
15843
15848
15850
15851
15852
15854
15861
15865
15867
15868
15869
15872
15875
15878
15880
15882
15883
15884
15885
15887
15888
15890
15906
15907
15909
15911
15915
15916
15917
15919
15922
15923
15924
15925
15926
15928
15931
15932
15933
15935
15938
15939
15940
15942
15943
15944
15947
15949
15952
15953
15957
15960
15965
15966
15967
15968
15969
15970
15971
15976
15979
15981
15984
15987
15989
15995
15998
15999
16002
16003
16005
16006
16008
16009
16012
16013
16015
16016
16017
16018
16020
16025
16030
16032
16033
16034
16037
16038
16042
16044
16046
16047
16051
16053
16057
16060
16063
16064
16068
16070
16071
16073
16074
16077
16079
16086
16092
16093
16094
16095
16097
16100
16101
16108
16109
16118
16120
16126
16129
16133
16134
16135
16143
16145
16146
16150
16154
16160
16161
16163
16166
16169
16170
16171
16173
16175
16177
16179
16180
16181
16182
16183
16185
16186
16187
16188
16189
16190
16191
16195
16204
16205
16208
16209
16214
16215
16217
16218
16222
16226
16230
16231
16232
16233
16236
16237
16239
16240
16241
16242
16246
16247
16250
16252
16254
16256
16258
16259
16263
16267
16268
16272
16282
16283
16285
16292
16297
16301
16302
16304
16306
16311
16312
16313
16314
16316
16317
16325
16328
16332
16333
16334
16336
16339
16342
16343
16344
16350
16351
16354
16355
16356
16362
16363
16366
16368
16369
16371
16372
16375
16376
16378
16380
16385
16386
16387
16389
16391
16392
16394
16397
16399
16410
16411
16413
16416
16417
16418
16419
16422
16425
16426
16428
16430
16434
16435
16439
16444
16446
16448
16449
16450
16451
16452
16454
16460
16465
16471
16473
16476
16477
16479
16485
16486
16488
16489
16493
16494
16498
16507
16510
16518
16520
16521
16522
16526
16529
16532
16536
16543
16547
16548
16552
16554
16555
16565
16570
16572
16575
16581
16583
16585
16587
16588
16589
16590
16593
16594
16595
16596
16600
16603
16607
16609
16613
16615
16617
16621
16623
16624
16627
16629
16630
16631
16632
16641
16643
16644
16645
16647
16649
16651
16652
16653
16656
16660
16665
16668
16669
16676
16677
16678
16679
16683
16685
16688
16690
16695
16696
16698
16710
16711
16713
16717
16722
16723
16724
16730
16732
16733
16736
16737
16738
16739
16740
16741
16746
16752
16756
16758
16761
16762
16763
16765
16768
16770
16781
16783
16785
16786
16789
16790
16791
16796
16797
16800
16801
16802
16811
16813
16817
16823
16824
16825
16827
16829
16831
16834
16836
16851
16856
16868
16872
16877
16879
16881
16884
16885
16887
16888
16891
16893
16894
16896
16901
16902
16903
16908
16911
16913
16914
16916
16919
16929
16935
16937
16938
16940
16943
16944
16951
16957
16958
16964
16966
16972
16973
16976
16995
16996
16997
17002
17003
17007
17012
17014
17018
17020
17021
17022
17024
17025
17027
17028
17036
17041
17046
17052
17053
17060
17061
17066
17072
17074
17079
17085
17089
17097
17100
17104
17138
17142
17153
17159
17163
17165
17168
17171
17174
17175
17176
17179
17181
17183
17190
17194
17197
17202
17203
17206
17207
17208
17210
17212
17213
17214
17217
17219
17221
17222
17231
17238
17239
17243
17244
17245
17247
17249
17250
17260
17261
17262
17268
17270
17271
17273
17274
17276
17277
17283
17284
17286
17288
17291
17292
17294
17295
17296
17298
17299
17306
17308
17310
17311
17320
17330
17332
17334
17338
17340
17345
17346
17347
17348
17349
17350
17351
17352
17353
17354
17355
17357
17358
17359
17361
17362
17363
17365
17366
17367
17368
17369
17370
17371
17374
17375
17376
17377
17378
17379
17380
17381
17382
17383
17384
17385
17386
17388
17389
17390
17391
17392
17393
17394
17396
17398
17399
17400
17401
17402
17403
17405
17406
17407
17408
17409
17410
17411
17412
17414
17415
17417
17418
17419
17420
17421
17422
17424
17425
17426
17427
17428
17429
17430
17432
17433
17434
17437
17438
17439
17440
17441
17444
17445
17446
17447
17452
17454
17455
17456
17457
17458
17460
17463
17464
17466
17467
17468
17469
17470
17471
17472
17473
17474
17475
17476
17477
17479
17480
17482
17483
17484
17485
17486
17487
17489
17490
17491
17492
17495
17496
17497
17500
17501
17502
17504
17507
17508
17510
17511
17513
17514
17515
17516
17521
17522
17523
17525
17526
17528
17532
17533
17534
17535
17538
17539
17540
17541
17542
17543
17544
17545
17546
17547
17548
17550
17553
17554
17556
17557
17559
17563
17565
17568
17571
17572
17573
17574
17575
17579
17581
17583
17584
17585
17586
17587
17588
17590
17592
17593
17594
17598
17600
17601
17605
17608
17609
17612
17614
17616
17620
17624
17629
17632
17634
17636
17639
17640
17644
17645
17646
17650
17651
17653
17656
17658
17659
17662
17664
17665
17666
17668
17669
17674
17676
17677
17678
17680
17681
17682
17684
17685
17686
17687
17689
17695
17696
17698
17699
17702
17705
17708
17710
17711
17714
17716
17720
17721
17722
17723
17724
17725
17726
17727
17729
17730
17734
17736
17737
17739
17740
17742
17743
17745
17749
17751
17752
17753
17754
17758
17760
17762
17763
17765
17766
17767
17768
17770
17771
17772
17773
17774
17775
17779
17783
17784
17788
17791
17796
17798
17799
17800
17802
17805
17806
17810
17815
17817
17821
17826
17829
17830
17831
17834
17836
17837
17840
17842
17845
17846
17848
17849
17850
17851
17854
17855
17858
17859
17865
17867
17871
17872
17874
17875
17877
17878
17881
17882
17885
17886
17889
17890
17892
17894
17896
17898
17899
17902
17904
17906
17908
17909
17913
17914
17917
17919
17921
17930
17931
17932
17934
17938
17941
17948
17950
17954
17955
17956
17957
17961
17964
17969
17972
17973
17975
17977
17978
17979
17983
17984
17987
17990
17991
17994
18004
18006
18010
18015
18020
18024
18036
18040
18041
18042
18043
18045
18046
18049
18051
18052
18053
18065
18066
18067
18070
18071
18074
18075
18077
18083
18084
18086
18087
18088
18091
18092
18095
18096
18097
18099
18102
18104
18109
18110
18111
18112
18113
18117
18118
18122
18123
18124
18131
18132
18133
18134
18135
18138
18142
18143
18144
18147
18150
18151
18152
18153
18155
18157
18162
18163
18166
18168
18170
18173
18175
18178
18179
18180
18181
18184
18185
18186
18188
18190
18193
18196
18200
18202
18207
18211
18212
18213
18216
18218
18220
18221
18229
18231
18235
18236
18240
18241
18242
18247
18249
18251
18252
18253
18254
18255
18258
18259
18260
18261
18262
18264
18265
18266
18268
18269
18270
18272
18273
18277
18278
18279
18280
18281
18282
18283
18284
18288
18291
18292
18293
18294
18295
18298
18301
18306
18310
18312
18313
18314
18315
18316
18317
18319
18322
18323
18324
18326
18329
18330
18331
18333
18334
18336
18338
18339
18340
18343
18346
18348
18352
18353
18356
18357
18359
18361
18362
18365
18368
18369
18374
18376
18377
18379
18380
18385
18386
18387
18388
18390
18391
18392
18393
18397
18399
18400
18401
18404
18405
18406
18409
18411
18412
18413
18415
18416
18417
18418
18422
18423
18424
18425
18426
18427
18430
18433
18434
18437
18439
18441
18442
18444
18447
18448
18449
18451
18453
18455
18458
18461
18462
18463
18465
18472
18473
18474
18475
18477
18479
18481
18482
18484
18486
18487
18489
18490
18491
18493
18495
18496
18498
18499
18500
18503
18505
18506
18507
18509
18510
18511
18513
18514
18515
18517
18518
18521
18528
18529
18530
18531
18532
18533
18538
18540
18543
18544
18545
18547
18548
18550
18552
18554
18555
18557
18558
18559
18561
18563
18565
18566
18567
18569
18573
18574
18578
18579
18581
18582
18585
18592
18593
18594
18596
18600
18601
18604
18607
18609
18610
18611
18613
18614
18615
18616
18620
18622
18624
18625
18627
18629
18632
18636
18639
18645
18655
18658
18662
18680
18682
18683
18685
18686
18690
18693
18694
18695
18696
18698
18699
18702
18708
18711
18713
18714
18716
18717
18718
18720
18722
18725
18726
18728
18729
18732
18735
18738
18739
18740
18741
18744
18747
18749
18755
18765
18771
18775
18776
18784
18786
18789
18792
18797
18808
18810
18817
18824
18825
18828
18832
18839
18842
18844
18851
18858
18860
18863
18864
18866
18874
18879
18889
18891
18894
18896
18897
18900
18907
18910
18922
18926
18927
18938
18941
18950
18958
18962
18968
18970
18971
18972
18981
18982
18988
18995
18997
19004
19023
19025
19034
19036
19051
19055
19058
19061
19065
19069
19074
19077
19080
19089
19091
19094
19099
19101
19109
19112
19122
19132
19135
19142
19143
19144
19147
19151
19162
19167
19203
19206
19210
19215
19236
19244
19245
19246
19247
19249
19250
19251
19253
19254
19256
19257
19258
19259
19261
19262
19265
19266
19267
19268
19269
19271
19272
19275
19276
19277
19278
19279
19280
19281
19283
19284
19285
19289
19290
19292
19294
19295
19297
19298
19299
19300
19302
19303
19305
19308
19310
19312
19313
19314
19315
19316
19317
19318
19320
19322
19325
19326
19327
19328
19330
19332
19333
19335
19338
19339
19340
19341
19343
19344
19346
19347
19348
19349
19351
19352
19354
19355
19356
19357
19359
19360
19363
19364
19366
19368
19370
19371
19372
19377
19378
19379
19381
19382
19383
19385
19386
19387
19388
19389
19390
19391
19393
19394
19395
19396
19400
19401
19402
19403
19404
19405
19406
19408
19409
19411
19412
19414
19415
19416
19419
19422
19423
19425
19428
19430
19431
19432
19433
19434
19435
19436
19443
19446
19449
19450
19452
19453
19458
19459
19460
19462
19464
19466
19467
19468
19469
19471
19472
19475
19476
19482
19483
19487
19489
19490
19492
19493
19494
19495
19497
19498
19500
19502
19503
19504
19506
19508
19509
19510
19512
19520
19521
19525
19527
19528
19529
19532
19535
19536
19537
19539
19544
19547
19548
19549
19552
19555
19557
19559
19560
19564
19567
19568
19569
19570
19572
19576
19578
19579
19582
19583
19586
19588
19589
19590
19592
19596
19597
19600
19602
19604
19609
19610
19613
19615
19619
19620
19621
19623
19625
19626
19631
19632
19633
19641
19643
19648
19651
19654
19655
19656
19657
19658
19660
19662
19664
19665
19667
19668
19670
19671
19672
19673
19675
19676
19679
19681
19683
19684
19686
19691
19692
19693
19694
19696
19703
19704
19705
19708
19710
19711
19715
19716
19717
19718
19719
19722
19723
19727
19728
19730
19733
19734
19736
19739
19742
19744
19747
19748
19752
19753
19754
19755
19756
19761
19764
19768
19769
19770
19771
19773
19774
19775
19777
19778
19779
19781
19783
19787
19791
19792
19793
19797
19798
19800
19804
19805
19807
19809
19811
19812
19816
19818
19822
19823
19825
19828
19830
19831
19836
19838
19843
19844
19846
19847
19848
19849
19851
19852
19856
19861
19865
19867
19870
19873
19881
19889
19891
19893
19895
19896
19898
19900
19902
19904
19908
19911
19913
19914
19915
19919
19922
19923
19926
19928
19933
19934
19937
19938
19940
19945
19946
19947
19950
19951
19952
19953
19954
19955
19956
19957
19960
19967
19968
19969
19970
19972
19973
19974
19975
19977
19978
19986
19989
19990
19993
19997
20000
20006
20008
20011
20012
20015
20016
20018
20020
20025
20026
20027
20028
20030
20031
20032
20035
20038
20040
20041
20045
20046
20048
20049
20050
20051
20053
20054
20055
20057
20058
20059
20062
20063
20065
20069
20071
20072
20075
20077
20081
20082
20083
20084
20086
20089
20090
20092
20096
20097
20099
20105
20106
20109
20110
20111
20112
20116
20118
20121
20122
20125
20127
20128
20131
20133
20134
20137
20138
20139
20140
20141
20142
20144
20145
20147
20149
20150
20153
20154
20160
20162
20163
20166
20168
20169
20173
20176
20177
20181
20182
20183
20185
20188
20190
20193
20194
20195
20199
20200
20202
20203
20204
20205
20207
20208
20211
20212
20214
20217
20218
20228
20229
20232
20234
20235
20242
20243
20246
20252
20253
20254
20255
20256
20267
20268
20269
20270
20272
20275
20278
20279
20283
20290
20291
20292
20296
20297
20299
20300
20301
20303
20304
20307
20308
20310
20314
20315
20317
20320
20321
20323
20327
20328
20331
20337
20338
20341
20346
20348
20352
20355
20358
20359
20366
20367
20375
20377
20385
20387
20388
20389
20391
20392
20399
20409
20412
20414
20415
20416
20417
20419
20421
20426
20427
20428
20430
20432
20436
20443
20448
20452
20454
20457
20460
20461
20464
20468
20470
20474
20475
20476
20478
20480
20481
20485
20488
20489
20491
20492
20494
20497
20500
20502
20504
20507
20514
20515
20516
20518
20520
20521
20527
20528
20531
20534
20535
20536
20537
20541
20542
20543
20545
20548
20550
20559
20565
20567
20572
20576
20577
20580
20582
20587
20588
20589
20591
20593
20594
20595
20596
20598
20601
20602
20606
20608
20616
20620
20625
20626
20627
20630
20631
20632
20634
20635
20636
20637
20638
20644
20648
20649
20652
20658
20660
20661
20671
20674
20678
20680
20682
20683
20686
20693
20696
20701
20703
20704
20706
20707
20711
20713
20717
20720
20722
20727
20731
20738
20739
20741
20742
20751
20755
20758
20761
20766
20767
20769
20771
20775
20776
20778
20779
20780
20781
20784
20786
20788
20789
20792
20793
20796
20800
20803
20804
20805
20811
20812
20817
20818
20820
20822
20830
20834
20837
20847
20849
20852
20856
20867
20868
20870
20872
20877
20887
20888
20895
20897
20899
20902
20904
20906
20909
20915
20916
20921
20922
20926
20927
20929
20931
20942
20944
20946
20952
20954
20957
20958
20959
20960
20961
20964
20966
20967
20969
20970
20971
20974
20977
20978
20980
20984
20985
20986
20988
20990
20991
20992
20993
20998
21002
21003
21006
21008
21014
21015
21019
21020
21021
21023
21025
21026
21027
21029
21031
21034
21038
21047
21050
21054
21055
21056
21057
21058
21059
21060
21062
21063
21064
21065
21066
21068
21069
21070
21071
21073
21074
21075
21076
21077
21078
21079
21081
21082
21083
21085
21088
21089
21090
21093
21094
21095
21096
21098
21099
21100
21102
21103
21104
21105
21106
21108
21109
21110
21111
21112
21113
21114
21115
21116
21117
21118
21119
21120
21121
21123
21124
21126
21127
21129
21131
21132
21133
21134
21135
21136
21137
21139
21140
21141
21143
21144
21145
21146
21147
21148
21149
21151
21152
21155
21156
21158
21159
21166
21167
21168
21169
21170
21171
21172
21174
21175
21176
21179
21183
21184
21186
21187
21188
21189
21191
21193
21196
21200
21201
21203
21204
21205
21206
21207
21211
21212
21213
21214
21215
21216
21220
21221
21222
21223
21224
21225
21226
21227
21228
21229
21231
21232
21233
21234
21238
21239
21242
21244
21245
21246
21247
21248
21249
21251
21253
21254
21255
21257
21259
21260
21261
21262
21263
21264
21267
21268
21269
21270
21271
21274
21276
21277
21279
21280
21281
21282
21284
21286
21287
21288
21289
21290
21291
21292
21293
21294
21296
21297
21298
21299
21300
21301
21303
21304
21305
21306
21307
21308
21309
21310
21312
21313
21314
21315
21316
21317
21318
21320
21324
21325
21326
21330
21333
21335
21337
21338
21342
21343
21344
21346
21349
21350
21351
21352
21353
21354
21359
21363
21364
21365
21366
21369
21370
21371
21376
21377
21379
21381
21383
21385
21386
21388
21389
21392
21395
21396
21399
21400
21401
21402
21403
21406
21407
21408
21411
21412
21413
21414
21420
21422
21424
21425
21426
21429
21433
21435
21436
21438
21440
21444
21452
21453
21455
21456
21458
21460
21465
21468
21472
21474
21476
21477
21478
21479
21482
21484
21485
21487
21488
21489
21490
21495
21496
21498
21499
21500
21501
21502
21504
21505
21506
21507
21508
21510
21512
21513
21514
21517
21518
21519
21523
21526
21527
21529
21531
21533
21535
21538
21543
21544
21545
21546
21547
21548
21550
21551
21553
21554
21556
21558
21559
21560
21562
21563
21565
21566
21569
21571
21572
21573
21575
21576
21579
21581
21583
21587
21588
21591
21592
21593
21595
21599
21601
21602
21603
21604
21606
21607
21608
21612
21613
21615
21616
21617
21618
21620
21621
21622
21623
21625
21629
21633
21636
21638
21644
21646
21647
21649
21651
21652
21653
21657
21665
21668
21671
21674
21676
21677
21678
21685
21687
21688
21689
21690
21691
21692
21693
21697
21700
21701
21704
21712
21720
21722
21724
21725
21728
21736
21737
21744
21745
21746
21749
21759
21761
21762
21765
21767
21771
21774
21780
21783
21784
21790
21794
21798
21802
21806
21809
21810
21813
21815
21818
21819
21822
21823
21824
21825
21826
21827
21829
21831
21836
21838
21840
21841
21845
21846
21848
21849
21850
21852
21856
21857
21858
21859
21862
21864
21867
21869
21871
21872
21874
21876
21877
21878
21882
21885
21886
21887
21889
21891
21893
21895
21896
21898
21905
21907
21908
21909
21910
21917
21919
21921
21923
21926
21927
21928
21929
21931
21932
21934
21935
21940
21941
21942
21944
21948
21951
21953
21954
21955
21956
21958
21959
21962
21963
21964
21965
21967
21968
21972
21976
21979
21981
21984
21985
21987
21988
21991
21992
21993
21994
21995
21996
21997
21998
22000
22002
22003
22004
22006
22007
22008
22009
22011
22012
22015
22016
22017
22020
22024
22027
22028
22029
22031
22032
22036
22037
22038
22041
22042
22043
22045
22047
22049
22050
22051
22052
22053
22056
22057
22058
22059
22061
22064
22066
22067
22071
22074
22075
22078
22082
22085
22086
22087
22088
22089
22091
22093
22096
22102
22105
22106
22107
22109
22110
22113
22114
22115
22119
22120
22123
22125
22126
22127
22128
22130
22131
22132
22133
22137
22138
22140
22143
22144
22147
22148
22151
22152
22153
22154
22156
22158
22159
22162
22165
22170
22171
22172
22173
22174
22176
22180
22183
22187
22188
22190
22191
22192
22193
22195
22196
22197
22199
22200
22201
22202
22203
22204
22205
22207
22210
22212
22213
22214
22217
22219
22220
22222
22225
22227
22228
22230
22232
22235
22237
22239
22240
22242
22243
22244
22245
22246
22249
22252
22254
22258
22260
22261
22262
22263
22264
22268
22269
22271
22272
22273
22274
22275
22276
22277
22281
22282
22283
22284
22285
22304
22305
22310
22312
22315
22316
22322
22323
22327
22330
22331
22332
22335
22338
22341
22342
22346
22347
22351
22356
22359
22363
22365
22380
22396
22410
22411
22413
22414
22417
22420
22421
22427
22428
22429
22430
22431
22435
22436
22438
22441
22442
22443
22446
22449
22450
22456
22460
22463
22467
22489
22491
22498
22523
22527
22531
22539
22548
22566
22580
22583
22588
22611
22624
22627
22628
22645
22653
22654
22656
22676
22681
22685
22689
22695
22705
22707
22708
22715
22718
22740
22742
22747
22750
22764
22769
22772
22798
22815
22823
22839
22850
22857
22859
22861
22867
22871
22876
22882
22883
22892
22908
22913
22915
22918
22921
22946
22950
22953
22960
22961
22963
22965
22966
22967
22968
22970
22971
22972
22973
22974
22976
22977
22978
22979
22980
22981
22983
22985
22986
22987
22988
22992
22994
22995
22997
22998
22999
23002
23003
23006
23007
23008
23010
23011
23012
23014
23015
23016
23017
23018
23019
23021
23022
23023
23024
23026
23028
23032
23034
23035
23040
23042
23043
23049
23053
23054
23055
23057
23058
23062
23064
23066
23067
23069
23073
23075
23077
23079
23081
23083
23084
23085
23086
23087
23089
23090
23091
23092
23093
23095
23096
23099
23102
23103
23105
23108
23111
23113
23114
23116
23117
23119
23121
23122
23124
23125
23126
23127
23128
23129
23130
23131
23132
23135
23137
23143
23146
23148
23149
23150
23151
23152
23156
23160
23163
23165
23168
23170
23171
23172
23173
23174
23176
23177
23180
23181
23185
23188
23190
23191
23193
23196
23203
23204
23205
23206
23209
23214
23215
23216
23217
23218
23219
23222
23223
23224
23228
23229
23230
23232
23233
23236
23242
23243
23246
23247
23249
23250
23251
23253
23259
23260
23261
23263
23268
23269
23270
23271
23275
23278
23279
23283
23285
23286
23288
23289
23291
23293
23296
23300
23303
23304
23310
23313
23314
23315
23316
23318
23323
23324
23328
23329
23332
23335
23339
23341
23342
23344
23345
23349
23351
23356
23357
23358
23359
23361
23362
23363
23365
23366
23367
23368
23369
23371
23372
23375
23376
23377
23380
23381
23382
23384
23385
23387
23388
23391
23393
23395
23396
23397
23398
23401
23402
23404
23405
23407
23409
23413
23414
23417
23423
23428
23431
23432
23433
23434
23436
23443
23444
23445
23446
23447
23448
23450
23451
23453
23456
23459
23460
23461
23462
23466
23473
23477
23479
23484
23488
23491
23492
23493
23494
23495
23498
23501
23503
23504
23505
23506
23507
23511
23512
23513
23514
23521
23522
23523
23525
23526
23530
23531
23536
23537
23538
23543
23549
23550
23552
23554
23557
23560
23562
23563
23565
23570
23573
23578
23583
23584
23585
23587
23592
23595
23599
23601
23603
23605
23607
23610
23613
23614
23621
23622
23626
23627
23629
23631
23632
23633
23636
23640
23642
23645
23646
23647
23648
23650
23656
23657
23658
23659
23661
23662
23670
23672
23675
23676
23677
23680
23681
23682
23687
23689
23690
23691
23692
23695
23696
23698
23699
23700
23703
23705
23706
23709
23712
23714
23720
23723
23725
23727
23729
23730
23731
23733
23735
23739
23741
23742
23743
23745
23754
23755
23756
23761
23762
23763
23764
23769
23772
23774
23777
23778
23780
23785
23787
23789
23791
23797
23800
23803
23804
23805
23808
23812
23813
23814
23819
23820
23824
23825
23836
23841
23847
23851
23852
23854
23856
23863
23864
23867
23868
23870
23873
23874
23876
23877
23883
23887
23898
23899
23900
23901
23904
23908
23913
23917
23921
23922
23925
23926
23931
23932
23933
23935
23936
23938
23943
23948
23949
23951
23957
23958
23960
23962
23964
23966
23967
23971
23979
23993
23995
23998
23999
24004
24007
24011
24013
24015
24016
24018
24029
24033
24035
24037
24044
24045
24046
24049
24050
24051
24052
24057
24066
24071
24072
24075
24076
24077
24079
24085
24086
24088
24089
24090
24091
24101
24104
24105
24115
24116
24119
24123
24126
24131
24141
24142
24146
24150
24151
24167
24168
24174
24175
24180
24190
24200
24212
24217
24218
24221
24222
24226
24228
24230
24232
24236
24237
24239
24241
24245
24250
24251
24254
24255
24257
24259
24262
24263
24264
24265
24267
24269
24270
24271
24273
24274
24281
24286
24288
24291
24294
24296
24299
24300
24301
24302
24309
24310
24313
24314
24316
24317
24318
24319
24322
24330
24331
24338
24339
24340
24344
24345
24347
24350
24351
24357
24358
24368
24369
24371
24372
24381
24382
24386
24392
24393
24396
24400
24406
24407
24411
24417
24419
24421
24428
24434
24436
24437
24445
24447
24448
24452
24453
24454
24456
24459
24464
24465
24469
24470
24475
24480
24484
24488
24490
24492
24493
24502
24504
24513
24514
24515
24517
24523
24528
24530
24537
24538
24547
24548
24550
24559
24560
24561
24563
24566
24568
24569
24571
24581
24583
24585
24591
24599
24600
24602
24609
24612
24613
24615
24617
24620
24623
24625
24626
24628
24630
24634
24635
24637
24639
24640
24641
24642
24643
24645
24656
24666
24667
24668
24671
24672
24675
24678
24679
24689
24690
24691
24694
24698
24702
24705
24707
24711
24712
24713
24714
24716
24719
24720
24722
24727
24728
24734
24735
24737
24739
24740
24742
24745
24748
24749
24763
24764
24767
24771
24772
24773
24774
24776
24777
24779
24781
24782
24784
24785
24787
24788
24789
24790
24793
24794
24795
24796
24797
24798
24799
24802
24804
24805
24806
24808
24810
24812
24813
24814
24815
24816
24817
24818
24819
24820
24821
24822
24823
24824
24825
24826
24827
24828
24829
24830
24833
24834
24835
24836
24837
24840
24843
24845
24846
24849
24850
24852
24853
24854
24855
24857
24858
24859
24860
24861
24862
24863
24865
24866
24870
24874
24875
24877
24879
24880
24881
24882
24883
24884
24885
24886
24888
24890
24891
24892
24894
24897
24898
24901
24903
24905
24907
24908
24910
24911
24912
24913
24915
24917
24918
24919
24920
24923
24925
24926
24927
24928
24929
24930
24932
24934
24936
24937
24938
24939
24942
24943
24947
24950
24951
24952
24953
24954
24956
24958
24959
24960
24961
24962
24963
24965
24966
24969
24971
24972
24973
24975
24976
24977
24978
24981
24982
24983
24984
24985
24987
24988
24990
24991
24992
24993
24994
24996
25000
25002
25003
25004
25005
25007
25010
25011
25012
25013
25014
25015
25017
25018
25019
25020
25021
25022
25024
25025
25027
25028
25029
25031
25037
25042
25043
25044
25045
25049
25050
25051
25052
25053
25054
25055
25056
25057
25058
25060
25061
25063
25064
25067
25070
25072
25073
25077
25083
25084
25086
25088
25090
25092
25093
25097
25098
25099
25100
25102
25103
25104
25105
25106
25108
25110
25112
25113
25114
25115
25116
25117
25121
25122
25124
25125
25126
25127
25128
25129
25131
25133
25134
25136
25138
25143
25145
25146
25149
25152
25154
25155
25156
25157
25158
25160
25163
25165
25167
25169
25170
25174
25176
25178
25179
25180
25181
25182
25187
25188
25190
25191
25195
25196
25197
25198
25199
25200
25201
25202
25203
25206
25209
25212
25213
25218
25219
25221
25226
25228
25231
25233
25240
25243
25244
25245
25247
25249
25251
25252
25254
25255
25258
25260
25261
25264
25267
25273
25274
25276
25277
25279
25280
25283
25284
25285
25287
25291
25293
25295
25299
25300
25301
25302
25305
25306
25311
25313
25316
25317
25318
25319
25322
25326
25327
25329
25332
25333
25334
25337
25344
25345
25347
25360
25362
25364
25366
25368
25372
25373
25374
25376
25378
25383
25384
25385
25386
25387
25389
25391
25392
25394
25395
25400
25404
25405
25407
25408
25411
25413
25418
25419
25422
25426
25428
25429
25432
25434
25438
25451
25452
25453
25456
25458
25467
25469
25473
25476
25478
25479
25480
25481
25482
25483
25484
25490
25496
25497
25499
25505
25506
25509
25513
25515
25520
25524
25529
25533
25537
25538
25540
25541
25542
25545
25546
25547
25549
25553
25555
25560
25561
25562
25563
25566
25568
25570
25571
25572
25574
25575
25580
25581
25582
25583
25585
25586
25590
25591
25592
25593
25594
25595
25599
25600
25601
25603
25608
25609
25610
25613
25616
25621
25628
25629
25631
25635
25639
25641
25645
25646
25647
25648
25654
25657
25659
25663
25664
25669
25672
25673
25677
25678
25681
25685
25687
25688
25689
25690
25693
25696
25698
25699
25700
25702
25704
25705
25706
25708
25709
25710
25712
25713
25714
25718
25719
25720
25721
25722
25723
25725
25726
25728
25730
25731
25732
25734
25740
25741
25742
25745
25747
25748
25750
25751
25752
25754
25756
25757
25758
25759
25761
25768
25770
25771
25772
25774
25776
25778
25781
25788
25789
25790
25792
25796
25799
25801
25803
25805
25807
25808
25810
25814
25815
25816
25818
25819
25820
25821
25823
25824
25828
25829
25832
25833
25834
25837
25839
25840
25841
25844
25845
25846
25850
25854
25855
25857
25858
25859
25861
25862
25865
25866
25868
25870
25872
25874
25876
25877
25881
25882
25883
25884
25887
25888
25892
25897
25898
25900
25901
25902
25903
25906
25907
25910
25913
25914
25915
25916
25918
25921
25924
25926
25927
25928
25929
25931
25934
25937
25939
25940
25941
25942
25945
25946
25948
25949
25951
25952
25953
25954
25955
25956
25957
25958
25959
25960
25961
25962
25963
25966
25968
25970
25971
25972
25975
25978
25979
25980
25982
25983
25985
25986
25987
25989
25991
25992
25993
25994
25995
25996
25997
25999
26002
26004
26007
26009
26015
26017
26018
26020
26027
26029
26030
26035
26037
26039
26041
26044
26052
26054
26055
26057
26060
26067
26070
26072
26073
26078
26088
26089
26094
26096
26107
26110
26114
26117
26118
26121
26123
26124
26127
26134
26139
26140
26141
26143
26145
26149
26153
26155
26156
26159
26160
26163
26165
26166
26177
26183
26184
26186
26190
26195
26204
26210
26212
26217
26236
26240
26242
26246
26249
26250
26260
26262
26263
26274
26275
26276
26277
26286
26288
26289
26291
26303
26313
26318
26320
26325
26344
26354
26378
26385
26392
26393
26396
26399
26400
26408
26415
26416
26432
26438
26441
26446
26447
26449
26456
26464
26480
26481
26482
26486
26493
26497
26501
26506
26517
26519
26525
26526
26537
26540
26571
26572
26577
26578
26581
26584
26586
26588
26590
26591
26596
26597
26602
26608
26614
26620
26622
26631
26632
26638
26639
26642
26652
26655
26663
26672
26673
26674
26676
26677
26678
26679
26680
26681
26682
26683
26684
26685
26690
26691
26692
26693
26694
26695
26696
26699
26700
26701
26702
26703
26705
26706
26708
26709
26711
26712
26713
26714
26715
26718
26719
26720
26723
26725
26726
26729
26731
26733
26735
26736
26737
26738
26745
26746
26747
26749
26754
26756
26759
26760
26763
26766
26767
26768
26769
26770
26771
26772
26773
26776
26777
26778
26779
26781
26783
26786
26789
26790
26793
26795
26797
26800
26801
26802
26803
26804
26805
26807
26808
26810
26811
26814
26815
26816
26817
26818
26819
26822
26824
26828
26829
26831
26832
26833
26834
26835
26837
26839
26844
26847
26850
26853
26856
26857
26859
26860
26862
26863
26864
26866
26871
26874
26877
26878
26881
26882
26886
26888
26890
26892
26893
26894
26895
26897
26898
26899
26902
26903
26904
26911
26913
26916
26919
26920
26921
26922
26923
26925
26926
26929
26930
26932
26933
26934
26937
26938
26939
26940
26947
26952
26954
26955
26956
26957
26959
26960
26961
26962
26964
26966
26967
26970
26975
26979
26981
26983
26984
26985
26986
26988
26989
26992
26993
26997
26999
27000
27002
27003
27005
27007
27009
27012
27014
27015
27017
27023
27024
27025
27028
27030
27031
27033
27034
27037
27042
27043
27046
27048
27049
27050
27051
27052
27053
27054
27055
27056
27058
27059
27060
27061
27065
27066
27067
27068
27069
27070
27071
27079
27080
27085
27086
27091
27094
27095
27096
27099
27103
27107
27109
27111
27112
27114
27119
27121
27122
27123
27127
27129
27130
27131
27133
27135
27140
27142
27144
27146
27148
27150
27151
27152
27154
27157
27158
27159
27160
27162
27164
27165
27166
27170
27172
27173
27174
27177
27179
27180
27183
27184
27188
27195
27198
27201
27204
27205
27209
27211
27213
27215
27219
27220
27221
27222
27226
27228
27232
27235
27237
27239
27240
27246
27250
27251
27253
27255
27257
27258
27259
27262
27263
27264
27268
27269
27270
27271
27272
27273
27274
27276
27281
27282
27284
27287
27288
27289
27290
27297
27298
27301
27303
27305
27311
27313
27316
27317
27319
27321
27322
27324
27325
27326
27328
27330
27331
27332
27334
27335
27336
27338
27339
27340
27341
27345
27346
27347
27348
27350
27351
27353
27354
27356
27357
27358
27361
27362
27364
27365
27366
27370
27373
27374
27375
27377
27379
27380
27382
27383
27384
27385
27386
27388
27389
27390
27391
27394
27396
27399
27401
27403
27404
27405
27407
27409
27411
27414
27420
27422
27423
27425
27426
27427
27431
27434
27435
27443
27444
27445
27447
27450
27453
27455
27456
27458
27459
27460
27462
27463
27464
27465
27466
27470
27476
27478
27479
27481
27482
27483
27484
27485
27486
27490
27491
27493
27495
27497
27498
27499
27500
27501
27510
27515
27518
27522
27524
27530
27531
27533
27535
27536
27537
27538
27540
27548
27551
27556
27557
27558
27559
27562
27565
27566
27567
27568
27570
27572
27575
27578
27582
27590
27591
27597
27601
27604
27605
27608
27612
27613
27614
27615
27618
27620
27621
27628
27631
27633
27634
27635
27636
27637
27638
27639
27640
27641
27645
27649
27654
27671
27672
27673
27679
27680
27681
27682
27685
27690
27697
27701
27707
27708
27709
27711
27713
27717
27718
27720
27721
27724
27725
27726
27730
27731
27732
27735
27736
27737
27742
27745
27749
27750
27755
27756
27757
27759
27760
27761
27763
27764
27766
27767
27769
27770
27780
27790
27793
27794
27795
27796
27801
27802
27805
27807
27808
27809
27811
27813
27819
27820
27821
27822
27826
27829
27834
27835
27836
27837
27842
27843
27844
27845
27847
27848
27849
27853
27857
27866
27869
27873
27875
27876
27878
27880
27881
27885
27886
27887
27888
27889
27892
27893
27899
27901
27903
27904
27906
27907
27909
27914
27915
27916
27918
27921
27925
27928
27929
27935
27939
27943
27944
27950
27953
27954
27955
27959
27964
27969
27970
27971
27972
27978
27979
27983
27987
27993
27995
28005
28010
28014
28019
28020
28021
28022
28023
28024
28026
28027
28029
28030
28037
28038
28043
28045
28048
28050
28053
28057
28058
28059
28061
28069
28072
28077
28083
28086
28087
28089
28090
28092
28093
28094
28096
28100
28107
28110
28114
28118
28122
28131
28132
28135
28136
28144
28145
28148
28152
28160
28163
28164
28166
28167
28172
28173
28176
28177
28179
28181
28183
28186
28195
28197
28200
28201
28204
28206
28212
28216
28217
28221
28223
28227
28228
28231
28235
28236
28238
28239
28240
28242
28245
28250
28252
28254
28262
28264
28265
28267
28268
28270
28280
28282
28284
28285
28286
28287
28288
28293
28295
28298
28299
28300
28302
28303
28306
28309
28312
28315
28324
28326
28330
28336
28339
28341
28344
28345
28347
28348
28349
28350
28355
28359
28362
28368
28370
28373
28374
28377
28379
28380
28382
28385
28386
28387
28388
28389
28390
28392
28397
28402
28403
28404
28405
28406
28408
28411
28412
28413
28414
28416
28420
28424
28426
28429
28430
28431
28433
28436
28440
28441
28442
28443
28449
28451
28453
28455
28459
28461
28462
28463
28470
28472
28476
28477
28479
28480
28482
28483
28484
28486
28487
28488
28490
28491
28493
28495
28496
28497
28499
28500
28501
28504
28507
28508
28509
28510
28512
28513
28515
28516
28517
28518
28519
28520
28521
28523
28524
28526
28527
28529
28530
28533
28534
28535
28536
28537
28539
28540
28541
28544
28546
28547
28548
28549
28551
28552
28554
28555
28557
28558
28559
28560
28564
28565
28567
28568
28571
28572
28573
28574
28575
28576
28577
28578
28581
28582
28583
28584
28586
28587
28588
28589
28592
28593
28594
28596
28597
28599
28600
28602
28603
28605
28606
28610
28612
28613
28614
28616
28617
28619
28620
28621
28622
28624
28625
28628
28629
28631
28632
28633
28634
28635
28637
28639
28640
28642
28643
28645
28646
28648
28649
28650
28652
28653
28654
28664
28665
28666
28667
28668
28670
28673
28674
28675
28676
28677
28678
28679
28680
28681
28682
28683
28684
28686
28687
28688
28690
28691
28694
28695
28697
28698
28699
28701
28702
28706
28709
28710
28714
28715
28716
28719
28721
28722
28724
28726
28727
28728
28729
28731
28734
28735
28736
28737
28738
28740
28741
28742
28743
28744
28745
28750
28752
28755
28757
28758
28762
28765
28766
28770
28771
28773
28774
28777
28781
28782
28784
28786
28787
28789
28791
28793
28798
28800
28802
28804
28807
28811
28813
28814
28819
28820
28823
28824
28825
28827
28828
28830
28832
28835
28837
28840
28841
28842
28843
28847
28850
28851
28852
28853
28856
28859
28860
28861
28863
28867
28868
28869
28872
28876
28877
28879
28881
28886
28888
28891
28892
28893
28895
28896
28898
28900
28901
28902
28904
28905
28906
28907
28908
28910
28911
28912
28913
28915
28917
28918
28919
28927
28931
28932
28933
28939
28940
28942
28944
28946
28947
28948
28951
28955
28956
28959
28963
28964
28968
28971
28972
28973
28974
28976
28977
28979
28981
28984
28986
28987
28991
28992
28996
28997
28999
29001
29009
29012
29014
29015
29017
29019
29020
29021
29027
29028
29030
29031
29032
29033
29034
29035
29036
29038
29041
29043
29045
29046
29048
29049
29051
29052
29053
29055
29058
29060
29062
29064
29067
29072
29074
29076
29081
29083
29088
29090
29092
29093
29097
29102
29106
29108
29109
29113
29117
29118
29119
29121
29122
29123
29124
29125
29126
29129
29134
29136
29143
29146
29147
29149
29151
29152
29153
29154
29162
29163
29165
29170
29172
29173
29177
29178
29179
29185
29186
29187
29190
29193
29194
29196
29197
29209
29210
29211
29218
29219
29226
29228
29230
29234
29240
29241
29246
29248
29251
29254
29255
29256
29262
29267
29269
29274
29275
29276
29284
29286
29288
29289
29291
29293
29295
29297
29299
29300
29303
29304
29306
29313
29314
29317
29323
29324
29326
29327
29328
29332
29335
29338
29342
29343
29345
29348
29349
29361
29362
29363
29368
29370
29371
29372
29376
29377
29378
29380
29381
29383
29391
29392
29393
29394
29395
29396
29398
29402
29403
29404
29406
29407
29408
29409
29412
29413
29415
29416
29417
29419
29420
29421
29423
29424
29425
29427
29428
29430
29433
29434
29435
29437
29440
29448
29452
29455
29456
29457
29458
29459
29461
29464
29465
29471
29472
29474
29478
29479
29480
29482
29485
29486
29488
29490
29492
29493
29494
29495
29499
29500
29502
29504
29508
29510
29512
29514
29516
29517
29519
29524
29527
29529
29530
29532
29533
29534
29540
29542
29546
29551
29553
29554
29555
29557
29558
29561
29563
29566
29568
29569
29570
29571
29572
29573
29575
29576
29577
29578
29580
29584
29587
29588
29591
29595
29599
29600
29603
29604
29605
29606
29607
29608
29610
29612
29615
29619
29620
29621
29622
29624
29626
29628
29629
29630
29632
29635
29638
29640
29641
29642
29643
29645
29648
29650
29651
29653
29654
29655
29656
29657
29658
29659
29660
29663
29664
29665
29670
29671
29672
29673
29674
29675
29677
29682
29683
29684
29685
29686
29688
29689
29690
29692
29694
29695
29696
29697
29698
29699
29700
29701
29703
29704
29706
29707
29711
29712
29717
29721
29724
29729
29732
29740
29742
29743
29745
29747
29748
29750
29751
29753
29755
29762
29764
29766
29768
29771
29772
29774
29775
29778
29779
29781
29796
29797
29801
29802
29808
29809
29819
29823
29825
29826
29827
29828
29835
29836
29837
29838
29842
29845
29847
29848
29849
29850
29854
29856
29858
29859
29862
29863
29864
29866
29869
29870
29871
29874
29875
29876
29877
29880
29881
29882
29884
29885
29888
29897
29898
29902
29909
29914
29918
29926
29928
29948
29962
29970
29972
30001
30002
30003
30011
30015
30033
30038
30039
30043
30051
30058
30080
30086
30089
30092
30098
30108
30110
30122
30123
30130
30133
30146
30147
30155
30157
30161
30165
30166
30177
30179
30181
30192
30194
30200
30207
30211
30218
30231
30233
30237
30238
30243
30244
30245
30247
30250
30254
30263
30266
30268
30269
30285
30289
30290
30295
30299
30310
30331
30341
30343
30346
30351
30354
30370
30380
30382
30386
30387
30388
30389
30390
30393
30394
30396
30397
30398
30399
30400
30401
30404
30405
30406
30407
30408
30409
30410
30412
30413
30414
30416
30417
30419
30420
30423
30424
30425
30426
30427
30428
30430
30432
30433
30434
30435
30436
30437
30439
30440
30441
30443
30444
30445
30446
30447
30449
30450
30452
30453
30454
30455
30456
30459
30463
30464
30465
30466
30468
30469
30470
30472
30473
30474
30475
30478
30479
30480
30481
30482
30483
30484
30485
30486
30487
30488
30490
30491
30492
30493
30494
30497
30499
30500
30501
30502
30503
30507
30508
30511
30512
30513
30514
30515
30516
30517
30519
30520
30523
30524
30525
30526
30527
30528
30530
30531
30532
30535
30536
30538
30539
30542
30543
30544
30545
30547
30548
30549
30550
30551
30552
30553
30554
30555
30556
30557
30558
30559
30562
30565
30566
30567
30570
30572
30574
30576
30578
30579
30580
30585
30587
30588
30591
30592
30593
30594
30595
30596
30601
30603
30604
30605
30606
30607
30608
30609
30610
30611
30612
30613
30614
30616
30618
30621
30623
30625
30626
30628
30629
30632
30633
30634
30636
30637
30639
30641
30642
30643
30644
30645
30647
30649
30650
30651
30652
30656
30657
30658
30662
30664
30665
30669
30670
30671
30673
30674
30675
30676
30678
30679
30681
30682
30684
30686
30687
30689
30690
30691
30692
30694
30695
30696
30697
30698
30699
30700
30701
30703
30704
30707
30709
30714
30716
30718
30719
30721
30724
30726
30727
30728
30729
30731
30735
30736
30738
30740
30741
30742
30744
30751
30752
30753
30757
30758
30761
30762
30763
30768
30769
30771
30773
30774
30775
30777
30779
30780
30781
30782
30784
30786
30789
30790
30792
30793
30794
30796
30797
30799
30800
30806
30809
30810
30811
30812
30813
30818
30819
30821
30822
30824
30825
30826
30831
30833
30835
30837
30842
30843
30847
30853
30854
30856
30858
30859
30860
30861
30862
30863
30864
30865
30868
30871
30873
30874
30876
30877
30879
30881
30882
30884
30886
30887
30890
30892
30894
30895
30897
30901
30902
30907
30908
30909
30912
30914
30915
30916
30917
30918
30919
30920
30921
30923
30925
30926
30927
30928
30929
30930
30931
30932
30933
30934
30935
30944
30946
30947
30948
30949
30950
30951
30952
30953
30954
30955
30957
30959
30960
30963
30964
30965
30970
30972
30973
30974
30975
30978
30979
30980
30982
30983
30985
30988
30989
30990
30991
30993
30995
30998
30999
31000
31002
31003
31004
31005
31006
31007
31008
31011
31012
31013
31014
31015
31018
31026
31027
31029
31030
31035
31037
31038
31039
31042
31043
31045
31046
31049
31050
31053
31057
31059
31060
31061
31063
31064
31068
31069
31070
31071
31073
31075
31076
31078
31084
31085
31087
31088
31089
31092
31094
31095
31097
31098
31099
31103
31104
31105
31107
31108
31109
31110
31111
31114
31115
31117
31118
31120
31122
31123
31124
31128
31130
31133
31134
31139
31140
31142
31144
31145
31147
31151
31152
31157
31158
31159
31160
31161
31162
31163
31164
31166
31168
31170
31171
31172
31173
31174
31175
31178
31179
31181
31182
31184
31185
31186
31188
31189
31190
31192
31194
31196
31198
31199
31200
31203
31205
31206
31207
31208
31209
31211
31213
31214
31215
31219
31220
31222
31225
31231
31232
31234
31236
31239
31243
31245
31247
31248
31253
31258
31259
31261
31265
31267
31269
31271
31272
31273
31274
31275
31276
31279
31281
31282
31286
31288
31289
31291
31292
31294
31295
31297
31298
31301
31302
31305
31307
31309
31311
31315
31316
31318
31319
31321
31322
31323
31327
31328
31329
31330
31331
31332
31339
31340
31341
31346
31347
31349
31350
31352
31353
31354
31359
31361
31363
31364
31371
31372
31374
31376
31377
31379
31382
31383
31388
31390
31392
31393
31402
31403
31406
31407
31410
31417
31419
31421
31422
31423
31427
31431
31433
31435
31436
31437
31439
31440
31441
31443
31444
31445
31447
31451
31453
31455
31457
31458
31459
31460
31461
31463
31465
31470
31471
31473
31474
31475
31476
31478
31479
31480
31484
31487
31492
31494
31499
31500
31503
31504
31508
31509
31513
31516
31518
31519
31521
31522
31524
31525
31529
31531
31533
31534
31538
31540
31541
31543
31544
31546
31548
31551
31554
31556
31558
31561
31567
31573
31578
31581
31585
31587
31590
31593
31594
31595
31599
31601
31602
31603
31612
31614
31616
31617
31620
31622
31628
31630
31631
31632
31636
31641
31643
31644
31645
31649
31651
31652
31658
31659
31660
31665
31666
31668
31670
31673
31677
31678
31679
31680
31681
31683
31684
31685
31687
31688
31690
31692
31695
31696
31697
31698
31703
31707
31708
31709
31710
31724
31727
31728
31733
31737
31739
31743
31745
31750
31753
31757
31758
31759
31766
31767
31768
31769
31773
31775
31776
31777
31786
31791
31793
31798
31800
31801
31803
31809
31811
31813
31816
31817
31821
31828
31833
31835
31838
31840
31846
31853
31855
31858
31862
31864
31865
31866
31873
31875
31877
31878
31879
31880
31881
31882
31884
31886
31887
31890
31892
31893
31894
31897
31899
31900
31901
31902
31904
31905
31913
31914
31915
31916
31918
31922
31924
31927
31935
31937
31941
31942
31943
31946
31948
31949
31952
31953
31960
31962
31963
31965
31968
31975
31977
31978
31991
31995
31996
31997
32000
32002
32003
32006
32012
32014
32015
32032
32035
32040
32041
32048
32053
32055
32056
32065
32066
32068
32069
32070
32073
32076
32079
32080
32088
32092
32093
32094
32095
32096
32097
32099
32100
32103
32105
32106
32107
32109
32111
32113
32114
32116
32117
32118
32120
32122
32124
32126
32127
32128
32130
32132
32134
32135
32137
32139
32140
32141
32145
32147
32148
32151
32155
32156
32157
32159
32160
32163
32164
32165
32166
32167
32169
32171
32173
32174
32176
32177
32183
32184
32185
32186
32189
32190
32191
32192
32196
32198
32199
32200
32201
32203
32204
32205
32207
32208
32210
32211
32213
32215
32217
32218
32221
32222
32223
32224
32225
32226
32227
32229
32230
32232
32234
32235
32236
32237
32238
32239
32240
32241
32242
32244
32245
32246
32248
32249
32250
32251
32254
32256
32258
32259
32260
32261
32262
32263
32264
32265
32266
32268
32270
32271
32272
32273
32274
32275
32276
32278
32279
32280
32281
32282
32283
32285
32286
32287
32288
32289
32291
32292
32293
32294
32295
32296
32297
32298
32299
32300
32301
32303
32304
32307
32308
32309
32310
32311
32312
32313
32314
32315
32316
32319
32320
32324
32325
32326
32327
32328
32330
32332
32333
32335
32336
32338
32340
32342
32343
32345
32347
32348
32349
32351
32352
32353
32354
32355
32356
32358
32359
32360
32362
32363
32364
32365
32366
32367
32368
32371
32373
32375
32377
32378
32379
32380
32382
32384
32386
32388
32389
32390
32391
32392
32393
32394
32395
32396
32397
32399
32402
32403
32404
32405
32406
32408
32409
32410
32411
32412
32413
32414
32416
32418
32419
32420
32422
32423
32424
32426
32428
32429
32430
32433
32434
32435
32436
32438
32439
32440
32441
32442
32443
32444
32446
32447
32448
32449
32450
32452
32453
32456
32458
32459
32461
32462
32464
32465
32467
32468
32472
32476
32477
32478
32479
32480
32483
32484
32485
32486
32487
32488
32490
32491
32492
32495
32500
32501
32504
32505
32507
32509
32512
32515
32517
32519
32522
32524
32525
32526
32527
32528
32531
32533
32534
32536
32538
32540
32541
32542
32543
32544
32548
32549
32553
32555
32557
32558
32560
32561
32562
32564
32565
32566
32567
32571
32573
32574
32575
32577
32580
32582
32583
32585
32588
32589
32591
32595
32596
32598
32602
32603
32604
32607
32610
32611
32612
32614
32615
32616
32619
32620
32621
32623
32624
32625
32627
32628
32629
32630
32631
32632
32635
32640
32642
32644
32646
32648
32649
32650
32652
32653
32654
32657
32658
32660
32662
32664
32668
32670
32671
32672
32673
32674
32676
32677
32681
32682
32685
32686
32687
32688
32690
32691
32692
32693
32696
32697
32698
32701
32702
32703
32704
32706
32707
32709
32710
32711
32712
32713
32714
32715
32718
32721
32722
32723
32725
32727
32728
32730
32732
32733
32734
32735
32736
32741
32742
32744
32748
32749
32750
32756
32758
32759
32760
32761
32762
32763
32765
32768
32769
32770
32773
32775
32778
32779
32780
32785
32786
32787
32788
32790
32792
32795
32796
32797
32801
32802
32804
32806
32810
32811
32812
32813
32814
32818
32822
32823
32825
32826
32827
32828
32831
32835
32836
32839
32840
32843
32846
32850
32851
32852
32856
32860
32862
32863
32864
32865
32866
32867
32870
32874
32875
32877
32879
32886
32887
32888
32889
32891
32895
32896
32898
32901
32903
32904
32907
32908
32909
32910
32914
32916
32917
32918
32920
32921
32922
32924
32925
32927
32931
32932
32934
32937
32938
32939
32940
32941
32942
32944
32946
32948
32952
32953
32955
32957
32958
32960
32962
32965
32966
32968
32969
32973
32974
32975
32976
32978
32980
32983
32985
32986
32988
32990
32991
32993
32995
32996
32998
32999
33000
33002
33003
33004
33005
33006
33012
33013
33017
33018
33019
33022
33023
33024
33027
33028
33029
33030
33031
33033
33034
33035
33037
33038
33041
33044
33046
33049
33050
33052
33054
33056
33058
33059
33060
33065
33066
33067
33072
33073
33074
33075
33076
33077
33079
33080
33082
33083
33084
33085
33090
33092
33094
33096
33097
33099
33100
33101
33106
33108
33110
33111
33114
33115
33118
33119
33120
33122
33123
33124
33125
33128
33130
33131
33133
33134
33137
33138
33139
33140
33142
33145
33146
33148
33149
33150
33151
33153
33154
33158
33162
33163
33164
33166
33167
33168
33169
33171
33172
33173
33174
33175
33177
33178
33179
33180
33182
33184
33185
33189
33190
33191
33192
33194
33195
33196
33197
33198
33199
33200
33201
33202
33204
33206
33207
33208
33209
33211
33212
33213
33215
33216
33218
33220
33221
33224
33226
33227
33228
33230
33231
33233
33234
33235
33236
33238
33242
33243
33244
33246
33247
33249
33251
33253
33254
33255
33256
33257
33260
33261
33262
33264
33265
33266
33267
33268
33269
33270
33271
33272
33273
33274
33275
33276
33277
33282
33283
33284
33286
33288
33289
33290
33293
33294
33295
33296
33298
33300
33301
33304
33305
33306
33308
33309
33311
33312
33314
33316
33317
33319
33321
33322
33324
33325
33326
33328
33329
33333
33334
33335
33337
33338
33340
33341
33342
33343
33344
33346
33347
33349
33350
33352
33353
33354
33355
33356
33358
33359
33361
33362
33364
33365
33366
33367
33368
33369
33370
33371
33372
33373
33374
33376
33377
33378
33379
33381
33383
33384
33385
33386
33387
33388
33389
33390
33391
33394
33396
33399
33400
33402
33403
33405
33406
33407
33408
33409
33410
33411
33412
33413
33414
33415
33417
33419
33420
33421
33422
33423
33424
33425
33427
33432
33433
33435
33436
33447
33452
33454
33455
33463
33464
33465
33466
33467
33468
33469
33476
33478
33489
33490
33493
33494
33503
33505
33512
33514
33516
33517
33534
33535
33537
33538
33539
33540
33541
33543
33545
33546
33550
33551
33552
33553
33554
33555
33563
33565
33566
33568
33569
33570
33572
33574
33576
33577
33578
33584
33587
33588
33589
33590
33592
33593
33596
33605
33616
33618
33640
33642
33647
33653
33671
33680
33684
33699
33700
33701
33705
33707
33713
33717
33723
33733
33748
33752
33756
33758
33762
33766
33782
33788
33789
33791
33795
33800
33802
33803
33806
33812
33821
33827
33836
33838
33842
33843
33844
33845
33846
33849
33851
33857
33860
33861
33868
33869
33874
33877
33883
33884
33890
33892
33893
33894
33898
33908
33914
33917
33925
33927
33935
33937
33953
33954
33965
33972
33977
33978
33980
33981
33985
33991
34000
34001
34006
34009
34011
34014
34024
34028
34040
34042
34044
34052
34053
34057
34060
34062
34066
34068
34069
34077
34086
34094
34100
34102
34103
34104
34105
34106
34107
34108
34109
34110
34111
34112
34113
34116
34117
34119
34120
34121
34122
34123
34124
34125
34126
34128
34129
34133
34136
34137
34139
34141
34142
34143
34144
34146
34147
34148
34149
34150
34151
34153
34154
34155
34156
34157
34159
34160
34161
34162
34163
34166
34168
34169
34173
34174
34176
34177
34179
34180
34182
34183
34184
34185
34186
34188
34189
34190
34191
34192
34193
34194
34195
34196
34197
34198
34199
34200
34201
34204
34205
34206
34207
34208
34210
34211
34214
34215
34216
34217
34218
34219
34221
34222
34223
34224
34225
34226
34227
34228
34229
34233
34235
34237
34238
34239
34241
34242
34243
34244
34245
34249
34250
34251
34252
34253
34254
34256
34257
34258
34259
34260
34261
34262
34266
34267
34268
34269
34270
34272
34273
34275
34276
34277
34278
34279
34281
34284
34286
34287
34288
34289
34290
34291
34294
34299
34300
34301
34302
34303
34304
34305
34306
34307
34308
34309
34310
34314
34316
34317
34318
34319
34320
34322
34323
34324
34325
34326
34327
34328
34329
34330
34331
34332
34333
34335
34336
34337
34340
34341
34342
34343
34345
34348
34349
34350
34355
34356
34357
34358
34359
34360
34361
34362
34364
34365
34367
34370
34372
34375
34376
34377
34378
34380
34381
34382
34383
34384
34385
34387
34388
34389
34390
34393
34394
34395
34397
34398
34399
34400
34403
34404
34405
34406
34408
34409
34410
34411
34413
34415
34417
34418
34419
34420
34421
34423
34424
34425
34426
34427
34428
34429
34431
34432
34433
34434
34435
34438
34439
34440
34442
34444
34445
34449
34452
34454
34455
34456
34457
34458
34460
34463
34465
34467
34468
34469
34470
34471
34473
34474
34475
34478
34479
34480
34481
34482
34486
34487
34488
34489
34490
34492
34493
34494
34495
34498
34499
34500
34502
34503
34504
34505
34506
34507
34508
34510
34511
34513
34514
34515
34517
34519
34521
34523
34524
34525
34526
34527
34528
34530
34531
34535
34536
34537
34538
34539
34540
34541
34542
34543
34544
34545
34546
34547
34548
34549
34551
34552
34554
34555
34556
34557
34560
34562
34563
34564
34570
34571
34572
34575
34578
34582
34583
34585
34586
34587
34588
34589
34590
34591
34592
34594
34595
34599
34600
34601
34603
34604
34605
34606
34608
34611
34612
34613
34614
34616
34617
34618
34621
34622
34623
34625
34626
34627
34628
34629
34630
34632
34633
34637
34640
34642
34643
34644
34645
34647
34648
34649
34650
34652
34653
34654
34656
34658
34659
34660
34662
34663
34664
34665
34670
34671
34672
34674
34676
34678
34686
34687
34690
34691
34692
34699
34700
34702
34704
34705
34706
34708
34710
34712
34715
34716
34717
34718
34720
34726
34728
34729
34730
34733
34734
34736
34737
34744
34745
34746
34747
34751
34752
34753
34755
34756
34757
34758
34759
34760
34761
34762
34763
34764
34767
34769
34771
34773
34774
34775
34777
34778
34780
34781
34782
34784
34789
34792
34793
34794
34796
34797
34798
34799
34800
34801
34802
34803
34804
34805
34807
34808
34809
34811
34812
34813
34817
34818
34821
34822
34824
34825
34826
34827
34828
34829
34830
34831
34832
34834
34835
34837
34841
34842
34845
34847
34849
34850
34852
34853
34854
34855
34859
34862
34863
34865
34871
34872
34873
34874
34875
34876
34877
34880
34881
34882
34883
34884
34885
34886
34887
34888
34889
34892
34894
34895
34896
34898
34900
34901
34902
34903
34904
34905
34906
34912
34913
34914
34918
34919
34921
34922
34923
34924
34925
34927
34929
34931
34932
34933
34935
34938
34939
34942
34944
34945
34952
34953
34955
34956
34959
34962
34963
34964
34965
34967
34971
34972
34973
34975
34978
34979
34980
34985
34986
34987
34989
34990
34993
34994
34995
34997
34998
34999
35000
35002
35003
35006
35008
35015
35019
35020
35021
35024
35027
35029
35030
35032
35033
35034
35035
35040
35041
35042
35043
35045
35046
35047
35049
35056
35060
35061
35064
35065
35066
35067
35068
35071
35074
35075
35082
35083
35086
35088
35089
35090
35091
35097
35099
35101
35105
35106
35108
35109
35113
35116
35117
35119
35120
35122
35123
35124
35125
35126
35135
35136
35137
35138
35139
35141
35142
35147
35149
35150
35152
35153
35155
35157
35158
35160
35161
35162
35172
35173
35174
35176
35177
35179
35181
35184
35185
35187
35188
35189
35191
35192
35194
35196
35197
35199
35201
35202
35203
35206
35207
35208
35209
35211
35213
35214
35217
35219
35221
35222
35223
35224
35226
35227
35231
35235
35236
35237
35239
35241
35243
35245
35247
35248
35250
35253
35254
35255
35256
35262
35265
35270
35271
35272
35274
35281
35284
35285
35287
35289
35291
35293
35294
35295
35297
35299
35303
35304
35306
35309
35310
35314
35316
35317
35318
35322
35323
35326
35327
35328
35330
35332
35335
35337
35338
35341
35342
35343
35344
35346
35348
35352
35353
35363
35364
35365
35369
35370
35372
35373
35374
35375
35378
35379
35380
35382
35387
35392
35393
35394
35397
35399
35401
35406
35409
35411
35412
35413
35415
35421
35423
35424
35426
35429
35431
35433
35434
35437
35441
35442
35444
35445
35447
35449
35451
35452
35454
35455
35458
35459
35463
35464
35465
35467
35470
35472
35473
35476
35478
35480
35481
35482
35483
35486
35488
35489
35490
35491
35493
35500
35505
35506
35507
35509
35510
35511
35512
35513
35514
35515
35517
35520
35522
35523
35528
35529
35537
35538
35544
35546
35551
35553
35554
35556
35557
35561
35563
35565
35566
35570
35571
35572
35573
35574
35576
35577
35578
35579
35582
35587
35591
35594
35595
35596
35598
35600
35604
35606
35607
35613
35614
35615
35617
35618
35619
35621
35623
35625
35626
35627
35628
35629
35632
35633
35634
35638
35641
35642
35644
35646
35647
35649
35652
35654
35656
35657
35658
35661
35663
35665
35667
35670
35673
35675
35676
35678
35679
35680
35681
35682
35683
35684
35686
35689
35690
35693
35694
35695
35699
35702
35705
35707
35708
35709
35710
35711
35713
35714
35715
35716
35717
35720
35721
35723
35724
35725
35728
35729
35733
35735
35737
35740
35743
35745
35746
35749
35752
35753
35754
35755
35764
35765
35768
35769
35772
35773
35774
35777
35778
35781
35782
35783
35784
35786
35787
35789
35790
35793
35796
35798
35800
35801
35802
35806
35807
35808
35809
35810
35811
35813
35814
35816
35817
35819
35820
35822
35824
35826
35827
35830
35832
35833
35834
35835
35836
35839
35840
35841
35842
35844
35846
35847
35848
35850
35852
35854
35855
35856
35861
35862
35864
35867
35869
35873
35877
35879
35880
35882
35883
35884
35885
35886
35887
35889
35891
35893
35894
35895
35896
35898
35900
35902
35903
35904
35908
35909
35912
35913
35914
35915
35917
35919
35920
35921
35922
35925
35926
35927
35929
35930
35931
35932
35934
35935
35937
35938
35939
35940
35941
35942
35943
35944
35945
35946
35947
35949
35950
35951
35952
35954
35955
35956
35958
35961
35962
35963
35964
35965
35967
35968
35969
35972
35973
35975
35976
35977
35979
35980
35982
35983
35987
35988
35989
35990
35991
35992
35993
35995
35996
35997
35999
36001
36002
36003
36004
36005
36006
36007
36008
36011
36012
36014
36015
36017
36020
36021
36022
36023
36024
36025
36027
36028
36030
36033
36034
36035
36037
36038
36039
36040
36041
36042
36043
36044
36045
36046
36048
36049
36050
36052
36053
36056
36057
36059
36060
36061
36062
36065
36067
36069
36070
36071
36074
36075
36078
36079
36080
36081
36082
36086
36087
36088
36089
36091
36092
36093
36094
36095
36096
36097
36098
36101
36102
36103
36104
36105
36106
36107
36108
36110
36111
36113
36115
36117
36118
36119
36120
36121
36124
36126
36127
36128
36130
36132
36133
36134
36136
36137
36138
36140
36142
36143
36144
36146
36151
36152
36154
36155
36156
36157
36160
36161
36164
36165
36166
36168
36170
36171
36174
36175
36177
36179
36180
36181
36182
36184
36185
36186
36188
36189
36191
36193
36194
36195
36198
36199
36201
36203
36204
36205
36207
36208
36209
36212
36214
36215
36216
36218
36219
36221
36223
36224
36227
36231
36233
36236
36237
36238
36241
36242
36244
36247
36248
36251
36252
36254
36255
36256
36257
36259
36260
36261
36262
36263
36265
36267
36268
36269
36270
36271
36274
36275
36276
36278
36279
36281
36283
36286
36287
36289
36293
36294
36296
36297
36299
36300
36302
36303
36304
36306
36311
36312
36313
36314
36316
36317
36321
36323
36324
36325
36327
36328
36330
36332
36333
36335
36336
36337
36338
36341
36343
36344
36345
36346
36352
36354
36355
36356
36358
36360
36361
36362
36363
36364
36365
36366
36368
36369
36370
36372
36374
36376
36379
36384
36385
36386
36387
36389
36391
36395
36396
36397
36399
36400
36401
36402
36404
36405
36406
36407
36408
36410
36412
36413
36416
36418
36419
36420
36421
36425
36426
36427
36429
36430
36431
36435
36436
36437
36438
36441
36444
36445
36446
36447
36448
36449
36450
36451
36453
36454
36456
36459
36461
36462
36463
36464
36469
36470
36471
36473
36474
36476
36477
36479
36480
36483
36487
36490
36495
36499
36500
36501
36504
36507
36508
36509
36510
36511
36512
36513
36516
36518
36520
36521
36524
36526
36527
36532
36533
36534
36536
36537
36541
36542
36545
36549
36551
36552
36553
36554
36556
36557
36559
36560
36561
36563
36564
36566
36570
36574
36575
36576
36577
36580
36581
36582
36583
36584
36587
36589
36590
36591
36593
36600
36601
36602
36603
36605
36606
36609
36610
36611
36614
36615
36616
36617
36618
36619
36620
36621
36622
36623
36624
36625
36626
36630
36633
36634
36636
36638
36639
36640
36643
36644
36645
36646
36648
36650
36651
36655
36656
36657
36658
36660
36661
36662
36665
36667
36668
36669
36671
36672
36674
36675
36678
36680
36681
36682
36684
36686
36687
36689
36690
36691
36692
36694
36695
36698
36701
36702
36703
36704
36705
36706
36707
36708
36712
36713
36714
36715
36716
36718
36720
36721
36723
36725
36726
36727
36728
36729
36730
36731
36732
36733
36734
36736
36738
36741
36742
36743
36744
36746
36747
36748
36749
36750
36751
36752
36753
36754
36755
36756
36759
36760
36761
36763
36764
36766
36767
36768
36770
36771
36772
36773
36774
36777
36779
36780
36783
36784
36785
36787
36788
36791
36796
36798
36800
36801
36804
36806
36807
36809
36812
36813
36814
36817
36818
36819
36820
36821
36823
36824
36825
36828
36831
36832
36833
36836
36837
36838
36840
36841
36843
36844
36847
36849
36851
36852
36853
36854
36855
36856
36858
36860
36862
36863
36864
36865
36867
36868
36870
36872
36874
36875
36876
36877
36878
36881
36883
36884
36886
36887
36888
36889
36890
36892
36893
36894
36896
36897
36898
36899
36900
36902
36903
36906
36908
36911
36912
36913
36914
36915
36917
36919
36920
36922
36923
36927
36930
36932
36935
36936
36938
36940
36941
36943
36944
36945
36947
36949
36950
36952
36953
36954
36955
36956
36957
36958
36960
36961
36962
36963
36965
36966
36968
36969
36970
36971
36974
36979
36980
36981
36983
36984
36986
36987
36988
36990
36991
36992
36993
36994
36995
36996
36997
36999
37000
37004
37006
37007
37012
37013
37015
37018
37019
37020
37021
37023
37025
37026
37028
37030
37032
37033
37034
37035
37038
37040
37042
37044
37045
37047
37048
37049
37053
37054
37055
37056
37057
37058
37061
37063
37066
37068
37069
37070
37071
37073
37074
37075
37076
37079
37081
37083
37084
37085
37086
37087
37088
37091
37092
37093
37094
37095
37096
37097
37098
37099
37100
37102
37103
37104
37105
37106
37107
37108
37109
37110
37111
37112
37113
37115
37116
37117
37118
37119
37120
37121
37122
37123
37124
37125
37126
37127
37128
37129
37131
37132
37133
37137
37138
37139
