1
8
12
14
16
20
26
34
35
38
40
53
57
62
63
65
66
67
75
79
81
84
88
90
94
97
100
101
104
105
107
108
109
110
112
113
114
117
118
120
121
123
124
130
135
136
137
138
139
140
142
143
144
147
149
151
152
155
156
157
158
161
162
164
165
168
171
172
183
185
190
204
206
209
240
245
255
261
262
265
266
269
275
287
288
289
291
296
298
306
307
314
319
321
323
326
327
330
336
338
340
343
352
353
356
362
363
369
370
371
373
374
377
378
380
384
387
388
392
396
397
400
403
408
410
411
418
419
425
427
432
434
435
438
440
443
449
452
454
466
467
480
488
493
499
500
502
503
508
516
525
526
527
529
535
537
550
556
565
579
580
588
591
597
602
609
617
622
625
627
632
633
634
646
656
657
659
660
662
668
670
674
675
676
677
678
679
680
681
682
683
684
687
688
689
690
691
692
694
696
697
698
699
701
702
703
704
705
707
709
711
712
713
714
715
717
718
720
721
722
724
725
726
731
732
733
735
736
737
738
739
742
744
745
747
748
749
750
753
757
758
759
760
762
763
764
767
769
770
771
772
773
774
775
778
779
780
782
783
784
785
786
787
788
789
790
791
793
796
798
799
800
804
807
809
810
812
813
814
815
816
820
821
824
827
828
829
830
831
832
833
834
836
837
838
839
840
843
844
846
847
850
851
852
853
855
857
858
860
861
862
863
865
866
872
875
877
878
879
881
882
884
886
888
889
891
892
893
894
898
899
900
901
904
906
907
908
909
910
913
918
921
922
923
925
929
930
931
933
934
935
936
937
938
939
941
942
944
945
947
948
950
951
952
953
954
955
956
958
959
961
964
966
971
972
973
974
977
978
979
986
987
992
993
995
998
999
1001
1004
1006
1007
1009
1012
1015
1016
1017
1018
1019
1020
1021
1026
1029
1032
1033
1035
1036
1037
1038
1040
1041
1045
1046
1048
1050
1051
1054
1056
1057
1058
1060
1061
1063
1065
1066
1067
1068
1069
1070
1071
1072
1073
1074
1075
1077
1078
1079
1080
1081
1082
1083
1084
1087
1088
1089
1091
1092
1093
1095
1096
1097
1098
1100
1103
1104
1108
1109
1110
1111
1113
1114
1115
1116
1118
1121
1123
1124
1126
1128
1133
1134
1135
1136
1137
1138
1139
1140
1144
1145
1146
1148
1149
1150
1152
1153
1156
1158
1159
1161
1162
1164
1165
1169
1172
1173
1174
1176
1177
1178
1181
1183
1185
1186
1188
1193
1195
1196
1204
1207
1208
1209
1210
1216
1217
1220
1221
1222
1223
1224
1228
1230
1237
1239
1240
1241
1245
1247
1249
1250
1252
1253
1258
1261
1266
1267
1268
1270
1273
1276
1279
1281
1284
1287
1288
1290
1291
1294
1299
1303
1308
1312
1316
1317
1319
1323
1324
1325
1326
1330
1331
1333
1335
1336
1338
1339
1340
1341
1342
1343
1348
1349
1356
1357
1358
1360
1363
1364
1366
1367
1368
1370
1373
1375
1376
1377
1378
1380
1381
1384
1385
1386
1391
1392
1394
1396
1397
1398
1400
1401
1402
1403
1404
1405
1408
1410
1413
1415
1416
1417
1419
1420
1421
1423
1424
1425
1426
1428
1429
1433
1434
1436
1437
1441
1444
1445
1446
1448
1449
1450
1451
1452
1455
1456
1457
1458
1460
1461
1462
1465
1466
1469
1478
1479
1481
1482
1484
1485
1486
1488
1489
1492
1494
1495
1499
1505
1507
1512
1513
1516
1517
1519
1520
1523
1533
1535
1536
1538
1543
1544
1550
1554
1555
1559
1560
1562
1563
1569
1570
1572
1574
1576
1577
1579
1582
1583
1590
1593
1595
1596
1598
1599
1600
1602
1606
1610
1613
1615
1616
1621
1623
1624
1625
1627
1628
1629
1631
1633
1636
1638
1641
1642
1648
1649
1651
1653
1656
1662
1664
1665
1666
1667
1668
1671
1673
1675
1676
1679
1680
1682
1683
1686
1687
1690
1691
1692
1693
1695
1698
1702
1705
1707
1708
1709
1710
1715
1717
1718
1722
1723
1725
1726
1728
1729
1730
1732
1734
1736
1737
1741
1744
1746
1747
1751
1754
1760
1761
1764
1765
1766
1767
1768
1774
1775
1776
1779
1788
1789
1792
1793
1795
1796
1799
1801
1806
1809
1811
1813
1814
1819
1820
1821
1822
1828
1830
1832
1833
1839
1842
1844
1847
1849
1850
1851
1855
1856
1858
1862
1863
1869
1874
1879
1880
1882
1883
1884
1886
1887
1888
1889
1892
1893
1900
1903
1905
1906
1908
1909
1910
1912
1914
1915
1916
1918
1923
1927
1928
1929
1931
1932
1933
1938
1944
1948
1950
1955
1956
1958
1961
1962
1967
1973
1975
1978
1981
1984
1985
1986
1991
1995
1999
2000
2007
2009
2010
2012
2013
2016
2017
2021
2023
2025
2027
2028
2030
2032
2034
2038
2039
2045
2046
2047
2048
2050
2052
2060
2062
2063
2072
2073
2078
2079
2080
2086
2087
2089
2097
2100
2102
2105
2108
2112
2113
2116
2120
2121
2126
2129
2133
2134
2135
2137
2141
2142
2144
2147
2150
2151
2153
2157
2158
2161
2162
2165
2166
2168
2169
2171
2172
2174
2178
2179
2181
2182
2184
2195
2197
2199
2201
2202
2204
2208
2209
2210
2211
2212
2213
2224
2230
2236
2237
2238
2239
2240
2244
2245
2247
2248
2250
2258
2263
2264
2267
2269
2270
2273
2278
2279
2284
2288
2295
2296
2297
2298
2304
2306
2307
2309
2311
2315
2316
2319
2320
2325
2329
2330
2332
2335
2341
2342
2347
2350
2351
2352
2354
2355
2356
2357
2358
2359
2361
2365
2367
2370
2371
2372
2374
2376
2379
2380
2381
2382
2383
2386
2387
2388
2391
2394
2396
2397
2399
2403
2404
2406
2407
2408
2410
2414
2417
2418
2421
2422
2427
2428
2429
2430
2432
2436
2438
2442
2443
2444
2448
2449
2450
2451
2453
2455
2456
2457
2459
2461
2465
2479
2480
2481
2484
2486
2487
2488
2489
2490
2491
2493
2495
2498
2499
2500
2501
2503
2504
2505
2506
2509
2510
2512
2513
2515
2516
2518
2519
2520
2522
2524
2525
2526
2527
2528
2529
2530
2531
2532
2533
2535
2536
2537
2538
2539
2540
2541
2542
2543
2544
2546
2547
2548
2549
2550
2551
2552
2553
2554
2556
2557
2558
2559
2560
2561
2562
2563
2564
2565
2566
2567
2568
2569
2570
2571
2572
2573
2574
2575
2576
2577
2578
2579
2581
2582
2583
2584
2585
2588
2591
2593
2594
2595
2596
2597
2598
2599
2601
2602
2603
2604
2608
2611
2612
2613
2614
2615
2618
2619
2620
2623
2624
2625
2626
2627
2628
2630
2631
2633
2634
2635
2636
2638
2639
2640
2641
2642
2643
2644
2645
2646
2648
2652
2653
2654
2655
2656
2658
2659
2660
2661
2664
2666
2668
2670
2672
2674
2675
2676
2677
2678
2679
2682
2684
2685
2686
2687
2689
2690
2692
2693
2695
2696
2697
2698
2700
2701
2703
2705
2712
2716
2717
2719
2720
2721
2722
2723
2724
2725
2726
2727
2729
2730
2731
2732
2733
2735
2736
2737
2738
2740
2742
2743
2744
2746
2748
2751
2753
2754
2755
2756
2758
2759
2762
2763
2764
2765
2767
2769
2770
2772
2773
2774
2775
2776
2779
2780
2784
2787
2789
2790
2791
2792
2793
2795
2796
2797
2798
2800
2803
2806
2807
2809
2812
2813
2814
2815
2816
2817
2821
2822
2824
2825
2826
2829
2830
2831
2833
2836
2837
2839
2840
2841
2842
2843
2844
2846
2848
2849
2850
2852
2853
2854
2855
2859
2860
2861
2865
2866
2868
2870
2871
2873
2874
2876
2878
2879
2881
2882
2884
2886
2887
2888
2890
2894
2895
2897
2898
2900
2902
2904
2905
2907
2910
2911
2912
2913
2914
2915
2916
2917
2919
2920
2921
2922
2923
2927
2928
2929
2930
2936
2938
2940
2942
2943
2944
2945
2946
2947
2948
2949
2951
2952
2954
2955
2956
2958
2959
2961
2962
2965
2966
2968
2970
2973
2975
2976
2979
2980
2982
2983
2984
2986
2987
2989
2990
2992
2993
3000
3002
3003
3005
3011
3013
3014
3016
3018
3019
3022
3023
3024
3025
3027
3029
3030
3031
3032
3033
3034
3035
3036
3039
3040
3042
3043
3044
3045
3046
3048
3049
3050
3054
3055
3057
3061
3063
3068
3070
3071
3072
3073
3074
3076
3077
3078
3082
3083
3084
3085
3089
3094
3096
3098
3099
3101
3102
3106
3108
3111
3113
3116
3121
3123
3126
3127
3128
3129
3130
3131
3134
3138
3140
3144
3145
3148
3149
3154
3155
3158
3160
3162
3164
3166
3167
3168
3171
3172
3173
3181
3186
3187
3189
3190
3192
3195
3198
3200
3201
3202
3205
3212
3213
3218
3219
3221
3222
3223
3226
3227
3230
3231
3235
3238
3240
3241
3242
3243
3244
3245
3246
3248
3252
3253
3254
3255
3256
3257
3258
3259
3260
3261
3262
3264
3265
3266
3273
3275
3276
3277
3278
3279
3282
3283
3286
3287
3288
3291
3292
3295
3296
3298
3299
3301
3302
3303
3305
3308
3312
3316
3317
3318
3325
3327
3329
3330
3332
3333
3334
3337
3339
3340
3341
3344
3345
3349
3350
3351
3355
3356
3358
3359
3360
3361
3365
3369
3373
3375
3376
3379
3380
3383
3384
3385
3387
3388
3389
3391
3392
3393
3394
3396
3397
3398
3399
3401
3406
3410
3411
3413
3415
3416
3417
3418
3419
3421
3422
3424
3425
3426
3427
3428
3433
3435
3437
3438
3439
3442
3446
3448
3450
3452
3454
3456
3457
3458
3459
3460
3461
3463
3464
3466
3467
3473
3474
3477
3483
3484
3486
3488
3490
3491
3492
3493
3496
3497
3498
3501
3502
3503
3505
3506
3507
3509
3512
3513
3515
3517
3519
3521
3524
3526
3528
3529
3530
3531
3532
3535
3537
3538
3539
3540
3541
3542
3544
3545
3546
3548
3549
3550
3552
3553
3555
3556
3557
3558
3559
3560
3561
3562
3564
3565
3566
3569
3570
3571
3572
3573
3574
3575
3577
3578
3580
3581
3584
3588
3592
3593
3597
3599
3600
3601
3602
3604
3605
3610
3611
3614
3617
3618
3621
3622
3623
3626
3627
3628
3629
3631
3634
3635
3640
3642
3643
3644
3647
3650
3652
3653
3654
3655
3657
3658
3660
3661
3664
3665
3666
3668
3670
3671
3672
3673
3674
3675
3676
3677
3678
3679
3682
3686
3687
3688
3690
3691
3692
3694
3696
3698
3699
3700
3701
3702
3703
3704
3705
3706
3707
3709
3714
3715
3716
3723
3725
3727
3736
3741
3751
3754
3764
3766
3768
3769
3770
3771
3773
3776
3777
3780
3781
3784
3785
3786
3794
3795
3796
3804
3805
3806
3807
3809
3824
3826
3828
3831
3832
3834
3837
3838
3839
3840
3841
3846
3847
3850
3853
3856
3857
3858
3859
3860
3861
3864
3865
3866
3868
3869
3870
3871
3876
3877
3879
3880
3882
3888
3890
3891
3893
3899
3902
3920
3921
3925
3928
3930
3940
3943
3945
3947
3952
3954
3957
3959
3962
3969
3970
3971
3976
3982
3992
3994
3996
4001
4005
4007
4010
4014
4015
4020
4027
4029
4033
4036
4041
4046
4052
4060
4065
4067
4068
4072
4075
4079
4082
4084
4085
4088
4091
4094
4103
4106
4109
4112
4115
4122
4124
4131
4135
4139
4141
4147
4151
4153
4156
4163
4167
4169
4172
4175
4190
4194
4198
4202
4208
4213
4218
4220
4222
4228
4230
4231
4236
4237
4243
4249
4253
4255
4258
4270
4271
4274
4275
4276
4282
4286
4291
4292
4297
4305
4308
4309
4311
4312
4316
4318
4323
4334
4339
4342
4347
4348
4354
4357
4360
4363
4370
4374
4376
4385
4388
4389
4390
4391
4393
4394
4395
4396
4397
4398
4400
4401
4403
4404
4405
4406
4407
4408
4409
4410
4411
4414
4419
4420
4421
4422
4423
4425
4426
4427
4428
4429
4430
4431
4432
4433
4434
4436
4439
4440
4441
4442
4443
4446
4448
4449
4450
4452
4454
4456
4457
4458
4459
4460
4462
4464
4467
4469
4471
4472
4476
4477
4478
4479
4481
4484
4485
4486
4487
4488
4489
4490
4493
4494
4496
4498
4499
4501
4502
4503
4504
4505
4506
4507
4509
4510
4511
4513
4514
4515
4516
4517
4518
4519
4520
4523
4524
4526
4527
4529
4530
4532
4533
4534
4535
4537
4538
4541
4546
4550
4552
4553
4554
4560
4562
4564
4565
4566
4567
4571
4572
4573
4574
4575
4576
4577
4579
4580
4581
4582
4585
4586
4587
4590
4591
4593
4594
4596
4598
4600
4602
4603
4606
4607
4611
4612
4613
4618
4621
4623
4626
4628
4630
4631
4636
4639
4640
4641
4642
4643
4644
4645
4646
4648
4650
4652
4653
4654
4655
4656
4657
4658
4663
4664
4665
4666
4667
4669
4670
4671
4673
4676
4678
4679
4680
4681
4683
4684
4685
4686
4688
4689
4691
4692
4695
4698
4699
4703
4704
4707
4708
4709
4713
4714
4715
4718
4719
4721
4722
4723
4727
4730
4732
4733
4736
4737
4738
4740
4742
4746
4748
4751
4752
4753
4754
4755
4757
4758
4759
4762
4764
4765
4767
4768
4769
4770
4773
4775
4776
4777
4779
4780
4785
4786
4787
4788
4789
4792
4795
4796
4797
4798
4799
4800
4801
4802
4803
4804
4805
4807
4810
4811
4812
4814
4816
4823
4824
4825
4827
4828
4830
4832
4834
4835
4837
4844
4845
4846
4853
4855
4859
4860
4862
4863
4864
4865
4866
4868
4874
4876
4878
4880
4881
4883
4884
4886
4887
4889
4891
4892
4895
4897
4902
4903
4904
4906
4908
4910
4911
4912
4913
4914
4915
4918
4921
4922
4923
4924
4925
4926
4934
4935
4936
4937
4938
4939
4944
4948
4949
4950
4951
4953
4960
4961
4962
4963
4966
4967
4972
4973
4976
4980
4982
4986
4987
4990
4993
4999
5000
5001
5002
5003
5004
5005
5010
5014
5017
5020
5023
5026
5027
5031
5032
5036
5038
5039
5040
5041
5042
5044
5046
5047
5048
5049
5050
5051
5052
5053
5054
5057
5061
5062
5063
5066
5067
5068
5069
5071
5072
5073
5074
5075
5078
5079
5081
5082
5083
5084
5086
5088
5089
5090
5092
5093
5094
5095
5096
5097
5098
5099
5100
5101
5102
5103
5104
5105
5106
5110
5111
5112
5115
5116
5117
5121
5122
5123
5124
5125
5128
5129
5130
5131
5133
5141
5143
5145
5146
5147
5149
5150
5151
5153
5155
5159
5162
5164
5169
5170
5171
5172
5174
5175
5177
5178
5179
5180
5185
5186
5189
5191
5192
5193
5198
5201
5202
5203
5204
5209
5214
5215
5216
5217
5219
5220
5221
5227
5230
5231
5234
5239
5242
5247
5250
5251
5252
5253
5254
5255
5257
5259
5261
5265
5266
5267
5269
5270
5271
5273
5274
5275
5276
5278
5279
5280
5282
5283
5284
5286
5288
5291
5293
5294
5295
5296
5297
5298
5300
5301
5302
5303
5304
5307
5310
5312
5313
5316
5318
5320
5322
5324
5327
5329
5331
5334
5338
5342
5343
5346
5347
5348
5350
5352
5356
5358
5361
5362
5365
5366
5367
5371
5372
5373
5375
5378
5379
5381
5385
5387
5388
5389
5390
5391
5394
5396
5397
5398
5399
5400
5403
5404
5405
5407
5408
5409
5412
5414
5415
5417
5418
5419
5421
5423
5424
5427
5429
5433
5434
5439
5440
5442
5443
5444
5446
5448
5451
5455
5460
5461
5465
5468
5472
5473
5474
5475
5476
5477
5478
5479
5481
5482
5489
5496
5497
5498
5503
5504
5508
5509
5511
5512
5515
5516
5519
5523
5527
5529
5530
5533
5534
5535
5536
5542
5546
5551
5553
5554
5555
5556
5557
5562
5567
5572
5575
5576
5580
5581
5582
5583
5585
5587
5588
5594
5598
5599
5601
5603
5604
5606
5608
5610
5611
5613
5614
5618
5619
5621
5624
5630
5631
5632
5633
5642
5643
5649
5651
5652
5654
5657
5662
5664
5665
5668
5669
5670
5671
5672
5675
5676
5678
5680
5681
5683
5684
5685
5687
5689
5690
5694
5695
5696
5701
5702
5703
5705
5706
5709
5710
5711
5714
5720
5721
5723
5724
5726
5729
5730
5735
5742
5743
5745
5746
5748
5752
5753
5759
5760
5763
5764
5765
5769
5771
5772
5777
5778
5781
5784
5787
5794
5798
5802
5803
5806
5810
5811
5814
5818
5822
5824
5826
5830
5832
5838
5841
5844
5848
5850
5851
5857
5858
5860
5864
5869
5875
5876
5877
5879
5882
5883
5885
5886
5888
5895
5897
5903
5904
5905
5909
5915
5917
5920
5922
5925
5926
5930
5937
5939
5942
5947
5948
5952
5954
5955
5956
5957
5958
5961
5966
5967
5969
5970
5972
5974
5979
5980
5984
5985
5987
5988
5989
5990
5993
5996
5997
5999
6000
6003
6004
6018
6025
6033
6034
6039
6043
6045
6047
6049
6051
6052
6054
6055
6059
6060
6065
6066
6067
6069
6070
6071
6072
6075
6077
6078
6081
6082
6084
6086
6087
6088
6090
6091
6095
6096
6097
6101
6102
6103
6104
6105
6106
6108
6110
6115
6116
6117
6120
6121
6124
6127
6128
6129
6130
6134
6136
6137
6141
6142
6144
6146
6147
6148
6149
6150
6152
6154
6156
6157
6158
6161
6163
6164
6165
6167
6168
6169
6170
6171
6173
6176
6177
6179
6183
6184
6187
6188
6189
6190
6194
6195
6197
6199
6200
6201
6202
6203
6204
6205
6207
6208
6209
6211
6212
6213
6214
6215
6216
6217
6218
6219
6220
6223
6224
6226
6227
6228
6229
6230
6232
6233
6234
6235
6238
6240
6241
6242
6244
6245
6246
6247
6248
6249
6250
6251
6252
6253
6254
6255
6256
6258
6260
6261
6263
6264
6266
6267
6268
6269
6270
6272
6273
6274
6275
6276
6277
6279
6280
6282
6283
6284
6285
6286
6290
6291
6293
6295
6299
6300
6302
6303
6304
6305
6306
6308
6310
6311
6312
6313
6315
6316
6317
6318
6321
6322
6326
6327
6328
6329
6330
6331
6332
6333
6334
6335
6337
6338
6340
6342
6343
6344
6345
6347
6348
6349
6351
6354
6355
6356
6357
6358
6360
6362
6365
6366
6367
6369
6370
6372
6373
6375
6377
6378
6379
6380
6382
6384
6386
6390
6391
6392
6393
6394
6395
6396
6397
6398
6399
6400
6401
6403
6405
6406
6407
6408
6411
6412
6413
6414
6415
6416
6417
6419
6420
6421
6422
6423
6424
6425
6426
6427
6430
6431
6432
6434
6435
6436
6437
6438
6439
6440
6442
6443
6444
6445
6447
6449
6450
6451
6452
6453
6454
6457
6458
6461
6466
6467
6469
6470
6472
6473
6474
6475
6476
6477
6478
6479
6482
6484
6486
6487
6490
6491
6493
6494
6496
6498
6501
6502
6503
6505
6507
6508
6509
6510
6511
6512
6513
6514
6515
6516
6517
6519
6520
6521
6523
6524
6525
6526
6527
6528
6529
6530
6531
6532
6533
6535
6536
6538
6539
6540
6543
6544
6545
6546
6547
6548
6550
6555
6556
6558
6559
6561
6564
6566
6567
6568
6569
6571
6572
6573
6576
6577
6579
6580
6581
6582
6584
6585
6588
6591
6594
6595
6597
6598
6600
6604
6605
6607
6608
6610
6611
6612
6613
6618
6619
6620
6622
6623
6624
6625
6626
6627
6628
6629
6630
6631
6632
6633
6634
6635
6636
6637
6640
6641
6642
6644
6648
6649
6652
6654
6656
6657
6658
6659
6661
6662
6663
6668
6671
6674
6680
6687
6690
6691
6693
6694
6695
6696
6697
6698
6700
6701
6703
6706
6708
6712
6713
6714
6715
6717
6720
6722
6723
6724
6725
6728
6730
6731
6733
6734
6736
6739
6742
6743
6744
6745
6746
6747
6749
6750
6752
6754
6756
6757
6759
6760
6762
6763
6764
6766
6767
6769
6774
6775
6777
6784
6785
6787
6790
6791
6792
6797
6799
6803
6806
6807
6808
6813
6816
6817
6818
6821
6822
6824
6826
6827
6829
6833
6834
6835
6836
6837
6839
6841
6842
6845
6848
6851
6852
6854
6858
6859
6860
6867
6868
6876
6878
6883
6885
6886
6887
6890
6891
6892
6893
6896
6899
6900
6902
6904
6905
6909
6911
6913
6914
6915
6917
6918
6919
6924
6926
6927
6931
6933
6936
6937
6941
6943
6948
6950
6952
6953
6954
6960
6963
6967
6969
6970
6971
6972
6975
6977
6978
6979
6980
6983
6986
6987
6988
6990
6991
6992
6993
6996
6997
6998
6999
7000
7002
7004
7005
7006
7011
7012
7013
7015
7016
7019
7020
7021
7023
7026
7030
7031
7032
7036
7037
7038
7040
7042
7043
7046
7047
7048
7049
7052
7053
7055
7056
7057
7060
7063
7064
7065
7068
7070
7071
7074
7076
7079
7081
7083
7085
7087
7089
7090
7092
7097
7098
7099
7100
7101
7102
7103
7106
7108
7110
7111
7112
7119
7120
7121
7124
7127
7128
7129
7135
7136
7137
7138
7141
7142
7147
7149
7150
7152
7153
7154
7156
7163
7164
7166
7168
7169
7170
7171
7172
7175
7177
7178
7179
7180
7181
7182
7184
7185
7186
7187
7188
7191
7192
7193
7198
7200
7202
7203
7204
7205
7206
7207
7210
7211
7215
7216
7217
7219
7220
7222
7223
7224
7226
7227
7229
7231
7233
7235
7237
7238
7241
7243
7244
7245
7246
7248
7249
7250
7251
7253
7254
7255
7256
7258
7259
7260
7262
7263
7264
7269
7271
7272
7273
7274
7275
7276
7278
7279
7280
7282
7284
7288
7289
7291
7292
7295
7296
7302
7304
7306
7307
7310
7311
7313
7314
7315
7316
7317
7318
7319
7320
7321
7322
7324
7326
7327
7328
7331
7332
7335
7336
7337
7338
7339
7340
7343
7345
7348
7349
7350
7351
7353
7354
7355
7356
7357
7358
7361
7366
7367
7369
7371
7372
7375
7379
7380
7381
7382
7384
7386
7388
7389
7390
7393
7395
7396
7398
7401
7402
7404
7405
7408
7412
7413
7416
7417
7419
7421
7422
7423
7426
7427
7428
7429
7432
7434
7437
7440
7446
7450
7452
7454
7465
7467
7469
7474
7492
7497
7500
7503
7505
7506
7507
7508
7516
7518
7523
7525
7526
7529
7536
7542
7544
7546
7547
7554
7555
7563
7564
7571
7573
7575
7579
7586
7590
7596
7597
7598
7604
7605
7611
7616
7633
7634
7635
7642
7644
7652
7675
7676
7678
7680
7688
7690
7712
7724
7749
7754
7755
7765
7770
7774
7775
7777
7779
7782
7785
7802
7811
7812
7823
7834
7836
7838
7846
7847
7853
7855
7870
7876
7881
7883
7884
7892
7893
7895
7898
7904
7905
7909
7910
7915
7916
7919
7923
7926
7927
7931
7936
7942
7945
7950
7952
7956
7957
7963
7984
8001
8011
8012
8020
8026
8037
8051
8059
8061
8071
8073
8077
8082
8092
8102
8103
8105
8108
8110
8112
8113
8115
8117
8118
8120
8121
8125
8126
8127
8128
8129
8130
8134
8135
8136
8139
8140
8141
8142
8143
8144
8146
8147
8151
8153
8154
8156
8157
8158
8160
8161
8164
8165
8167
8168
8169
8170
8171
8172
8177
8178
8180
8181
8183
8185
8186
8187
8188
8192
8194
8197
8198
8199
8200
8202
8203
8207
8208
8210
8214
8215
8216
8218
8219
8220
8223
8224
8226
8227
8229
8231
8232
8235
8236
8237
8238
8241
8243
8248
8249
8251
8252
8254
8256
8258
8259
8260
8261
8264
8266
8272
8273
8274
8276
8278
8279
8281
8284
8286
8287
8288
8290
8293
8294
8296
8300
8301
8306
8307
8311
8312
8314
8316
8320
8321
8322
8324
8326
8329
8332
8333
8334
8336
8340
8343
8344
8346
8350
8351
8356
8357
8359
8360
8362
8364
8365
8366
8368
8369
8370
8371
8372
8373
8374
8375
8379
8381
8383
8385
8386
8389
8390
8391
8392
8394
8397
8400
8402
8407
8409
8412
8413
8414
8415
8417
8421
8423
8428
8430
8431
8433
8437
8440
8441
8442
8444
8447
8449
8450
8455
8456
8459
8460
8461
8463
8469
8470
8472
8473
8479
8481
8483
8485
8488
8490
8491
8493
8499
8500
8501
8505
8506
8507
8509
8510
8511
8515
8521
8522
8524
8525
8528
8536
8537
8538
8539
8541
8542
8546
8548
8549
8551
8553
8554
8555
8557
8558
8560
8561
8562
8567
8571
8573
8575
8577
8580
8581
8588
8590
8591
8592
8593
8595
8597
8600
8602
8606
8611
8613
8617
8618
8619
8622
8623
8624
8625
8633
8635
8637
8639
8640
8645
8650
8651
8656
8660
8662
8664
8665
8668
8671
8675
8678
8680
8681
8687
8688
8690
8691
8696
8698
8701
8705
8707
8709
8711
8715
8716
8718
8719
8725
8727
8739
8741
8743
8749
8754
8757
8758
8759
8760
8761
8763
8766
8767
8770
8776
8777
8783
8784
8791
8793
8795
8796
8797
8800
8801
8803
8804
8805
8807
8810
8811
8813
8814
8819
8820
8821
8822
8824
8826
8829
8831
8834
8836
8839
8843
8844
8845
8846
8848
8853
8854
8855
8858
8860
8861
8865
8873
8875
8876
8877
8878
8885
8886
8893
8894
8897
8901
8903
8905
8906
8908
8909
8913
8914
8916
8917
8918
8920
8922
8926
8929
8931
8934
8935
8940
8941
8944
8945
8946
8948
8951
8954
8961
8963
8964
8966
8968
8971
8972
8979
8980
8981
8983
8985
8987
8990
8991
8992
8996
9000
9002
9005
9011
9012
9013
9015
9019
9021
9023
9024
9026
9027
9035
9038
9043
9044
9055
9057
9058
9064
9065
9066
9068
9073
9075
9076
9080
9087
9092
9101
9102
9104
9105
9106
9110
9111
9119
9120
9121
9122
9123
9127
9129
9135
9136
9137
9139
9140
9142
9143
9145
9147
9148
9150
9153
9154
9155
9157
9160
9162
9163
9169
9171
9172
9173
9174
9175
9179
9181
9187
9188
9189
9192
9193
9195
9196
9199
9203
9210
9211
9212
9213
9214
9216
9217
9223
9224
9226
9229
9232
9234
9237
9238
9240
9241
9250
9252
9260
9264
9269
9274
9282
9284
9296
9300
9305
9308
9312
9314
9315
9316
9317
9320
9337
9338
9339
9341
9342
9345
9350
9351
9359
9361
9363
9365
9366
9372
9373
9376
9383
9391
9392
9393
9396
9398
9401
9402
9403
9404
9412
9417
9423
9424
9425
9426
9432
9439
9440
9442
9445
9449
9451
9454
9458
9462
9465
9474
9475
9480
9485
9486
9495
9501
9502
9509
9513
9514
9516
9520
9530
9532
9536
9537
9540
9545
9557
9561
9562
9567
9574
9575
9584
9589
9593
9594
9597
9600
9602
9609
9611
9613
9615
9617
9619
9626
9630
9634
9646
9651
9652
9656
9657
9667
9672
9675
9686
9687
9690
9694
9695
9704
9707
9710
9716
9718
9720
9722
9725
9726
9739
9743
9745
9748
9756
9757
9763
9767
9768
9769
9774
9778
9779
9780
9783
9784
9785
9787
9789
9793
9798
9800
9801
9802
9803
9804
9806
9809
9810
9811
9812
9813
9814
9815
9816
9819
9822
9824
9825
9829
9831
9833
9834
9835
9836
9838
9840
9843
9850
9851
9856
9857
9858
9861
9863
9866
9871
9872
9875
9879
9883
9884
9889
9890
9892
9893
9898
9902
9909
9914
9915
9916
9917
9919
9920
9922
9925
9927
9929
9930
9931
9933
9937
9938
9939
9940
9941
9943
9944
9945
9946
9948
9949
9950
9952
9953
9954
9955
9956
9958
9959
9960
9961
9963
9964
9965
9966
9967
9968
9969
9970
9972
9973
9974
9975
9976
9977
9978
9979
9980
9981
9982
9983
9984
9987
9988
9990
9991
9992
9993
9994
9995
9997
9998
9999
10000
10001
10003
10004
10005
10006
10007
10012
10016
10018
10019
10022
10024
10025
10026
10027
10029
10030
10031
10032
10035
10036
10038
10040
10041
10042
10043
10045
10046
10047
10049
10051
10052
10055
10056
10057
10058
10059
10061
10062
10064
10065
10068
10069
10071
10072
10076
10077
10078
10079
10080
10081
10083
10084
10086
10089
10090
10092
10093
10095
10096
10097
10098
10100
10104
10105
10106
10107
10110
10111
10112
10113
10117
10118
10119
10120
10121
10123
10124
10125
10127
10128
10129
10132
10133
10134
10135
10138
10139
10140
10141
10142
10144
10145
10147
10149
10152
10154
10156
10157
10158
10159
10161
10163
10164
10166
10167
10168
10171
10172
10173
10174
10175
10176
10177
10183
10184
10186
10187
10188
10190
10198
10199
10201
10203
10204
10208
10210
10212
10213
10220
10221
10223
10225
10226
10228
10231
10232
10233
10235
10237
10239
10241
10244
10247
10249
10250
10252
10253
10256
10257
10258
10261
10265
10269
10270
10272
10273
10275
10278
10279
10280
10283
10284
10287
10289
10293
10294
10295
10296
10297
10298
10301
10302
10303
10308
10314
10316
10318
10319
10320
10323
10326
10328
10329
10330
10332
10333
10335
10337
10338
10339
10340
10341
10342
10343
10344
10345
10347
10348
10349
10351
10354
10355
10356
10357
10358
10359
10360
10361
10363
10365
10366
10367
10368
10369
10370
10371
10372
10373
10374
10375
10377
10378
10379
10382
10384
10386
10387
10388
10394
10397
10398
10404
10407
10408
10411
10414
10416
10418
10419
10421
10422
10426
10428
10429
10430
10431
10437
10438
10439
10441
10442
10444
10446
10447
10450
10451
10453
10457
10458
10461
10462
10463
10465
10466
10476
10477
10478
10479
10481
10482
10484
10488
10489
10491
10493
10494
10496
10497
10499
10502
10504
10505
10506
10508
10510
10511
10514
10517
10520
10526
10527
10529
10534
10538
10539
10553
10554
10555
10556
10558
10559
10562
10566
10567
10576
10577
10578
10582
10586
10590
10592
10593
10595
10601
10605
10607
10610
10613
10618
10619
10623
10625
10626
10635
10636
10639
10640
10641
10643
10647
10655
10656
10658
10663
10664
10668
10670
10672
10673
10676
10680
10681
10685
10686
10687
10692
10693
10694
10695
10700
10703
10704
10706
10712
10713
10714
10716
10718
10721
10723
10725
10726
10728
10729
10738
10744
10745
10747
10750
10751
10760
10765
10766
10768
10769
10772
10773
10777
10779
10784
10788
10789
10792
10795
10799
10801
10804
10805
10807
10811
10812
10813
10815
10816
10817
10819
10821
10824
10825
10826
10829
10831
10832
10834
10836
10840
10841
10842
10845
10847
10848
10849
10850
10852
10853
10856
10857
10858
10863
10867
10868
10870
10876
10878
10885
10887
10889
10891
10894
10895
10896
10898
10900
10901
10902
10905
10908
10910
10911
10912
10913
10914
10915
10918
10921
10924
10925
10927
10929
10931
10933
10934
10935
10938
10941
10945
10947
10948
10949
10953
10957
10959
10960
10963
10964
10967
10968
10969
10973
10976
10980
10981
10983
10986
10987
10989
10990
10991
10992
10993
10996
10997
10998
10999
11002
11003
11005
11006
11008
11009
11010
11013
11014
11016
11019
11020
11021
11027
11028
11029
11030
11031
11032
11033
11034
11038
11040
11041
11042
11045
11046
11049
11050
11051
11053
11054
11058
11059
11060
11062
11063
11065
11068
11070
11071
11072
11073
11075
11078
11079
11083
11084
11085
11086
11088
11089
11093
11097
11098
11099
11100
11102
11103
11104
11105
11107
11110
11112
11116
11119
11122
11124
11126
11127
11129
11130
11133
11134
11135
11136
11142
11144
11150
11152
11168
11173
11178
11179
11185
11186
11192
11195
11196
11199
11204
11205
11210
11211
11217
11219
11231
11233
11238
11240
11242
11245
11250
11254
11256
11260
11263
11264
11265
11266
11268
11270
11273
11276
11277
11279
11287
11293
11298
11300
11301
11302
11303
11304
11310
11313
11318
11321
11325
11331
11335
11342
11352
11354
11367
11374
11382
11386
11387
11389
11392
11397
11404
11411
11435
11440
11459
11475
11478
11480
11482
11488
11495
11496
11500
11503
11516
11517
11520
11522
11526
11528
11534
11537
11544
11545
11552
11553
11558
11560
11565
11566
11569
11576
11584
11597
11606
11607
11624
11630
11631
11635
11639
11640
11641
11650
11652
11659
11663
11666
11667
11675
11677
11678
11681
11692
11704
11715
11722
11727
11730
11734
11736
11739
11744
11762
11771
11775
11790
11796
11799
11816
11817
11818
11819
11820
11821
11822
11823
11824
11825
11829
11832
11833
11835
11836
11837
11838
11839
11840
11841
11848
11849
11850
11852
11856
11858
11860
11861
11863
11864
11866
11868
11869
11870
11871
11872
11873
11874
11875
11881
11884
11887
11890
11892
11898
11899
11900
11902
11903
11905
11910
11911
11912
11913
11915
11917
11920
11921
11925
11929
11931
11932
11933
11939
11941
11942
11943
11944
11945
11947
11948
11949
11955
11956
11957
11959
11960
11961
11962
11963
11965
11966
11967
11968
11972
11973
11974
11975
11976
11978
11979
11980
11981
11982
11983
11987
11990
11992
11993
11994
11995
11999
12000
12002
12004
12005
12007
12008
12011
12013
12016
12019
12023
12025
12026
12031
12036
12038
12041
12043
12046
12047
12050
12051
12054
12061
12064
12065
12067
12071
12072
12075
12078
12080
12081
12083
12085
12087
12089
12090
12091
12093
12095
12097
12099
12100
12101
12104
12106
12109
12111
12112
12113
12114
12124
12128
12129
12131
12135
12138
12139
12141
12144
12146
12150
12151
12152
12153
12154
12158
12159
12161
12166
12168
12171
12174
12178
12180
12182
12183
12184
12187
12188
12190
12191
12192
12198
12201
12202
12203
12204
12205
12207
12209
12210
12211
12212
12213
12215
12216
12217
12220
12223
12225
12226
12229
12230
12231
12234
12235
12236
12237
12238
12239
12240
12241
12242
12244
12245
12246
12247
12251
12252
12253
12254
12255
12256
12263
12265
12266
12270
12274
12276
12278
12280
12281
12283
12284
12287
12288
12290
12293
12294
12298
12299
12301
12303
12304
12306
12320
12323
12328
12330
12331
12333
12340
12341
12343
12345
12346
12347
12349
12352
12353
12359
12363
12364
12365
12366
12368
12370
12372
12376
12379
12381
12386
12389
12391
12392
12394
12395
12396
12397
12400
12401
12403
12404
12408
12409
12410
12412
12413
12414
12415
12419
12421
12423
12427
12429
12430
12431
12432
12437
12438
12439
12441
12442
12444
12447
12454
12457
12458
12461
12462
12466
12467
12468
12472
12473
12476
12480
12481
12485
12487
12490
12494
12495
12497
12498
12502
12503
12506
12508
12509
12510
12512
12515
12516
12517
12518
12519
12524
12525
12527
12528
12529
12530
12532
12533
12535
12537
12538
12539
12540
12542
12543
12544
12545
12549
12550
12552
12553
12555
12558
12560
12561
12564
12566
12572
12575
12578
12579
12580
12581
12585
12587
12589
12590
12591
12592
12594
12598
12599
12600
12601
12603
12604
12605
12608
12614
12617
12618
12619
12620
12621
12622
12625
12628
12629
12630
12631
12636
12637
12639
12640
12643
12644
12645
12646
12647
12648
12649
12652
12654
12655
12658
12659
12661
12662
12664
12670
12671
12672
12674
12675
12677
12679
12681
12686
12687
12689
12692
12693
12696
12697
12699
12702
12703
12704
12705
12709
12711
12714
12716
12718
12719
12724
12726
12730
12732
12734
12737
12738
12740
12744
12748
12749
12751
12758
12759
12760
12762
12763
12765
12768
12771
12773
12778
12779
12780
12790
12794
12797
12799
12804
12807
12808
12812
12815
12818
12820
12821
12822
12824
12825
12826
12828
12832
12833
12834
12835
12836
12837
12841
12842
12843
12844
12847
12849
12850
12854
12857
12862
12868
12870
12873
12874
12877
12883
12885
12887
12888
12889
12893
12896
12901
12902
12904
12906
12907
12909
12918
12920
12923
12927
12929
12930
12931
12933
12935
12937
12941
12943
12946
12951
12953
12958
12961
12962
12964
12969
12970
12972
12977
12984
12986
12988
12991
12995
12996
13004
13007
13011
13015
13018
13020
13024
13025
13031
13034
13038
13039
13041
13045
13046
13048
13052
13053
13056
13058
13064
13068
13069
13074
13076
13078
13086
13087
13090
13092
13096
13097
13098
13103
13104
13105
13107
13108
13109
13110
13113
13115
13117
13122
13134
13135
13139
13140
13143
13145
13152
13154
13158
13165
13167
13168
13169
13170
13171
13173
13174
13175
13177
13179
13180
13185
13188
13189
13193
13197
13199
13205
13208
13215
13216
13221
13227
13229
13238
13239
13240
13242
13244
13250
13251
13257
13258
13265
13269
13272
13276
13281
13283
13286
13288
13289
13292
13294
13295
13303
13305
13307
13308
13311
13313
13316
13319
13329
13331
13341
13343
13345
13349
13353
13354
13356
13365
13378
13379
13380
13381
13386
13389
13390
13402
13406
13407
13415
13416
13418
13421
13424
13425
13431
13439
13440
13441
13449
13457
13461
13462
13469
13470
13471
13472
13475
13478
13482
13483
13486
13488
13492
13493
13497
13498
13499
13503
13507
13508
13512
13516
13522
13524
13525
13529
13530
13531
13532
13533
13534
13535
13536
13538
13539
13541
13543
13545
13547
13549
13550
13552
13553
13554
13556
13557
13560
13563
13564
13570
13574
13577
13580
13583
13584
13585
13586
13587
13590
13593
13597
13598
13601
13602
13607
13611
13618
13619
13622
13625
13629
13630
13631
13635
13636
13637
13639
13640
13641
13642
13643
13645
13647
13648
13651
13652
13653
13654
13655
13657
13658
13660
13661
13662
13663
13665
13666
13668
13669
13670
13671
13674
13676
13677
13678
13679
13680
13681
13682
13683
13684
13686
13687
13688
13689
13690
13691
13692
13693
13694
13695
13698
13699
13700
13701
13703
13704
13705
13706
13707
13708
13709
13710
13711
13712
13713
13714
13715
13716
13717
13719
13720
13722
13723
13724
13725
13726
13730
13731
13732
13733
13734
13736
13737
13738
13739
13740
13741
13743
13744
13746
13749
13750
13752
13754
13755
13756
13757
13758
13762
13765
13766
13769
13770
13771
13773
13775
13777
13778
13781
13782
13783
13785
13786
13787
13788
13789
13790
13792
13793
13795
13797
13798
13801
13803
13807
13808
13810
13812
13813
13814
13817
13818
13820
13821
13824
13825
13826
13828
13829
13831
13832
13833
13834
13835
13836
13837
13839
13840
13842
13843
13845
13847
13850
13851
13853
13854
13858
13859
13862
13863
13864
13865
13866
13868
13870
13871
13872
13873
13874
13875
13877
13879
13880
13881
13882
13883
13884
13885
13888
13889
13890
13892
13893
13895
13896
13901
13902
13903
13904
13905
13906
13907
13909
13912
13914
13915
13918
13919
13920
13921
13922
13924
13928
13934
13935
13936
13937
13940
13942
13943
13944
13948
13949
13951
13952
13953
13954
13955
13957
13958
13959
13960
13961
13964
13966
13967
13968
13970
13971
13972
13973
13975
13978
13979
13980
13982
13983
13984
13986
13987
13988
13991
13992
13994
13996
13997
14000
14001
14004
14008
14010
14011
14012
14013
14014
14015
14016
14017
14022
14027
14028
14029
14030
14032
14036
14039
14040
14044
14045
14046
14048
14051
14052
14053
14055
14057
14059
14061
14062
14064
14065
14066
14068
14070
14071
14072
14075
14077
14078
14079
14080
14084
14085
14086
14087
14089
14090
14091
14094
14095
14097
14099
14100
14101
14102
14104
14108
14110
14115
14116
14117
14122
14123
14126
14128
14129
14130
14131
14132
14136
14138
14140
14141
14142
14143
14145
14146
14150
14151
14152
14153
14158
14160
14161
14163
14164
14165
14167
14170
14171
14173
14175
14177
14178
14179
14180
14187
14189
14190
14192
14201
14203
14204
14205
14208
14218
14220
14225
14226
14227
14230
14231
14236
14241
14242
14243
14247
14248
14250
14259
14260
14263
14264
14265
14268
14269
14270
14271
14273
14276
14280
14287
14291
14292
14296
14297
14301
14304
14319
14322
14324
14326
14329
14331
14334
14336
14337
14338
14341
14345
14346
14352
14354
14356
14359
14360
14361
14362
14363
14368
14369
14372
14374
14377
14378
14380
14383
14384
14386
14389
14390
14391
14393
14395
14396
14397
14398
14399
14400
14403
14404
14406
14408
14411
14412
14414
14418
14419
14420
14422
14424
14426
14427
14428
14433
14434
14437
14441
14443
14444
14448
14457
14458
14459
14460
14461
14463
14464
14465
14467
14469
14471
14472
14473
14474
14476
14479
14481
14483
14485
14489
14490
14493
14496
14498
14499
14500
14501
14502
14503
14504
14506
14507
14508
14512
14513
14514
14515
14516
14518
14520
14521
14522
14527
14530
14531
14532
14535
14536
14539
14546
14548
14551
14554
14555
14556
14557
14558
14561
14562
14564
14565
14567
14568
14571
14572
14576
14577
14578
14579
14581
14584
14587
14588
14590
14591
14592
14598
14599
14601
14603
14604
14606
14608
14609
14613
14615
14616
14619
14620
14626
14627
14628
14631
14632
14633
14636
14637
14639
14640
14642
14643
14645
14646
14648
14651
14652
14656
14657
14658
14659
14661
14663
14666
14667
14668
14672
14673
14674
14677
14678
14679
14681
14682
14686
14687
14688
14690
14692
14693
14694
14695
14696
14697
14698
14700
14701
14703
14704
14705
14707
14709
14711
14712
14713
14715
14716
14717
14720
14723
14725
14726
14727
14731
14734
14735
14737
14738
14739
14741
14743
14744
14746
14747
14748
14752
14754
14755
14756
14758
14760
14764
14765
14767
14768
14769
14771
14772
14773
14776
14777
14779
14781
14782
14784
14786
14789
14794
14796
14797
14798
14799
14800
14803
14804
14806
14808
14809
14814
14816
14817
14818
14819
14824
14826
14829
14830
14832
14833
14835
14836
14840
14843
14844
14845
14847
14849
14850
14851
14857
14862
14872
14875
14876
14882
14902
14915
14918
14921
14922
14923
14928
14935
14946
14952
14953
14964
14970
14971
14972
14973
14976
14978
14983
14995
14997
14998
15007
15008
15011
15017
15018
15026
15027
15028
15032
15033
15041
15053
15055
15060
15062
15082
15096
15104
15111
15113
15114
15119
15133
15135
15136
15146
15153
15157
15179
15191
15192
15193
15202
15205
15258
15264
15266
15283
15306
15320
15322
15326
15327
15329
15336
15338
15339
15344
15351
15355
15359
15364
15369
15376
15382
15389
15390
15391
15412
15413
15425
15436
15439
15444
15445
15446
15454
15455
15458
15472
15492
15493
15510
15517
15519
15530
15531
15532
15533
15534
15535
15536
15537
15538
15540
15541
15542
15543
15546
15549
15550
15551
15552
15553
15554
15555
15557
15558
15559
15562
15563
15565
15566
15567
15569
15570
15571
15573
15574
15577
15578
15579
15580
15581
15582
15583
15584
15585
15586
15588
15589
15590
15591
15592
15594
15595
15596
15597
15598
15600
15602
15603
15604
15605
15606
15607
15609
15610
15612
15613
15614
15615
15616
15618
15622
15623
15624
15625
15626
15627
15628
15629
15631
15633
15634
15637
15638
15640
15642
15643
15645
15646
15647
15648
15649
15653
15655
15657
15659
15660
15662
15663
15668
15669
15671
15674
15676
15677
15678
15679
15680
15684
15686
15688
15691
15692
15693
15695
15696
15698
15700
15702
15704
15707
15709
15711
15713
15714
15715
15718
15722
15723
15724
15725
15731
15732
15733
15735
15736
15739
15744
15747
15750
15751
15756
15758
15759
15760
15761
15762
15763
15764
15765
15769
15771
15775
15778
15779
15780
15784
15785
15786
15787
15792
15793
15794
15795
15796
15797
15801
15805
15809
15810
15811
15812
15813
15815
15818
15819
15821
15822
15825
15828
15830
15831
15835
15837
15838
15839
15840
15841
15842
15843
15845
15846
15848
15851
15853
15855
15856
15857
15858
15860
15861
15863
15864
15865
15870
15871
15872
15874
15875
15878
15879
15882
15888
15892
15897
15901
15904
15907
15908
15910
15911
15912
15919
15921
15923
15927
15928
15929
15931
15932
15933
15934
15935
15936
15938
15940
15944
15949
15950
15951
15952
15953
15957
15958
15960
15963
15965
15968
15969
15970
15971
15973
15977
15979
15981
15985
15987
15988
15990
15991
15993
15995
16005
16006
16008
16017
16018
16020
16022
16024
16030
16033
16034
16036
16039
16041
16043
16044
16045
16046
16052
16055
16057
16059
16063
16065
16066
16069
16071
16073
16075
16078
16082
16083
16086
16090
16093
16095
16097
16099
16100
16102
16108
16109
16111
16112
16113
16114
16115
16121
16122
16125
16126
16127
16130
16131
16133
16134
16135
16137
16142
16147
16153
16156
16159
16160
16163
16165
16166
16167
16170
16176
16179
16181
16184
16186
16187
16188
16190
16193
16195
16198
16204
16205
16207
16208
16211
16212
16214
16217
16218
16219
16224
16225
16226
16229
16231
16232
16233
16234
16237
16241
16242
16243
16247
16252
16254
16257
16259
16263
16264
16265
16267
16268
16269
16270
16271
16272
16274
16283
16285
16292
16295
16296
16297
16301
16305
16306
16309
16312
16314
16315
16317
16321
16325
16328
16334
16337
16338
16344
16345
16350
16354
16355
16356
16357
16359
16361
16363
16368
16369
16370
16371
16376
16380
16384
16385
16389
16391
16392
16394
16396
16400
16402
16405
16407
16408
16410
16416
16417
16418
16419
16422
16423
16425
16427
16432
16436
16449
16450
16451
16452
16463
16467
16469
16471
16473
16477
16479
16480
16481
16492
16493
16494
16498
16504
16508
16509
16513
16515
16520
16526
16533
16535
16536
16538
16540
16542
16543
16544
16546
16547
16550
16551
16554
16555
16559
16561
16565
16566
16567
16570
16572
16573
16575
16576
16581
16582
16583
16587
16588
16590
16593
16595
16597
16603
16607
16609
16615
16616
16617
16619
16622
16623
16624
16636
16641
16642
16645
16647
16649
16651
16654
16657
16662
16665
16669
16671
16675
16676
16677
16678
16680
16685
16686
16694
16695
16702
16711
16715
16716
16720
16730
16736
16744
16745
16747
16752
16756
16759
16760
16761
16762
16766
16772
16774
16778
16780
16784
16788
16794
16799
16800
16801
16802
16804
16808
16811
16812
16817
16818
16820
16822
16823
16824
16827
16829
16830
16831
16833
16836
16841
16848
16851
16853
16859
16866
16868
16871
16874
16879
16882
16883
16884
16888
16889
16890
16891
16893
16894
16895
16901
16902
16903
16905
16910
16919
16930
16940
16944
16947
16952
16954
16956
16960
16972
16981
16983
16985
16989
16998
17000
17002
17008
17013
17018
17021
17023
17024
17025
17028
17030
17039
17045
17047
17057
17060
17062
17064
17071
17072
17076
17089
17091
17094
17095
17097
17101
17103
17104
17114
17116
17122
17123
17130
17135
17138
17143
17145
17150
17158
17159
17171
17175
17176
17183
17184
17189
17190
17197
17198
17202
17203
17206
17208
17210
17212
17219
17222
17227
17231
17233
17237
17238
17239
17240
17243
17244
17245
17246
17247
17250
17253
17257
17262
17263
17264
17266
17270
17271
17274
17276
17277
17278
17279
17282
17283
17284
17285
17286
17291
17292
17295
17296
17298
17299
17300
17305
17306
17311
17317
17320
17321
17322
17330
17331
17335
17336
17337
17339
17341
17343
17344
17345
17347
17348
17350
17351
17355
17357
17359
17361
17362
17365
17366
17368
17369
17370
17371
17374
17376
17377
17378
17380
17381
17382
17384
17386
17388
17389
17390
17391
17394
17395
17396
17397
17398
17399
17402
17404
17405
17406
17408
17409
17412
17413
17415
17417
17418
17419
17420
17421
17422
17424
17425
17426
17429
17430
17431
17432
17433
17434
17435
17437
17439
17440
17441
17442
17444
17445
17446
17447
17448
17452
17453
17455
17456
17457
17458
17460
17463
17464
17466
17467
17468
17469
17470
17472
17474
17476
17477
17479
17480
17482
17483
17484
17487
17489
17490
17491
17492
17493
17494
17497
17499
17500
17502
17504
17507
17508
17509
17510
17511
17512
17513
17515
17517
17518
17519
17521
17523
17524
17525
17526
17528
17530
17531
17532
17533
17534
17538
17540
17541
17542
17545
17546
17547
17549
17550
17551
17552
17553
17554
17555
17556
17557
17559
17561
17567
17568
17572
17573
17574
17575
17576
17577
17579
17581
17582
17585
17586
17587
17589
17590
17592
17593
17594
17595
17600
17603
17605
17609
17611
17614
17615
17616
17618
17620
17621
17629
17632
17640
17643
17645
17647
17649
17652
17653
17654
17655
17656
17658
17659
17661
17662
17663
17664
17665
17667
17668
17669
17670
17672
17675
17677
17678
17680
17681
17682
17684
17685
17686
17687
17688
17692
17697
17698
17700
17704
17705
17706
17708
17711
17715
17716
17717
17718
17721
17723
17724
17727
17729
17730
17732
17733
17735
17736
17737
17738
17740
17742
17746
17751
17752
17753
17754
17756
17758
17760
17763
17766
17768
17769
17770
17771
17773
17774
17775
17777
17779
17782
17785
17789
17793
17794
17795
17799
17800
17802
17803
17806
17809
17810
17812
17814
17815
17821
17822
17825
17826
17828
17829
17830
17835
17836
17837
17840
17842
17844
17845
17846
17848
17849
17856
17858
17859
17860
17862
17865
17866
17869
17871
17872
17877
17878
17879
17881
17883
17886
17889
17891
17892
17893
17895
17897
17898
17904
17906
17908
17914
17917
17927
17929
17933
17934
17938
17944
17946
17948
17950
17957
17958
17965
17966
17967
17972
17974
17979
17983
17986
17987
17990
17993
18004
18006
18007
18009
18010
18012
18013
18014
18018
18020
18024
18028
18030
18039
18040
18044
18046
18047
18049
18063
18071
18074
18075
18078
18079
18082
18083
18092
18096
18098
18104
18107
18109
18110
18113
18117
18119
18122
18124
18125
18130
18132
18133
18134
18135
18142
18144
18145
18146
18147
18148
18150
18151
18152
18155
18157
18158
18161
18164
18166
18167
18168
18173
18179
18183
18184
18185
18188
18191
18193
18197
18203
18205
18209
18213
18214
18220
18221
18223
18225
18226
18228
18229
18234
18235
18239
18241
18244
18245
18246
18248
18249
18250
18251
18253
18254
18259
18261
18262
18267
18268
18269
18274
18278
18281
18283
18284
18286
18291
18292
18293
18295
18298
18302
18305
18306
18313
18315
18317
18319
18320
18322
18323
18326
18329
18330
18333
18334
18341
18342
18345
18346
18348
18349
18352
18353
18356
18357
18358
18362
18368
18373
18375
18377
18380
18386
18387
18388
18391
18392
18393
18395
18396
18398
18400
18401
18404
18409
18411
18412
18413
18415
18417
18422
18426
18427
18429
18434
18437
18438
18440
18441
18444
18445
18449
18453
18455
18456
18458
18462
18465
18468
18470
18473
18474
18476
18477
18479
18482
18483
18485
18486
18487
18488
18490
18496
18497
18498
18499
18500
18505
18506
18509
18511
18513
18514
18517
18519
18521
18525
18526
18528
18530
18531
18532
18533
18534
18535
18538
18540
18544
18545
18546
18547
18548
18549
18550
18553
18554
18555
18558
18559
18561
18563
18565
18566
18567
18568
18569
18572
18581
18589
18594
18596
18597
18607
18611
18619
18629
18630
18632
18636
18637
18638
18639
18647
18654
18658
18659
18664
18666
18667
18682
18684
18686
18690
18693
18697
18700
18701
18709
18713
18714
18715
18717
18719
18720
18723
18724
18727
18728
18732
18734
18740
18749
18751
18755
18756
18786
18796
18810
18818
18828
18831
18833
18834
18841
18845
18850
18866
18875
18877
18883
18893
18897
18902
18907
18910
18914
18923
18924
18927
18939
18950
18958
18962
18965
18968
18971
18980
18982
18995
19008
19012
19021
19032
19036
19037
19038
19041
19049
19052
19058
19063
19069
19073
19078
19083
19087
19094
19104
19105
19109
19125
19141
19143
19149
19158
19159
19162
19178
19187
19199
19203
19204
19213
19232
19244
19245
19246
19247
19248
19249
19250
19251
19252
19253
19255
19256
19257
19258
19259
19260
19261
19262
19263
19264
19265
19266
19267
19268
19269
19270
19271
19272
19274
19277
19278
19279
19280
19281
19283
19284
19285
19286
19287
19288
19289
19290
19291
19292
19294
19296
19297
19298
19299
19300
19301
19302
19303
19304
19305
19306
19307
19308
19309
19312
19314
19319
19325
19326
19328
19331
19332
19333
19334
19336
19338
19339
19340
19341
19342
19343
19345
19348
19349
19351
19352
19353
19355
19357
19359
19360
19361
19362
19364
19366
19367
19369
19370
19371
19372
19373
19374
19379
19381
19382
19383
19384
19385
19387
19388
19392
19394
19396
19397
19398
19401
19402
19403
19404
19406
19408
19412
19413
19414
19415
19417
19418
19420
19421
19422
19423
19425
19426
19430
19431
19432
19436
19439
19445
19446
19447
19449
19451
19452
19453
19454
19455
19456
19457
19458
19459
19461
19462
19464
19465
19467
19468
19470
19471
19474
19476
19477
19478
19480
19482
19483
19489
19492
19493
19494
19495
19499
19500
19501
19503
19504
19505
19506
19507
19509
19511
19520
19521
19522
19524
19525
19526
19527
19528
19529
19531
19532
19534
19536
19539
19540
19541
19542
19543
19547
19552
19555
19557
19560
19563
19564
19565
19566
19569
19570
19571
19572
19575
19577
19578
19583
19584
19585
19586
19589
19590
19593
19598
19602
19609
19612
19613
19614
19615
19616
19618
19620
19621
19622
19624
19625
19629
19630
19631
19632
19633
19634
19636
19637
19639
19642
19643
19644
19648
19649
19651
19652
19653
19654
19655
19657
19658
19659
19663
19664
19666
19667
19668
19669
19670
19671
19672
19675
19679
19683
19684
19691
19692
19693
19694
19695
19696
19699
19701
19702
19704
19706
19709
19710
19712
19716
19718
19719
19720
19721
19722
19725
19726
19727
19729
19730
19731
19732
19734
19735
19742
19744
19745
19747
19748
19749
19750
19751
19753
19756
19757
19759
19761
19765
19767
19768
19769
19770
19774
19777
19779
19780
19781
19782
19784
19785
19787
19789
19791
19792
19793
19794
19795
19797
19798
19804
19806
19808
19809
19811
19815
19816
19818
19822
19823
19828
19829
19832
19834
19836
19837
19838
19840
19842
19843
19847
19848
19849
19853
19857
19859
19861
19870
19875
19878
19883
19884
19891
19892
19893
19894
19897
19900
19901
19902
19904
19906
19907
19908
19911
19914
19916
19918
19919
19922
19926
19927
19928
19929
19930
19931
19935
19940
19944
19945
19946
19951
19952
19954
19955
19956
19961
19963
19964
19965
19967
19968
19970
19973
19978
19981
19986
19988
19989
19991
19993
19994
19995
19996
19997
19999
20000
20003
20006
20007
20009
20011
20013
20016
20018
20019
20020
20023
20024
20025
20026
20028
20031
20032
20034
20035
20036
20039
20040
20042
20045
20046
20047
20048
20057
20058
20059
20064
20066
20070
20071
20074
20077
20078
20079
20081
20083
20085
20092
20094
20096
20099
20101
20105
20106
20107
20108
20109
20113
20116
20117
20120
20121
20122
20125
20127
20128
20130
20132
20133
20134
20135
20137
20139
20141
20146
20150
20153
20154
20155
20156
20168
20169
20177
20179
20184
20187
20193
20194
20195
20196
20198
20199
20203
20206
20207
20208
20212
20217
20218
20222
20223
20227
20229
20230
20232
20233
20236
20237
20240
20242
20243
20246
20254
20261
20264
20265
20267
20268
20269
20270
20273
20279
20281
20283
20284
20285
20287
20290
20291
20295
20296
20299
20301
20302
20303
20304
20305
20306
20307
20309
20311
20313
20315
20318
20323
20324
20327
20328
20329
20330
20331
20332
20334
20335
20336
20337
20343
20345
20346
20347
20348
20353
20359
20361
20364
20366
20368
20371
20372
20375
20377
20379
20381
20388
20390
20394
20407
20408
20409
20417
20418
20421
20425
20432
20438
20440
20447
20448
20450
20458
20459
20461
20466
20467
20469
20474
20475
20476
20480
20488
20493
20498
20499
20500
20503
20505
20506
20507
20518
20523
20525
20526
20528
20531
20532
20536
20538
20541
20542
20543
20548
20550
20551
20561
20562
20565
20567
20571
20574
20577
20581
20583
20586
20593
20595
20597
20599
20602
20615
20617
20621
20627
20633
20634
20637
20639
20642
20643
20644
20652
20654
20655
20658
20659
20671
20672
20676
20682
20683
20686
20688
20696
20703
20707
20709
20713
20720
20724
20731
20733
20736
20738
20739
20742
20744
20747
20748
20752
20754
20755
20759
20761
20765
20773
20775
20781
20787
20800
20809
20811
20827
20828
20831
20843
20844
20849
20852
20854
20861
20863
20865
20875
20879
20881
20882
20897
20899
20906
20910
20916
20921
20922
20924
20927
20929
20931
20934
20937
20938
20940
20941
20945
20947
20952
20953
20956
20957
20958
20960
20961
20964
20966
20969
20971
20973
20980
20984
20985
20990
20992
20996
20997
20998
21000
21002
21005
21008
21010
21012
21013
21014
21018
21019
21021
21024
21025
21029
21031
21032
21033
21035
21048
21049
21051
21056
21057
21058
21059
21060
21061
21063
21064
21065
21072
21073
21074
21075
21076
21077
21079
21080
21081
21082
21083
21084
21085
21086
21088
21089
21090
21091
21093
21094
21096
21097
21098
21100
21101
21102
21103
21104
21106
21107
21108
21109
21111
21112
21114
21116
21117
21118
21120
21122
21123
21124
21126
21129
21131
21132
21134
21135
21136
21137
21138
21139
21140
21141
21142
21143
21144
21145
21147
21149
21150
21152
21154
21155
21156
21158
21159
21160
21161
21164
21165
21166
21167
21168
21169
21170
21171
21172
21174
21175
21177
21179
21180
21182
21183
21184
21185
21186
21187
21188
21189
21190
21194
21195
21197
21198
21200
21201
21203
21204
21206
21210
21211
21214
21215
21216
21218
21222
21223
21224
21225
21227
21230
21231
21232
21236
21238
21239
21242
21244
21246
21248
21249
21250
21251
21252
21254
21255
21256
21263
21264
21266
21267
21268
21270
21271
21275
21276
21277
21279
21281
21282
21286
21287
21288
21289
21290
21291
21293
21296
21297
21298
21300
21303
21304
21305
21306
21307
21310
21312
21313
21314
21316
21317
21321
21323
21325
21329
21330
21333
21335
21340
21341
21343
21344
21346
21350
21353
21354
21356
21363
21364
21365
21366
21367
21368
21369
21370
21372
21373
21375
21377
21379
21383
21384
21386
21388
21389
21392
21396
21398
21400
21402
21403
21404
21405
21411
21412
21414
21415
21417
21418
21419
21420
21422
21423
21424
21425
21429
21430
21435
21436
21437
21438
21441
21444
21446
21449
21450
21451
21452
21456
21460
21463
21466
21468
21470
21471
21472
21474
21476
21479
21483
21484
21485
21487
21488
21490
21491
21493
21494
21496
21498
21505
21508
21510
21511
21512
21513
21514
21516
21517
21519
21520
21523
21527
21529
21530
21532
21534
21535
21538
21541
21543
21545
21546
21553
21554
21556
21557
21558
21560
21562
21563
21565
21567
21568
21569
21570
21571
21573
21574
21580
21581
21582
21584
21586
21587
21589
21591
21592
21593
21599
21600
21601
21603
21605
21606
21607
21612
21614
21615
21616
21617
21618
21620
21626
21631
21633
21642
21644
21646
21647
21651
21652
21655
21660
21662
21663
21664
21665
21668
21669
21674
21676
21678
21680
21681
21683
21689
21690
21691
21693
21696
21697
21698
21701
21704
21706
21708
21709
21710
21715
21721
21723
21724
21725
21727
21732
21734
21735
21736
21739
21743
21744
21747
21749
21752
21753
21756
21757
21758
21759
21760
21762
21763
21765
21766
21767
21774
21778
21782
21783
21787
21793
21794
21796
21798
21800
21802
21806
21809
21812
21816
21818
21823
21824
21827
21828
21832
21836
21839
21841
21842
21843
21845
21846
21847
21848
21855
21856
21857
21860
21864
21868
21871
21876
21877
21879
21880
21881
21882
21885
21887
21888
21889
21891
21892
21895
21897
21898
21899
21902
21905
21911
21912
21915
21920
21921
21927
21928
21930
21931
21932
21946
21948
21949
21950
21953
21954
21955
21957
21958
21959
21962
21964
21965
21966
21967
21968
21969
21976
21977
21979
21980
21981
21983
21984
21985
21986
21988
21990
21991
21992
21994
21995
21996
22000
22003
22006
22007
22008
22009
22011
22014
22015
22016
22020
22022
22023
22024
22025
22027
22028
22029
22030
22031
22032
22033
22036
22037
22042
22046
22048
22049
22050
22052
22053
22054
22056
22057
22059
22062
22063
22064
22067
22068
22069
22071
22072
22073
22074
22076
22079
22082
22084
22085
22087
22089
22091
22093
22094
22096
22101
22102
22104
22105
22106
22107
22109
22110
22112
22114
22118
22119
22120
22121
22122
22123
22125
22126
22127
22128
22129
22130
22131
22132
22134
22137
22138
22140
22141
22143
22148
22149
22151
22154
22155
22156
22157
22159
22160
22162
22163
22164
22165
22167
22170
22172
22174
22176
22177
22179
22180
22181
22183
22184
22188
22189
22192
22193
22197
22199
22201
22204
22205
22207
22210
22212
22214
22215
22216
22217
22223
22224
22225
22226
22227
22228
22230
22236
22237
22239
22240
22241
22242
22243
22244
22246
22247
22248
22249
22257
22259
22261
22262
22263
22265
22266
22267
22268
22269
22270
22271
22272
22275
22277
22281
22282
22283
22286
22294
22296
22298
22304
22308
22310
22311
22314
22333
22346
22350
22351
22359
22365
22380
22386
22394
22400
22401
22404
22407
22416
22419
22429
22430
22435
22439
22442
22446
22456
22467
22524
22526
22545
22548
22554
22556
22568
22577
22579
22580
22587
22599
22606
22607
22611
22620
22630
22654
22664
22671
22676
22682
22685
22686
22692
22694
22698
22751
22759
22765
22767
22778
22783
22801
22810
22811
22813
22818
22819
22840
22856
22869
22870
22872
22878
22882
22908
22915
22920
22923
22959
22960
22961
22962
22963
22964
22966
22967
22968
22971
22973
22974
22977
22981
22983
22985
22991
22993
22994
22995
22996
22997
22998
23000
23002
23003
23004
23006
23009
23012
23013
23015
23016
23017
23018
23019
23020
23021
23022
23026
23031
23032
23033
23034
23037
23038
23042
23046
23047
23048
23051
23052
23053
23056
23057
23059
23060
23062
23063
23064
23065
23066
23067
23068
23071
23073
23074
23075
23076
23077
23080
23081
23084
23085
23088
23089
23094
23095
23096
23097
23098
23099
23100
23101
23102
23104
23105
23108
23109
23110
23111
23112
23114
23115
23117
23119
23120
23121
23122
23125
23126
23127
23128
23129
23132
23134
23135
23136
23137
23138
23139
23141
23142
23143
23144
23147
23149
23150
23158
23161
23162
23163
23164
23167
23168
23169
23171
23174
23176
23178
23179
23181
23183
23185
23190
23191
23193
23200
23204
23205
23206
23207
23211
23212
23213
23215
23216
23217
23218
23220
23222
23224
23225
23229
23230
23234
23235
23237
23238
23239
23240
23242
23243
23246
23247
23248
23249
23250
23251
23252
23253
23254
23260
23266
23269
23270
23271
23273
23274
23275
23278
23280
23283
23284
23290
23291
23292
23293
23295
23296
23298
23301
23303
23304
23309
23310
23318
23324
23325
23328
23330
23332
23335
23338
23339
23345
23347
23348
23350
23351
23352
23355
23356
23357
23358
23359
23361
23363
23364
23365
23367
23368
23369
23370
23371
23377
23378
23380
23381
23382
23384
23385
23386
23392
23393
23395
23396
23397
23398
23404
23405
23407
23409
23410
23411
23412
23414
23415
23418
23419
23420
23421
23423
23425
23426
23427
23428
23430
23433
23434
23435
23436
23440
23441
23443
23444
23446
23449
23450
23451
23452
23458
23461
23462
23467
23469
23471
23472
23474
23476
23477
23481
23482
23483
23491
23495
23496
23499
23501
23503
23505
23506
23507
23509
23510
23512
23517
23518
23520
23521
23522
23523
23528
23537
23541
23542
23543
23544
23546
23547
23548
23550
23551
23555
23557
23564
23566
23568
23570
23573
23575
23576
23580
23581
23584
23587
23590
23592
23598
23600
23603
23605
23607
23608
23610
23614
23616
23619
23622
23632
23636
23637
23639
23640
23642
23643
23645
23649
23650
23657
23658
23659
23660
23662
23666
23667
23669
23670
23676
23677
23682
23684
23685
23687
23692
23694
23695
23698
23700
23707
23711
23718
23720
23725
23729
23731
23733
23734
23735
23740
23741
23742
23743
23745
23746
23749
23753
23754
23755
23756
23758
23760
23761
23763
23766
23767
23769
23772
23778
23779
23780
23781
23785
23788
23795
23796
23797
23799
23800
23803
23804
23805
23808
23813
23816
23817
23819
23820
23821
23826
23827
23828
23829
23830
23831
23836
23839
23841
23844
23845
23846
23848
23851
23853
23856
23859
23860
23861
23862
23864
23867
23876
23877
23880
23882
23883
23885
23887
23888
23893
23899
23901
23904
23908
23909
23910
23913
23915
23921
23922
23925
23926
23931
23933
23936
23942
23946
23949
23951
23955
23964
23966
23970
23974
23975
23982
23983
23984
23987
23989
23991
23994
23995
23999
24000
24002
24003
24004
24007
24010
24012
24013
24015
24016
24018
24025
24027
24030
24035
24046
24051
24059
24060
24070
24071
24072
24073
24074
24076
24079
24081
24082
24085
24087
24090
24093
24095
24097
24103
24105
24106
24128
24129
24137
24142
24149
24151
24152
24158
24174
24175
24184
24189
24200
24202
24207
24210
24217
24220
24221
24228
24231
24232
24238
24239
24245
24250
24255
24258
24262
24263
24264
24265
24269
24270
24273
24279
24281
24285
24296
24299
24300
24301
24302
24305
24308
24318
24319
24322
24325
24329
24330
24331
24335
24339
24341
24347
24351
24357
24358
24363
24370
24372
24373
24379
24380
24381
24384
24386
24400
24408
24410
24419
24427
24430
24433
24434
24436
24439
24441
24445
24447
24452
24453
24455
24458
24462
24473
24475
24477
24483
24486
24487
24489
24495
24500
24502
24507
24513
24519
24528
24533
24544
24547
24550
24561
24566
24568
24570
24573
24581
24582
24583
24589
24593
24595
24603
24604
24625
24629
24630
24633
24634
24635
24636
24639
24641
24643
24650
24653
24656
24657
24659
24664
24665
24666
24667
24671
24672
24675
24677
24678
24684
24685
24686
24687
24688
24692
24693
24694
24698
24700
24701
24702
24704
24706
24710
24711
24713
24714
24717
24718
24720
24725
24726
24727
24728
24729
24731
24735
24736
24737
24738
24741
24746
24748
24752
24758
24761
24765
24768
24771
24773
24774
24775
24777
24780
24784
24787
24789
24790
24791
24793
24794
24795
24796
24799
24800
24802
24804
24806
24808
24809
24810
24812
24813
24814
24816
24817
24818
24819
24820
24822
24823
24824
24826
24827
24828
24830
24834
24835
24836
24837
24840
24841
24843
24845
24846
24847
24848
24850
24851
24853
24857
24859
24860
24861
24862
24863
24866
24868
24869
24870
24872
24876
24879
24880
24881
24882
24885
24886
24888
24889
24891
24892
24896
24897
24898
24899
24900
24901
24902
24903
24904
24905
24907
24908
24911
24914
24915
24918
24919
24920
24921
24923
24932
24935
24936
24937
24939
24942
24943
24945
24949
24950
24952
24954
24955
24959
24960
24962
24963
24967
24969
24970
24971
24973
24975
24976
24977
24979
24980
24981
24982
24983
24984
24985
24995
24997
24998
25000
25001
25003
25005
25007
25008
25009
25010
25012
25013
25015
25018
25020
25021
25022
25024
25027
25028
25029
25031
25032
25033
25035
25036
25037
25038
25039
25040
25043
25044
25048
25049
25054
25055
25057
25058
25060
25065
25067
25068
25070
25076
25077
25079
25081
25082
25083
25084
25090
25093
25095
25096
25097
25099
25100
25101
25105
25106
25108
25109
25112
25114
25116
25118
25125
25126
25129
25130
25133
25134
25136
25138
25144
25145
25150
25151
25155
25156
25157
25159
25160
25163
25165
25166
25167
25170
25172
25173
25174
25175
25176
25179
25180
25184
25186
25188
25191
25193
25194
25195
25198
25199
25200
25201
25203
25207
25212
25214
25219
25220
25223
25224
25226
25238
25241
25242
25248
25249
25252
25253
25257
25258
25262
25263
25264
25265
25268
25273
25274
25276
25277
25279
25280
25282
25283
25284
25285
25288
25289
25292
25295
25297
25302
25303
25305
25306
25312
25314
25317
25319
25320
25329
25331
25332
25334
25335
25337
25340
25347
25350
25352
25354
25366
25376
25378
25379
25382
25383
25388
25393
25394
25395
25397
25403
25404
25407
25411
25412
25415
25418
25422
25433
25434
25437
25438
25439
25440
25446
25451
25452
25454
25455
25457
25458
25460
25463
25467
25469
25471
25473
25475
25476
25479
25482
25484
25488
25492
25494
25497
25503
25504
25509
25512
25514
25523
25526
25528
25529
25530
25533
25534
25537
25538
25539
25542
25545
25546
25549
25550
25551
25552
25553
25555
25560
25562
25565
25566
25572
25573
25574
25575
25577
25578
25580
25581
25582
25583
25585
25589
25590
25591
25592
25593
25594
25599
25601
25603
25604
25607
25609
25611
25612
25613
25614
25616
25618
25621
25623
25624
25627
25629
25630
25633
25635
25642
25644
25646
25648
25649
25654
25656
25657
25660
25662
25664
25669
25670
25672
25673
25676
25677
25681
25685
25689
25690
25691
25693
25695
25696
25698
25699
25701
25702
25703
25706
25708
25709
25710
25711
25712
25713
25714
25717
25718
25720
25721
25722
25723
25726
25730
25734
25735
25736
25737
25741
25742
25743
25745
25747
25748
25750
25751
25757
25758
25760
25761
25766
25768
25771
25773
25777
25781
25786
25790
25794
25798
25800
25801
25803
25810
25813
25814
25815
25816
25819
25820
25821
25822
25823
25824
25826
25827
25828
25829
25830
25832
25833
25834
25837
25839
25840
25841
25842
25843
25845
25846
25852
25853
25855
25858
25864
25865
25866
25869
25873
25874
25876
25877
25879
25880
25881
25883
25884
25886
25889
25890
25891
25893
25896
25897
25898
25901
25904
25905
25906
25907
25911
25912
25913
25915
25916
25918
25919
25921
25922
25923
25924
25926
25927
25928
25931
25934
25937
25939
25941
25942
25945
25946
25948
25949
25950
25951
25955
25956
25958
25959
25960
25961
25963
25966
25968
25969
25971
25972
25973
25974
25975
25976
25977
25978
25979
25980
25982
25983
25984
25985
25986
25988
25989
25990
25991
25992
25993
25997
25998
26005
26009
26010
26011
26016
26018
26021
26022
26025
26030
26032
26034
26035
26039
26054
26060
26063
26065
26066
26077
26079
26080
26086
26087
26089
26094
26103
26113
26114
26118
26121
26124
26126
26129
26131
26135
26138
26140
26146
26149
26150
26151
26152
26155
26156
26157
26168
26170
26177
26179
26181
26183
26184
26200
26205
26217
26221
26243
26282
26289
26313
26318
26321
26322
26336
26338
26344
26357
26371
26376
26378
26384
26386
26396
26399
26408
26409
26415
26425
26429
26433
26439
26444
26448
26451
26458
26460
26467
26486
26491
26495
26506
26507
26515
26519
26525
26533
26549
26590
26592
26599
26619
26621
26623
26625
26632
26637
26639
26641
26665
26666
26669
26672
26673
26674
26676
26677
26678
26679
26680
26682
26684
26685
26687
26688
26690
26691
26693
26694
26695
26696
26697
26698
26699
26702
26703
26704
26705
26706
26708
26709
26711
26713
26714
26717
26718
26719
26720
26721
26722
26723
26724
26726
26727
26730
26731
26732
26733
26734
26736
26737
26738
26740
26742
26745
26746
26747
26749
26750
26751
26752
26753
26754
26755
26756
26760
26761
26763
26765
26767
26768
26771
26773
26774
26775
26776
26777
26778
26779
26780
26785
26787
26788
26789
26790
26795
26797
26798
26799
26800
26801
26803
26804
26805
26807
26808
26809
26810
26811
26812
26813
26814
26815
26816
26818
26819
26820
26821
26822
26824
26827
26828
26829
26831
26832
26834
26835
26836
26838
26839
26840
26841
26844
26846
26847
26848
26849
26850
26852
26854
26855
26858
26859
26860
26862
26864
26865
26866
26867
26873
26874
26875
26877
26878
26879
26881
26882
26885
26886
26888
26890
26893
26895
26897
26899
26901
26902
26903
26908
26909
26913
26914
26916
26917
26920
26921
26922
26927
26929
26931
26933
26934
26935
26936
26937
26938
26939
26940
26941
26947
26948
26949
26952
26953
26954
26955
26958
26959
26960
26962
26964
26965
26969
26970
26972
26975
26976
26977
26979
26980
26981
26983
26985
26986
26987
26989
26992
26996
26997
26999
27000
27003
27005
27006
27007
27011
27015
27016
27017
27018
27020
27021
27022
27023
27024
27025
27026
27032
27038
27039
27040
27041
27042
27043
27044
27049
27056
27057
27059
27060
27061
27062
27064
27065
27066
27069
27070
27071
27072
27073
27075
27076
27077
27079
27080
27082
27083
27087
27090
27091
27092
27093
27095
27098
27099
27103
27106
27107
27108
27109
27111
27112
27114
27115
27118
27119
27123
27124
27126
27128
27129
27130
27132
27133
27135
27136
27137
27139
27141
27146
27148
27149
27150
27151
27154
27155
27158
27159
27160
27161
27162
27166
27172
27173
27176
27177
27179
27184
27187
27188
27194
27195
27196
27197
27198
27199
27202
27205
27208
27209
27212
27214
27215
27219
27220
27221
27223
27224
27227
27231
27232
27233
27234
27236
27237
27239
27240
27242
27243
27244
27245
27248
27250
27251
27255
27256
27257
27258
27260
27261
27264
27265
27266
27270
27272
27273
27275
27277
27278
27281
27282
27284
27285
27287
27288
27291
27294
27295
27298
27301
27303
27305
27307
27308
27309
27315
27317
27319
27321
27322
27323
27324
27325
27328
27329
27330
27332
27334
27335
27336
27338
27339
27341
27343
27345
27346
27347
27354
27357
27361
27363
27364
27365
27366
27368
27371
27373
27374
27376
27379
27380
27381
27382
27383
27384
27385
27387
27389
27391
27394
27395
27396
27398
27399
27401
27407
27409
27411
27414
27417
27418
27419
27420
27422
27425
27427
27428
27431
27434
27435
27437
27442
27443
27444
27447
27449
27453
27454
27455
27456
27457
27458
27460
27462
27465
27467
27470
27473
27474
27475
27476
27477
27479
27481
27482
27486
27487
27488
27492
27494
27495
27497
27499
27500
27504
27505
27507
27508
27511
27513
27515
27518
27520
27522
27527
27528
27529
27531
27533
27534
27536
27537
27540
27541
27547
27554
27555
27556
27558
27559
27560
27561
27565
27566
27567
27569
27571
27574
27578
27581
27584
27585
27587
27590
27591
27596
27597
27600
27602
27606
27608
27614
27615
27619
27621
27622
27623
27625
27627
27632
27633
27640
27645
27646
27649
27650
27653
27655
27661
27663
27664
27665
27670
27672
27677
27678
27679
27680
27683
27689
27691
27692
27697
27698
27708
27709
27713
27716
27719
27721
27728
27729
27730
27731
27735
27737
27739
27743
27744
27745
27751
27752
27755
27757
27758
27759
27760
27761
27765
27767
27769
27773
27776
27778
27781
27783
27786
27787
27789
27794
27799
27802
27807
27810
27811
27813
27815
27817
27818
27826
27828
27832
27833
27837
27838
27840
27843
27848
27849
27852
27855
27856
27857
27860
27871
27876
27878
27880
27881
27882
27883
27884
27888
27889
27890
27894
27895
27897
27898
27902
27909
27911
27914
27916
27924
27926
27933
27937
27942
27943
27946
27950
27953
27954
27959
27961
27962
27963
27964
27969
27971
27972
27973
27975
27977
27978
27984
27994
27995
27998
28002
28004
28005
28009
28012
28013
28017
28022
28023
28025
28026
28029
28033
28036
28037
28041
28042
28044
28045
28047
28048
28055
28058
28059
28063
28071
28072
28082
28083
28084
28086
28091
28092
28094
28095
28096
28098
28099
28101
28104
28111
28114
28118
28121
28122
28127
28131
28132
28143
28146
28157
28159
28161
28162
28163
28164
28166
28167
28169
28173
28178
28180
28181
28184
28189
28196
28202
28204
28212
28214
28219
28221
28224
28226
28227
28235
28237
28242
28245
28251
28252
28259
28261
28265
28277
28280
28281
28282
28287
28290
28292
28295
28296
28300
28301
28303
28313
28323
28325
28326
28327
28341
28343
28344
28345
28349
28350
28351
28354
28355
28356
28359
28362
28368
28373
28378
28379
28380
28381
28384
28385
28386
28389
28390
28392
28394
28398
28399
28402
28405
28408
28410
28413
28415
28418
28420
28422
28424
28426
28427
28428
28430
28433
28434
28436
28439
28441
28442
28443
28449
28453
28455
28457
28459
28460
28461
28462
28464
28468
28469
28472
28475
28476
28477
28480
28482
28485
28486
28487
28490
28493
28495
28496
28497
28499
28500
28501
28502
28504
28507
28508
28509
28510
28512
28513
28514
28516
28517
28518
28520
28524
28526
28528
28529
28530
28531
28532
28533
28534
28536
28537
28538
28540
28541
28542
28544
28546
28547
28550
28551
28553
28554
28555
28556
28557
28558
28559
28560
28561
28563
28564
28565
28567
28568
28569
28570
28571
28572
28573
28575
28576
28577
28578
28579
28581
28584
28586
28587
28588
28589
28592
28593
28594
28595
28596
28597
28599
28600
28602
28603
28604
28605
28607
28608
28609
28610
28611
28612
28618
28619
28622
28623
28624
28625
28626
28627
28628
28629
28631
28633
28634
28635
28637
28639
28641
28642
28646
28648
28649
28650
28651
28652
28653
28654
28657
28658
28659
28664
28666
28670
28673
28674
28675
28676
28677
28678
28680
28682
28684
28685
28686
28689
28690
28691
28693
28694
28695
28696
28697
28698
28699
28700
28703
28704
28706
28707
28708
28709
28710
28711
28713
28716
28719
28723
28724
28727
28728
28729
28731
28732
28734
28735
28737
28738
28740
28742
28743
28746
28747
28751
28757
28758
28760
28762
28763
28765
28766
28768
28770
28771
28772
28774
28775
28778
28779
28783
28784
28785
28787
28790
28791
28793
28794
28795
28796
28798
28799
28800
28803
28806
28807
28810
28813
28814
28817
28820
28823
28824
28826
28827
28828
28829
28831
28833
28835
28837
28839
28840
28842
28843
28847
28850
28852
28853
28854
28856
28857
28859
28860
28863
28864
28865
28866
28868
28869
28871
28872
28873
28874
28877
28878
28881
28882
28884
28885
28886
28888
28889
28890
28891
28894
28895
28896
28897
28899
28900
28901
28902
28905
28909
28911
28913
28915
28916
28917
28925
28928
28934
28935
28936
28940
28941
28942
28945
28948
28951
28957
28959
28960
28961
28966
28970
28971
28974
28977
28982
28983
28984
28985
28986
28988
28991
28996
28997
28998
28999
29001
29003
29005
29008
29009
29011
29013
29014
29016
29017
29019
29020
29021
29025
29026
29027
29028
29029
29030
29034
29035
29036
29038
29040
29043
29044
29045
29046
29047
29049
29050
29052
29054
29055
29059
29065
29067
29069
29075
29078
29082
29083
29086
29088
29090
29092
29096
29097
29099
29104
29111
29112
29115
29117
29121
29125
29126
29127
29128
29132
29133
29137
29138
29140
29143
29144
29147
29148
29149
29150
29151
29152
29153
29154
29158
29160
29162
29165
29166
29170
29172
29173
29174
29175
29178
29184
29185
29186
29188
29189
29190
29193
29194
29196
29198
29202
29204
29208
29209
29210
29211
29213
29217
29230
29234
29239
29240
29244
29246
29248
29251
29252
29253
29258
29259
29260
29262
29265
29269
29270
29271
29272
29274
29275
29276
29277
29280
29282
29283
29285
29288
29292
29295
29299
29300
29302
29305
29306
29308
29309
29310
29313
29315
29316
29317
29319
29321
29322
29325
29326
29327
29330
29333
29335
29336
29337
29340
29342
29343
29346
29347
29349
29352
29355
29356
29357
29360
29363
29366
29367
29379
29383
29387
29391
29392
29393
29394
29395
29396
29404
29407
29409
29411
29413
29416
29418
29419
29420
29421
29422
29424
29427
29428
29431
29432
29434
29437
29440
29442
29444
29448
29449
29451
29455
29458
29459
29460
29461
29462
29464
29465
29469
29470
29471
29472
29474
29475
29477
29479
29482
29484
29485
29487
29489
29490
29492
29494
29495
29500
29506
29507
29508
29509
29510
29517
29522
29525
29526
29529
29530
29531
29533
29534
29535
29538
29540
29541
29542
29546
29547
29548
29551
29554
29555
29556
29557
29558
29559
29561
29566
29567
29570
29571
29572
29573
29574
29576
29578
29579
29580
29582
29583
29590
29591
29597
29598
29599
29601
29602
29604
29605
29610
29611
29612
29614
29616
29619
29620
29621
29622
29623
29626
29627
29628
29629
29630
29631
29632
29633
29634
29635
29636
29638
29640
29641
29642
29643
29645
29648
29650
29651
29653
29655
29656
29657
29658
29659
29660
29663
29664
29667
29668
29669
29670
29672
29673
29674
29675
29677
29682
29684
29686
29689
29690
29691
29692
29693
29694
29696
29698
29700
29701
29703
29706
29707
29708
29709
29713
29715
29716
29722
29723
29724
29728
29733
29738
29740
29745
29748
29751
29752
29754
29759
29768
29771
29779
29780
29781
29784
29785
29787
29792
29797
29802
29808
29814
29815
29817
29819
29822
29825
29826
29827
29831
29832
29837
29842
29848
29849
29850
29856
29857
29860
29863
29864
29865
29866
29867
29868
29869
29871
29873
29888
29889
29895
29902
29923
29931
29939
29957
29965
29973
29976
29986
29987
29988
29990
29999
30008
30015
30018
30021
30027
30031
30048
30057
30066
30067
30075
30081
30086
30099
30106
30108
30110
30120
30122
30131
30134
30146
30149
30150
30153
30154
30162
30165
30174
30180
30188
30192
30200
30205
30215
30220
30234
30239
30241
30248
30259
30263
30267
30274
30276
30292
30296
30300
30306
30323
30324
30328
30335
30336
30345
30346
30366
30373
30377
30386
30389
30390
30391
30392
30393
30394
30395
30396
30397
30398
30399
30400
30401
30402
30404
30405
30407
30408
30409
30410
30411
30412
30413
30415
30416
30417
30419
30421
30422
30423
30424
30425
30426
30427
30428
30431
30432
30434
30435
30436
30437
30438
30440
30441
30442
30443
30444
30445
30447
30450
30452
30453
30454
30455
30456
30459
30460
30465
30467
30468
30470
30471
30472
30473
30474
30475
30476
30479
30480
30481
30482
30483
30484
30485
30487
30491
30492
30493
30494
30495
30496
30498
30499
30500
30501
30502
30503
30504
30506
30508
30511
30512
30513
30514
30515
30516
30517
30519
30521
30523
30524
30525
30526
30527
30528
30530
30531
30533
30535
30536
30538
30540
30542
30543
30544
30545
30546
30547
30550
30551
30552
30554
30556
30557
30559
30560
30562
30563
30564
30565
30566
30567
30570
30572
30574
30575
30576
30578
30581
30582
30585
30587
30588
30589
30590
30593
30594
30596
30597
30598
30599
30600
30604
30605
30607
30608
30609
30611
30612
30613
30614
30615
30616
30617
30618
30619
30620
30621
30628
30629
30631
30632
30634
30635
30637
30639
30640
30642
30643
30644
30645
30647
30648
30650
30652
30653
30657
30662
30663
30664
30665
30666
30668
30669
30670
30671
30674
30675
30677
30678
30682
30684
30686
30689
30691
30692
30695
30696
30697
30698
30699
30704
30705
30706
30708
30710
30713
30714
30717
30718
30721
30722
30724
30725
30726
30728
30730
30731
30732
30734
30737
30738
30740
30741
30744
30745
30747
30748
30749
30752
30753
30756
30757
30758
30759
30760
30764
30766
30773
30776
30777
30778
30779
30781
30784
30785
30786
30787
30788
30790
30792
30793
30794
30795
30796
30797
30798
30799
30800
30805
30809
30810
30812
30815
30816
30817
30818
30819
30821
30822
30823
30825
30826
30827
30828
30832
30835
30836
30837
30842
30843
30844
30845
30846
30847
30850
30851
30853
30854
30855
30856
30857
30861
30862
30864
30865
30868
30874
30876
30877
30878
30879
30881
30886
30890
30891
30897
30899
30901
30902
30903
30905
30907
30909
30911
30912
30915
30916
30917
30918
30919
30921
30922
30923
30926
30927
30928
30929
30930
30931
30932
30933
30934
30935
30938
30939
30940
30941
30943
30946
30948
30949
30950
30951
30954
30956
30957
30958
30962
30964
30965
30967
30968
30969
30970
30971
30972
30973
30974
30975
30978
30980
30982
30985
30990
30991
30992
30993
30995
30998
30999
31000
31001
31002
31003
31004
31006
31011
31012
31014
31018
31019
31022
31025
31028
31029
31033
31034
31035
31036
31039
31042
31043
31046
31050
31052
31058
31059
31060
31061
31064
31065
31068
31070
31071
31072
31073
31074
31077
31078
31080
31082
31084
31085
31087
31088
31090
31091
31093
31094
31095
31097
31098
31099
31100
31101
31102
31103
31104
31106
31108
31109
31110
31114
31115
31118
31119
31120
31123
31125
31128
31129
31130
31131
31133
31135
31136
31139
31140
31141
31142
31145
31148
31149
31151
31152
31153
31154
31157
31158
31159
31161
31162
31168
31170
31172
31173
31174
31176
31177
31179
31180
31181
31182
31189
31190
31191
31194
31195
31196
31200
31201
31203
31204
31206
31209
31211
31213
31217
31218
31219
31221
31224
31225
31232
31234
31236
31237
31238
31240
31241
31243
31245
31247
31248
31252
31255
31261
31262
31263
31264
31265
31266
31267
31268
31270
31273
31274
31275
31276
31279
31280
31283
31284
31286
31288
31289
31290
31291
31292
31299
31302
31304
31305
31306
31307
31308
31309
31310
31311
31316
31317
31318
31319
31322
31323
31327
31328
31329
31332
31333
31335
31336
31337
31341
31343
31344
31345
31346
31348
31349
31351
31353
31354
31358
31359
31360
31364
31371
31372
31373
31374
31375
31382
31385
31387
31388
31390
31391
31392
31393
31394
31395
31396
31399
31400
31402
31403
31405
31406
31407
31409
31410
31411
31413
31421
31427
31428
31430
31431
31432
31433
31434
31437
31441
31443
31444
31446
31447
31448
31449
31453
31455
31458
31459
31460
31462
31463
31465
31466
31472
31473
31474
31475
31476
31477
31478
31479
31480
31483
31485
31488
31489
31490
31492
31495
31496
31500
31502
31507
31510
31513
31517
31519
31521
31523
31525
31529
31531
31534
31540
31542
31548
31551
31552
31554
31559
31560
31567
31569
31570
31571
31573
31578
31581
31583
31586
31591
31592
31599
31602
31604
31607
31615
31617
31620
31622
31625
31628
31636
31639
31640
31641
31644
31645
31646
31648
31649
31650
31656
31660
31662
31664
31666
31667
31668
31670
31673
31674
31678
31679
31680
31683
31685
31686
31687
31690
31692
31698
31700
31701
31707
31709
31713
31715
31716
31723
31724
31727
31730
31731
31733
31737
31739
31740
31741
31743
31745
31750
31751
31757
31758
31759
31762
31765
31768
31769
31775
31778
31784
31786
31790
31791
31796
31797
31800
31803
31809
31810
31814
31823
31825
31828
31830
31834
31835
31837
31838
31839
31842
31845
31851
31859
31862
31865
31866
31868
31869
31873
31880
31881
31882
31883
31884
31887
31893
31899
31902
31909
31910
31913
31920
31926
31927
31930
31933
31935
31940
31941
31942
31947
31951
31953
31956
31957
31959
31961
31962
31964
31967
31971
31977
31978
31982
31985
31996
31997
31998
32000
32002
32003
32005
32007
32009
32010
32013
32014
32016
32022
32026
32030
32031
32037
32039
32040
32041
32043
32052
32053
32054
32056
32057
32058
32059
32061
32062
32063
32064
32069
32072
32073
32076
32077
32081
32082
32085
32086
32087
32088
32089
32092
32093
32094
32095
32097
32098
32099
32100
32102
32103
32104
32106
32109
32110
32112
32113
32115
32116
32118
32119
32120
32121
32122
32125
32126
32127
32128
32129
32130
32131
32132
32133
32134
32137
32138
32140
32141
32142
32144
32145
32146
32148
32150
32151
32152
32153
32155
32156
32159
32161
32162
32165
32167
32169
32171
32173
32176
32177
32178
32180
32182
32184
32185
32186
32189
32190
32198
32199
32200
32201
32202
32203
32204
32205
32207
32208
32212
32213
32214
32215
32216
32217
32218
32219
32221
32222
32223
32224
32225
32226
32227
32228
32229
32230
32232
32233
32236
32237
32238
32240
32241
32242
32243
32245
32246
32247
32248
32250
32251
32253
32254
32255
32256
32258
32259
32260
32262
32265
32267
32268
32269
32270
32271
32273
32274
32276
32277
32278
32280
32281
32283
32285
32286
32287
32288
32289
32290
32291
32292
32294
32296
32297
32298
32300
32301
32302
32303
32304
32307
32308
32309
32310
32311
32313
32314
32316
32317
32319
32320
32322
32324
32326
32327
32328
32330
32331
32332
32336
32338
32339
32340
32341
32343
32344
32345
32346
32347
32348
32349
32350
32351
32353
32354
32355
32357
32360
32362
32363
32364
32365
32366
32367
32368
32369
32370
32371
32373
32375
32377
32378
32380
32381
32382
32384
32387
32388
32389
32390
32391
32393
32394
32395
32396
32398
32400
32401
32402
32403
32404
32405
32406
32407
32411
32412
32413
32415
32418
32419
32420
32421
32423
32424
32428
32429
32430
32431
32433
32435
32436
32437
32438
32439
32441
32442
32443
32444
32445
32447
32448
32449
32450
32451
32452
32454
32456
32457
32458
32459
32461
32462
32463
32465
32466
32470
32471
32474
32476
32477
32478
32480
32481
32483
32485
32486
32487
32488
32489
32491
32495
32498
32501
32502
32503
32504
32505
32507
32508
32509
32510
32512
32513
32514
32515
32517
32518
32520
32521
32523
32525
32526
32527
32529
32531
32533
32534
32535
32536
32537
32538
32539
32540
32541
32542
32543
32545
32546
32547
32548
32549
32552
32554
32556
32557
32558
32559
32560
32561
32562
32564
32566
32567
32571
32572
32573
32576
32578
32579
32580
32582
32583
32586
32587
32588
32589
32592
32593
32595
32598
32599
32602
32605
32606
32607
32608
32609
32610
32611
32612
32613
32614
32616
32619
32621
32622
32623
32624
32626
32627
32629
32630
32631
32632
32633
32635
32636
32639
32640
32641
32642
32643
32644
32645
32647
32648
32649
32650
32653
32654
32655
32656
32657
32659
32661
32663
32667
32670
32673
32674
32676
32677
32680
32681
32682
32684
32685
32686
32687
32688
32689
32690
32691
32693
32694
32695
32696
32697
32698
32699
32701
32702
32703
32704
32705
32706
32708
32710
32712
32713
32714
32715
32717
32718
32720
32723
32725
32727
32728
32729
32730
32731
32733
32734
32742
32743
32744
32745
32747
32748
32749
32751
32754
32757
32760
32763
32764
32772
32775
32779
32780
32781
32783
32785
32787
32790
32794
32795
32796
32800
32801
32804
32807
32810
32811
32813
32816
32818
32819
32822
32823
32825
32826
32827
32829
32831
32832
32833
32835
32838
32839
32840
32842
32843
32847
32850
32855
32858
32860
32861
32862
32863
32865
32866
32867
32868
32869
32873
32874
32876
32877
32879
32883
32884
32885
32889
32890
32891
32893
32896
32897
32898
32900
32904
32907
32908
32909
32910
32911
32914
32916
32917
32919
32920
32922
32929
32930
32932
32934
32935
32938
32940
32942
32944
32947
32952
32953
32954
32955
32958
32960
32961
32962
32963
32965
32966
32967
32969
32970
32973
32975
32976
32978
32980
32981
32983
32984
32985
32986
32987
32988
32990
32993
32998
33000
33002
33003
33006
33007
33009
33011
33013
33014
33017
33019
33020
33022
33024
33029
33030
33035
33037
33038
33041
33044
33045
33046
33048
33049
33051
33052
33056
33059
33060
33061
33063
33064
33066
33069
33070
33071
33072
33073
33076
33077
33080
33082
33083
33084
33085
33086
33090
33092
33093
33094
33095
33096
33097
33098
33099
33100
33101
33102
33104
33105
33106
33110
33112
33115
33118
33120
33121
33123
33126
33127
33128
33130
33133
33134
33136
33137
33138
33140
33141
33142
33148
33151
33154
33156
33157
33158
33163
33164
33166
33168
33169
33171
33172
33173
33174
33175
33176
33177
33178
33179
33180
33181
33182
33185
33186
33187
33190
33196
33198
33199
33202
33204
33205
33206
33208
33209
33210
33213
33214
33215
33216
33218
33221
33222
33224
33227
33229
33230
33231
33233
33234
33236
33238
33239
33241
33242
33243
33244
33247
33249
33251
33252
33254
33256
33258
33260
33261
33262
33265
33266
33267
33268
33269
33270
33271
33272
33273
33274
33275
33276
33278
33279
33280
33281
33282
33283
33284
33285
33286
33287
33288
33289
33291
33293
33295
33296
33299
33300
33301
33302
33304
33305
33307
33308
33309
33311
33312
33314
33316
33317
33318
33319
33320
33322
33324
33326
33327
33329
33330
33331
33333
33334
33335
33336
33339
33340
33341
33342
33343
33344
33345
33346
33347
33348
33349
33350
33351
33354
33355
33356
33357
33358
33359
33361
33362
33364
33365
33366
33367
33368
33369
33370
33371
33372
33373
33374
33375
33376
33377
33378
33379
33381
33382
33384
33385
33386
33387
33388
33389
33390
33391
33392
33394
33396
33397
33399
33402
33403
33405
33406
33408
33409
33410
33411
33413
33414
33415
33417
33418
33419
33420
33421
33424
33425
33426
33427
33429
33432
33433
33437
33438
33439
33443
33444
33445
33447
33451
33453
33456
33460
33461
33462
33463
33464
33467
33468
33469
33470
33471
33472
33480
33485
33487
33488
33489
33490
33493
33495
33498
33500
33501
33516
33522
33524
33528
33540
33544
33545
33546
33549
33552
33556
33558
33566
33567
33570
33577
33578
33579
33581
33583
33585
33586
33587
33590
33592
33600
33602
33624
33632
33638
33655
33660
33662
33664
33666
33670
33671
33672
33675
33678
33681
33684
33698
33705
33707
33710
33713
33722
33731
33733
33745
33747
33751
33759
33764
33769
33777
33781
33788
33795
33796
33799
33800
33806
33808
33812
33824
33827
33828
33833
33834
33835
33869
33888
33893
33895
33896
33900
33901
33919
33921
33929
33934
33935
33936
33950
33951
33960
33961
33965
33978
33982
33984
33991
34011
34012
34014
34025
34028
34034
34042
34051
34060
34062
34069
34070
34080
34083
34091
34097
34100
34101
34102
34103
34104
34105
34106
34107
34108
34110
34111
34112
34113
34114
34115
34116
34117
34118
34119
34120
34121
34122
34123
34124
34125
34126
34127
34128
34130
34131
34132
34133
34134
34135
34136
34137
34138
34139
34140
34141
34142
34144
34145
34146
34147
34148
34149
34150
34151
34152
34153
34154
34155
34156
34158
34160
34161
34162
34163
34166
34168
34169
34170
34173
34175
34179
34180
34181
34182
34183
34184
34185
34186
34188
34189
34191
34193
34195
34196
34197
34198
34199
34202
34204
34205
34207
34210
34211
34212
34213
34214
34215
34216
34217
34218
34222
34223
34225
34227
34228
34229
34230
34231
34232
34233
34235
34237
34238
34239
34240
34241
34244
34246
34249
34250
34253
34254
34256
34257
34258
34259
34260
34261
34262
34263
34264
34265
34267
34268
34271
34272
34273
34274
34276
34277
34278
34279
34280
34281
34283
34284
34285
34286
34287
34288
34289
34290
34291
34292
34294
34298
34301
34302
34304
34305
34306
34307
34308
34309
34310
34311
34312
34314
34315
34316
34318
34320
34321
34322
34323
34326
34327
34329
34330
34331
34333
34335
34336
34338
34341
34343
34344
34345
34348
34349
34354
34357
34360
34361
34363
34364
34365
34367
34368
34369
34371
34373
34375
34376
34377
34379
34381
34382
34385
34386
34387
34388
34389
34390
34391
34393
34395
34398
34400
34403
34405
34407
34408
34409
34411
34418
34419
34420
34423
34424
34425
34427
34428
34429
34430
34431
34432
34433
34434
34435
34438
34439
34440
34441
34442
34445
34446
34449
34450
34451
34452
34454
34458
34460
34461
34463
34467
34470
34471
34472
34477
34480
34486
34487
34488
34489
34490
34494
34497
34498
34499
34500
34501
34502
34503
34504
34505
34506
34507
34508
34509
34510
34511
34513
34514
34515
34517
34518
34519
34520
34524
34525
34526
34527
34528
34529
34530
34531
34535
34536
34538
34539
34540
34542
34545
34546
34547
34548
34552
34557
34558
34561
34563
34565
34566
34569
34570
34571
34572
34573
34574
34575
34576
34577
34578
34579
34582
34585
34586
34588
34591
34594
34595
34596
34603
34604
34605
34606
34607
34609
34611
34612
34614
34615
34621
34622
34624
34625
34627
34629
34630
34633
34635
34636
34637
34638
34639
34642
34643
34644
34645
34647
34648
34649
34650
34651
34653
34654
34655
34656
34657
34660
34661
34663
34664
34665
34667
34668
34673
34674
34675
34678
34679
34682
34683
34684
34686
34688
34691
34692
34693
34694
34696
34697
34699
34703
34704
34705
34709
34713
34714
34715
34716
34719
34720
34722
34723
34725
34726
34728
34729
34730
34731
34732
34733
34738
34739
34740
34742
34743
34745
34747
34748
34749
34750
34751
34752
34753
34754
34756
34762
34764
34765
34766
34768
34771
34774
34775
34777
34778
34781
34782
34784
34785
34786
34787
34789
34792
34794
34795
34796
34798
34799
34802
34803
34805
34806
34807
34808
34809
34811
34812
34813
34814
34815
34817
34818
34819
34820
34822
34823
34824
34826
34827
34828
34829
34833
34834
34838
34841
34842
34843
34844
34850
34852
34853
34854
34856
34861
34862
34863
34865
34867
34871
34872
34875
34876
34882
34884
34886
34893
34894
34895
34899
34900
34903
34904
34905
34906
34907
34908
34910
34912
34914
34915
34918
34919
34920
34921
34923
34927
34929
34930
34931
34933
34939
34941
34942
34943
34945
34946
34947
34950
34951
34958
34961
34962
34963
34964
34965
34966
34967
34968
34969
34970
34972
34975
34976
34977
34978
34981
34982
34984
34986
34987
34988
34989
34990
34992
34993
34994
34995
34996
34997
34998
35000
35003
35005
35006
35008
35009
35011
35014
35016
35017
35018
35019
35020
35021
35022
35024
35025
35029
35034
35039
35043
35045
35047
35050
35051
35053
35056
35058
35059
35062
35063
35064
35065
35066
35067
35068
35073
35074
35075
35078
35079
35080
35084
35088
35089
35090
35091
35092
35096
35099
35101
35102
35104
35106
35107
35108
35109
35111
35112
35113
35114
35116
35117
35118
35119
35120
35121
35124
35125
35127
35129
35131
35132
35133
35134
35135
35136
35137
35138
35139
35140
35141
35146
35147
35149
35150
35151
35152
35153
35154
35158
35160
35161
35162
35163
35165
35167
35169
35172
35173
35176
35177
35179
35180
35183
35184
35185
35186
35187
35188
35192
35193
35197
35199
35201
35202
35203
35204
35209
35215
35216
35217
35220
35221
35222
35223
35224
35227
35231
35233
35235
35237
35239
35240
35242
35243
35246
35247
35248
35250
35254
35258
35259
35262
35265
35267
35268
35270
35274
35276
35277
35279
35280
35284
35285
35287
35293
35294
35297
35299
35305
35306
35311
35312
35315
35316
35318
35322
35323
35325
35329
35330
35331
35332
35334
35336
35337
35338
35339
35340
35342
35343
35344
35349
35350
35351
35353
35361
35363
35369
35374
35376
35378
35380
35381
35382
35388
35390
35391
35392
35393
35394
35397
35398
35399
35400
35402
35404
35406
35411
35414
35417
35419
35421
35423
35424
35426
35427
35428
35429
35430
35434
35436
35438
35441
35442
35444
35447
35450
35451
35454
35455
35460
35463
35464
35465
35467
35470
35471
35472
35473
35475
35477
35478
35481
35482
35483
35487
35489
35490
35492
35493
35498
35499
35500
35502
35504
35505
35510
35511
35513
35514
35515
35522
35524
35526
35528
35535
35538
35539
35542
35544
35545
35549
35550
35552
35558
35565
35566
35569
35570
35572
35573
35578
35587
35589
35591
35592
35594
35595
35597
35598
35604
35606
35608
35610
35611
35615
35616
35623
35627
35629
35632
35634
35636
35637
35640
35641
35644
35649
35652
35655
35656
35657
35659
35663
35665
35666
35667
35668
35673
35676
35677
35678
35680
35681
35683
35685
35686
35687
35689
35690
35691
35692
35693
35696
35699
35700
35701
35702
35703
35709
35710
35711
35712
35714
35715
35717
35720
35721
35724
35725
35728
35731
35737
35738
35739
35741
35744
35745
35746
35749
35751
35753
35756
35763
35765
35767
35770
35771
35772
35776
35777
35778
35781
35784
35789
35790
35791
35792
35793
35800
35801
35803
35804
35805
35807
35808
35809
35810
35813
35814
35815
35817
35818
35820
35823
35824
35825
35826
35827
35829
35830
35831
35832
35833
35834
35836
35841
35842
35843
35844
35845
35847
35848
35849
35850
35851
35852
35853
35854
35856
35858
35861
35862
35864
35865
35866
35867
35869
35870
35871
35872
35873
35875
35877
35878
35879
35880
35881
35883
35885
35887
35888
35889
35890
35897
35898
35899
35900
35903
35904
35905
35907
35909
35910
35911
35913
35915
35917
35918
35920
35921
35922
35923
35924
35925
35926
35927
35928
35929
35930
35932
35934
35935
35938
35939
35940
35941
35942
35943
35944
35945
35946
35947
35948
35950
35951
35952
35954
35955
35956
35957
35958
35959
35960
35962
35963
35964
35965
35966
35968
35969
35971
35974
35975
35976
35977
35979
35980
35981
35983
35984
35985
35986
35987
35988
35990
35991
35992
35993
35995
35997
35998
35999
36000
36001
36002
36005
36006
36007
36009
36010
36011
36012
36014
36015
36017
36018
36019
36020
36021
36022
36023
36024
36025
36027
36028
36030
36031
36034
36035
36036
36037
36038
36040
36041
36042
36043
36044
36045
36046
36047
36048
36049
36050
36053
36055
36056
36057
36059
36061
36062
36063
36065
36066
36067
36070
36071
36072
36074
36078
36079
36080
36081
36084
36087
36090
36092
36093
36094
36097
36101
36102
36104
36105
36106
36107
36108
36109
36110
36111
36113
36116
36118
36119
36121
36122
36123
36126
36127
36128
36131
36132
36134
36135
36138
36142
36143
36145
36146
36147
36149
36150
36151
36152
36153
36154
36156
36157
36159
36161
36162
36163
36165
36166
36169
36170
36171
36174
36175
36179
36180
36181
36182
36183
36184
36185
36186
36188
36189
36191
36192
36193
36197
36199
36200
36202
36205
36206
36207
36212
36218
36219
36221
36222
36223
36224
36225
36227
36229
36230
36231
36232
36233
36234
36235
36237
36238
36240
36241
36242
36243
36245
36248
36250
36251
36252
36254
36255
36256
36257
36259
36260
36261
36264
36265
36266
36267
36268
36270
36271
36273
36275
36278
36279
36280
36281
36282
36283
36284
36285
36287
36288
36291
36293
36294
36297
36299
36300
36302
36305
36306
36307
36309
36311
36312
36314
36316
36317
36321
36322
36323
36324
36326
36328
36329
36330
36332
36333
36334
36337
36338
36341
36342
36343
36344
36345
36346
36347
36348
36349
36351
36353
36354
36356
36360
36362
36363
36364
36367
36368
36369
36371
36372
36373
36375
36376
36377
36378
36379
36380
36384
36386
36387
36388
36390
36391
36394
36396
36397
36398
36399
36400
36403
36405
36406
36409
36410
36411
36414
36416
36417
36418
36419
36420
36421
36424
36425
36426
36427
36429
36431
36434
36436
36437
36438
36439
36440
36441
36442
36444
36445
36447
36448
36449
36451
36456
36458
36459
36460
36461
36462
36466
36468
36469
36470
36471
36474
36475
36476
36478
36479
36480
36481
36482
36486
36489
36495
36497
36498
36499
36501
36503
36504
36507
36509
36510
36511
36512
36514
36518
36519
36521
36522
36524
36525
36526
36527
36529
36530
36532
36534
36535
36536
36538
36539
36541
36542
36546
36549
36551
36552
36553
36554
36555
36557
36560
36563
36564
36566
36569
36571
36572
36573
36574
36575
36577
36579
36580
36585
36588
36589
36590
36591
36593
36595
36598
36600
36601
36606
36609
36613
36614
36618
36619
36620
36621
36624
36625
36626
36630
36632
36637
36638
36639
36640
36644
36645
36646
36652
36656
36658
36659
36662
36664
36665
36666
36667
36668
36669
36670
36671
36672
36674
36675
36676
36677
36679
36680
36681
36682
36683
36684
36686
36687
36688
36690
36692
36697
36698
36699
36701
36702
36704
36706
36707
36708
36711
36712
36713
36714
36716
36717
36718
36720
36727
36728
36730
36731
36732
36733
36734
36735
36736
36738
36740
36741
36743
36745
36746
36747
36748
36749
36750
36752
36754
36755
36756
36758
36759
36760
36761
36767
36768
36771
36773
36774
36775
36776
36777
36779
36780
36782
36783
36784
36785
36786
36787
36790
36791
36792
36793
36794
36795
36796
36798
36799
36802
36804
36807
36808
36810
36811
36812
36813
36814
36815
36816
36822
36823
36824
36825
36827
36829
36831
36832
36833
36834
36835
36837
36838
36839
36841
36843
36844
36845
36846
36847
36848
36849
36850
36852
36855
36856
36857
36859
36860
36861
36862
36863
36864
36865
36868
36869
36870
36871
36876
36877
36879
36880
36881
36883
36885
36886
36887
36888
36889
36890
36892
36893
36896
36897
36899
36900
36901
36902
36903
36904
36906
36907
36908
36909
36910
36911
36912
36913
36915
36916
36917
36918
36919
36920
36922
36923
36925
36927
36928
36929
36932
36933
36934
36935
36938
36940
36942
36943
36944
36945
36946
36947
36949
36950
36955
36956
36957
36961
36962
36966
36968
36969
36970
36972
36974
36976
36979
36981
36982
36983
36984
36985
36986
36987
36988
36989
36990
36991
36992
36994
36997
36998
37000
37003
37004
37005
37007
37008
37009
37011
37013
37014
37016
37018
37020
37021
37022
37024
37025
37026
37027
37028
37031
37032
37035
37038
37039
37040
37042
37043
37045
37046
37047
37048
37049
37050
37051
37052
37056
37057
37058
37059
37060
37061
37062
37063
37064
37066
37068
37069
37070
37071
37073
37074
37075
37078
37079
37080
37081
37083
37084
37085
37086
37087
37088
37090
37091
37093
37097
37098
37100
37101
37102
37103
37104
37107
37108
37110
37112
37113
37114
37115
37116
37117
37118
37119
37120
37124
37125
37127
37128
37129
37131
37132
37133
37135
37139
