2
5
6
9
10
14
20
23
24
26
29
37
39
44
47
56
57
59
62
64
65
74
89
94
96
97
99
100
101
102
103
104
105
107
108
111
112
114
116
117
118
121
124
125
130
132
135
136
137
142
144
145
146
149
155
156
157
158
162
164
165
167
168
170
176
179
182
185
189
190
200
202
204
206
210
216
232
233
234
240
242
244
245
257
260
261
264
265
290
293
294
298
307
313
318
321
323
340
349
351
355
356
361
362
372
380
387
395
401
410
413
417
425
432
434
442
444
448
449
458
459
461
464
466
467
469
477
478
483
485
493
496
498
506
508
511
517
529
548
551
552
579
582
588
589
600
601
609
612
618
627
629
631
637
638
644
654
668
669
671
674
675
676
677
680
681
682
683
684
685
686
687
688
689
690
691
692
693
694
695
696
697
698
702
703
704
705
706
707
708
709
710
711
712
713
714
716
717
718
720
721
722
724
726
728
729
731
732
733
735
737
738
739
740
742
743
744
747
748
751
752
755
756
757
758
759
761
762
763
764
767
768
770
771
775
776
778
780
781
782
784
785
788
789
791
792
794
795
796
798
799
801
804
807
810
811
812
813
814
815
816
818
819
820
827
828
829
832
833
834
835
836
837
840
845
846
849
850
851
852
858
859
862
863
864
865
868
869
875
878
879
881
882
883
884
885
886
887
888
892
893
894
895
896
898
899
901
902
903
904
906
907
908
909
910
912
914
915
918
921
922
923
925
927
928
929
930
931
932
933
935
937
938
939
942
944
945
946
947
948
950
951
952
954
955
956
957
958
959
960
962
963
964
966
967
971
974
975
976
977
979
980
982
985
986
987
989
990
992
994
995
996
1001
1006
1007
1008
1009
1010
1014
1016
1019
1020
1026
1027
1028
1029
1031
1037
1040
1041
1043
1045
1046
1048
1050
1051
1054
1055
1056
1061
1063
1068
1069
1072
1073
1074
1075
1077
1081
1082
1084
1086
1087
1089
1093
1096
1097
1098
1104
1109
1111
1113
1116
1117
1120
1121
1123
1124
1125
1128
1133
1134
1135
1136
1142
1143
1144
1148
1149
1150
1162
1164
1165
1166
1168
1169
1172
1174
1175
1176
1177
1183
1186
1191
1194
1197
1199
1203
1204
1205
1206
1207
1209
1210
1211
1215
1217
1219
1221
1222
1223
1224
1228
1229
1230
1232
1233
1234
1237
1239
1241
1243
1250
1252
1253
1256
1258
1259
1261
1266
1268
1269
1270
1271
1272
1273
1275
1277
1278
1281
1282
1283
1286
1287
1296
1300
1301
1304
1308
1309
1310
1312
1313
1317
1319
1321
1323
1326
1327
1329
1330
1331
1333
1334
1335
1338
1349
1350
1353
1356
1358
1359
1361
1362
1363
1368
1369
1370
1375
1376
1379
1380
1381
1383
1384
1386
1391
1393
1394
1395
1396
1397
1398
1399
1400
1402
1403
1406
1408
1409
1410
1411
1412
1414
1415
1416
1418
1420
1421
1425
1428
1429
1430
1431
1436
1437
1440
1441
1446
1448
1449
1453
1455
1458
1461
1463
1466
1470
1476
1477
1478
1479
1480
1482
1483
1486
1487
1488
1492
1494
1495
1497
1499
1501
1504
1508
1509
1512
1513
1517
1518
1520
1522
1523
1524
1526
1529
1532
1533
1534
1536
1537
1538
1540
1542
1543
1544
1552
1554
1555
1557
1559
1560
1561
1562
1563
1567
1568
1569
1570
1572
1576
1579
1585
1587
1589
1592
1593
1596
1598
1600
1605
1606
1609
1610
1612
1613
1614
1615
1617
1621
1623
1626
1637
1638
1641
1645
1646
1648
1651
1653
1657
1662
1664
1665
1670
1673
1674
1679
1682
1683
1685
1686
1690
1691
1692
1693
1709
1711
1713
1720
1722
1723
1725
1726
1728
1729
1734
1736
1737
1746
1749
1753
1759
1761
1762
1763
1764
1765
1766
1767
1768
1769
1771
1774
1775
1781
1782
1785
1787
1788
1789
1792
1798
1804
1806
1807
1813
1817
1819
1820
1822
1823
1834
1839
1843
1844
1851
1852
1855
1858
1861
1865
1866
1874
1875
1878
1882
1883
1884
1887
1888
1889
1890
1892
1895
1902
1905
1906
1907
1908
1910
1916
1918
1924
1926
1930
1931
1933
1937
1940
1944
1945
1946
1948
1950
1952
1955
1956
1959
1961
1962
1967
1968
1972
1973
1976
1977
1978
1985
1987
1988
1995
1996
1998
2005
2009
2012
2015
2017
2018
2021
2026
2027
2029
2031
2032
2033
2038
2040
2044
2045
2050
2053
2054
2070
2073
2078
2079
2082
2085
2086
2088
2092
2096
2098
2105
2106
2108
2112
2113
2116
2119
2125
2133
2135
2137
2143
2147
2148
2150
2153
2161
2163
2165
2166
2168
2169
2170
2172
2175
2183
2185
2196
2197
2200
2201
2206
2212
2214
2218
2220
2230
2233
2240
2242
2244
2248
2249
2252
2256
2257
2259
2260
2261
2264
2270
2274
2282
2283
2288
2290
2302
2307
2310
2313
2314
2318
2319
2320
2325
2327
2328
2329
2333
2341
2343
2346
2351
2352
2356
2361
2363
2365
2368
2375
2377
2378
2381
2382
2383
2387
2388
2389
2391
2394
2395
2397
2400
2401
2403
2404
2406
2407
2410
2416
2418
2420
2422
2427
2428
2430
2432
2435
2436
2439
2442
2443
2444
2445
2448
2451
2455
2457
2459
2461
2462
2463
2469
2475
2476
2480
2481
2486
2487
2488
2489
2490
2491
2492
2493
2494
2495
2496
2497
2499
2500
2502
2504
2505
2506
2507
2508
2509
2510
2512
2513
2514
2515
2517
2518
2519
2520
2521
2522
2524
2525
2526
2527
2528
2529
2530
2531
2532
2534
2535
2537
2538
2539
2541
2542
2543
2544
2545
2546
2547
2548
2549
2550
2551
2552
2553
2554
2556
2557
2558
2559
2561
2562
2563
2564
2565
2566
2568
2569
2570
2571
2572
2573
2574
2576
2578
2579
2581
2582
2583
2584
2585
2588
2590
2591
2592
2593
2597
2598
2599
2600
2601
2602
2603
2604
2607
2608
2610
2612
2613
2614
2615
2616
2617
2618
2619
2620
2621
2623
2624
2625
2626
2628
2629
2630
2631
2633
2634
2635
2636
2637
2641
2643
2644
2645
2646
2648
2649
2650
2651
2652
2653
2654
2655
2657
2658
2659
2660
2661
2666
2667
2668
2670
2672
2675
2676
2677
2678
2679
2682
2683
2684
2686
2687
2688
2689
2690
2691
2692
2693
2694
2695
2696
2697
2698
2699
2700
2701
2702
2703
2704
2707
2708
2709
2710
2711
2712
2716
2717
2718
2719
2720
2721
2722
2723
2724
2725
2726
2727
2729
2730
2731
2733
2736
2738
2739
2740
2743
2746
2747
2753
2755
2758
2759
2760
2761
2762
2763
2764
2766
2767
2768
2769
2773
2775
2776
2779
2780
2781
2782
2783
2786
2788
2789
2794
2795
2799
2800
2805
2806
2807
2808
2809
2810
2812
2813
2815
2816
2818
2820
2821
2822
2824
2825
2826
2829
2830
2831
2832
2833
2837
2842
2843
2846
2848
2849
2852
2853
2855
2858
2859
2860
2861
2864
2865
2867
2868
2869
2870
2872
2873
2874
2876
2880
2883
2884
2885
2886
2887
2888
2890
2894
2895
2896
2897
2898
2899
2901
2902
2904
2906
2907
2909
2910
2911
2913
2914
2915
2917
2919
2922
2923
2928
2929
2930
2934
2935
2937
2938
2940
2941
2942
2943
2946
2947
2949
2950
2954
2957
2958
2959
2964
2965
2966
2967
2968
2970
2973
2975
2976
2979
2980
2981
2986
2987
2989
2990
2991
2992
2993
2994
2996
2998
2999
3000
3001
3002
3003
3004
3010
3012
3015
3016
3017
3018
3022
3023
3025
3026
3029
3030
3032
3033
3035
3036
3037
3038
3039
3045
3046
3047
3048
3049
3050
3052
3053
3054
3056
3057
3060
3061
3063
3064
3069
3073
3076
3077
3078
3080
3082
3083
3087
3089
3090
3094
3098
3099
3100
3101
3102
3106
3110
3111
3113
3115
3121
3123
3126
3127
3128
3134
3135
3138
3145
3146
3149
3150
3151
3152
3154
3159
3162
3164
3165
3167
3168
3172
3175
3176
3177
3179
3180
3184
3185
3187
3189
3190
3192
3194
3195
3200
3205
3206
3210
3219
3220
3222
3228
3232
3234
3238
3240
3241
3244
3245
3247
3248
3250
3251
3252
3253
3254
3257
3258
3260
3261
3263
3266
3268
3269
3276
3277
3278
3279
3280
3282
3283
3286
3287
3288
3290
3294
3297
3298
3299
3301
3303
3305
3306
3307
3310
3312
3315
3317
3318
3320
3321
3322
3324
3325
3326
3328
3330
3332
3334
3337
3338
3340
3341
3344
3346
3348
3349
3351
3360
3361
3362
3363
3364
3365
3368
3370
3371
3373
3375
3376
3378
3379
3382
3384
3387
3388
3389
3390
3392
3393
3396
3397
3398
3402
3404
3405
3406
3407
3411
3412
3413
3414
3415
3417
3418
3422
3423
3424
3425
3426
3427
3429
3430
3434
3435
3437
3438
3439
3442
3444
3450
3454
3457
3458
3459
3460
3461
3462
3463
3466
3467
3468
3471
3472
3473
3474
3477
3478
3481
3482
3483
3485
3487
3488
3491
3492
3493
3494
3496
3497
3501
3502
3505
3508
3509
3512
3514
3517
3519
3521
3522
3524
3525
3526
3530
3531
3532
3534
3535
3536
3537
3539
3540
3544
3545
3549
3550
3552
3555
3556
3557
3558
3559
3561
3562
3564
3565
3566
3567
3568
3569
3570
3571
3574
3577
3578
3581
3583
3584
3585
3588
3590
3591
3593
3595
3597
3599
3600
3602
3603
3604
3605
3606
3607
3608
3609
3610
3612
3614
3615
3617
3618
3620
3622
3623
3625
3626
3628
3629
3631
3632
3634
3635
3637
3640
3642
3643
3644
3647
3650
3652
3653
3657
3658
3660
3661
3663
3665
3666
3667
3670
3671
3672
3673
3674
3675
3676
3677
3678
3679
3682
3684
3688
3690
3691
3692
3693
3694
3695
3696
3698
3699
3700
3702
3703
3705
3707
3708
3709
3710
3712
3713
3733
3734
3740
3748
3749
3751
3752
3758
3761
3762
3763
3765
3766
3767
3768
3769
3771
3773
3778
3780
3781
3782
3783
3787
3788
3789
3790
3792
3793
3794
3795
3797
3798
3801
3802
3803
3804
3805
3810
3812
3813
3814
3815
3816
3817
3818
3819
3820
3822
3823
3824
3825
3826
3827
3828
3829
3830
3832
3833
3837
3838
3839
3840
3844
3845
3850
3851
3855
3857
3858
3859
3861
3865
3866
3869
3872
3873
3874
3875
3876
3877
3880
3881
3882
3893
3899
3904
3910
3917
3920
3921
3926
3927
3928
3930
3933
3935
3940
3943
3944
3946
3947
3948
3951
3952
3959
3960
3961
3972
3974
3976
3982
3983
3985
3986
3989
3990
3995
3996
3998
4010
4012
4015
4021
4032
4033
4035
4036
4038
4041
4046
4063
4066
4068
4070
4071
4073
4074
4082
4084
4086
4091
4094
4102
4109
4112
4115
4118
4121
4125
4132
4137
4139
4141
4145
4148
4149
4150
4152
4153
4156
4163
4173
4176
4178
4179
4180
4183
4194
4196
4200
4202
4203
4207
4211
4212
4213
4222
4224
4231
4233
4235
4236
4242
4243
4246
4249
4251
4265
4267
4270
4276
4285
4286
4287
4292
4295
4300
4301
4304
4308
4312
4313
4316
4318
4320
4325
4331
4334
4339
4341
4347
4357
4365
4367
4370
4372
4384
4387
4388
4389
4390
4391
4392
4393
4394
4395
4396
4397
4398
4399
4400
4401
4402
4403
4404
4405
4406
4407
4408
4410
4411
4414
4415
4417
4421
4422
4423
4425
4427
4428
4429
4430
4431
4432
4433
4435
4436
4439
4440
4441
4442
4446
4448
4449
4451
4452
4453
4455
4458
4463
4465
4466
4468
4470
4471
4472
4473
4474
4476
4477
4478
4479
4480
4481
4482
4483
4484
4485
4486
4487
4488
4489
4490
4492
4493
4494
4495
4497
4498
4499
4500
4501
4502
4503
4505
4506
4509
4510
4512
4513
4514
4515
4516
4517
4518
4519
4520
4521
4522
4525
4526
4527
4529
4532
4534
4535
4537
4538
4539
4543
4544
4545
4547
4548
4549
4550
4551
4552
4553
4554
4555
4556
4557
4558
4559
4560
4566
4567
4570
4571
4572
4576
4578
4579
4581
4582
4584
4585
4586
4588
4590
4592
4597
4598
4599
4600
4601
4602
4603
4604
4606
4607
4608
4610
4611
4612
4614
4615
4616
4618
4622
4623
4625
4626
4629
4630
4633
4636
4637
4639
4640
4641
4642
4644
4646
4648
4649
4651
4652
4653
4654
4659
4661
4664
4665
4666
4668
4669
4670
4671
4672
4675
4677
4678
4679
4683
4685
4686
4688
4689
4690
4691
4694
4696
4697
4698
4701
4702
4703
4704
4706
4708
4709
4711
4713
4714
4715
4717
4718
4720
4721
4722
4723
4725
4726
4727
4728
4729
4730
4731
4733
4734
4736
4737
4740
4742
4744
4746
4748
4749
4750
4751
4752
4754
4755
4758
4759
4760
4762
4764
4765
4767
4769
4770
4771
4775
4777
4778
4779
4783
4785
4787
4788
4790
4791
4792
4793
4794
4795
4796
4798
4800
4801
4802
4803
4805
4806
4807
4808
4810
4811
4812
4814
4815
4816
4819
4820
4823
4824
4825
4827
4828
4832
4837
4838
4840
4843
4846
4847
4848
4849
4853
4855
4856
4857
4859
4861
4863
4865
4866
4869
4871
4875
4877
4878
4879
4880
4883
4888
4891
4892
4895
4898
4901
4903
4905
4907
4910
4913
4914
4917
4918
4920
4921
4922
4923
4924
4925
4930
4931
4934
4935
4937
4938
4939
4940
4941
4942
4944
4948
4950
4951
4952
4953
4954
4955
4958
4964
4965
4966
4967
4969
4972
4973
4974
4977
4980
4982
4984
4985
4986
4987
4991
5000
5001
5002
5003
5006
5008
5012
5013
5014
5015
5016
5019
5020
5022
5023
5024
5025
5026
5030
5033
5034
5035
5036
5037
5038
5039
5040
5042
5043
5044
5045
5048
5049
5050
5051
5052
5053
5056
5057
5059
5061
5062
5064
5066
5069
5070
5073
5077
5082
5084
5085
5087
5088
5089
5090
5091
5093
5094
5095
5096
5097
5100
5101
5105
5107
5108
5110
5111
5112
5116
5117
5119
5120
5122
5123
5124
5130
5131
5135
5143
5144
5147
5151
5153
5155
5157
5158
5160
5162
5164
5166
5171
5172
5174
5175
5176
5179
5181
5188
5189
5191
5192
5197
5200
5202
5203
5204
5206
5208
5209
5210
5211
5213
5214
5217
5221
5222
5223
5226
5227
5229
5230
5231
5232
5233
5234
5236
5237
5238
5240
5243
5247
5248
5250
5253
5256
5257
5260
5266
5268
5271
5273
5274
5277
5278
5281
5282
5283
5284
5286
5288
5291
5292
5293
5294
5295
5296
5298
5299
5300
5301
5302
5304
5305
5307
5308
5312
5313
5315
5316
5317
5318
5320
5321
5322
5323
5324
5327
5328
5329
5330
5331
5332
5334
5335
5339
5340
5342
5343
5344
5347
5348
5351
5352
5355
5356
5357
5360
5362
5363
5365
5366
5368
5369
5370
5377
5379
5380
5381
5384
5385
5386
5387
5390
5391
5393
5395
5396
5397
5400
5401
5403
5408
5409
5411
5412
5414
5418
5423
5426
5430
5433
5434
5436
5437
5438
5439
5440
5442
5448
5449
5450
5451
5453
5459
5460
5461
5462
5465
5467
5468
5469
5474
5475
5477
5479
5480
5481
5482
5490
5491
5494
5502
5503
5506
5507
5508
5509
5510
5511
5513
5515
5518
5519
5520
5523
5525
5526
5527
5530
5531
5533
5534
5535
5536
5538
5540
5544
5546
5548
5549
5553
5556
5561
5563
5565
5566
5567
5568
5570
5572
5576
5579
5580
5581
5588
5591
5592
5597
5598
5600
5605
5606
5607
5609
5611
5614
5616
5619
5620
5621
5622
5624
5626
5628
5630
5634
5637
5640
5642
5643
5646
5651
5653
5654
5660
5662
5666
5668
5669
5672
5675
5676
5677
5679
5680
5681
5682
5686
5687
5688
5689
5692
5694
5695
5696
5700
5705
5707
5711
5714
5715
5718
5721
5726
5732
5735
5737
5739
5741
5742
5743
5751
5752
5753
5754
5755
5759
5760
5761
5764
5765
5766
5767
5769
5771
5777
5781
5782
5787
5794
5795
5806
5812
5813
5816
5822
5824
5826
5827
5831
5836
5838
5840
5843
5846
5849
5850
5851
5856
5857
5860
5861
5864
5865
5870
5871
5873
5875
5877
5882
5884
5885
5886
5888
5889
5895
5899
5903
5904
5905
5908
5911
5912
5915
5920
5922
5925
5926
5928
5937
5938
5942
5943
5945
5951
5952
5953
5955
5958
5960
5961
5962
5965
5968
5972
5973
5974
5977
5978
5982
5983
5987
5989
5991
5992
5996
5997
5999
6000
6001
6003
6006
6009
6011
6012
6013
6014
6015
6017
6021
6022
6025
6027
6028
6030
6033
6034
6041
6042
6043
6047
6048
6051
6055
6057
6058
6061
6063
6065
6067
6071
6076
6077
6079
6080
6081
6083
6085
6086
6087
6088
6089
6090
6092
6095
6096
6097
6098
6100
6101
6102
6103
6104
6105
6106
6108
6109
6111
6114
6115
6116
6117
6118
6119
6121
6124
6125
6129
6130
6135
6136
6137
6142
6143
6147
6148
6149
6152
6154
6156
6157
6158
6159
6161
6162
6163
6165
6169
6170
6171
6174
6175
6176
6177
6183
6184
6190
6193
6194
6198
6199
6201
6202
6203
6204
6205
6207
6208
6209
6211
6212
6213
6214
6215
6216
6217
6218
6219
6220
6222
6223
6224
6225
6226
6227
6228
6229
6230
6232
6234
6238
6239
6240
6241
6242
6243
6244
6246
6247
6248
6249
6250
6251
6252
6253
6254
6255
6256
6257
6258
6260
6262
6263
6264
6265
6266
6267
6268
6270
6271
6273
6274
6275
6276
6277
6278
6279
6280
6282
6283
6284
6285
6287
6288
6289
6290
6291
6293
6294
6295
6296
6297
6298
6299
6300
6302
6303
6304
6305
6306
6308
6309
6310
6311
6312
6313
6315
6316
6317
6318
6319
6320
6321
6322
6324
6325
6326
6327
6328
6329
6330
6333
6334
6335
6337
6338
6340
6341
6342
6343
6345
6347
6348
6349
6350
6351
6352
6353
6354
6355
6356
6358
6361
6362
6363
6366
6367
6369
6370
6371
6372
6373
6378
6379
6380
6382
6383
6384
6386
6387
6388
6389
6390
6391
6392
6393
6394
6395
6396
6397
6398
6399
6400
6403
6405
6406
6407
6408
6409
6410
6411
6412
6413
6414
6415
6417
6419
6420
6422
6423
6425
6427
6428
6429
6430
6431
6432
6433
6434
6435
6436
6438
6439
6440
6442
6443
6444
6445
6447
6448
6449
6450
6451
6452
6453
6454
6456
6457
6458
6460
6461
6462
6463
6464
6467
6468
6469
6473
6474
6476
6477
6478
6480
6482
6485
6486
6487
6488
6490
6492
6493
6494
6495
6506
6507
6509
6511
6512
6513
6514
6516
6518
6519
6520
6522
6523
6525
6526
6527
6529
6530
6532
6533
6534
6535
6536
6539
6540
6541
6543
6544
6547
6548
6551
6552
6553
6554
6555
6556
6558
6559
6560
6562
6563
6566
6567
6568
6569
6572
6573
6575
6579
6580
6582
6583
6584
6587
6588
6590
6592
6593
6594
6596
6597
6598
6599
6600
6602
6604
6608
6609
6610
6612
6613
6616
6618
6621
6623
6624
6625
6626
6627
6628
6629
6631
6632
6633
6634
6636
6639
6642
6644
6645
6648
6649
6651
6652
6654
6655
6656
6657
6658
6659
6660
6662
6663
6664
6667
6671
6673
6674
6675
6676
6680
6683
6684
6686
6687
6688
6689
6690
6692
6694
6695
6698
6700
6701
6702
6703
6704
6705
6706
6707
6708
6709
6710
6712
6713
6715
6717
6718
6722
6724
6725
6727
6730
6732
6735
6736
6737
6738
6739
6744
6746
6747
6750
6752
6754
6756
6758
6759
6762
6763
6766
6768
6769
6770
6775
6781
6790
6792
6795
6797
6800
6802
6803
6804
6805
6806
6808
6811
6813
6815
6816
6818
6820
6822
6824
6825
6830
6834
6837
6841
6842
6848
6852
6853
6863
6865
6868
6869
6872
6876
6878
6883
6884
6885
6886
6888
6890
6891
6892
6893
6894
6898
6899
6901
6904
6905
6906
6907
6909
6911
6914
6915
6918
6919
6920
6924
6926
6927
6928
6933
6940
6941
6943
6944
6946
6947
6948
6950
6953
6954
6955
6957
6958
6959
6960
6962
6963
6964
6966
6967
6968
6970
6971
6975
6976
6978
6980
6982
6985
6990
6991
6992
6993
6994
6996
6998
7000
7001
7004
7006
7008
7011
7013
7015
7016
7017
7019
7022
7026
7029
7030
7031
7036
7039
7040
7042
7043
7046
7048
7051
7052
7054
7055
7056
7058
7063
7065
7068
7072
7073
7074
7075
7078
7079
7080
7087
7089
7091
7094
7095
7096
7098
7099
7102
7106
7109
7110
7112
7119
7125
7127
7129
7135
7136
7139
7140
7141
7142
7143
7148
7149
7150
7151
7152
7153
7156
7159
7160
7161
7162
7164
7166
7170
7171
7173
7175
7176
7177
7181
7185
7186
7187
7188
7191
7198
7201
7202
7204
7206
7207
7208
7210
7211
7214
7215
7217
7218
7219
7222
7223
7226
7228
7229
7231
7235
7238
7243
7244
7245
7246
7248
7249
7251
7252
7254
7256
7258
7259
7264
7265
7269
7270
7271
7273
7275
7280
7281
7284
7285
7291
7292
7295
7297
7298
7299
7301
7302
7303
7306
7309
7310
7313
7314
7316
7317
7319
7320
7321
7323
7324
7326
7328
7331
7332
7336
7337
7339
7341
7343
7345
7348
7349
7350
7351
7354
7356
7357
7358
7359
7361
7364
7366
7367
7368
7369
7370
7371
7372
7374
7375
7376
7380
7381
7383
7384
7385
7386
7388
7389
7390
7391
7393
7396
7398
7401
7402
7404
7405
7406
7407
7408
7409
7410
7412
7413
7415
7416
7417
7418
7419
7420
7421
7422
7423
7425
7426
7427
7437
7445
7450
7454
7456
7460
7467
7473
7477
7482
7487
7494
7502
7503
7512
7518
7522
7523
7524
7525
7527
7528
7529
7530
7531
7532
7542
7543
7544
7549
7551
7554
7558
7561
7563
7568
7569
7572
7575
7583
7585
7586
7587
7590
7592
7596
7599
7604
7613
7617
7618
7630
7638
7642
7647
7655
7657
7668
7684
7686
7703
7723
7749
7755
7764
7772
7778
7781
7783
7797
7800
7802
7803
7823
7848
7856
7857
7870
7871
7878
7879
7883
7890
7894
7895
7897
7909
7916
7919
7927
7936
7947
7955
7957
7964
7973
7978
7994
7999
8000
8016
8027
8035
8057
8059
8064
8067
8071
8076
8087
8097
8098
8102
8104
8105
8108
8109
8110
8111
8112
8113
8114
8115
8116
8117
8119
8120
8121
8122
8126
8128
8130
8131
8133
8134
8139
8141
8143
8144
8145
8146
8147
8148
8149
8150
8152
8153
8154
8156
8157
8159
8160
8161
8162
8164
8166
8167
8168
8169
8170
8172
8174
8176
8178
8182
8184
8186
8187
8190
8192
8194
8197
8199
8200
8201
8202
8203
8205
8206
8207
8208
8209
8212
8213
8216
8217
8218
8219
8223
8224
8228
8229
8230
8232
8233
8235
8237
8241
8243
8245
8246
8249
8250
8252
8254
8258
8259
8261
8262
8263
8264
8265
8268
8271
8273
8274
8278
8279
8280
8286
8290
8291
8303
8304
8307
8311
8312
8316
8317
8319
8320
8322
8323
8328
8329
8332
8333
8337
8339
8341
8342
8346
8348
8349
8350
8351
8354
8355
8357
8358
8361
8365
8366
8367
8370
8371
8373
8377
8378
8379
8380
8381
8382
8383
8384
8386
8387
8389
8390
8391
8393
8394
8395
8396
8398
8399
8400
8405
8406
8407
8410
8414
8415
8416
8417
8418
8420
8422
8423
8427
8434
8436
8437
8438
8439
8443
8445
8448
8455
8456
8457
8459
8460
8464
8466
8468
8470
8472
8473
8479
8481
8489
8490
8491
8492
8495
8496
8498
8499
8500
8501
8502
8503
8505
8506
8512
8514
8515
8516
8521
8522
8525
8526
8528
8529
8531
8532
8533
8535
8537
8539
8541
8544
8545
8551
8552
8553
8556
8557
8558
8559
8562
8571
8572
8575
8577
8578
8579
8580
8584
8589
8590
8592
8600
8601
8602
8603
8605
8608
8609
8613
8614
8618
8622
8625
8627
8628
8631
8633
8635
8637
8638
8639
8644
8645
8647
8649
8650
8651
8653
8656
8661
8663
8664
8665
8667
8669
8672
8675
8677
8678
8680
8681
8684
8686
8687
8695
8696
8700
8701
8703
8706
8709
8712
8714
8715
8717
8719
8721
8722
8723
8724
8727
8728
8733
8734
8738
8739
8742
8747
8749
8752
8755
8757
8758
8762
8764
8766
8767
8770
8771
8772
8776
8779
8781
8786
8793
8796
8799
8800
8802
8803
8804
8807
8810
8814
8815
8824
8825
8831
8836
8838
8839
8844
8848
8849
8853
8864
8865
8874
8876
8877
8878
8883
8886
8890
8892
8894
8895
8896
8897
8902
8903
8905
8906
8910
8914
8916
8917
8922
8923
8925
8927
8931
8932
8935
8939
8940
8941
8942
8943
8947
8948
8953
8954
8963
8964
8965
8966
8968
8969
8979
8982
8983
8984
8990
8991
8996
8997
9002
9004
9006
9007
9008
9011
9013
9014
9015
9017
9020
9021
9022
9024
9027
9031
9033
9034
9035
9039
9043
9061
9065
9066
9070
9076
9081
9084
9091
9092
9093
9097
9100
9102
9104
9110
9114
9115
9116
9118
9124
9125
9126
9128
9130
9137
9148
9151
9152
9153
9154
9160
9175
9180
9187
9189
9190
9193
9195
9203
9204
9208
9213
9217
9224
9225
9226
9229
9233
9235
9237
9247
9248
9249
9250
9256
9267
9268
9270
9274
9275
9290
9294
9299
9301
9315
9324
9325
9334
9337
9344
9346
9367
9372
9373
9385
9386
9388
9389
9390
9395
9396
9399
9401
9403
9406
9407
9417
9418
9423
9425
9439
9447
9449
9451
9452
9453
9454
9455
9456
9457
9461
9466
9468
9473
9478
9482
9483
9491
9501
9506
9507
9508
9513
9524
9527
9538
9540
9541
9545
9554
9557
9563
9572
9578
9579
9589
9591
9593
9596
9597
9598
9599
9600
9605
9613
9618
9623
9626
9634
9640
9643
9667
9672
9674
9686
9689
9691
9697
9707
9708
9710
9719
9721
9722
9723
9724
9725
9726
9732
9735
9742
9747
9753
9756
9759
9761
9769
9774
9779
9780
9782
9783
9784
9789
9791
9794
9797
9802
9803
9808
9810
9815
9816
9817
9819
9821
9822
9824
9825
9828
9830
9831
9832
9835
9836
9837
9838
9842
9843
9846
9850
9855
9856
9857
9866
9870
9872
9879
9880
9881
9882
9883
9885
9887
9889
9893
9902
9903
9905
9909
9914
9915
9916
9917
9918
9920
9921
9922
9923
9925
9926
9927
9929
9930
9931
9932
9933
9934
9937
9938
9942
9943
9945
9947
9948
9949
9951
9952
9953
9954
9955
9956
9960
9962
9963
9964
9965
9966
9967
9969
9970
9971
9972
9974
9977
9978
9979
9980
9981
9982
9984
9986
9987
9989
9990
9991
9992
9994
9996
9997
9998
9999
10001
10002
10003
10004
10005
10006
10009
10010
10012
10013
10014
10016
10017
10018
10019
10020
10022
10023
10024
10025
10026
10027
10029
10030
10032
10033
10034
10035
10036
10038
10039
10040
10041
10042
10043
10044
10045
10046
10047
10048
10049
10050
10051
10052
10054
10055
10056
10058
10061
10064
10065
10066
10067
10069
10070
10072
10074
10075
10076
10077
10078
10080
10081
10082
10083
10085
10087
10088
10089
10092
10093
10096
10100
10103
10104
10106
10107
10109
10110
10113
10115
10117
10118
10119
10121
10122
10124
10125
10126
10128
10129
10130
10131
10134
10136
10137
10138
10139
10140
10145
10146
10147
10149
10150
10151
10152
10157
10158
10159
10161
10162
10163
10164
10166
10168
10169
10170
10171
10172
10173
10174
10175
10184
10186
10188
10190
10191
10193
10196
10197
10201
10202
10204
10205
10206
10207
10208
10212
10214
10215
10216
10217
10218
10221
10223
10225
10227
10228
10230
10231
10232
10234
10235
10237
10239
10240
10241
10243
10244
10246
10249
10250
10251
10252
10253
10255
10256
10257
10258
10261
10264
10265
10267
10269
10270
10272
10273
10274
10277
10280
10281
10282
10284
10286
10287
10288
10289
10290
10291
10293
10295
10296
10298
10299
10300
10301
10302
10304
10305
10308
10309
10311
10312
10313
10314
10315
10316
10318
10321
10323
10324
10325
10326
10327
10330
10332
10334
10335
10337
10339
10341
10343
10344
10345
10347
10349
10351
10354
10356
10358
10363
10365
10370
10371
10374
10375
10380
10381
10382
10385
10387
10389
10390
10393
10394
10396
10398
10402
10405
10407
10408
10409
10410
10411
10412
10414
10415
10417
10420
10422
10423
10424
10426
10427
10429
10430
10431
10436
10439
10440
10441
10443
10446
10457
10458
10461
10463
10464
10465
10468
10472
10473
10475
10477
10478
10479
10487
10491
10493
10496
10500
10502
10504
10508
10513
10515
10517
10518
10520
10522
10523
10525
10527
10532
10534
10536
10547
10548
10549
10550
10551
10555
10556
10557
10562
10573
10578
10579
10581
10582
10583
10585
10586
10587
10590
10595
10596
10597
10598
10600
10606
10607
10609
10614
10624
10625
10635
10636
10638
10639
10640
10650
10651
10655
10658
10660
10667
10668
10671
10674
10676
10679
10682
10684
10686
10688
10689
10690
10693
10694
10700
10704
10705
10706
10707
10708
10710
10716
10718
10719
10723
10724
10725
10727
10729
10731
10732
10735
10736
10743
10744
10745
10747
10751
10754
10756
10760
10762
10764
10765
10769
10772
10774
10777
10778
10779
10784
10786
10788
10791
10798
10799
10800
10803
10804
10809
10810
10812
10813
10816
10820
10821
10822
10825
10826
10831
10833
10835
10836
10840
10844
10846
10848
10849
10854
10864
10866
10867
10868
10874
10878
10879
10882
10885
10887
10888
10891
10892
10894
10895
10896
10898
10900
10901
10905
10906
10908
10913
10915
10916
10918
10919
10920
10925
10929
10930
10933
10934
10937
10940
10942
10944
10945
10947
10954
10958
10959
10960
10962
10963
10964
10965
10967
10968
10972
10973
10976
10977
10981
10983
10984
10986
10987
10988
10989
10993
10994
11002
11003
11006
11009
11011
11012
11013
11020
11021
11024
11025
11028
11030
11031
11032
11034
11035
11037
11040
11042
11044
11045
11046
11047
11049
11050
11051
11053
11057
11059
11062
11063
11065
11068
11070
11071
11072
11075
11084
11085
11086
11087
11088
11089
11090
11093
11094
11098
11100
11101
11102
11103
11104
11105
11108
11110
11112
11115
11116
11119
11120
11121
11122
11124
11126
11127
11131
11133
11135
11136
11139
11142
11143
11144
11147
11148
11151
11152
11168
11171
11173
11182
11189
11192
11202
11207
11208
11209
11216
11221
11226
11227
11232
11239
11243
11244
11245
11251
11252
11253
11256
11257
11258
11259
11260
11265
11267
11268
11269
11270
11271
11277
11278
11282
11284
11285
11287
11289
11293
11295
11299
11300
11301
11303
11304
11305
11306
11307
11310
11312
11321
11324
11330
11338
11343
11348
11353
11356
11358
11365
11368
11374
11382
11384
11387
11390
11394
11396
11398
11400
11401
11409
11415
11417
11419
11420
11426
11432
11433
11438
11443
11444
11447
11456
11461
11463
11494
11497
11501
11503
11505
11508
11511
11512
11522
11528
11530
11533
11534
11538
11543
11545
11547
11548
11552
11554
11555
11560
11569
11580
11584
11593
11603
11606
11622
11635
11640
11648
11650
11666
11669
11670
11677
11681
11687
11699
11717
11720
11735
11741
11744
11746
11751
11753
11770
11779
11781
11784
11796
11799
11811
11816
11818
11819
11821
11822
11823
11824
11825
11826
11827
11829
11830
11832
11833
11835
11836
11837
11838
11839
11840
11841
11842
11843
11844
11845
11849
11851
11852
11853
11854
11855
11856
11857
11858
11859
11860
11861
11862
11864
11867
11869
11870
11871
11873
11874
11876
11877
11879
11881
11882
11884
11886
11887
11888
11889
11890
11891
11892
11893
11894
11898
11900
11901
11902
11904
11905
11906
11907
11911
11913
11915
11917
11920
11923
11924
11927
11930
11931
11933
11937
11938
11939
11942
11943
11944
11949
11951
11952
11953
11954
11958
11962
11963
11965
11966
11972
11975
11976
11977
11978
11979
11980
11981
11984
11986
11988
11989
11990
11992
11994
11995
12000
12002
12004
12005
12006
12007
12008
12010
12014
12017
12018
12019
12020
12021
12022
12023
12024
12025
12026
12028
12032
12033
12034
12036
12038
12040
12042
12043
12046
12051
12052
12054
12056
12057
12058
12059
12065
12067
12069
12070
12073
12074
12075
12076
12079
12080
12081
12086
12090
12096
12097
12098
12099
12102
12104
12106
12108
12111
12114
12115
12116
12119
12120
12121
12124
12127
12129
12131
12133
12136
12137
12141
12143
12147
12148
12151
12155
12157
12158
12161
12162
12165
12168
12171
12172
12176
12178
12180
12182
12184
12188
12190
12192
12193
12197
12202
12203
12205
12207
12209
12211
12213
12214
12217
12219
12220
12223
12224
12225
12226
12229
12230
12233
12235
12236
12238
12240
12242
12243
12244
12245
12247
12249
12252
12253
12255
12256
12263
12265
12266
12267
12270
12271
12273
12274
12276
12278
12279
12280
12281
12282
12283
12285
12287
12288
12290
12294
12300
12301
12302
12304
12306
12307
12308
12309
12310
12313
12314
12316
12317
12319
12320
12322
12323
12331
12333
12336
12340
12344
12347
12349
12351
12352
12353
12354
12355
12357
12358
12359
12362
12364
12365
12373
12374
12376
12378
12379
12380
12383
12386
12394
12395
12397
12403
12407
12408
12410
12412
12413
12414
12415
12418
12419
12429
12430
12431
12433
12436
12439
12440
12441
12445
12447
12448
12450
12451
12453
12455
12463
12466
12467
12468
12469
12472
12473
12474
12475
12478
12480
12482
12485
12490
12491
12492
12493
12494
12495
12496
12497
12498
12500
12501
12506
12508
12509
12510
12511
12514
12516
12517
12518
12520
12528
12529
12530
12533
12534
12535
12538
12540
12541
12542
12543
12545
12548
12549
12551
12552
12553
12557
12558
12564
12566
12569
12570
12572
12575
12577
12578
12580
12581
12583
12587
12590
12592
12593
12594
12597
12600
12603
12604
12605
12607
12608
12609
12614
12619
12620
12621
12624
12630
12634
12636
12637
12640
12641
12643
12645
12652
12653
12654
12655
12659
12661
12666
12667
12669
12671
12672
12674
12675
12676
12678
12679
12681
12682
12692
12694
12697
12701
12703
12704
12706
12709
12711
12714
12716
12718
12719
12721
12725
12732
12735
12737
12738
12740
12741
12745
12746
12755
12756
12757
12758
12763
12765
12767
12771
12772
12775
12778
12781
12782
12784
12790
12793
12798
12801
12802
12803
12804
12806
12812
12815
12816
12821
12823
12824
12827
12828
12829
12830
12832
12835
12836
12839
12847
12848
12849
12851
12852
12854
12856
12862
12863
12864
12865
12868
12870
12873
12874
12877
12879
12885
12889
12891
12893
12898
12902
12904
12905
12907
12909
12925
12936
12937
12948
12949
12959
12961
12963
12966
12967
12968
12971
12975
12978
12986
12989
12990
12992
12993
12995
12997
13000
13004
13008
13015
13019
13028
13030
13037
13042
13044
13045
13046
13047
13050
13052
13053
13060
13063
13065
13067
13075
13077
13079
13081
13084
13085
13090
13092
13094
13096
13097
13100
13105
13107
13109
13112
13115
13116
13117
13120
13123
13135
13137
13139
13151
13156
13158
13165
13166
13167
13170
13171
13173
13174
13180
13188
13189
13195
13198
13199
13205
13206
13214
13215
13221
13226
13230
13231
13238
13246
13250
13253
13255
13256
13258
13264
13265
13268
13275
13279
13281
13288
13292
13302
13310
13311
13313
13317
13320
13325
13327
13331
13332
13333
13341
13345
13349
13358
13361
13371
13380
13383
13384
13386
13390
13391
13394
13409
13411
13417
13418
13421
13424
13428
13429
13430
13432
13439
13440
13441
13444
13449
13453
13458
13460
13461
13462
13467
13469
13473
13483
13486
13488
13493
13497
13498
13499
13501
13503
13505
13506
13512
13516
13519
13522
13524
13525
13529
13530
13531
13533
13536
13537
13538
13539
13543
13550
13552
13557
13558
13564
13565
13568
13570
13575
13577
13578
13580
13584
13585
13586
13587
13588
13589
13590
13593
13597
13598
13599
13604
13605
13607
13615
13616
13621
13626
13628
13629
13630
13631
13632
13633
13635
13636
13637
13639
13642
13643
13645
13646
13647
13648
13649
13651
13652
13653
13654
13656
13657
13658
13660
13661
13662
13663
13664
13666
13668
13669
13670
13671
13672
13674
13676
13678
13679
13680
13682
13683
13684
13685
13686
13688
13689
13690
13691
13692
13693
13694
13695
13696
13698
13699
13700
13701
13703
13704
13707
13708
13709
13710
13711
13712
13715
13716
13717
13718
13719
13720
13721
13723
13724
13726
13727
13728
13729
13730
13731
13732
13733
13734
13736
13738
13739
13740
13741
13743
13744
13746
13747
13749
13750
13752
13754
13755
13756
13757
13758
13759
13761
13762
13763
13765
13768
13769
13770
13772
13773
13775
13777
13778
13781
13782
13783
13784
13786
13789
13790
13794
13795
13797
13802
13803
13805
13806
13807
13810
13814
13816
13818
13820
13821
13822
13825
13826
13827
13828
13830
13831
13832
13833
13834
13835
13836
13837
13838
13839
13840
13841
13842
13843
13844
13845
13847
13848
13850
13851
13852
13853
13854
13855
13858
13859
13860
13863
13864
13865
13866
13868
13871
13873
13875
13877
13878
13880
13881
13882
13884
13885
13888
13889
13890
13895
13897
13898
13900
13901
13902
13903
13904
13905
13907
13908
13915
13916
13918
13919
13921
13922
13925
13926
13934
13935
13936
13937
13939
13941
13942
13944
13946
13948
13949
13951
13952
13955
13957
13960
13961
13964
13966
13967
13968
13970
13971
13972
13973
13976
13979
13980
13984
13987
13991
13992
13994
13996
13997
14003
14005
14007
14009
14010
14012
14014
14016
14018
14019
14020
14023
14025
14026
14028
14029
14032
14033
14036
14037
14038
14039
14040
14041
14045
14046
14047
14049
14050
14052
14055
14057
14059
14060
14061
14062
14063
14069
14070
14071
14072
14076
14079
14080
14082
14083
14084
14085
14086
14088
14089
14091
14092
14098
14101
14102
14104
14106
14108
14110
14112
14115
14117
14119
14122
14128
14130
14131
14134
14136
14137
14140
14143
14144
14145
14149
14153
14155
14157
14158
14160
14161
14164
14165
14166
14167
14169
14170
14172
14174
14175
14180
14184
14185
14190
14192
14195
14201
14202
14203
14205
14215
14216
14219
14220
14224
14225
14228
14230
14236
14237
14240
14241
14242
14243
14244
14246
14248
14250
14252
14253
14255
14257
14259
14265
14267
14268
14269
14270
14273
14274
14276
14280
14284
14291
14292
14294
14295
14296
14303
14304
14307
14309
14310
14312
14316
14321
14327
14332
14333
14337
14339
14342
14346
14353
14354
14355
14361
14362
14364
14365
14372
14374
14377
14381
14383
14384
14385
14386
14392
14393
14394
14395
14396
14397
14398
14399
14403
14408
14410
14413
14416
14417
14418
14420
14422
14423
14424
14427
14428
14429
14430
14436
14440
14441
14442
14443
14444
14446
14448
14449
14450
14454
14457
14458
14459
14460
14461
14464
14465
14470
14471
14474
14481
14486
14487
14488
14491
14493
14499
14503
14512
14519
14521
14522
14525
14526
14527
14530
14531
14532
14535
14540
14541
14546
14548
14549
14553
14554
14556
14557
14558
14560
14562
14563
14564
14566
14568
14570
14572
14575
14576
14577
14578
14581
14584
14588
14592
14593
14596
14599
14601
14602
14603
14605
14606
14608
14609
14612
14613
14614
14619
14626
14627
14628
14632
14634
14635
14637
14638
14639
14640
14643
14645
14656
14659
14661
14663
14671
14672
14673
14676
14677
14678
14681
14682
14685
14686
14687
14690
14694
14695
14697
14698
14699
14700
14701
14703
14704
14706
14707
14708
14709
14711
14713
14716
14720
14723
14726
14727
14730
14735
14738
14740
14741
14742
14743
14744
14748
14749
14752
14754
14755
14756
14759
14761
14764
14771
14773
14776
14778
14779
14785
14786
14789
14792
14794
14796
14797
14799
14800
14802
14803
14804
14805
14806
14809
14810
14811
14813
14816
14817
14820
14821
14824
14826
14829
14830
14833
14834
14836
14838
14840
14841
14843
14844
14845
14847
14848
14849
14850
14851
14855
14857
14860
14865
14866
14867
14868
14877
14885
14888
14889
14890
14892
14897
14899
14910
14917
14939
14946
14956
14957
14962
14964
14968
14973
14974
14979
14984
14988
14994
14996
14997
14999
15007
15016
15020
15024
15041
15042
15045
15048
15062
15063
15070
15075
15082
15096
15104
15117
15132
15144
15157
15160
15175
15183
15196
15205
15215
15225
15230
15236
15245
15257
15266
15268
15269
15283
15291
15299
15302
15309
15311
15312
15315
15317
15320
15336
15347
15361
15367
15373
15381
15383
15385
15388
15389
15390
15391
15392
15401
15407
15418
15424
15439
15443
15457
15460
15465
15481
15485
15490
15524
15534
15535
15536
15537
15538
15540
15542
15543
15545
15546
15547
15548
15549
15551
15552
15553
15555
15557
15558
15559
15560
15561
15562
15564
15566
15567
15569
15570
15572
15574
15575
15578
15579
15581
15582
15583
15584
15588
15589
15590
15593
15594
15595
15600
15602
15603
15605
15608
15610
15612
15615
15616
15618
15619
15620
15623
15624
15625
15626
15628
15629
15630
15631
15632
15635
15639
15641
15646
15647
15650
15651
15655
15656
15657
15659
15660
15661
15663
15664
15665
15666
15668
15670
15672
15674
15677
15679
15680
15684
15685
15686
15687
15688
15689
15691
15692
15693
15696
15698
15700
15701
15702
15703
15704
15708
15709
15712
15714
15718
15719
15720
15721
15723
15727
15729
15732
15734
15735
15739
15744
15745
15746
15748
15750
15751
15752
15754
15756
15757
15759
15760
15761
15765
15767
15771
15776
15777
15779
15780
15783
15789
15792
15793
15795
15797
15799
15807
15809
15810
15812
15813
15814
15815
15818
15819
15822
15823
15826
15828
15829
15831
15832
15835
15840
15841
15842
15843
15845
15847
15848
15851
15856
15857
15858
15863
15864
15868
15869
15874
15875
15877
15882
15885
15889
15896
15900
15904
15905
15906
15908
15910
15911
15915
15917
15918
15919
15923
15929
15930
15935
15936
15937
15940
15941
15943
15944
15947
15949
15950
15952
15953
15954
15956
15957
15958
15961
15963
15965
15967
15968
15969
15970
15973
15976
15977
15979
15980
15984
15987
15989
15992
15995
16001
16005
16008
16017
16018
16019
16020
16024
16033
16034
16038
16039
16043
16046
16047
16051
16054
16056
16061
16063
16064
16065
16067
16071
16073
16075
16079
16081
16082
16084
16085
16086
16092
16104
16107
16108
16109
16114
16115
16118
16119
16122
16124
16126
16129
16132
16133
16135
16138
16140
16142
16156
16159
16165
16169
16170
16172
16180
16181
16182
16186
16187
16188
16194
16195
16197
16200
16204
16207
16211
16212
16218
16219
16220
16221
16224
16226
16229
16230
16231
16232
16236
16237
16240
16242
16247
16252
16254
16259
16261
16264
16267
16272
16273
16274
16277
16281
16285
16288
16289
16292
16293
16294
16295
16297
16301
16304
16305
16307
16311
16313
16314
16317
16320
16321
16322
16323
16327
16328
16333
16334
16342
16344
16345
16350
16354
16355
16357
16369
16372
16374
16375
16376
16389
16391
16392
16394
16397
16399
16403
16405
16406
16408
16411
16412
16413
16417
16418
16420
16423
16424
16425
16428
16431
16432
16437
16442
16446
16449
16452
16455
16458
16461
16465
16466
16470
16472
16473
16477
16481
16485
16486
16490
16492
16493
16498
16500
16503
16508
16516
16518
16519
16521
16522
16526
16528
16532
16538
16549
16551
16555
16558
16563
16565
16567
16578
16579
16582
16588
16590
16591
16592
16593
16596
16605
16609
16615
16616
16618
16622
16624
16629
16635
16639
16641
16644
16648
16652
16654
16655
16660
16662
16663
16665
16673
16677
16684
16686
16695
16696
16698
16710
16711
16717
16722
16723
16726
16732
16737
16752
16753
16757
16760
16761
16762
16766
16768
16771
16772
16774
16779
16781
16784
16789
16792
16793
16804
16810
16812
16815
16818
16821
16823
16829
16831
16834
16836
16845
16846
16848
16851
16853
16868
16873
16874
16881
16882
16884
16885
16889
16892
16894
16899
16903
16906
16912
16913
16914
16917
16921
16929
16930
16935
16941
16948
16955
16958
16960
16964
16968
16969
16972
16973
16991
17000
17002
17007
17012
17019
17021
17024
17027
17028
17030
17041
17047
17057
17059
17061
17062
17068
17070
17085
17088
17089
17097
17104
17116
17120
17126
17131
17132
17135
17138
17139
17143
17153
17154
17156
17158
17159
17161
17171
17172
17174
17181
17183
17184
17186
17187
17189
17196
17197
17198
17199
17201
17202
17213
17217
17226
17231
17236
17237
17238
17239
17243
17244
17247
17248
17250
17253
17254
17257
17262
17263
17264
17266
17267
17268
17270
17273
17277
17278
17284
17285
17286
17288
17289
17291
17292
17295
17298
17299
17300
17302
17303
17307
17308
17310
17312
17313
17315
17317
17330
17333
17335
17337
17338
17342
17343
17344
17345
17346
17347
17349
17351
17352
17353
17354
17357
17359
17360
17362
17365
17366
17367
17368
17369
17370
17371
17372
17373
17374
17375
17376
17377
17378
17380
17382
17384
17386
17388
17390
17391
17392
17393
17394
17395
17396
17397
17398
17400
17401
17402
17405
17406
17407
17409
17410
17411
17412
17414
17415
17416
17417
17418
17419
17420
17421
17422
17424
17425
17426
17428
17429
17430
17432
17434
17435
17437
17438
17440
17442
17444
17446
17448
17450
17451
17452
17453
17454
17457
17458
17460
17461
17462
17463
17464
17466
17467
17468
17469
17470
17471
17472
17474
17475
17476
17478
17479
17480
17482
17483
17484
17485
17486
17487
17490
17492
17493
17497
17499
17500
17501
17502
17504
17506
17508
17509
17511
17513
17514
17516
17517
17519
17520
17522
17523
17524
17525
17527
17528
17532
17533
17534
17535
17537
17540
17544
17545
17546
17547
17549
17550
17552
17553
17554
17555
17556
17557
17558
17562
17563
17565
17566
17567
17574
17577
17578
17579
17580
17584
17585
17586
17587
17589
17590
17591
17592
17593
17594
17596
17599
17600
17602
17603
17604
17605
17607
17608
17609
17611
17614
17616
17618
17621
17624
17629
17631
17632
17636
17640
17642
17643
17644
17645
17646
17648
17651
17656
17657
17659
17667
17669
17671
17672
17674
17675
17678
17681
17682
17685
17686
17689
17691
17692
17693
17697
17698
17702
17703
17705
17706
17707
17708
17709
17710
17711
17717
17718
17719
17721
17722
17723
17724
17726
17727
17732
17734
17736
17739
17740
17741
17742
17744
17746
17747
17749
17753
17754
17755
17757
17758
17759
17760
17763
17764
17766
17767
17769
17771
17773
17774
17775
17776
17779
17781
17784
17787
17788
17789
17790
17791
17798
17799
17801
17803
17804
17805
17806
17810
17811
17815
17816
17817
17818
17820
17824
17825
17829
17830
17831
17837
17841
17842
17844
17845
17846
17847
17849
17850
17854
17856
17857
17859
17860
17861
17865
17866
17867
17869
17872
17874
17875
17878
17879
17885
17886
17888
17889
17891
17892
17894
17901
17904
17906
17908
17910
17912
17915
17917
17919
17921
17923
17929
17934
17938
17939
17943
17946
17951
17958
17960
17963
17964
17967
17971
17981
17983
17984
17990
18002
18010
18013
18015
18018
18020
18025
18030
18032
18035
18044
18046
18047
18048
18049
18051
18056
18057
18059
18062
18067
18069
18075
18076
18088
18091
18092
18095
18099
18101
18104
18106
18109
18112
18113
18114
18115
18117
18121
18124
18129
18130
18131
18132
18133
18134
18136
18141
18142
18144
18145
18146
18150
18151
18154
18157
18159
18162
18163
18164
18166
18167
18171
18174
18177
18178
18179
18181
18185
18187
18188
18193
18195
18197
18200
18204
18205
18207
18215
18216
18217
18218
18220
18221
18224
18225
18226
18229
18232
18241
18242
18244
18249
18254
18262
18263
18268
18270
18271
18272
18273
18274
18275
18277
18278
18279
18282
18283
18285
18291
18293
18295
18296
18302
18304
18306
18312
18313
18315
18316
18317
18318
18322
18323
18328
18329
18330
18331
18338
18339
18341
18342
18344
18346
18347
18348
18350
18351
18353
18359
18362
18365
18366
18368
18369
18371
18375
18377
18380
18386
18387
18388
18390
18391
18393
18395
18396
18398
18400
18401
18404
18405
18409
18411
18412
18413
18414
18415
18416
18417
18418
18420
18421
18425
18426
18427
18429
18430
18434
18437
18438
18441
18444
18446
18448
18449
18451
18455
18458
18459
18460
18462
18465
18468
18470
18472
18474
18478
18479
18480
18482
18487
18490
18491
18494
18498
18499
18500
18503
18505
18506
18507
18509
18511
18512
18513
18514
18515
18517
18522
18523
18525
18528
18530
18531
18532
18533
18535
18536
18538
18539
18540
18541
18543
18544
18547
18549
18550
18552
18554
18555
18558
18559
18561
18563
18564
18567
18568
18569
18570
18573
18575
18577
18591
18597
18602
18607
18610
18613
18619
18623
18624
18625
18626
18632
18640
18643
18645
18653
18655
18658
18660
18661
18671
18674
18676
18678
18680
18681
18682
18684
18689
18691
18699
18707
18710
18711
18712
18713
18715
18716
18719
18721
18724
18727
18728
18730
18733
18749
18760
18766
18775
18777
18786
18791
18793
18802
18825
18828
18834
18835
18849
18854
18861
18863
18874
18875
18877
18889
18893
18895
18896
18902
18908
18910
18923
18926
18930
18933
18940
18945
18956
18964
18968
18971
18975
18987
18995
18997
18999
19010
19012
19023
19029
19032
19033
19039
19040
19041
19047
19073
19088
19091
19093
19098
19101
19110
19120
19127
19129
19133
19135
19139
19141
19147
19156
19169
19170
19179
19189
19193
19199
19206
19212
19215
19231
19239
19244
19245
19246
19247
19248
19249
19250
19251
19252
19253
19254
19257
19261
19262
19263
19265
19266
19267
19269
19271
19272
19273
19274
19275
19277
19278
19279
19280
19281
19283
19284
19285
19287
19288
19290
19291
19292
19293
19295
19299
19301
19305
19307
19308
19310
19312
19314
19316
19318
19320
19323
19326
19327
19328
19330
19331
19333
19335
19336
19337
19338
19339
19342
19343
19344
19345
19346
19349
19350
19351
19352
19353
19354
19356
19357
19358
19359
19360
19361
19362
19363
19364
19365
19366
19368
19369
19371
19372
19373
19374
19377
19378
19379
19380
19381
19383
19384
19386
19388
19389
19390
19391
19392
19393
19394
19395
19398
19400
19401
19402
19403
19405
19406
19407
19410
19412
19413
19414
19415
19418
19419
19420
19421
19422
19423
19424
19426
19428
19429
19432
19435
19437
19450
19451
19452
19453
19459
19462
19464
19465
19466
19468
19470
19471
19472
19473
19474
19477
19478
19479
19481
19482
19484
19486
19487
19488
19489
19495
19497
19498
19499
19500
19501
19502
19504
19505
19506
19508
19509
19510
19511
19512
19515
19524
19526
19527
19528
19529
19531
19532
19533
19535
19536
19537
19539
19541
19542
19549
19552
19553
19554
19555
19556
19557
19562
19565
19568
19569
19570
19571
19572
19573
19574
19575
19577
19579
19580
19582
19583
19586
19587
19588
19589
19590
19599
19600
19601
19607
19610
19611
19612
19614
19616
19618
19620
19621
19623
19625
19628
19631
19632
19634
19637
19640
19641
19642
19643
19644
19647
19649
19651
19653
19654
19655
19656
19657
19658
19661
19663
19664
19667
19668
19670
19671
19672
19673
19675
19676
19679
19680
19681
19682
19683
19686
19691
19693
19694
19697
19698
19701
19702
19703
19710
19713
19714
19715
19717
19720
19721
19722
19726
19731
19732
19734
19737
19738
19741
19743
19744
19747
19748
19756
19761
19765
19766
19767
19768
19769
19770
19772
19777
19778
19780
19781
19785
19786
19787
19788
19789
19791
19793
19797
19800
19803
19804
19807
19808
19809
19810
19811
19817
19820
19821
19822
19823
19828
19830
19834
19835
19836
19840
19841
19842
19843
19844
19846
19847
19849
19850
19852
19853
19855
19856
19857
19860
19864
19866
19867
19870
19871
19873
19875
19878
19882
19883
19886
19890
19891
19894
19895
19900
19901
19902
19904
19907
19908
19917
19918
19919
19922
19923
19924
19928
19929
19935
19936
19938
19941
19943
19944
19945
19946
19948
19950
19951
19956
19957
19958
19960
19961
19966
19968
19974
19978
19979
19980
19981
19982
19984
19985
19986
19989
19994
19997
19998
19999
20000
20002
20003
20005
20006
20007
20008
20009
20011
20013
20015
20016
20018
20024
20025
20027
20028
20029
20030
20031
20032
20033
20035
20036
20038
20039
20042
20045
20046
20047
20048
20049
20052
20055
20058
20064
20066
20067
20068
20069
20072
20074
20077
20080
20082
20083
20084
20085
20087
20088
20094
20095
20097
20099
20103
20105
20106
20107
20109
20110
20115
20125
20127
20130
20133
20134
20137
20138
20139
20140
20143
20144
20146
20147
20150
20152
20153
20157
20160
20161
20163
20164
20165
20168
20169
20173
20183
20185
20187
20188
20190
20191
20193
20198
20199
20201
20206
20207
20208
20209
20211
20212
20214
20218
20227
20228
20229
20233
20235
20243
20248
20249
20252
20253
20255
20256
20257
20260
20262
20263
20265
20267
20268
20269
20271
20277
20279
20280
20285
20286
20290
20292
20293
20294
20296
20297
20298
20299
20304
20305
20306
20307
20311
20313
20314
20315
20316
20317
20321
20323
20327
20329
20330
20331
20332
20333
20334
20336
20337
20340
20343
20345
20346
20353
20355
20357
20366
20367
20368
20372
20374
20375
20377
20379
20380
20386
20391
20392
20396
20397
20399
20400
20401
20405
20409
20412
20417
20418
20424
20432
20433
20435
20436
20438
20439
20443
20447
20448
20452
20461
20467
20472
20475
20478
20480
20486
20488
20494
20500
20503
20504
20505
20507
20515
20518
20519
20524
20526
20527
20528
20531
20538
20541
20545
20548
20549
20550
20556
20558
20565
20567
20574
20575
20578
20580
20582
20586
20588
20590
20591
20593
20595
20601
20603
20608
20612
20615
20617
20620
20624
20625
20626
20627
20630
20632
20633
20643
20648
20650
20654
20655
20656
20661
20666
20672
20674
20676
20683
20685
20696
20703
20706
20709
20711
20716
20720
20722
20723
20732
20736
20739
20740
20741
20742
20744
20748
20755
20758
20759
20760
20761
20771
20772
20790
20792
20793
20797
20798
20799
20805
20806
20809
20814
20815
20817
20818
20820
20823
20830
20833
20834
20836
20844
20846
20851
20852
20855
20859
20861
20865
20867
20868
20869
20870
20872
20881
20882
20886
20889
20892
20893
20895
20898
20901
20910
20911
20914
20916
20917
20919
20920
20921
20922
20925
20926
20927
20931
20934
20937
20940
20945
20947
20950
20952
20953
20954
20957
20961
20962
20964
20967
20971
20977
20978
20980
20984
20985
20988
20990
20991
20992
20998
20999
21000
21002
21003
21005
21006
21008
21012
21013
21014
21015
21017
21021
21023
21026
21031
21033
21034
21042
21043
21044
21047
21051
21052
21054
21056
21057
21058
21059
21060
21061
21062
21063
21065
21066
21070
21071
21073
21074
21075
21077
21078
21079
21080
21081
21083
21085
21087
21088
21089
21090
21091
21093
21094
21095
21096
21098
21099
21100
21102
21103
21104
21107
21108
21109
21110
21111
21112
21114
21116
21119
21120
21121
21123
21124
21128
21129
21130
21131
21132
21134
21136
21137
21138
21139
21140
21141
21143
21144
21147
21148
21149
21150
21153
21154
21155
21156
21158
21159
21160
21161
21162
21164
21165
21166
21167
21168
21169
21171
21172
21174
21175
21177
21182
21183
21184
21185
21186
21189
21193
21196
21199
21200
21201
21203
21204
21205
21206
21207
21208
21209
21210
21211
21214
21215
21216
21218
21220
21221
21223
21224
21225
21226
21227
21228
21229
21230
21231
21233
21235
21237
21238
21239
21240
21242
21245
21246
21248
21249
21250
21251
21254
21256
21257
21258
21259
21262
21263
21266
21270
21271
21273
21276
21278
21280
21281
21282
21283
21286
21287
21288
21292
21296
21298
21299
21300
21301
21304
21306
21307
21308
21309
21310
21312
21314
21316
21317
21318
21320
21325
21326
21329
21330
21331
21332
21334
21335
21338
21340
21343
21344
21345
21346
21347
21349
21352
21353
21354
21355
21356
21359
21363
21365
21366
21367
21370
21371
21376
21384
21388
21392
21393
21395
21396
21399
21400
21402
21403
21407
21408
21411
21412
21413
21415
21417
21422
21423
21425
21429
21431
21432
21433
21435
21436
21438
21440
21441
21442
21443
21446
21451
21454
21455
21456
21457
21460
21463
21466
21468
21469
21474
21476
21477
21479
21483
21484
21485
21487
21488
21489
21490
21496
21498
21499
21500
21503
21504
21505
21508
21510
21512
21514
21515
21516
21517
21518
21522
21524
21527
21528
21531
21543
21545
21546
21547
21548
21550
21551
21553
21556
21557
21559
21562
21564
21567
21568
21569
21570
21571
21572
21573
21580
21581
21584
21585
21588
21590
21592
21595
21599
21600
21602
21603
21605
21606
21608
21612
21613
21614
21615
21617
21618
21619
21620
21623
21625
21627
21629
21630
21631
21639
21642
21643
21645
21648
21654
21655
21658
21659
21662
21664
21669
21670
21674
21677
21678
21680
21681
21683
21686
21688
21689
21691
21693
21697
21698
21701
21704
21708
21709
21710
21720
21724
21725
21726
21728
21734
21737
21744
21745
21747
21749
21758
21759
21760
21761
21762
21763
21764
21765
21766
21769
21774
21777
21779
21780
21783
21793
21798
21801
21802
21805
21806
21809
21810
21812
21813
21816
21817
21819
21823
21824
21826
21827
21831
21832
21836
21837
21839
21840
21844
21846
21848
21850
21851
21852
21855
21856
21857
21858
21860
21864
21866
21871
21876
21877
21878
21882
21886
21887
21888
21889
21892
21894
21895
21899
21907
21911
21914
21918
21919
21921
21923
21930
21935
21937
21938
21946
21948
21950
21955
21956
21958
21964
21968
21969
21976
21984
21986
21988
21989
21991
21992
21993
21996
21997
21998
21999
22000
22001
22006
22008
22009
22010
22012
22013
22015
22016
22018
22020
22026
22027
22028
22029
22030
22031
22032
22033
22034
22036
22037
22038
22042
22043
22044
22046
22047
22049
22054
22055
22056
22058
22062
22066
22067
22070
22071
22073
22074
22080
22082
22084
22085
22087
22088
22089
22096
22100
22101
22102
22104
22105
22107
22109
22110
22112
22114
22115
22118
22119
22123
22125
22126
22127
22128
22129
22130
22131
22132
22134
22135
22136
22139
22140
22143
22148
22151
22155
22157
22160
22164
22167
22169
22170
22172
22174
22175
22176
22178
22179
22180
22182
22183
22184
22186
22187
22188
22189
22192
22193
22194
22196
22198
22201
22204
22205
22206
22207
22209
22210
22212
22214
22215
22217
22218
22220
22224
22225
22228
22230
22231
22236
22239
22240
22242
22244
22247
22249
22255
22256
22257
22258
22261
22263
22264
22265
22266
22268
22269
22270
22271
22272
22273
22275
22278
22280
22283
22286
22287
22304
22336
22337
22345
22346
22359
22367
22374
22375
22380
22381
22384
22386
22388
22390
22393
22398
22399
22400
22404
22409
22422
22425
22426
22428
22429
22430
22434
22437
22441
22442
22446
22452
22458
22461
22482
22490
22503
22508
22510
22516
22522
22524
22529
22532
22563
22575
22580
22597
22629
22630
22643
22645
22652
22675
22685
22687
22717
22724
22746
22750
22772
22779
22782
22792
22794
22811
22813
22819
22839
22841
22851
22855
22857
22861
22870
22878
22882
22904
22910
22913
22919
22933
22942
22944
22958
22960
22961
22962
22963
22964
22965
22966
22968
22970
22971
22973
22976
22979
22981
22984
22985
22987
22989
22992
22994
22998
23000
23006
23009
23010
23011
23013
23014
23016
23017
23019
23021
23022
23024
23026
23028
23030
23031
23033
23034
23035
23037
23038
23040
23042
23043
23044
23050
23051
23053
23055
23057
23058
23059
23062
23063
23071
23073
23075
23076
23077
23078
23082
23084
23085
23086
23087
23088
23090
23091
23092
23093
23096
23097
23099
23100
23101
23102
23107
23108
23110
23113
23114
23116
23118
23119
23120
23122
23124
23125
23126
23128
23129
23130
23131
23132
23134
23135
23136
23138
23140
23142
23143
23145
23146
23147
23150
23151
23156
23158
23159
23161
23162
23164
23166
23167
23171
23172
23176
23178
23179
23181
23187
23188
23190
23192
23196
23198
23199
23205
23206
23207
23208
23210
23211
23215
23217
23218
23221
23222
23223
23224
23225
23227
23229
23233
23235
23237
23239
23240
23241
23246
23249
23250
23253
23254
23256
23257
23258
23263
23267
23269
23271
23273
23277
23278
23279
23280
23284
23287
23290
23291
23292
23293
23296
23297
23300
23302
23303
23304
23305
23310
23313
23321
23322
23324
23325
23326
23329
23330
23337
23347
23350
23351
23352
23353
23356
23359
23360
23362
23363
23364
23365
23366
23368
23370
23371
23372
23377
23378
23379
23381
23382
23384
23388
23393
23394
23395
23397
23399
23403
23404
23405
23407
23409
23410
23415
23416
23420
23422
23423
23425
23427
23430
23433
23434
23437
23440
23444
23448
23449
23456
23457
23462
23465
23467
23468
23471
23472
23476
23477
23478
23479
23482
23483
23484
23488
23491
23492
23493
23497
23499
23501
23505
23506
23507
23511
23512
23513
23518
23520
23523
23524
23527
23536
23537
23545
23547
23549
23552
23556
23557
23558
23563
23565
23566
23569
23570
23573
23577
23580
23586
23589
23594
23602
23603
23605
23607
23609
23610
23611
23613
23617
23619
23621
23622
23625
23627
23632
23634
23636
23638
23643
23644
23645
23647
23650
23656
23659
23660
23663
23664
23670
23671
23672
23674
23675
23680
23682
23684
23686
23687
23699
23700
23703
23705
23707
23708
23713
23719
23720
23725
23729
23730
23731
23732
23733
23742
23743
23744
23745
23748
23749
23750
23752
23759
23762
23763
23766
23772
23773
23778
23779
23781
23783
23788
23796
23797
23802
23804
23806
23817
23819
23820
23822
23823
23824
23825
23826
23833
23838
23839
23842
23843
23845
23846
23848
23849
23851
23856
23858
23861
23863
23865
23867
23874
23875
23877
23878
23883
23886
23887
23895
23900
23901
23904
23905
23906
23910
23911
23913
23921
23925
23926
23928
23930
23932
23943
23946
23949
23950
23955
23957
23960
23963
23964
23965
23966
23967
23970
23971
23978
23982
23983
23986
23987
23989
23993
23994
23995
23999
24004
24006
24007
24008
24010
24011
24013
24015
24016
24018
24019
24030
24031
24035
24036
24039
24040
24042
24045
24046
24047
24051
24052
24057
24060
24064
24066
24069
24070
24071
24075
24076
24079
24080
24081
24084
24086
24088
24091
24093
24095
24097
24104
24105
24116
24122
24123
24131
24133
24138
24140
24142
24146
24153
24156
24157
24162
24173
24174
24175
24181
24189
24193
24194
24195
24198
24199
24200
24202
24208
24210
24212
24213
24217
24218
24221
24232
24234
24236
24238
24239
24240
24242
24246
24253
24257
24262
24265
24271
24272
24276
24280
24282
24283
24286
24294
24296
24299
24300
24302
24305
24312
24317
24318
24320
24322
24327
24329
24330
24331
24339
24340
24344
24345
24347
24355
24357
24363
24367
24368
24369
24379
24382
24386
24387
24396
24397
24408
24410
24417
24420
24421
24422
24429
24437
24447
24452
24455
24456
24469
24471
24472
24478
24482
24495
24503
24507
24513
24528
24539
24542
24544
24547
24548
24549
24550
24558
24560
24563
24570
24573
24575
24581
24582
24583
24586
24587
24591
24599
24600
24603
24604
24607
24609
24612
24618
24625
24628
24631
24635
24636
24639
24640
24641
24643
24645
24647
24654
24656
24658
24660
24664
24666
24667
24668
24671
24672
24675
24676
24677
24678
24679
24681
24685
24689
24690
24691
24692
24693
24694
24695
24699
24707
24709
24712
24713
24714
24719
24720
24722
24723
24727
24728
24730
24731
24732
24733
24737
24738
24743
24745
24746
24747
24748
24749
24751
24752
24758
24761
24762
24763
24765
24766
24768
24770
24771
24772
24773
24774
24778
24779
24780
24783
24785
24787
24788
24789
24790
24791
24793
24794
24795
24796
24798
24799
24801
24802
24803
24804
24805
24806
24807
24808
24810
24811
24812
24813
24814
24816
24818
24820
24822
24824
24826
24828
24829
24830
24834
24836
24837
24845
24846
24848
24849
24850
24853
24854
24855
24856
24857
24858
24859
24861
24862
24865
24866
24867
24868
24869
24872
24874
24875
24876
24880
24881
24882
24883
24884
24885
24886
24888
24889
24891
24892
24898
24899
24900
24904
24905
24907
24908
24910
24912
24913
24914
24915
24916
24917
24920
24921
24923
24925
24927
24928
24931
24932
24934
24935
24938
24944
24945
24947
24949
24950
24951
24952
24956
24964
24965
24969
24970
24971
24973
24975
24977
24978
24980
24981
24983
24984
24985
24990
24992
24993
24994
24995
25000
25001
25002
25004
25005
25008
25010
25011
25012
25013
25014
25015
25020
25021
25022
25024
25028
25029
25031
25037
25041
25042
25043
25044
25046
25048
25049
25053
25055
25057
25058
25059
25060
25061
25064
25067
25068
25070
25074
25076
25077
25079
25080
25081
25084
25086
25089
25090
25092
25093
25094
25095
25097
25099
25103
25105
25106
25108
25110
25114
25117
25118
25120
25121
25123
25125
25126
25128
25129
25133
25134
25135
25138
25139
25140
25143
25144
25145
25150
25154
25155
25158
25167
25168
25169
25170
25172
25174
25179
25181
25182
25185
25186
25188
25193
25195
25196
25198
25201
25206
25207
25212
25214
25216
25217
25218
25221
25222
25223
25224
25225
25226
25227
25228
25231
25237
25240
25242
25243
25245
25246
25248
25249
25250
25253
25257
25258
25262
25264
25265
25266
25267
25268
25270
25272
25274
25277
25278
25281
25285
25286
25287
25292
25295
25297
25298
25299
25302
25305
25306
25307
25311
25313
25314
25315
25317
25319
25320
25321
25323
25326
25327
25328
25332
25333
25338
25345
25357
25360
25366
25368
25373
25377
25378
25379
25385
25394
25399
25403
25407
25411
25414
25416
25418
25422
25436
25438
25439
25440
25446
25447
25448
25449
25451
25452
25453
25454
25456
25460
25463
25464
25466
25471
25474
25476
25477
25479
25480
25483
25484
25486
25493
25494
25496
25500
25501
25503
25506
25508
25514
25515
25516
25520
25522
25525
25528
25533
25534
25535
25536
25538
25540
25546
25549
25550
25553
25555
25558
25560
25562
25566
25570
25571
25573
25574
25576
25577
25578
25580
25581
25583
25585
25587
25589
25591
25592
25596
25600
25603
25605
25606
25608
25613
25615
25618
25621
25623
25624
25629
25632
25635
25638
25641
25642
25645
25647
25649
25650
25654
25656
25657
25658
25660
25661
25664
25666
25667
25669
25670
25673
25677
25678
25679
25683
25686
25690
25691
25697
25698
25700
25703
25706
25707
25708
25709
25710
25711
25714
25716
25718
25719
25720
25723
25730
25731
25734
25735
25736
25738
25741
25743
25744
25747
25750
25751
25757
25761
25769
25770
25772
25774
25775
25776
25777
25778
25780
25781
25782
25785
25786
25788
25790
25792
25794
25798
25799
25800
25801
25803
25805
25808
25815
25818
25819
25820
25821
25823
25824
25826
25828
25832
25833
25834
25836
25837
25839
25840
25841
25842
25843
25844
25845
25846
25854
25861
25862
25864
25865
25866
25867
25868
25872
25873
25876
25877
25879
25881
25883
25884
25885
25886
25888
25897
25898
25901
25903
25906
25908
25910
25913
25915
25918
25919
25921
25922
25924
25926
25927
25928
25931
25932
25933
25934
25935
25938
25939
25940
25941
25942
25943
25945
25946
25950
25954
25955
25956
25958
25959
25961
25962
25964
25966
25968
25969
25971
25972
25975
25976
25977
25978
25979
25980
25982
25984
25985
25986
25987
25989
25996
25997
26000
26003
26005
26007
26012
26013
26030
26033
26034
26036
26039
26044
26055
26062
26070
26072
26073
26083
26086
26088
26092
26094
26109
26112
26118
26121
26135
26138
26139
26143
26149
26151
26153
26155
26156
26157
26159
26160
26161
26166
26168
26175
26183
26196
26212
26219
26232
26243
26262
26263
26279
26294
26296
26301
26325
26331
26335
26337
26344
26347
26361
26372
26378
26384
26386
26392
26405
26413
26440
26441
26446
26464
26465
26466
26483
26487
26512
26524
26525
26530
26533
26548
26550
26556
26559
26570
26578
26581
26585
26592
26596
26597
26622
26629
26631
26652
26664
26672
26673
26674
26676
26677
26679
26680
26682
26684
26685
26688
26689
26690
26691
26692
26693
26694
26695
26696
26697
26698
26699
26700
26701
26702
26703
26705
26706
26707
26708
26709
26711
26712
26714
26715
26716
26717
26718
26719
26720
26722
26723
26724
26726
26727
26729
26730
26731
26733
26735
26736
26737
26738
26740
26742
26744
26747
26755
26756
26758
26760
26761
26762
26763
26764
26766
26767
26768
26769
26770
26771
26772
26773
26774
26778
26782
26787
26789
26790
26793
26794
26795
26797
26798
26799
26802
26804
26805
26809
26811
26813
26816
26818
26819
26820
26822
26824
26825
26826
26830
26831
26832
26833
26834
26835
26836
26837
26838
26840
26842
26844
26845
26848
26850
26851
26852
26856
26858
26859
26860
26861
26862
26863
26864
26866
26867
26870
26873
26874
26875
26876
26877
26878
26880
26881
26886
26888
26890
26892
26893
26895
26896
26898
26899
26902
26904
26905
26907
26908
26913
26914
26915
26917
26919
26920
26921
26922
26924
26925
26926
26929
26930
26931
26932
26933
26934
26935
26936
26937
26938
26940
26948
26949
26951
26952
26954
26956
26957
26964
26965
26968
26970
26971
26972
26977
26981
26982
26983
26984
26985
26986
26992
26995
26996
26997
26999
27000
27003
27005
27006
27008
27013
27014
27016
27017
27018
27022
27024
27025
27029
27031
27032
27036
27038
27042
27043
27048
27049
27051
27053
27054
27057
27059
27061
27069
27070
27071
27072
27073
27076
27077
27079
27082
27084
27085
27086
27087
27091
27092
27095
27096
27098
27099
27100
27103
27105
27106
27107
27108
27109
27111
27112
27119
27121
27122
27123
27125
27126
27129
27132
27136
27141
27143
27144
27145
27146
27147
27148
27150
27154
27155
27157
27158
27159
27160
27161
27162
27165
27168
27169
27170
27171
27172
27173
27176
27179
27182
27189
27190
27193
27197
27202
27203
27205
27208
27210
27211
27213
27214
27217
27221
27222
27223
27225
27226
27232
27234
27235
27238
27239
27244
27246
27248
27250
27251
27252
27256
27257
27260
27261
27264
27265
27266
27268
27269
27270
27271
27277
27279
27280
27285
27286
27287
27292
27295
27297
27298
27301
27303
27304
27305
27306
27307
27310
27311
27312
27313
27315
27317
27318
27319
27321
27322
27323
27325
27326
27328
27330
27331
27332
27333
27334
27335
27336
27337
27338
27340
27341
27346
27347
27350
27353
27354
27356
27357
27361
27362
27363
27366
27368
27371
27373
27374
27379
27381
27383
27384
27385
27386
27389
27390
27392
27394
27396
27397
27398
27399
27401
27404
27406
27408
27409
27411
27413
27414
27417
27419
27420
27421
27422
27425
27426
27427
27430
27431
27433
27434
27435
27436
27437
27439
27441
27443
27444
27446
27447
27448
27449
27452
27453
27454
27455
27456
27457
27459
27460
27462
27463
27468
27473
27476
27483
27486
27487
27488
27494
27496
27499
27502
27511
27515
27517
27518
27520
27527
27528
27529
27534
27536
27537
27538
27540
27541
27543
27544
27548
27549
27551
27553
27557
27558
27560
27561
27566
27567
27572
27573
27574
27576
27577
27578
27581
27582
27587
27591
27592
27593
27596
27597
27600
27601
27604
27605
27607
27611
27612
27614
27615
27620
27621
27627
27628
27631
27632
27636
27640
27644
27646
27647
27649
27651
27655
27657
27659
27660
27662
27663
27665
27669
27670
27672
27673
27674
27677
27679
27680
27682
27683
27687
27688
27690
27692
27695
27696
27705
27707
27708
27711
27713
27717
27718
27720
27721
27724
27725
27729
27730
27732
27742
27745
27746
27749
27753
27754
27758
27759
27760
27763
27764
27766
27770
27771
27773
27775
27778
27780
27784
27786
27788
27789
27794
27796
27802
27805
27807
27809
27810
27820
27823
27830
27837
27842
27847
27849
27850
27851
27856
27858
27859
27863
27865
27867
27871
27876
27883
27884
27888
27893
27894
27895
27897
27898
27902
27903
27904
27907
27908
27910
27911
27912
27914
27916
27919
27920
27921
27922
27924
27928
27931
27933
27937
27938
27942
27944
27946
27948
27953
27954
27957
27959
27960
27962
27969
27971
27972
27973
27978
27979
27984
27985
27989
27993
27994
27995
27999
28000
28001
28002
28010
28014
28015
28016
28019
28020
28022
28023
28026
28027
28029
28031
28032
28041
28043
28044
28045
28052
28053
28055
28065
28075
28076
28077
28079
28081
28083
28100
28103
28105
28106
28109
28111
28121
28124
28129
28131
28133
28135
28137
28143
28159
28161
28162
28163
28166
28167
28168
28172
28173
28175
28176
28181
28188
28190
28196
28197
28198
28199
28201
28206
28210
28211
28212
28216
28221
28225
28227
28231
28233
28235
28237
28242
28249
28258
28259
28261
28265
28267
28268
28270
28272
28273
28274
28281
28292
28294
28295
28297
28300
28307
28309
28311
28313
28323
28325
28326
28331
28336
28339
28342
28344
28345
28349
28353
28354
28355
28359
28361
28362
28363
28365
28368
28369
28372
28374
28375
28379
28380
28381
28382
28384
28386
28389
28392
28393
28394
28395
28399
28400
28404
28405
28406
28407
28408
28411
28413
28415
28417
28418
28419
28420
28421
28423
28424
28425
28426
28428
28433
28436
28438
28441
28442
28446
28447
28448
28451
28452
28453
28455
28457
28459
28470
28472
28475
28476
28478
28480
28483
28484
28485
28486
28488
28489
28490
28491
28492
28493
28494
28495
28496
28499
28501
28502
28503
28504
28506
28507
28508
28509
28510
28512
28513
28514
28516
28517
28518
28519
28520
28521
28523
28524
28526
28527
28528
28529
28530
28532
28535
28536
28537
28538
28540
28541
28542
28544
28546
28548
28551
28556
28557
28558
28559
28560
28562
28563
28564
28566
28567
28568
28569
28571
28572
28575
28578
28579
28581
28582
28583
28586
28589
28594
28595
28596
28597
28599
28602
28603
28604
28605
28606
28609
28610
28612
28613
28615
28617
28618
28620
28621
28622
28625
28626
28629
28631
28632
28633
28634
28635
28637
28638
28639
28640
28641
28642
28644
28646
28648
28649
28650
28652
28653
28656
28657
28658
28659
28661
28662
28664
28665
28666
28667
28669
28671
28674
28675
28676
28677
28678
28679
28680
28681
28682
28683
28684
28687
28688
28690
28691
28692
28694
28697
28698
28699
28700
28704
28706
28707
28708
28709
28710
28714
28715
28716
28717
28719
28722
28723
28726
28727
28728
28729
28731
28732
28733
28736
28737
28738
28742
28743
28744
28745
28746
28747
28751
28753
28755
28756
28757
28758
28763
28764
28766
28768
28771
28772
28774
28776
28778
28779
28781
28788
28791
28792
28793
28794
28795
28798
28802
28805
28809
28810
28811
28813
28814
28816
28817
28819
28820
28821
28822
28824
28827
28828
28830
28831
28832
28834
28835
28840
28843
28847
28850
28851
28853
28856
28857
28858
28859
28860
28861
28863
28866
28869
28872
28874
28878
28879
28881
28882
28883
28884
28885
28886
28888
28894
28895
28896
28898
28900
28902
28905
28907
28909
28912
28913
28916
28917
28919
28920
28921
28923
28924
28925
28926
28927
28932
28933
28935
28936
28937
28939
28941
28943
28944
28946
28947
28951
28952
28954
28960
28962
28963
28964
28966
28968
28970
28971
28973
28977
28979
28981
28985
28986
28989
28992
28993
28996
28998
28999
29002
29005
29008
29009
29011
29013
29016
29018
29020
29021
29022
29023
29027
29030
29031
29034
29036
29038
29044
29046
29048
29049
29050
29051
29052
29053
29056
29059
29071
29073
29080
29082
29083
29092
29093
29096
29097
29098
29099
29104
29107
29108
29109
29113
29114
29120
29121
29125
29126
29132
29136
29146
29147
29150
29152
29153
29155
29157
29163
29165
29170
29172
29175
29177
29185
29186
29191
29193
29194
29196
29197
29198
29199
29202
29208
29211
29212
29217
29219
29221
29224
29227
29228
29230
29236
29238
29241
29242
29244
29246
29247
29250
29253
29254
29260
29262
29269
29270
29273
29274
29275
29276
29279
29280
29281
29283
29284
29285
29286
29289
29290
29295
29296
29297
29299
29300
29306
29310
29315
29316
29317
29319
29322
29323
29327
29335
29336
29337
29339
29343
29349
29353
29356
29357
29359
29363
29364
29367
29368
29374
29376
29378
29381
29382
29383
29384
29387
29391
29392
29393
29394
29395
29396
29404
29405
29409
29410
29411
29412
29415
29417
29418
29421
29424
29427
29428
29431
29432
29433
29434
29437
29442
29443
29448
29452
29453
29455
29456
29457
29458
29459
29460
29461
29464
29465
29466
29469
29470
29477
29480
29482
29483
29484
29488
29489
29490
29491
29492
29494
29495
29497
29498
29502
29503
29504
29507
29510
29512
29515
29516
29517
29519
29532
29533
29535
29540
29541
29542
29544
29546
29547
29548
29551
29553
29555
29556
29557
29558
29559
29562
29564
29567
29568
29570
29571
29576
29577
29579
29580
29581
29583
29585
29586
29588
29590
29591
29594
29597
29599
29600
29603
29604
29605
29608
29611
29612
29616
29620
29627
29629
29630
29631
29632
29633
29634
29635
29638
29640
29641
29642
29645
29646
29647
29648
29649
29651
29652
29653
29655
29656
29657
29658
29659
29663
29664
29665
29667
29668
29670
29672
29673
29674
29675
29676
29677
29680
29683
29685
29686
29688
29689
29690
29691
29692
29693
29694
29695
29696
29697
29698
29699
29700
29701
29703
29704
29705
29706
29708
29711
29712
29727
29736
29737
29740
29745
29746
29749
29751
29755
29766
29771
29774
29775
29786
29787
29801
29802
29803
29808
29809
29812
29813
29814
29815
29816
29817
29818
29820
29825
29828
29829
29830
29847
29848
29850
29853
29855
29856
29857
29858
29859
29860
29864
29866
29867
29869
29870
29871
29873
29874
29876
29877
29884
29891
29924
29931
29945
29957
29959
29965
29969
29977
29986
29996
30008
30039
30042
30052
30058
30064
30065
30069
30073
30092
30100
30104
30106
30117
30122
30132
30137
30149
30165
30170
30175
30179
30181
30184
30186
30210
30211
30217
30220
30238
30250
30255
30256
30262
30268
30272
30279
30280
30287
30292
30298
30306
30330
30341
30345
30347
30351
30354
30356
30357
30366
30369
30378
30382
30386
30387
30390
30391
30392
30393
30394
30396
30397
30398
30399
30401
30402
30403
30405
30407
30408
30409
30412
30413
30414
30415
30418
30419
30420
30421
30423
30425
30426
30428
30429
30430
30431
30432
30433
30434
30435
30436
30437
30438
30439
30440
30441
30445
30446
30447
30450
30452
30455
30456
30461
30462
30463
30465
30467
30468
30469
30470
30471
30472
30473
30474
30476
30477
30479
30480
30481
30483
30484
30485
30487
30489
30490
30491
30493
30496
30497
30498
30499
30500
30501
30502
30503
30505
30506
30507
30508
30511
30512
30514
30515
30516
30517
30518
30519
30520
30521
30522
30523
30525
30526
30527
30529
30533
30535
30538
30542
30544
30545
30546
30547
30548
30551
30552
30553
30554
30555
30557
30558
30559
30560
30562
30564
30567
30568
30569
30570
30574
30575
30576
30577
30578
30579
30580
30581
30582
30583
30587
30588
30590
30592
30593
30595
30596
30598
30599
30600
30602
30604
30605
30606
30607
30608
30609
30610
30612
30613
30616
30618
30622
30623
30625
30627
30629
30630
30632
30634
30636
30637
30638
30641
30642
30643
30645
30646
30647
30648
30649
30650
30651
30652
30653
30655
30657
30659
30662
30663
30665
30666
30668
30669
30670
30671
30673
30674
30675
30676
30677
30679
30682
30683
30684
30686
30687
30688
30689
30690
30691
30694
30695
30696
30697
30698
30701
30704
30707
30708
30712
30714
30720
30721
30724
30727
30729
30730
30731
30732
30734
30738
30740
30749
30750
30751
30753
30757
30758
30763
30765
30766
30767
30769
30770
30773
30774
30776
30779
30780
30781
30782
30785
30786
30787
30788
30791
30793
30795
30796
30799
30801
30803
30805
30807
30808
30809
30810
30812
30813
30821
30822
30823
30825
30828
30830
30831
30832
30833
30835
30836
30837
30839
30840
30841
30842
30843
30844
30846
30847
30848
30851
30852
30853
30855
30858
30859
30860
30861
30862
30864
30868
30871
30872
30873
30876
30880
30881
30883
30884
30886
30887
30889
30890
30892
30893
30896
30897
30898
30899
30900
30903
30905
30907
30909
30910
30911
30913
30917
30919
30923
30924
30925
30927
30928
30929
30930
30931
30933
30934
30935
30937
30939
30940
30946
30948
30949
30952
30953
30959
30961
30962
30963
30964
30965
30969
30971
30972
30974
30975
30976
30977
30978
30979
30980
30984
30985
30988
30989
30990
30991
30992
30995
30996
30999
31000
31005
31008
31010
31012
31014
31015
31017
31018
31019
31021
31023
31025
31026
31028
31030
31031
31033
31035
31036
31037
31038
31039
31040
31042
31046
31047
31050
31051
31052
31053
31054
31055
31057
31061
31064
31068
31069
31070
31071
31073
31075
31076
31077
31078
31080
31083
31084
31085
31086
31087
31088
31091
31092
31093
31094
31098
31099
31101
31102
31108
31110
31114
31115
31118
31120
31121
31123
31124
31128
31130
31132
31134
31135
31137
31139
31140
31141
31142
31146
31148
31149
31150
31154
31157
31158
31159
31160
31161
31162
31168
31173
31175
31178
31179
31181
31185
31187
31190
31191
31192
31193
31194
31198
31200
31201
31208
31209
31210
31211
31212
31213
31215
31216
31219
31223
31224
31225
31232
31234
31235
31237
31239
31241
31243
31244
31245
31246
31247
31248
31249
31250
31251
31254
31256
31261
31264
31267
31268
31269
31270
31272
31273
31274
31275
31276
31278
31279
31281
31283
31284
31287
31288
31289
31290
31291
31292
31295
31297
31302
31305
31306
31308
31310
31311
31315
31316
31318
31322
31324
31325
31327
31328
31329
31330
31332
31333
31335
31338
31339
31345
31346
31347
31348
31349
31350
31351
31353
31354
31357
31358
31360
31363
31365
31374
31380
31382
31388
31390
31394
31395
31396
31398
31399
31401
31405
31406
31407
31410
31413
31415
31417
31419
31421
31423
31425
31427
31428
31432
31434
31435
31437
31440
31441
31444
31447
31451
31452
31454
31458
31462
31463
31465
31468
31471
31473
31474
31475
31479
31482
31483
31485
31488
31492
31493
31494
31495
31497
31499
31500
31503
31505
31508
31509
31517
31519
31521
31522
31523
31524
31525
31529
31531
31542
31548
31549
31551
31556
31561
31562
31568
31571
31574
31575
31578
31579
31583
31595
31596
31597
31609
31612
31614
31616
31617
31618
31620
31622
31624
31627
31628
31630
31643
31645
31646
31648
31652
31653
31656
31660
31666
31670
31671
31673
31674
31678
31679
31680
31683
31684
31685
31686
31689
31690
31691
31692
31697
31698
31701
31707
31709
31711
31712
31713
31714
31724
31733
31735
31740
31743
31744
31745
31746
31747
31750
31753
31755
31757
31758
31759
31768
31769
31775
31778
31779
31785
31786
31789
31790
31791
31798
31801
31808
31814
31816
31819
31824
31825
31828
31835
31836
31837
31842
31844
31847
31848
31849
31858
31862
31868
31869
31873
31874
31875
31876
31877
31879
31880
31881
31882
31883
31885
31895
31897
31900
31907
31910
31912
31915
31920
31921
31924
31930
31935
31942
31943
31953
31956
31960
31963
31967
31969
31972
31974
31975
31976
31978
31979
31982
31986
31991
31993
31994
31995
31997
32001
32003
32014
32027
32032
32039
32040
32044
32046
32053
32054
32056
32057
32058
32059
32063
32064
32067
32069
32070
32071
32073
32075
32076
32081
32082
32083
32086
32087
32088
32089
32091
32092
32094
32095
32096
32099
32100
32101
32103
32104
32105
32106
32107
32109
32111
32112
32113
32118
32119
32120
32121
32122
32123
32124
32125
32127
32129
32130
32134
32135
32137
32139
32141
32142
32143
32147
32148
32150
32151
32152
32155
32156
32157
32158
32159
32160
32163
32164
32165
32169
32170
32171
32172
32173
32174
32179
32180
32182
32184
32185
32186
32187
32188
32189
32190
32192
32194
32195
32196
32198
32199
32201
32202
32203
32204
32205
32207
32209
32210
32211
32213
32215
32216
32217
32218
32221
32222
32223
32224
32225
32226
32227
32228
32229
32230
32231
32232
32233
32234
32235
32237
32238
32240
32242
32244
32245
32246
32247
32248
32249
32250
32252
32254
32255
32256
32257
32258
32259
32260
32262
32263
32264
32265
32266
32267
32268
32269
32270
32271
32274
32276
32277
32279
32280
32281
32282
32283
32286
32287
32289
32291
32292
32293
32297
32298
32300
32303
32304
32306
32307
32308
32311
32313
32314
32316
32317
32319
32324
32325
32326
32327
32328
32329
32331
32335
32336
32338
32340
32341
32342
32343
32345
32347
32348
32349
32350
32353
32354
32356
32357
32360
32362
32363
32364
32365
32366
32368
32371
32373
32375
32380
32382
32386
32387
32388
32389
32390
32391
32392
32393
32395
32396
32397
32398
32399
32400
32401
32403
32409
32410
32412
32413
32414
32415
32418
32420
32422
32423
32424
32425
32426
32427
32428
32429
32430
32431
32432
32433
32434
32436
32438
32439
32441
32442
32443
32444
32445
32446
32448
32449
32450
32452
32455
32456
32457
32458
32459
32460
32461
32462
32463
32467
32469
32471
32472
32474
32475
32477
32479
32480
32485
32486
32487
32488
32489
32491
32493
32494
32498
32502
32503
32504
32505
32507
32508
32509
32511
32512
32513
32515
32516
32517
32519
32521
32524
32527
32531
32532
32533
32534
32536
32537
32538
32539
32541
32542
32543
32544
32545
32548
32549
32550
32551
32553
32554
32558
32560
32561
32563
32564
32565
32566
32567
32569
32571
32573
32575
32576
32579
32580
32583
32588
32593
32595
32596
32597
32598
32599
32600
32602
32603
32604
32606
32607
32609
32610
32611
32613
32616
32617
32619
32620
32622
32623
32626
32627
32628
32629
32630
32631
32635
32638
32640
32641
32642
32644
32647
32648
32649
32650
32651
32652
32654
32656
32657
32658
32659
32661
32662
32664
32668
32669
32670
32673
32674
32676
32677
32679
32680
32681
32682
32684
32685
32687
32688
32691
32692
32695
32697
32698
32699
32701
32703
32704
32706
32708
32712
32713
32714
32715
32718
32721
32723
32724
32725
32728
32730
32731
32732
32733
32734
32735
32742
32744
32745
32747
32748
32750
32751
32752
32754
32755
32756
32757
32759
32762
32764
32768
32769
32770
32771
32772
32773
32774
32776
32784
32787
32788
32789
32790
32791
32793
32794
32795
32796
32797
32800
32801
32804
32805
32807
32808
32810
32811
32813
32815
32816
32820
32822
32823
32827
32831
32832
32834
32836
32839
32842
32843
32846
32848
32850
32853
32858
32862
32866
32870
32871
32874
32876
32877
32878
32884
32888
32891
32892
32898
32901
32902
32904
32905
32907
32910
32911
32913
32919
32920
32922
32923
32924
32925
32927
32930
32931
32932
32934
32935
32936
32938
32939
32941
32942
32944
32946
32950
32951
32952
32955
32958
32960
32961
32962
32965
32968
32969
32970
32971
32976
32978
32979
32980
32983
32984
32985
32988
32990
32991
32993
32994
32995
32999
33000
33002
33005
33006
33007
33009
33011
33013
33017
33018
33019
33020
33021
33023
33024
33027
33032
33034
33035
33037
33038
33041
33043
33045
33046
33049
33051
33057
33059
33060
33061
33063
33064
33067
33069
33070
33072
33074
33077
33082
33084
33085
33086
33087
33090
33092
33093
33097
33098
33101
33103
33104
33105
33106
33107
33110
33117
33118
33120
33121
33124
33127
33129
33130
33131
33137
33138
33139
33142
33143
33147
33148
33150
33151
33160
33162
33166
33167
33168
33169
33170
33171
33172
33173
33174
33176
33177
33178
33179
33184
33185
33186
33189
33191
33192
33193
33194
33195
33198
33199
33201
33203
33206
33207
33211
33212
33214
33216
33217
33218
33219
33221
33222
33224
33226
33230
33231
33233
33235
33236
33238
33239
33241
33242
33243
33246
33248
33249
33250
33251
33252
33254
33256
33257
33258
33260
33262
33264
33265
33266
33267
33268
33269
33270
33271
33272
33273
33274
33277
33278
33280
33281
33282
33283
33284
33285
33286
33287
33290
33291
33294
33299
33300
33301
33304
33305
33307
33309
33311
33312
33314
33317
33318
33320
33321
33322
33325
33326
33328
33329
33331
33332
33333
33334
33335
33336
33337
33341
33342
33343
33344
33346
33347
33348
33349
33350
33352
33354
33355
33356
33359
33360
33361
33362
33365
33367
33368
33369
33370
33371
33372
33373
33374
33375
33377
33378
33379
33381
33382
33383
33384
33385
33386
33387
33388
33389
33390
33391
33394
33395
33396
33399
33401
33402
33403
33404
33405
33406
33407
33408
33410
33411
33412
33413
33414
33415
33417
33419
33420
33421
33423
33425
33428
33430
33431
33435
33436
33438
33441
33443
33449
33452
33458
33461
33462
33463
33464
33466
33470
33474
33475
33485
33489
33494
33495
33496
33498
33500
33507
33510
33517
33522
33528
33529
33536
33539
33540
33542
33544
33545
33546
33549
33553
33554
33555
33559
33561
33563
33566
33568
33569
33570
33571
33575
33577
33579
33581
33584
33587
33588
33590
33591
33592
33596
33598
33600
33608
33611
33616
33627
33633
33636
33640
33644
33646
33647
33650
33652
33661
33662
33664
33666
33671
33680
33683
33690
33691
33701
33705
33710
33713
33714
33716
33722
33736
33753
33759
33778
33782
33788
33790
33802
33807
33812
33817
33837
33842
33847
33849
33852
33854
33855
33867
33869
33886
33892
33911
33919
33923
33925
33935
33937
33945
33951
33955
33958
33961
33976
33981
33984
33991
33992
33993
33999
34000
34007
34009
34013
34018
34020
34024
34026
34033
34035
34038
34046
34055
34058
34059
34062
34072
34084
34085
34089
34094
34100
34101
34102
34103
34104
34105
34106
34107
34108
34109
34110
34111
34113
34114
34117
34118
34119
34122
34123
34124
34125
34127
34128
34129
34130
34131
34132
34133
34134
34135
34136
34137
34139
34140
34141
34142
34143
34144
34145
34146
34147
34148
34149
34150
34151
34152
34153
34154
34155
34156
34157
34158
34159
34160
34161
34162
34163
34164
34165
34166
34167
34168
34170
34171
34173
34174
34175
34176
34178
34179
34180
34184
34185
34186
34188
34189
34191
34193
34194
34196
34197
34199
34202
34204
34205
34208
34209
34210
34211
34214
34215
34217
34222
34223
34225
34227
34228
34229
34230
34231
34233
34235
34237
34238
34239
34240
34241
34242
34244
34245
34247
34248
34249
34250
34252
34254
34255
34256
34258
34259
34261
34262
34263
34266
34267
34268
34269
34270
34271
34275
34277
34280
34282
34283
34284
34286
34288
34289
34291
34294
34296
34298
34299
34301
34304
34306
34307
34309
34311
34313
34316
34317
34318
34319
34320
34321
34322
34323
34326
34327
34329
34330
34332
34333
34336
34337
34338
34341
34342
34344
34345
34348
34349
34354
34356
34357
34358
34359
34360
34361
34362
34363
34364
34365
34366
34367
34369
34370
34371
34372
34379
34380
34383
34384
34385
34388
34391
34392
34395
34397
34398
34399
34400
34401
34402
34403
34407
34412
34413
34414
34421
34423
34424
34425
34426
34427
34428
34429
34430
34431
34432
34433
34434
34436
34437
34438
34441
34442
34444
34445
34446
34449
34450
34451
34452
34453
34456
34457
34464
34466
34469
34470
34474
34476
34479
34480
34482
34483
34485
34486
34487
34488
34489
34491
34493
34497
34499
34500
34501
34502
34504
34505
34507
34510
34511
34512
34513
34514
34515
34518
34519
34520
34521
34523
34524
34526
34527
34528
34529
34531
34533
34535
34537
34538
34539
34541
34545
34547
34549
34550
34551
34552
34553
34554
34555
34559
34563
34568
34569
34570
34571
34574
34575
34576
34577
34579
34582
34584
34585
34586
34587
34588
34589
34590
34591
34594
34596
34597
34598
34599
34600
34601
34603
34604
34606
34611
34613
34616
34617
34621
34622
34624
34625
34626
34628
34629
34630
34631
34632
34633
34634
34637
34641
34642
34644
34645
34648
34649
34650
34653
34654
34660
34664
34665
34666
34667
34668
34669
34675
34676
34678
34683
34684
34685
34686
34688
34689
34691
34692
34693
34698
34700
34701
34703
34705
34707
34713
34714
34718
34722
34724
34726
34727
34728
34729
34731
34733
34736
34737
34738
34740
34741
34742
34743
34744
34745
34747
34749
34750
34751
34752
34753
34756
34757
34760
34761
34762
34764
34766
34767
34768
34769
34773
34774
34775
34776
34777
34778
34780
34781
34782
34785
34786
34788
34789
34790
34791
34792
34794
34799
34801
34802
34803
34806
34807
34808
34809
34811
34812
34813
34816
34817
34818
34820
34821
34822
34824
34827
34828
34829
34831
34832
34833
34835
34837
34841
34842
34843
34847
34848
34849
34850
34851
34852
34853
34854
34855
34856
34860
34861
34862
34864
34865
34868
34871
34872
34873
34874
34875
34877
34881
34883
34884
34885
34886
34887
34888
34890
34891
34892
34893
34894
34898
34903
34907
34908
34909
34911
34914
34915
34918
34919
34920
34923
34924
34925
34931
34932
34933
34938
34939
34940
34944
34945
34948
34949
34951
34952
34955
34956
34958
34960
34961
34962
34963
34964
34965
34967
34968
34969
34973
34974
34975
34976
34977
34980
34981
34983
34987
34988
34989
34992
34993
34995
34997
34998
35000
35002
35005
35006
35008
35009
35013
35016
35019
35020
35021
35024
35025
35029
35031
35032
35033
35034
35040
35042
35043
35047
35048
35053
35056
35057
35059
35061
35063
35064
35065
35066
35067
35068
35071
35072
35074
35075
35079
35085
35087
35088
35090
35091
35096
35099
35100
35103
35104
35105
35108
35109
35110
35111
35116
35118
35120
35123
35125
35126
35127
35130
35131
35133
35135
35136
35137
35138
35139
35141
35142
35145
35146
35148
35149
35150
35151
35153
35157
35160
35161
35162
35163
35165
35167
35168
35169
35175
35176
35177
35179
35182
35183
35185
35186
35187
35188
35189
35190
35191
35192
35193
35195
35196
35197
35199
35203
35204
35206
35209
35213
35215
35222
35224
35227
35228
35230
35231
35233
35235
35236
35237
35239
35243
35244
35245
35247
35248
35252
35254
35256
35260
35262
35263
35265
35268
35269
35270
35272
35273
35275
35276
35277
35280
35281
35285
35286
35287
35295
35299
35300
35302
35303
35304
35310
35312
35313
35315
35317
35318
35319
35322
35323
35324
35325
35326
35328
35331
35336
35341
35342
35344
35345
35346
35350
35351
35356
35357
35358
35359
35361
35362
35363
35365
35370
35373
35374
35380
35381
35384
35385
35386
35387
35388
35390
35392
35394
35397
35399
35400
35404
35406
35407
35411
35412
35414
35416
35417
35419
35421
35422
35423
35425
35429
35430
35431
35433
35436
35438
35441
35442
35444
35447
35449
35450
35454
35455
35463
35464
35468
35471
35473
35475
35479
35480
35481
35482
35483
35485
35486
35488
35490
35494
35495
35496
35500
35504
35505
35507
35508
35513
35514
35517
35523
35524
35528
35530
35531
35537
35539
35542
35543
35545
35546
35549
35551
35552
35554
35556
35557
35559
35563
35565
35566
35570
35572
35573
35576
35578
35585
35587
35589
35592
35594
35595
35596
35597
35598
35600
35601
35610
35611
35613
35615
35617
35618
35622
35624
35625
35626
35627
35629
35631
35634
35637
35638
35639
35640
35645
35647
35649
35650
35651
35652
35654
35655
35657
35659
35660
35663
35666
35667
35670
35671
35673
35674
35676
35677
35680
35681
35684
35686
35689
35690
35692
35699
35701
35704
35708
35714
35717
35719
35720
35721
35723
35725
35729
35731
35732
35737
35739
35744
35745
35751
35754
35755
35756
35759
35761
35765
35770
35772
35773
35776
35777
35778
35779
35781
35782
35783
35785
35790
35793
35794
35795
35796
35798
35800
35801
35802
35803
35804
35805
35806
35807
35808
35809
35811
35812
35813
35814
35816
35817
35818
35819
35820
35822
35823
35825
35827
35828
35830
35833
35836
35837
35838
35840
35841
35843
35844
35845
35847
35848
35851
35852
35853
35854
35856
35859
35860
35862
35864
35866
35867
35868
35869
35870
35871
35873
35877
35878
35879
35880
35881
35882
35883
35884
35885
35887
35888
35889
35890
35891
35895
35898
35899
35900
35903
35904
35905
35906
35909
35910
35911
35912
35913
35914
35915
35916
35917
35918
35921
35922
35923
35925
35927
35928
35929
35930
35931
35932
35934
35935
35936
35937
35938
35941
35943
35944
35945
35946
35947
35949
35951
35952
35953
35954
35956
35958
35959
35960
35961
35964
35965
35966
35967
35968
35969
35970
35971
35972
35973
35974
35977
35978
35980
35981
35985
35986
35987
35988
35990
35991
35992
35993
35995
35996
35998
35999
36000
36001
36003
36004
36005
36006
36007
36008
36009
36010
36014
36016
36017
36020
36021
36022
36024
36025
36027
36030
36031
36033
36036
36037
36038
36040
36041
36042
36043
36044
36046
36047
36048
36050
36052
36056
36057
36059
36062
36063
36065
36067
36068
36069
36070
36074
36076
36077
36078
36079
36080
36081
36082
36084
36085
36087
36088
36092
36094
36096
36097
36098
36102
36103
36104
36105
36107
36108
36109
36110
36111
36112
36113
36115
36120
36121
36124
36125
36126
36127
36128
36129
36132
36133
36134
36135
36136
36137
36138
36139
36142
36143
36144
36145
36150
36152
36155
36156
36157
36159
36160
36161
36162
36163
36164
36166
36168
36173
36174
36179
36180
36181
36182
36183
36184
36189
36190
36191
36196
36198
36199
36200
36202
36203
36206
36207
36210
36212
36214
36215
36216
36219
36220
36223
36231
36232
36233
36235
36237
36239
36240
36241
36242
36244
36249
36250
36251
36252
36253
36256
36258
36259
36260
36262
36263
36264
36265
36267
36268
36269
36270
36271
36272
36274
36275
36277
36278
36279
36281
36284
36286
36287
36288
36289
36293
36294
36297
36298
36299
36302
36304
36307
36309
36310
36311
36312
36314
36316
36318
36322
36323
36324
36326
36327
36328
36329
36330
36332
36333
36334
36336
36337
36340
36341
36342
36343
36344
36345
36346
36348
36353
36354
36355
36356
36358
36359
36360
36361
36362
36364
36365
36367
36368
36369
36370
36371
36374
36375
36376
36377
36380
36382
36383
36384
36385
36387
36388
36390
36392
36394
36396
36397
36399
36400
36402
36403
36404
36405
36406
36407
36408
36409
36413
36415
36416
36417
36420
36421
36425
36427
36428
36429
36431
36433
36434
36436
36437
36438
36439
36441
36442
36444
36446
36448
36449
36450
36451
36453
36454
36455
36456
36457
36458
36459
36461
36462
36463
36464
36465
36469
36471
36473
36474
36475
36477
36479
36480
36481
36482
36486
36487
36489
36494
36498
36499
36500
36501
36503
36508
36510
36514
36518
36526
36532
36533
36535
36536
36537
36542
36545
36546
36547
36548
36549
36551
36552
36553
36554
36557
36560
36563
36564
36567
36574
36575
36576
36577
36579
36580
36581
36584
36585
36588
36589
36590
36591
36593
36598
36599
36600
36601
36602
36604
36605
36609
36613
36616
36619
36621
36624
36625
36626
36627
36629
36630
36632
36633
36638
36640
36645
36646
36651
36652
36654
36655
36659
36661
36662
36664
36665
36666
36669
36672
36674
36675
36677
36678
36679
36681
36682
36683
36684
36685
36687
36688
36691
36692
36694
36695
36697
36700
36701
36702
36703
36704
36709
36712
36713
36714
36715
36716
36717
36719
36720
36721
36725
36726
36727
36731
36732
36734
36736
36738
36740
36742
36743
36745
36747
36749
36750
36751
36752
36754
36755
36757
36758
36759
36760
36762
36767
36768
36771
36773
36775
36776
36777
36779
36781
36785
36786
36789
36791
36792
36793
36796
36798
36799
36805
36806
36809
36811
36813
36814
36815
36816
36818
36819
36822
36823
36824
36825
36828
36829
36834
36836
36837
36842
36844
36845
36846
36847
36848
36849
36850
36852
36853
36855
36856
36859
36860
36861
36862
36863
36864
36867
36868
36870
36871
36872
36873
36876
36877
36879
36881
36882
36883
36885
36888
36889
36890
36892
36893
36894
36898
36899
36903
36911
36912
36913
36915
36917
36918
36920
36922
36923
36925
36929
36930
36931
36933
36936
36938
36940
36941
36945
36946
36947
36948
36949
36950
36952
36958
36960
36961
36962
36963
36965
36966
36968
36970
36971
36974
36975
36976
36978
36979
36980
36981
36982
36983
36984
36985
36986
36987
36988
36991
36992
36993
36994
36995
36996
36997
36998
36999
37003
37004
37008
37014
37015
37016
37017
37018
37019
37024
37025
37026
37027
37028
37029
37030
37032
37033
37036
37038
37039
37040
37041
37042
37043
37044
37045
37046
37047
37048
37049
37051
37053
37054
37055
37056
37057
37058
37060
37061
37062
37063
37064
37067
37068
37070
37071
37073
37074
37076
37077
37078
37079
37080
37081
37082
37083
37084
37086
37087
37088
37090
37091
37092
37093
37094
37095
37096
37098
37100
37101
37102
37103
37104
37105
37106
37108
37110
37111
37112
37113
37114
37116
37117
37118
37119
37120
37121
37122
37123
37124
37125
37126
37127
37129
37130
37131
37132
37133
37135
37139
