0
2
4
9
12
19
20
25
26
29
32
33
37
40
49
59
60
61
62
65
73
74
77
78
79
80
81
84
90
93
94
96
97
104
110
114
115
124
127
129
131
135
137
141
142
143
144
147
149
151
155
156
158
159
161
162
167
170
172
177
179
193
200
201
205
206
209
211
214
219
220
230
233
247
250
258
265
268
274
281
284
290
300
306
307
314
321
327
330
339
346
355
370
374
378
387
392
395
396
398
401
405
412
418
425
427
432
434
437
438
442
455
461
465
466
469
478
480
481
489
493
497
498
499
505
508
513
519
522
524
535
539
546
552
556
562
568
572
583
588
594
610
624
625
634
639
640
654
658
669
674
675
676
678
679
680
681
682
684
685
686
687
688
689
690
691
692
693
694
695
696
697
698
699
700
701
702
703
705
707
710
711
713
714
716
717
718
720
721
722
723
724
725
726
727
728
729
732
733
736
738
739
741
743
744
746
748
749
750
751
752
753
754
756
757
758
759
760
762
765
766
767
768
769
770
771
773
774
775
777
778
779
780
781
784
786
788
789
792
793
797
801
803
804
806
807
808
809
811
812
813
814
815
816
817
818
819
821
823
824
825
827
830
831
832
833
834
835
836
837
838
839
840
841
845
847
849
850
851
858
859
863
865
869
871
873
880
881
884
888
890
892
893
895
897
900
901
903
904
905
908
909
910
912
914
916
917
920
921
922
923
925
929
931
933
934
938
941
943
944
945
951
952
953
954
955
956
957
958
959
961
962
965
966
968
969
971
972
973
974
975
976
977
978
979
980
981
982
984
985
986
987
988
989
994
995
997
998
1000
1001
1003
1004
1005
1007
1008
1009
1010
1011
1012
1014
1016
1018
1019
1021
1026
1027
1028
1030
1031
1032
1033
1034
1035
1040
1043
1044
1051
1053
1057
1060
1061
1062
1069
1072
1074
1075
1077
1079
1082
1084
1086
1087
1088
1090
1091
1093
1094
1095
1096
1098
1100
1101
1102
1111
1112
1113
1115
1116
1117
1118
1123
1125
1128
1129
1131
1134
1136
1137
1139
1142
1148
1150
1152
1154
1155
1156
1157
1162
1164
1166
1169
1171
1172
1173
1174
1175
1176
1177
1178
1181
1183
1186
1192
1194
1196
1198
1200
1201
1202
1203
1204
1207
1208
1210
1211
1216
1219
1221
1222
1223
1225
1228
1230
1232
1237
1241
1245
1246
1247
1249
1250
1252
1253
1254
1256
1257
1260
1262
1263
1264
1265
1266
1270
1271
1272
1278
1279
1280
1281
1283
1285
1286
1287
1288
1290
1294
1296
1298
1302
1305
1307
1309
1314
1316
1318
1319
1320
1321
1323
1324
1326
1327
1330
1331
1333
1335
1337
1338
1339
1340
1342
1345
1348
1349
1352
1353
1354
1355
1358
1360
1365
1366
1368
1370
1373
1375
1377
1380
1381
1383
1386
1387
1388
1389
1392
1396
1397
1398
1400
1401
1402
1403
1407
1408
1410
1415
1416
1418
1420
1422
1426
1429
1430
1433
1435
1437
1439
1442
1443
1445
1446
1448
1451
1452
1454
1455
1457
1458
1459
1460
1461
1466
1468
1472
1473
1475
1476
1477
1478
1480
1483
1484
1486
1487
1488
1489
1490
1494
1495
1497
1499
1501
1506
1507
1508
1511
1512
1513
1515
1517
1518
1519
1520
1521
1522
1525
1527
1528
1529
1530
1531
1533
1535
1536
1538
1540
1541
1543
1545
1547
1551
1552
1553
1555
1556
1557
1558
1560
1561
1563
1564
1569
1570
1572
1575
1576
1578
1579
1580
1584
1586
1588
1589
1590
1593
1594
1598
1601
1604
1605
1606
1607
1610
1613
1615
1617
1624
1625
1627
1629
1630
1636
1637
1638
1641
1642
1644
1646
1648
1649
1650
1651
1655
1659
1660
1661
1662
1664
1665
1666
1668
1670
1671
1673
1678
1682
1683
1685
1686
1687
1688
1690
1691
1693
1696
1697
1698
1700
1701
1702
1703
1704
1705
1709
1710
1712
1719
1720
1722
1725
1726
1729
1730
1733
1736
1740
1742
1746
1747
1750
1751
1753
1760
1761
1762
1767
1768
1770
1772
1774
1775
1777
1778
1781
1788
1789
1791
1792
1795
1796
1798
1809
1811
1814
1816
1817
1818
1821
1822
1830
1833
1834
1836
1838
1840
1841
1842
1844
1845
1846
1851
1854
1855
1871
1874
1878
1879
1882
1883
1884
1886
1887
1889
1890
1892
1895
1897
1899
1904
1905
1906
1907
1908
1909
1910
1912
1913
1916
1918
1922
1923
1924
1927
1933
1935
1937
1943
1944
1945
1948
1950
1952
1955
1956
1957
1961
1962
1964
1966
1967
1968
1971
1973
1975
1976
1978
1980
1983
1991
1995
1997
2003
2004
2007
2011
2012
2013
2016
2018
2021
2023
2024
2025
2027
2031
2038
2040
2042
2045
2046
2047
2048
2049
2050
2051
2054
2060
2062
2067
2070
2074
2078
2079
2085
2086
2088
2089
2093
2094
2102
2108
2112
2113
2117
2120
2129
2131
2133
2137
2141
2144
2146
2147
2150
2152
2169
2171
2172
2174
2175
2176
2183
2184
2195
2200
2205
2208
2212
2213
2218
2219
2221
2223
2225
2230
2237
2239
2241
2244
2246
2249
2258
2261
2263
2267
2268
2274
2277
2286
2287
2289
2295
2302
2307
2312
2315
2316
2318
2319
2320
2323
2327
2329
2333
2334
2336
2340
2343
2348
2350
2351
2352
2356
2357
2358
2360
2361
2362
2363
2367
2369
2370
2372
2373
2374
2376
2382
2383
2387
2388
2389
2391
2394
2397
2398
2403
2405
2406
2407
2408
2410
2414
2415
2416
2418
2420
2421
2422
2423
2427
2428
2429
2430
2434
2435
2436
2438
2444
2445
2449
2457
2459
2461
2463
2465
2472
2474
2477
2480
2481
2484
2485
2486
2487
2488
2489
2490
2491
2493
2494
2495
2497
2498
2499
2500
2501
2504
2505
2506
2509
2510
2511
2512
2513
2514
2515
2516
2517
2518
2519
2520
2523
2524
2525
2527
2528
2529
2530
2532
2533
2534
2535
2536
2537
2538
2540
2541
2542
2543
2544
2545
2546
2548
2549
2550
2551
2552
2553
2554
2556
2557
2558
2559
2560
2561
2562
2564
2565
2566
2567
2568
2569
2570
2571
2572
2573
2574
2575
2576
2577
2578
2579
2580
2581
2582
2584
2585
2586
2588
2589
2590
2591
2592
2593
2595
2596
2597
2598
2599
2600
2601
2602
2604
2605
2607
2608
2610
2612
2613
2614
2615
2616
2617
2618
2620
2621
2623
2624
2626
2627
2628
2629
2630
2631
2633
2636
2637
2639
2640
2641
2642
2643
2644
2645
2646
2648
2650
2651
2652
2654
2655
2656
2658
2659
2661
2662
2663
2664
2665
2668
2669
2670
2672
2675
2676
2677
2678
2679
2680
2681
2682
2684
2685
2686
2687
2688
2689
2691
2692
2693
2696
2697
2698
2699
2700
2701
2703
2705
2708
2711
2712
2713
2715
2716
2717
2718
2719
2720
2722
2723
2724
2725
2726
2727
2728
2729
2730
2731
2733
2735
2736
2737
2738
2743
2744
2745
2746
2747
2748
2753
2755
2759
2760
2761
2762
2764
2765
2769
2771
2772
2773
2775
2777
2779
2783
2784
2785
2786
2787
2788
2790
2792
2793
2794
2795
2797
2799
2800
2801
2802
2805
2806
2809
2812
2813
2814
2815
2816
2818
2819
2821
2822
2823
2824
2826
2829
2830
2831
2835
2837
2839
2841
2842
2846
2848
2849
2852
2853
2854
2855
2857
2859
2862
2864
2865
2866
2867
2868
2869
2870
2871
2873
2874
2876
2879
2880
2881
2882
2883
2884
2886
2887
2888
2890
2892
2894
2896
2898
2899
2901
2903
2904
2906
2907
2908
2909
2911
2912
2914
2915
2916
2917
2918
2919
2920
2921
2926
2927
2928
2932
2933
2934
2935
2937
2938
2940
2942
2943
2944
2946
2947
2948
2949
2950
2952
2953
2954
2956
2957
2958
2959
2962
2968
2970
2974
2975
2976
2978
2979
2980
2981
2982
2984
2986
2987
2989
2990
2991
2994
2996
2998
3002
3003
3005
3010
3011
3013
3016
3018
3019
3022
3023
3025
3027
3029
3030
3031
3033
3036
3037
3038
3039
3042
3044
3045
3047
3048
3049
3050
3051
3053
3057
3060
3061
3067
3068
3070
3073
3075
3076
3078
3081
3083
3085
3086
3087
3088
3095
3096
3099
3101
3104
3106
3107
3108
3111
3120
3122
3123
3124
3125
3126
3127
3131
3134
3138
3149
3154
3155
3156
3158
3159
3162
3167
3171
3172
3174
3177
3179
3182
3183
3185
3188
3190
3193
3195
3196
3197
3199
3200
3204
3206
3208
3209
3210
3213
3217
3219
3220
3223
3226
3227
3229
3230
3231
3232
3234
3236
3239
3240
3241
3243
3244
3249
3250
3251
3252
3253
3254
3256
3257
3264
3270
3271
3274
3276
3278
3282
3284
3286
3287
3288
3290
3291
3293
3294
3295
3296
3298
3301
3302
3304
3305
3306
3307
3311
3316
3317
3319
3322
3325
3328
3332
3334
3336
3337
3340
3341
3343
3344
3345
3347
3349
3350
3351
3352
3353
3356
3357
3360
3361
3362
3363
3365
3368
3369
3370
3372
3375
3376
3377
3378
3379
3380
3381
3384
3385
3387
3388
3389
3390
3392
3393
3394
3395
3397
3398
3400
3405
3406
3407
3408
3412
3413
3414
3415
3417
3418
3419
3421
3422
3423
3424
3425
3426
3427
3428
3429
3430
3434
3435
3436
3437
3438
3439
3440
3442
3445
3446
3447
3449
3450
3451
3452
3457
3458
3460
3461
3462
3464
3466
3467
3468
3469
3472
3473
3475
3477
3478
3482
3485
3486
3488
3489
3490
3491
3493
3494
3496
3497
3501
3502
3503
3506
3507
3508
3509
3510
3512
3514
3515
3517
3518
3519
3521
3523
3524
3530
3531
3532
3535
3536
3537
3539
3540
3543
3544
3545
3554
3555
3557
3559
3560
3561
3562
3567
3570
3571
3572
3578
3580
3581
3584
3587
3588
3589
3593
3597
3599
3600
3602
3604
3605
3606
3607
3609
3612
3614
3615
3617
3618
3619
3621
3622
3623
3625
3626
3627
3628
3629
3631
3634
3636
3637
3638
3642
3643
3644
3647
3649
3650
3653
3655
3657
3658
3659
3661
3665
3666
3667
3669
3670
3671
3672
3673
3674
3675
3678
3679
3682
3684
3685
3687
3688
3689
3690
3691
3693
3694
3696
3698
3699
3701
3702
3703
3705
3706
3708
3709
3711
3720
3734
3743
3758
3761
3764
3767
3770
3772
3773
3775
3776
3777
3782
3784
3791
3792
3794
3795
3797
3804
3805
3808
3809
3823
3827
3828
3829
3830
3837
3838
3839
3840
3841
3842
3844
3845
3846
3847
3848
3849
3850
3854
3857
3858
3859
3860
3862
3865
3868
3869
3872
3873
3876
3879
3885
3891
3893
3895
3897
3899
3914
3919
3920
3921
3925
3930
3934
3935
3936
3941
3944
3945
3966
3970
3974
3975
3977
3978
3979
3986
4004
4005
4007
4008
4010
4013
4014
4015
4027
4036
4040
4041
4042
4050
4052
4053
4063
4066
4067
4068
4069
4070
4071
4076
4084
4086
4088
4094
4095
4106
4109
4115
4116
4119
4124
4125
4131
4135
4139
4141
4155
4156
4157
4169
4178
4180
4194
4202
4207
4212
4213
4222
4223
4231
4235
4236
4238
4240
4241
4243
4245
4249
4252
4253
4266
4269
4270
4276
4286
4287
4289
4292
4294
4297
4302
4304
4312
4316
4333
4334
4335
4337
4339
4343
4344
4345
4347
4349
4350
4353
4354
4365
4368
4369
4370
4376
4377
4382
4383
4384
4388
4389
4390
4391
4392
4393
4394
4395
4396
4397
4398
4399
4400
4401
4402
4404
4405
4406
4407
4408
4409
4410
4411
4413
4414
4415
4417
4418
4421
4422
4424
4425
4426
4427
4428
4429
4431
4432
4433
4434
4436
4438
4439
4440
4441
4442
4443
4446
4447
4449
4450
4451
4452
4454
4455
4456
4457
4458
4460
4466
4468
4469
4470
4471
4472
4473
4475
4476
4477
4479
4480
4484
4485
4486
4487
4488
4489
4492
4493
4494
4495
4500
4501
4502
4503
4504
4505
4506
4507
4509
4510
4511
4513
4514
4515
4517
4519
4520
4521
4523
4524
4525
4526
4527
4528
4529
4532
4534
4538
4539
4544
4546
4547
4548
4549
4550
4551
4552
4556
4557
4558
4559
4564
4565
4566
4567
4569
4570
4572
4574
4575
4577
4579
4580
4581
4585
4587
4588
4589
4591
4593
4594
4595
4601
4602
4603
4604
4606
4607
4608
4609
4611
4612
4613
4614
4617
4618
4619
4620
4621
4625
4626
4632
4633
4636
4637
4638
4642
4643
4644
4646
4648
4652
4653
4654
4655
4656
4658
4659
4660
4664
4667
4668
4669
4670
4671
4672
4673
4675
4676
4678
4680
4681
4685
4686
4687
4688
4690
4693
4696
4698
4699
4700
4701
4702
4703
4705
4707
4708
4709
4710
4714
4715
4716
4718
4720
4721
4722
4723
4726
4727
4728
4734
4742
4746
4749
4751
4754
4755
4756
4758
4759
4774
4776
4777
4778
4779
4781
4783
4787
4788
4791
4792
4793
4794
4795
4796
4798
4800
4801
4802
4803
4807
4808
4809
4810
4811
4814
4815
4816
4817
4819
4822
4823
4824
4825
4827
4828
4832
4835
4839
4840
4842
4843
4844
4845
4846
4848
4850
4851
4852
4853
4856
4857
4859
4864
4866
4870
4871
4872
4873
4874
4876
4878
4880
4881
4883
4886
4888
4889
4890
4891
4892
4896
4897
4899
4902
4904
4905
4906
4907
4908
4910
4913
4914
4915
4918
4919
4921
4923
4924
4925
4927
4930
4932
4933
4936
4937
4938
4944
4945
4946
4948
4952
4961
4963
4966
4967
4969
4970
4972
4973
4976
4978
4979
4980
4985
4986
4987
4990
4991
4992
4994
4995
4996
4997
4999
5000
5001
5004
5005
5008
5010
5013
5014
5017
5021
5022
5025
5026
5027
5028
5030
5033
5035
5037
5038
5039
5040
5041
5042
5044
5045
5046
5047
5048
5049
5051
5052
5053
5054
5055
5056
5057
5058
5059
5061
5062
5063
5066
5070
5073
5074
5075
5078
5079
5081
5088
5089
5090
5091
5093
5094
5095
5096
5097
5098
5100
5102
5103
5107
5110
5112
5115
5116
5117
5118
5122
5124
5125
5128
5129
5130
5133
5134
5137
5140
5141
5142
5143
5146
5151
5152
5155
5158
5159
5160
5162
5163
5164
5165
5166
5169
5170
5171
5172
5174
5175
5179
5181
5182
5183
5187
5190
5191
5192
5193
5194
5195
5196
5198
5201
5202
5203
5207
5209
5211
5213
5214
5215
5217
5221
5224
5225
5226
5227
5229
5230
5231
5232
5239
5240
5241
5242
5243
5244
5246
5249
5250
5252
5253
5255
5258
5259
5261
5262
5263
5265
5267
5269
5273
5275
5279
5281
5283
5284
5285
5286
5288
5289
5290
5293
5294
5297
5301
5304
5307
5309
5310
5312
5320
5323
5324
5327
5329
5331
5335
5337
5338
5339
5342
5343
5347
5348
5351
5353
5357
5362
5363
5364
5367
5369
5371
5372
5373
5376
5378
5379
5380
5381
5385
5386
5387
5389
5390
5396
5397
5398
5399
5400
5401
5402
5404
5407
5412
5415
5419
5423
5426
5430
5433
5434
5438
5439
5440
5442
5444
5446
5451
5455
5460
5465
5473
5475
5476
5478
5479
5481
5482
5486
5488
5489
5490
5494
5496
5497
5511
5513
5515
5518
5521
5523
5526
5527
5530
5531
5532
5533
5534
5535
5536
5538
5544
5545
5546
5550
5552
5553
5554
5555
5556
5562
5564
5565
5566
5567
5569
5572
5575
5576
5579
5581
5585
5587
5592
5594
5599
5600
5601
5604
5606
5607
5610
5613
5617
5618
5619
5620
5621
5622
5624
5626
5631
5632
5636
5637
5641
5645
5647
5648
5649
5651
5654
5667
5668
5669
5670
5671
5675
5676
5679
5680
5681
5682
5684
5685
5687
5688
5689
5691
5692
5693
5697
5698
5699
5710
5711
5714
5717
5721
5724
5726
5727
5729
5730
5731
5732
5737
5739
5743
5752
5755
5759
5760
5761
5764
5768
5769
5770
5774
5777
5779
5782
5784
5786
5787
5788
5793
5799
5800
5802
5806
5807
5810
5811
5812
5816
5820
5821
5822
5823
5826
5830
5833
5837
5838
5840
5844
5847
5848
5853
5855
5860
5864
5866
5872
5875
5876
5877
5879
5882
5883
5885
5886
5888
5889
5892
5897
5899
5902
5906
5908
5909
5915
5919
5922
5925
5928
5932
5937
5945
5951
5952
5953
5956
5958
5961
5966
5968
5969
5970
5972
5977
5981
5989
5996
6000
6001
6002
6004
6007
6010
6011
6012
6025
6026
6029
6031
6032
6033
6034
6039
6041
6043
6046
6050
6064
6065
6069
6070
6071
6074
6075
6076
6077
6078
6079
6081
6082
6084
6086
6088
6089
6091
6095
6096
6097
6099
6101
6102
6103
6105
6107
6108
6110
6113
6114
6115
6117
6118
6119
6124
6126
6127
6128
6129
6132
6135
6136
6140
6142
6144
6147
6150
6152
6156
6157
6159
6162
6163
6164
6165
6169
6171
6173
6175
6177
6180
6184
6187
6188
6191
6193
6196
6197
6198
6200
6201
6202
6203
6204
6205
6206
6209
6212
6213
6214
6215
6218
6219
6220
6222
6223
6224
6225
6226
6227
6228
6229
6232
6233
6234
6235
6238
6239
6240
6241
6242
6243
6244
6246
6247
6248
6249
6250
6251
6252
6253
6254
6256
6257
6258
6259
6262
6263
6264
6266
6267
6268
6270
6272
6273
6275
6276
6277
6278
6280
6281
6282
6283
6284
6287
6288
6289
6290
6291
6292
6293
6295
6296
6297
6301
6302
6303
6304
6305
6306
6307
6310
6311
6312
6313
6314
6315
6316
6317
6318
6319
6321
6322
6323
6324
6326
6327
6328
6329
6330
6331
6332
6334
6337
6338
6340
6341
6342
6343
6345
6347
6348
6349
6350
6351
6353
6355
6356
6357
6358
6360
6361
6362
6363
6364
6365
6366
6367
6369
6370
6372
6373
6375
6377
6378
6380
6381
6382
6384
6386
6389
6390
6391
6392
6393
6395
6396
6397
6399
6400
6401
6403
6406
6407
6408
6410
6411
6412
6413
6414
6415
6416
6420
6421
6422
6423
6424
6425
6426
6430
6431
6432
6433
6434
6435
6437
6438
6439
6441
6442
6444
6445
6447
6449
6450
6451
6452
6454
6455
6456
6458
6460
6462
6464
6465
6466
6467
6469
6470
6472
6474
6475
6478
6481
6482
6484
6486
6487
6488
6490
6491
6493
6495
6496
6498
6500
6501
6503
6506
6507
6509
6511
6514
6516
6517
6521
6522
6523
6524
6526
6527
6528
6529
6530
6532
6533
6535
6536
6538
6539
6540
6541
6542
6543
6544
6545
6547
6551
6552
6555
6556
6559
6560
6563
6566
6568
6569
6572
6573
6574
6576
6579
6581
6582
6584
6585
6587
6588
6589
6591
6592
6596
6598
6600
6601
6602
6604
6608
6609
6611
6612
6613
6614
6615
6616
6617
6618
6621
6622
6623
6625
6628
6629
6631
6632
6633
6634
6637
6640
6641
6642
6643
6644
6646
6647
6652
6653
6656
6657
6658
6661
6664
6668
6671
6673
6676
6677
6679
6680
6682
6683
6684
6686
6687
6688
6694
6696
6697
6698
6700
6701
6702
6703
6706
6708
6709
6711
6712
6714
6715
6716
6717
6722
6723
6724
6725
6729
6730
6732
6733
6736
6737
6738
6741
6744
6746
6747
6749
6751
6752
6755
6759
6761
6762
6763
6764
6765
6766
6769
6775
6777
6779
6784
6786
6790
6791
6792
6797
6799
6800
6801
6802
6803
6808
6809
6815
6818
6822
6824
6825
6829
6832
6834
6837
6838
6840
6841
6842
6843
6845
6847
6848
6850
6852
6853
6854
6858
6860
6864
6866
6868
6872
6873
6875
6876
6878
6881
6882
6885
6887
6891
6894
6896
6904
6906
6908
6909
6910
6913
6914
6918
6921
6923
6924
6926
6927
6930
6933
6934
6937
6946
6953
6955
6956
6958
6959
6962
6964
6967
6968
6969
6971
6972
6974
6975
6976
6978
6980
6982
6983
6985
6989
6990
6992
6993
6996
7000
7001
7002
7004
7005
7008
7011
7013
7014
7015
7019
7021
7026
7028
7029
7030
7031
7032
7033
7034
7036
7039
7041
7043
7046
7048
7051
7052
7053
7054
7055
7056
7058
7060
7061
7062
7063
7064
7065
7070
7071
7074
7075
7076
7077
7078
7080
7082
7083
7084
7085
7089
7090
7092
7093
7094
7096
7099
7100
7102
7103
7104
7106
7108
7109
7110
7111
7112
7115
7118
7119
7120
7121
7125
7126
7128
7129
7130
7131
7134
7135
7138
7139
7140
7141
7142
7144
7146
7148
7149
7150
7151
7152
7153
7156
7157
7160
7162
7164
7167
7168
7170
7171
7173
7174
7176
7177
7180
7181
7184
7187
7188
7194
7196
7199
7200
7201
7203
7204
7205
7206
7207
7209
7211
7214
7215
7217
7220
7222
7226
7227
7229
7231
7233
7234
7235
7237
7238
7239
7241
7244
7245
7246
7248
7249
7250
7251
7253
7254
7258
7259
7262
7263
7264
7267
7269
7270
7271
7272
7273
7274
7275
7276
7278
7279
7282
7283
7284
7285
7286
7292
7296
7298
7299
7300
7301
7313
7314
7316
7317
7319
7320
7321
7324
7326
7328
7332
7333
7335
7337
7339
7342
7343
7345
7348
7351
7354
7356
7357
7358
7361
7365
7367
7369
7371
7372
7373
7374
7375
7376
7377
7378
7379
7381
7382
7384
7386
7388
7389
7390
7391
7393
7396
7398
7401
7402
7404
7405
7407
7408
7410
7411
7412
7413
7414
7415
7416
7419
7421
7422
7423
7426
7427
7430
7454
7456
7464
7465
7467
7468
7472
7484
7486
7491
7495
7503
7504
7506
7507
7510
7518
7522
7524
7531
7542
7554
7555
7559
7564
7565
7567
7569
7571
7573
7583
7586
7589
7590
7605
7607
7610
7618
7634
7644
7654
7671
7685
7689
7692
7710
7722
7749
7760
7774
7796
7797
7798
7802
7804
7823
7829
7831
7840
7862
7870
7891
7896
7916
7927
7933
7936
7949
7963
7977
7980
7984
7993
8005
8006
8016
8022
8027
8031
8044
8053
8064
8069
8072
8082
8084
8085
8092
8097
8099
8102
8103
8104
8106
8107
8109
8110
8111
8112
8114
8115
8116
8117
8118
8119
8121
8122
8123
8124
8127
8128
8129
8131
8132
8133
8136
8138
8139
8140
8141
8142
8144
8146
8150
8152
8153
8156
8157
8160
8163
8165
8166
8168
8169
8172
8175
8176
8179
8180
8182
8184
8186
8195
8197
8199
8200
8201
8202
8203
8207
8208
8209
8210
8212
8213
8217
8219
8220
8221
8225
8229
8230
8231
8235
8238
8239
8243
8246
8250
8252
8255
8259
8260
8261
8262
8264
8265
8268
8270
8274
8278
8279
8280
8281
8285
8286
8287
8290
8293
8294
8296
8303
8305
8309
8311
8312
8316
8318
8319
8320
8322
8323
8326
8329
8333
8334
8337
8340
8344
8346
8349
8350
8351
8354
8357
8358
8359
8360
8361
8364
8367
8369
8372
8373
8378
8379
8382
8384
8385
8386
8387
8390
8391
8393
8394
8401
8402
8405
8407
8413
8414
8415
8420
8425
8426
8427
8428
8434
8435
8437
8440
8442
8444
8446
8447
8452
8454
8455
8456
8462
8468
8471
8472
8474
8478
8479
8481
8483
8485
8488
8489
8494
8496
8502
8503
8505
8507
8510
8512
8515
8516
8521
8523
8525
8529
8530
8533
8537
8539
8541
8543
8544
8546
8547
8548
8549
8551
8552
8556
8557
8559
8567
8568
8571
8574
8576
8577
8580
8581
8582
8588
8590
8591
8592
8597
8603
8606
8608
8614
8616
8617
8618
8620
8622
8625
8626
8628
8635
8636
8638
8639
8641
8645
8646
8647
8649
8650
8656
8665
8667
8669
8673
8675
8680
8681
8684
8686
8691
8692
8693
8698
8700
8706
8709
8711
8714
8715
8717
8720
8727
8733
8736
8738
8741
8744
8745
8746
8747
8749
8751
8753
8754
8755
8758
8759
8761
8763
8764
8766
8767
8772
8776
8779
8781
8782
8783
8784
8792
8794
8796
8798
8803
8808
8809
8811
8812
8813
8814
8815
8820
8824
8826
8829
8830
8831
8835
8844
8849
8850
8857
8861
8863
8864
8868
8873
8874
8876
8877
8878
8880
8885
8889
8891
8896
8898
8900
8903
8905
8906
8908
8911
8916
8917
8918
8922
8923
8925
8935
8938
8940
8941
8942
8945
8947
8948
8952
8954
8956
8957
8958
8961
8963
8964
8967
8968
8976
8979
8983
8984
8985
8988
8989
8994
8995
9000
9003
9004
9006
9007
9011
9017
9018
9019
9020
9021
9022
9023
9024
9025
9041
9044
9045
9046
9049
9051
9053
9055
9062
9066
9067
9069
9070
9071
9075
9077
9090
9094
9101
9102
9103
9107
9110
9111
9114
9118
9126
9129
9134
9136
9138
9140
9141
9143
9147
9148
9150
9152
9154
9156
9163
9164
9165
9166
9167
9172
9174
9175
9182
9189
9193
9195
9196
9202
9213
9223
9224
9226
9232
9235
9237
9238
9239
9241
9245
9248
9260
9267
9268
9270
9277
9279
9283
9286
9290
9293
9296
9299
9311
9317
9318
9324
9325
9328
9336
9338
9340
9346
9350
9355
9365
9366
9374
9376
9382
9383
9389
9390
9391
9392
9394
9397
9398
9399
9401
9406
9408
9410
9417
9419
9423
9424
9440
9449
9451
9453
9455
9456
9465
9466
9469
9473
9474
9475
9478
9482
9485
9495
9500
9501
9513
9517
9519
9524
9525
9526
9534
9539
9540
9541
9551
9553
9563
9564
9565
9569
9572
9575
9576
9594
9596
9597
9599
9600
9602
9613
9618
9619
9630
9640
9646
9648
9649
9656
9666
9670
9672
9673
9686
9689
9691
9692
9693
9694
9707
9715
9722
9725
9726
9730
9739
9745
9747
9748
9755
9756
9759
9761
9769
9777
9779
9784
9788
9789
9790
9793
9803
9809
9810
9811
9812
9815
9816
9819
9821
9822
9824
9825
9828
9833
9834
9835
9836
9838
9840
9842
9843
9857
9858
9859
9860
9863
9864
9865
9866
9871
9872
9873
9875
9877
9882
9883
9885
9889
9890
9891
9893
9898
9904
9906
9912
9915
9916
9917
9920
9921
9922
9923
9924
9927
9929
9931
9933
9934
9937
9938
9940
9941
9943
9945
9946
9948
9949
9950
9951
9952
9953
9954
9956
9957
9958
9959
9960
9961
9962
9963
9964
9965
9966
9967
9969
9970
9971
9974
9975
9977
9978
9979
9980
9981
9983
9984
9986
9987
9988
9989
9990
9991
9992
9993
9994
9996
9997
9999
10001
10002
10003
10004
10005
10006
10009
10010
10011
10012
10013
10014
10016
10018
10019
10020
10022
10023
10024
10025
10026
10027
10028
10029
10030
10032
10034
10035
10036
10038
10040
10041
10042
10043
10044
10045
10046
10048
10049
10050
10051
10052
10054
10055
10056
10057
10059
10061
10062
10063
10064
10068
10069
10070
10071
10072
10074
10075
10076
10078
10079
10081
10082
10083
10084
10088
10090
10091
10096
10097
10098
10100
10104
10106
10109
10110
10113
10114
10115
10117
10118
10120
10121
10123
10124
10125
10126
10127
10128
10129
10131
10134
10138
10139
10140
10143
10146
10147
10148
10149
10151
10152
10153
10157
10159
10161
10162
10163
10164
10165
10166
10169
10171
10172
10173
10174
10175
10176
10178
10179
10181
10183
10184
10186
10187
10188
10190
10192
10193
10199
10201
10202
10204
10210
10217
10220
10223
10226
10228
10230
10231
10234
10235
10237
10239
10241
10243
10244
10246
10247
10249
10250
10253
10254
10258
10259
10260
10261
10263
10265
10266
10268
10269
10270
10271
10272
10273
10274
10275
10276
10277
10280
10281
10282
10283
10287
10290
10291
10293
10296
10297
10298
10301
10307
10308
10311
10313
10314
10316
10318
10320
10322
10323
10325
10326
10330
10331
10332
10334
10335
10339
10343
10344
10345
10346
10347
10350
10351
10353
10356
10358
10361
10362
10363
10365
10368
10370
10371
10373
10376
10377
10378
10382
10385
10389
10390
10393
10394
10398
10401
10403
10404
10408
10410
10411
10412
10413
10414
10417
10418
10420
10421
10423
10424
10426
10430
10431
10432
10434
10441
10444
10446
10449
10450
10460
10461
10463
10464
10465
10470
10475
10476
10477
10478
10479
10480
10483
10486
10488
10489
10491
10494
10497
10498
10500
10513
10514
10516
10518
10522
10526
10529
10535
10538
10539
10543
10548
10551
10553
10555
10556
10558
10562
10566
10568
10570
10572
10573
10576
10580
10581
10582
10587
10590
10595
10598
10599
10601
10602
10604
10607
10618
10619
10620
10623
10624
10626
10628
10633
10635
10638
10647
10648
10651
10652
10656
10658
10660
10667
10669
10670
10671
10674
10681
10684
10685
10686
10687
10689
10690
10692
10694
10703
10704
10706
10708
10712
10715
10719
10721
10722
10723
10724
10725
10727
10728
10729
10732
10735
10736
10737
10743
10745
10750
10753
10762
10765
10768
10769
10771
10772
10775
10779
10782
10787
10788
10789
10793
10796
10797
10798
10806
10807
10808
10809
10812
10813
10816
10821
10822
10823
10826
10828
10829
10832
10833
10835
10836
10838
10842
10843
10844
10849
10853
10858
10861
10863
10864
10866
10867
10873
10874
10878
10882
10886
10887
10889
10892
10894
10895
10899
10900
10901
10905
10915
10916
10920
10921
10922
10924
10925
10930
10931
10933
10935
10936
10938
10940
10943
10947
10948
10949
10952
10958
10959
10963
10964
10967
10968
10972
10973
10977
10985
10986
10987
10988
10989
10990
10994
10995
10996
10998
10999
11001
11002
11003
11005
11006
11009
11010
11015
11016
11017
11020
11024
11025
11027
11028
11032
11034
11035
11041
11046
11050
11051
11054
11057
11059
11060
11061
11062
11063
11065
11068
11071
11072
11075
11079
11080
11081
11083
11085
11086
11088
11089
11091
11093
11094
11096
11097
11098
11100
11101
11102
11103
11104
11106
11107
11110
11115
11116
11119
11122
11126
11127
11128
11131
11133
11136
11137
11139
11141
11148
11149
11152
11154
11156
11157
11162
11163
11165
11173
11174
11186
11190
11203
11206
11211
11214
11216
11221
11227
11230
11235
11243
11244
11254
11255
11256
11257
11258
11263
11264
11265
11267
11268
11271
11272
11277
11278
11281
11283
11284
11285
11286
11287
11290
11293
11297
11300
11301
11303
11304
11305
11307
11317
11321
11325
11328
11332
11356
11358
11361
11363
11374
11375
11377
11380
11400
11403
11404
11406
11407
11412
11417
11426
11432
11433
11439
11442
11445
11449
11461
11472
11478
11486
11487
11495
11496
11509
11512
11513
11516
11522
11527
11530
11534
11537
11540
11542
11543
11552
11554
11560
11569
11585
11592
11595
11607
11610
11626
11627
11630
11635
11641
11644
11645
11650
11668
11671
11674
11677
11681
11707
11714
11716
11719
11722
11730
11732
11749
11751
11767
11774
11775
11778
11784
11785
11802
11812
11816
11817
11818
11819
11820
11821
11822
11823
11824
11826
11827
11828
11829
11832
11835
11836
11837
11838
11839
11840
11842
11845
11846
11847
11849
11853
11854
11856
11857
11858
11859
11860
11861
11863
11864
11868
11869
11870
11871
11872
11874
11876
11879
11882
11884
11890
11895
11898
11900
11902
11904
11906
11907
11909
11910
11911
11913
11914
11915
11917
11918
11921
11922
11923
11924
11926
11928
11931
11933
11936
11937
11938
11940
11941
11943
11946
11948
11949
11950
11953
11954
11955
11956
11957
11958
11963
11965
11966
11968
11970
11972
11976
11978
11979
11980
11982
11983
11984
11986
11987
11992
11993
11994
11996
12000
12001
12002
12003
12004
12005
12006
12008
12009
12013
12018
12020
12021
12023
12025
12026
12028
12033
12034
12035
12036
12037
12038
12040
12042
12043
12047
12048
12049
12050
12051
12053
12054
12060
12063
12064
12065
12067
12071
12072
12078
12081
12084
12085
12091
12095
12097
12098
12100
12104
12106
12110
12112
12113
12114
12115
12117
12121
12127
12129
12132
12134
12135
12136
12137
12140
12141
12142
12143
12145
12146
12147
12148
12150
12151
12154
12155
12156
12161
12170
12174
12177
12178
12179
12186
12187
12192
12193
12195
12197
12200
12201
12202
12205
12207
12208
12210
12217
12218
12219
12221
12223
12224
12226
12228
12229
12234
12235
12238
12239
12242
12245
12247
12250
12253
12255
12260
12265
12266
12267
12268
12273
12274
12281
12282
12283
12284
12285
12288
12289
12291
12292
12294
12303
12306
12307
12308
12310
12313
12315
12320
12321
12322
12325
12329
12333
12336
12340
12341
12342
12343
12346
12349
12350
12351
12357
12358
12364
12368
12370
12372
12376
12377
12378
12380
12384
12390
12393
12394
12395
12400
12406
12408
12412
12414
12415
12423
12424
12425
12426
12429
12430
12431
12433
12436
12438
12442
12443
12445
12452
12454
12456
12458
12461
12462
12466
12467
12468
12470
12472
12473
12475
12476
12477
12478
12480
12481
12486
12487
12490
12494
12498
12500
12501
12502
12505
12510
12512
12517
12522
12525
12526
12528
12530
12533
12535
12536
12538
12539
12543
12546
12549
12550
12552
12558
12560
12563
12565
12570
12575
12578
12579
12580
12581
12582
12583
12586
12587
12588
12589
12590
12592
12599
12600
12603
12607
12615
12617
12619
12620
12622
12623
12624
12625
12628
12630
12631
12632
12633
12634
12636
12637
12639
12641
12643
12648
12655
12657
12658
12659
12661
12664
12668
12670
12674
12675
12677
12678
12679
12680
12681
12683
12689
12693
12695
12696
12697
12699
12701
12707
12709
12710
12711
12714
12716
12718
12721
12722
12725
12729
12732
12735
12738
12739
12740
12747
12751
12752
12756
12757
12762
12764
12766
12771
12775
12776
12780
12782
12783
12784
12790
12795
12796
12804
12807
12808
12809
12814
12815
12818
12821
12822
12824
12826
12828
12832
12834
12836
12837
12838
12842
12850
12851
12855
12857
12860
12867
12868
12872
12873
12878
12879
12882
12883
12887
12889
12891
12893
12901
12903
12904
12905
12906
12907
12909
12911
12912
12915
12916
12917
12930
12933
12941
12951
12953
12958
12959
12961
12962
12972
12973
12981
12983
12984
12990
12996
12997
12999
13003
13005
13010
13019
13020
13026
13029
13031
13032
13034
13038
13042
13048
13052
13053
13060
13075
13079
13080
13083
13085
13086
13088
13096
13097
13098
13100
13103
13104
13105
13112
13113
13115
13118
13120
13121
13122
13132
13133
13139
13143
13151
13154
13155
13158
13163
13165
13170
13171
13177
13179
13180
13182
13183
13184
13187
13189
13192
13198
13199
13205
13207
13213
13215
13221
13227
13230
13233
13234
13237
13238
13244
13250
13254
13258
13260
13262
13266
13279
13288
13296
13299
13304
13305
13308
13309
13310
13311
13313
13314
13319
13320
13321
13326
13333
13340
13343
13350
13353
13354
13360
13364
13365
13367
13377
13379
13381
13389
13390
13393
13394
13400
13405
13425
13428
13437
13439
13440
13444
13448
13449
13453
13456
13457
13458
13461
13462
13467
13468
13469
13475
13486
13489
13491
13492
13493
13495
13499
13500
13506
13507
13512
13517
13524
13525
13526
13529
13530
13531
13533
13536
13537
13541
13543
13547
13548
13550
13552
13556
13557
13559
13560
13564
13568
13569
13570
13572
13574
13578
13579
13580
13581
13584
13585
13587
13593
13595
13597
13599
13601
13603
13606
13607
13616
13620
13622
13626
13627
13629
13630
13631
13635
13639
13641
13643
13645
13646
13647
13648
13651
13652
13653
13654
13655
13656
13657
13660
13661
13662
13664
13666
13667
13668
13670
13672
13673
13674
13675
13676
13678
13679
13680
13681
13682
13684
13685
13686
13687
13688
13689
13690
13691
13692
13693
13694
13695
13696
13698
13701
13702
13703
13704
13705
13706
13707
13708
13709
13710
13711
13712
13714
13715
13716
13717
13718
13719
13723
13724
13727
13728
13730
13731
13732
13733
13734
13735
13736
13737
13738
13739
13740
13741
13742
13743
13744
13745
13746
13747
13749
13750
13751
13755
13756
13757
13758
13759
13760
13762
13763
13764
13766
13769
13771
13772
13773
13775
13776
13777
13778
13781
13782
13783
13784
13785
13786
13787
13788
13790
13792
13794
13795
13796
13797
13805
13807
13808
13810
13812
13813
13814
13818
13820
13821
13822
13824
13826
13827
13828
13831
13832
13833
13834
13835
13837
13838
13839
13840
13841
13842
13843
13848
13849
13850
13852
13853
13854
13859
13860
13862
13864
13865
13866
13868
13869
13870
13871
13873
13874
13875
13877
13878
13880
13882
13884
13885
13886
13888
13890
13891
13895
13900
13901
13902
13904
13905
13906
13910
13912
13915
13918
13922
13923
13924
13925
13926
13928
13932
13934
13935
13937
13939
13941
13942
13944
13945
13948
13953
13955
13958
13960
13961
13964
13967
13968
13969
13970
13972
13973
13979
13980
13983
13984
13985
13986
13987
13989
13990
13991
13992
13994
13996
13997
14001
14002
14004
14005
14007
14008
14009
14010
14012
14013
14014
14016
14019
14020
14021
14022
14025
14026
14027
14028
14029
14030
14032
14036
14037
14039
14040
14044
14045
14046
14048
14049
14053
14054
14057
14059
14061
14062
14064
14065
14070
14080
14081
14084
14085
14086
14087
14089
14091
14092
14099
14101
14103
14104
14108
14110
14111
14115
14116
14117
14118
14121
14123
14124
14125
14126
14128
14130
14133
14134
14137
14140
14145
14147
14149
14153
14154
14158
14160
14161
14163
14164
14165
14168
14169
14172
14175
14178
14180
14185
14194
14195
14197
14198
14203
14205
14207
14211
14213
14218
14220
14222
14225
14228
14230
14231
14232
14241
14250
14253
14255
14260
14262
14263
14264
14265
14267
14269
14273
14275
14276
14280
14282
14286
14287
14288
14291
14295
14296
14300
14301
14303
14304
14307
14309
14321
14328
14329
14331
14332
14334
14335
14336
14337
14338
14340
14341
14343
14344
14345
14352
14354
14355
14359
14361
14364
14365
14367
14370
14372
14374
14377
14378
14380
14381
14384
14385
14386
14387
14389
14391
14395
14396
14398
14399
14403
14406
14408
14410
14413
14414
14418
14420
14424
14427
14428
14430
14432
14433
14440
14443
14444
14446
14447
14448
14449
14451
14453
14454
14455
14457
14458
14459
14461
14464
14465
14466
14467
14471
14472
14473
14474
14475
14476
14479
14483
14486
14490
14491
14492
14493
14498
14499
14502
14503
14504
14505
14506
14514
14515
14517
14520
14521
14522
14526
14527
14531
14532
14534
14536
14537
14538
14539
14540
14545
14547
14548
14549
14551
14553
14558
14560
14564
14566
14567
14569
14572
14575
14576
14577
14578
14581
14582
14584
14588
14590
14592
14596
14598
14599
14601
14602
14604
14605
14606
14608
14609
14615
14617
14625
14626
14627
14628
14629
14630
14632
14633
14634
14635
14639
14642
14643
14645
14647
14648
14649
14650
14653
14654
14656
14659
14661
14663
14666
14672
14673
14674
14675
14676
14677
14679
14680
14681
14682
14684
14686
14687
14690
14691
14695
14697
14699
14701
14703
14704
14707
14709
14710
14712
14713
14714
14720
14723
14726
14727
14730
14731
14734
14735
14742
14745
14748
14749
14750
14751
14756
14757
14760
14762
14763
14764
14765
14767
14768
14771
14773
14774
14776
14779
14781
14784
14785
14786
14789
14792
14793
14795
14797
14798
14799
14800
14802
14803
14804
14807
14812
14814
14816
14817
14818
14819
14821
14824
14826
14829
14830
14832
14833
14836
14838
14840
14841
14843
14844
14845
14847
14849
14850
14853
14855
14857
14861
14866
14872
14873
14882
14891
14894
14909
14910
14919
14922
14927
14935
14936
14943
14946
14949
14956
14975
14978
14979
14981
14982
14988
14994
14995
14997
14999
15001
15014
15015
15026
15038
15039
15041
15050
15063
15067
15070
15072
15073
15078
15080
15088
15095
15098
15101
15102
15111
15113
15127
15163
15175
15183
15191
15195
15201
15202
15208
15210
15212
15221
15243
15244
15251
15257
15266
15268
15332
15341
15345
15350
15355
15364
15372
15377
15391
15392
15393
15406
15422
15431
15438
15457
15462
15476
15496
15512
15519
15531
15532
15533
15534
15535
15537
15538
15539
15540
15542
15543
15544
15545
15546
15547
15549
15550
15551
15552
15553
15555
15556
15558
15559
15560
15563
15564
15566
15567
15570
15571
15572
15574
15576
15577
15578
15579
15582
15585
15587
15588
15589
15591
15592
15598
15602
15603
15604
15605
15607
15609
15611
15612
15613
15614
15615
15616
15618
15620
15621
15622
15624
15625
15626
15628
15630
15631
15636
15638
15640
15641
15642
15644
15645
15646
15647
15648
15649
15651
15652
15653
15655
15657
15659
15660
15661
15662
15663
15667
15668
15670
15671
15673
15674
15676
15678
15679
15680
15682
15683
15684
15687
15688
15693
15696
15699
15701
15703
15704
15707
15709
15711
15714
15718
15719
15720
15721
15722
15731
15732
15737
15739
15744
15745
15746
15747
15748
15750
15751
15755
15756
15757
15759
15760
15761
15762
15764
15765
15768
15769
15777
15778
15779
15780
15783
15785
15787
15789
15790
15791
15792
15801
15806
15807
15809
15812
15813
15815
15818
15820
15822
15823
15825
15827
15829
15830
15832
15833
15834
15841
15843
15848
15850
15851
15853
15857
15862
15864
15865
15869
15870
15872
15874
15875
15880
15882
15885
15893
15895
15897
15898
15900
15901
15906
15907
15909
15910
15911
15912
15916
15917
15922
15928
15930
15931
15933
15937
15938
15940
15943
15944
15946
15947
15949
15950
15952
15953
15954
15956
15957
15959
15964
15965
15966
15967
15968
15969
15970
15973
15974
15976
15977
15979
15980
15982
15984
15987
15988
15991
15998
15999
16001
16002
16004
16007
16012
16015
16017
16020
16024
16025
16027
16028
16031
16033
16034
16039
16041
16044
16052
16054
16060
16063
16073
16074
16075
16077
16079
16084
16088
16090
16092
16093
16094
16095
16097
16103
16107
16108
16109
16114
16115
16118
16121
16124
16126
16127
16128
16132
16134
16135
16137
16143
16146
16147
16148
16156
16157
16164
16171
16174
16175
16177
16180
16181
16182
16185
16186
16187
16189
16190
16194
16195
16197
16198
16201
16202
16204
16205
16207
16208
16215
16216
16217
16218
16221
16222
16224
16226
16229
16231
16233
16238
16239
16241
16242
16243
16244
16247
16253
16254
16256
16257
16258
16259
16262
16264
16265
16266
16267
16268
16272
16273
16278
16280
16281
16285
16286
16292
16293
16297
16302
16307
16310
16312
16314
16317
16319
16320
16322
16323
16324
16325
16327
16330
16333
16334
16341
16342
16344
16345
16350
16351
16353
16357
16358
16359
16360
16361
16362
16363
16368
16369
16371
16376
16380
16385
16387
16391
16392
16396
16398
16399
16408
16411
16413
16416
16418
16419
16423
16425
16428
16430
16435
16436
16438
16442
16443
16450
16451
16454
16455
16459
16464
16466
16469
16471
16472
16473
16477
16481
16482
16486
16488
16490
16497
16498
16504
16505
16507
16508
16509
16515
16519
16521
16523
16524
16533
16537
16538
16541
16544
16546
16549
16550
16551
16554
16565
16567
16570
16571
16576
16578
16579
16582
16585
16586
16588
16592
16593
16595
16599
16601
16602
16603
16607
16609
16610
16615
16622
16623
16626
16629
16634
16637
16639
16641
16643
16648
16652
16654
16662
16665
16673
16676
16680
16685
16690
16695
16698
16705
16710
16711
16714
16718
16727
16733
16734
16736
16739
16745
16753
16758
16760
16764
16766
16774
16777
16785
16792
16793
16799
16800
16801
16804
16808
16809
16811
16814
16817
16818
16821
16824
16827
16829
16831
16834
16835
16837
16848
16852
16853
16854
16857
16859
16868
16870
16871
16877
16881
16884
16887
16888
16894
16901
16903
16911
16912
16920
16922
16938
16948
16950
16952
16953
16954
16958
16964
16972
16989
16993
16997
17002
17003
17008
17019
17021
17027
17030
17031
17039
17040
17041
17042
17047
17053
17055
17057
17058
17059
17060
17062
17064
17066
17081
17086
17087
17088
17089
17091
17095
17097
17110
17114
17117
17122
17125
17129
17131
17132
17154
17157
17159
17160
17167
17172
17175
17181
17184
17185
17187
17189
17190
17192
17194
17195
17196
17197
17202
17207
17212
17213
17214
17216
17217
17219
17220
17221
17226
17231
17236
17238
17239
17240
17243
17244
17245
17247
17249
17250
17252
17257
17262
17264
17265
17266
17267
17271
17273
17274
17278
17283
17288
17290
17292
17294
17298
17299
17300
17304
17305
17307
17308
17310
17313
17315
17318
17321
17324
17325
17326
17330
17333
17340
17342
17343
17344
17345
17347
17349
17350
17352
17357
17359
17360
17361
17362
17364
17365
17366
17368
17369
17370
17371
17374
17375
17376
17377
17381
17382
17383
17384
17385
17386
17389
17390
17391
17392
17393
17394
17395
17396
17399
17402
17403
17405
17406
17408
17409
17410
17413
17414
17415
17417
17418
17419
17420
17421
17422
17424
17425
17426
17427
17428
17429
17430
17431
17432
17433
17436
17437
17438
17439
17441
17444
17446
17447
17450
17451
17452
17453
17455
17457
17458
17460
17463
17464
17466
17468
17470
17472
17473
17474
17477
17478
17479
17480
17482
17483
17484
17487
17489
17491
17492
17493
17497
17499
17503
17504
17508
17510
17514
17517
17519
17520
17524
17526
17528
17532
17533
17534
17535
17538
17545
17546
17547
17548
17553
17554
17556
17557
17559
17562
17564
17567
17568
17569
17573
17576
17577
17578
17582
17584
17585
17586
17587
17588
17589
17590
17592
17596
17600
17603
17609
17611
17613
17614
17616
17617
17618
17620
17621
17622
17623
17629
17632
17636
17640
17645
17649
17653
17655
17656
17660
17662
17663
17667
17668
17669
17671
17678
17682
17685
17686
17687
17689
17693
17697
17698
17701
17702
17703
17708
17709
17714
17715
17718
17719
17720
17721
17723
17724
17726
17729
17730
17732
17735
17736
17737
17739
17740
17741
17744
17746
17748
17749
17754
17758
17759
17760
17763
17764
17766
17768
17770
17771
17773
17775
17776
17779
17781
17783
17789
17790
17792
17795
17797
17798
17800
17801
17803
17804
17805
17806
17807
17809
17812
17813
17814
17818
17822
17824
17826
17827
17830
17831
17834
17835
17836
17837
17838
17841
17845
17846
17848
17850
17851
17854
17857
17858
17859
17865
17867
17870
17871
17874
17878
17889
17891
17892
17896
17898
17901
17904
17905
17908
17909
17911
17912
17913
17917
17919
17922
17924
17926
17929
17930
17939
17944
17955
17957
17960
17962
17966
17967
17969
17975
17979
17985
17990
18000
18002
18010
18012
18013
18014
18015
18020
18023
18026
18028
18030
18033
18035
18039
18041
18044
18046
18048
18049
18051
18052
18056
18060
18061
18063
18066
18068
18069
18070
18075
18076
18081
18082
18083
18091
18094
18095
18096
18097
18099
18104
18107
18108
18110
18111
18112
18113
18114
18117
18120
18121
18122
18125
18127
18128
18131
18132
18134
18140
18141
18144
18146
18149
18152
18154
18157
18158
18162
18163
18171
18172
18173
18177
18186
18188
18189
18191
18193
18195
18196
18197
18201
18202
18204
18207
18214
18215
18217
18221
18226
18231
18234
18236
18237
18240
18241
18245
18248
18250
18251
18254
18260
18264
18267
18269
18272
18277
18278
18281
18282
18287
18292
18293
18295
18302
18304
18306
18308
18312
18313
18315
18318
18323
18328
18329
18330
18333
18337
18338
18341
18342
18344
18346
18347
18350
18352
18356
18357
18358
18359
18365
18367
18371
18375
18377
18378
18380
18382
18383
18385
18388
18391
18395
18400
18402
18405
18409
18411
18414
18415
18416
18417
18418
18420
18422
18423
18424
18425
18426
18427
18428
18430
18431
18433
18434
18436
18437
18438
18439
18441
18442
18444
18446
18449
18453
18456
18458
18459
18460
18461
18462
18466
18473
18474
18478
18481
18482
18485
18486
18487
18490
18491
18493
18498
18499
18500
18502
18503
18505
18507
18509
18510
18511
18513
18514
18515
18516
18517
18520
18521
18525
18526
18528
18530
18532
18535
18538
18540
18543
18544
18547
18548
18549
18550
18552
18554
18555
18558
18559
18560
18561
18563
18564
18567
18568
18569
18570
18579
18585
18588
18589
18590
18592
18593
18595
18607
18609
18611
18618
18629
18632
18636
18639
18642
18654
18666
18667
18673
18676
18682
18686
18695
18698
18702
18705
18711
18713
18715
18717
18718
18721
18723
18727
18728
18731
18732
18733
18736
18741
18744
18746
18749
18755
18758
18760
18780
18781
18784
18786
18820
18822
18824
18828
18834
18846
18854
18870
18876
18888
18889
18894
18897
18914
18916
18921
18923
18925
18927
18944
18945
18948
18956
18962
18965
18968
18969
18971
18982
18988
18991
18995
19005
19012
19034
19036
19037
19039
19048
19049
19050
19057
19058
19063
19065
19068
19069
19074
19078
19079
19087
19098
19105
19109
19115
19118
19122
19129
19131
19134
19143
19145
19147
19149
19150
19158
19188
19203
19204
19206
19214
19228
19239
19244
19245
19246
19247
19248
19249
19250
19251
19252
19253
19254
19255
19256
19257
19258
19259
19260
19261
19263
19264
19266
19267
19268
19269
19270
19271
19276
19277
19278
19280
19282
19283
19284
19285
19286
19287
19289
19290
19291
19292
19293
19294
19303
19304
19308
19311
19312
19315
19318
19319
19326
19327
19328
19330
19332
19333
19334
19335
19340
19341
19342
19343
19345
19348
19354
19355
19357
19359
19361
19362
19365
19366
19367
19371
19373
19374
19380
19381
19383
19385
19388
19391
19392
19394
19396
19399
19400
19401
19402
19404
19406
19408
19410
19412
19413
19414
19415
19416
19418
19421
19423
19425
19428
19430
19432
19433
19434
19436
19443
19446
19447
19448
19449
19454
19455
19459
19460
19462
19463
19464
19466
19467
19469
19470
19474
19475
19477
19480
19482
19485
19488
19489
19491
19492
19493
19498
19501
19504
19506
19508
19509
19511
19512
19513
19515
19517
19518
19519
19520
19521
19523
19526
19528
19529
19530
19532
19533
19534
19536
19537
19540
19541
19542
19543
19544
19545
19547
19548
19549
19552
19554
19555
19556
19557
19564
19565
19566
19569
19571
19577
19578
19579
19580
19581
19583
19586
19589
19598
19599
19603
19605
19611
19613
19614
19615
19616
19621
19623
19625
19628
19629
19630
19631
19632
19633
19637
19638
19639
19641
19645
19646
19647
19648
19649
19652
19654
19656
19657
19658
19659
19661
19662
19664
19665
19666
19667
19668
19670
19671
19672
19674
19676
19677
19681
19683
19685
19686
19690
19691
19693
19695
19699
19700
19701
19702
19703
19706
19708
19709
19711
19713
19714
19715
19716
19717
19718
19719
19721
19725
19726
19729
19732
19734
19735
19737
19738
19740
19741
19742
19745
19747
19748
19749
19750
19751
19761
19763
19765
19767
19769
19770
19771
19773
19774
19777
19779
19787
19789
19791
19792
19793
19794
19795
19797
19800
19804
19805
19807
19811
19812
19814
19816
19820
19822
19823
19825
19828
19829
19830
19832
19839
19841
19843
19844
19846
19847
19849
19851
19854
19857
19864
19866
19867
19869
19872
19878
19881
19882
19886
19889
19891
19893
19894
19896
19897
19899
19900
19901
19903
19904
19908
19909
19910
19911
19913
19916
19918
19919
19923
19924
19926
19928
19929
19930
19937
19938
19940
19942
19943
19947
19948
19949
19950
19951
19952
19953
19956
19959
19961
19962
19963
19964
19966
19967
19968
19970
19971
19973
19977
19979
19981
19986
19988
19993
19996
20000
20003
20004
20008
20011
20013
20015
20019
20020
20027
20028
20030
20031
20032
20033
20036
20040
20042
20045
20046
20048
20050
20052
20053
20054
20057
20058
20059
20060
20064
20069
20071
20073
20074
20076
20077
20079
20080
20082
20083
20085
20086
20089
20092
20094
20095
20100
20103
20107
20109
20110
20112
20113
20115
20121
20123
20124
20128
20130
20136
20138
20139
20143
20144
20145
20146
20150
20155
20160
20163
20166
20168
20173
20177
20180
20183
20185
20186
20187
20190
20193
20195
20199
20200
20201
20202
20204
20207
20208
20212
20213
20217
20218
20223
20229
20232
20235
20236
20246
20253
20254
20255
20256
20257
20260
20264
20265
20266
20268
20270
20271
20275
20277
20279
20282
20286
20290
20292
20294
20296
20297
20298
20299
20302
20303
20304
20305
20307
20308
20311
20313
20315
20316
20317
20331
20335
20342
20343
20345
20349
20350
20351
20355
20358
20359
20361
20362
20365
20366
20368
20371
20375
20379
20380
20381
20390
20392
20395
20400
20406
20415
20423
20424
20432
20447
20448
20450
20456
20461
20462
20474
20478
20482
20494
20496
20499
20500
20518
20524
20528
20531
20532
20533
20534
20535
20538
20541
20542
20543
20545
20548
20556
20559
20571
20574
20577
20578
20581
20582
20585
20586
20593
20595
20598
20601
20602
20603
20604
20605
20608
20611
20616
20620
20627
20632
20633
20636
20640
20643
20645
20646
20649
20650
20656
20658
20659
20665
20666
20667
20672
20676
20681
20682
20686
20700
20704
20712
20716
20722
20724
20731
20736
20738
20741
20745
20752
20755
20761
20767
20771
20772
20776
20778
20780
20781
20787
20788
20793
20796
20807
20814
20817
20821
20840
20845
20852
20853
20854
20857
20858
20860
20864
20868
20869
20880
20881
20882
20883
20885
20889
20890
20893
20897
20900
20906
20911
20916
20920
20921
20922
20927
20929
20931
20933
20935
20938
20944
20945
20946
20947
20951
20952
20953
20957
20958
20959
20961
20963
20964
20965
20967
20969
20971
20973
20977
20978
20982
20984
20985
20987
20991
20992
20993
20994
20996
20997
20998
20999
21002
21008
21011
21013
21014
21017
21027
21029
21031
21032
21033
21041
21042
21044
21045
21047
21048
21055
21057
21058
21059
21061
21062
21063
21064
21065
21071
21074
21075
21076
21078
21079
21080
21081
21082
21083
21084
21085
21086
21088
21089
21090
21091
21092
21094
21095
21096
21098
21099
21100
21101
21103
21104
21105
21106
21107
21108
21109
21110
21111
21112
21113
21114
21118
21119
21120
21121
21122
21123
21124
21126
21129
21130
21131
21132
21133
21134
21136
21137
21138
21139
21140
21141
21143
21144
21147
21151
21154
21155
21158
21159
21161
21166
21167
21168
21169
21171
21172
21174
21175
21176
21177
21178
21180
21182
21183
21184
21185
21188
21189
21190
21191
21194
21196
21198
21199
21200
21201
21203
21204
21205
21206
21208
21209
21210
21211
21213
21214
21215
21216
21218
21219
21223
21224
21225
21226
21228
21230
21231
21235
21236
21238
21241
21242
21245
21246
21248
21249
21252
21253
21254
21255
21256
21259
21260
21261
21262
21263
21264
21266
21267
21268
21270
21271
21276
21277
21279
21280
21282
21286
21287
21289
21290
21291
21295
21296
21297
21298
21301
21302
21303
21304
21305
21306
21309
21310
21316
21317
21318
21319
21321
21323
21325
21326
21329
21330
21332
21335
21337
21338
21341
21343
21346
21347
21350
21351
21353
21354
21356
21357
21359
21363
21365
21367
21370
21371
21372
21375
21376
21377
21378
21379
21381
21384
21386
21388
21389
21391
21392
21394
21395
21396
21397
21399
21400
21402
21403
21406
21411
21412
21415
21416
21419
21420
21422
21423
21424
21425
21426
21428
21429
21432
21433
21435
21437
21438
21441
21444
21448
21449
21450
21453
21454
21457
21458
21463
21465
21466
21467
21468
21473
21474
21477
21478
21479
21480
21483
21484
21485
21489
21493
21495
21496
21497
21498
21499
21500
21504
21506
21508
21509
21510
21513
21514
21515
21517
21518
21519
21527
21528
21529
21530
21531
21532
21533
21538
21540
21543
21544
21546
21547
21548
21550
21551
21552
21553
21554
21555
21556
21559
21560
21562
21564
21565
21567
21572
21573
21574
21579
21581
21582
21584
21588
21589
21592
21593
21600
21603
21606
21608
21612
21614
21615
21617
21618
21620
21621
21622
21623
21627
21631
21633
21634
21643
21646
21648
21650
21653
21659
21660
21662
21664
21665
21668
21674
21676
21677
21678
21680
21683
21688
21690
21691
21693
21697
21698
21701
21704
21707
21708
21709
21711
21712
21718
21721
21723
21724
21725
21727
21731
21732
21734
21740
21742
21743
21744
21749
21754
21756
21757
21758
21761
21762
21763
21764
21765
21767
21770
21774
21775
21776
21781
21782
21783
21784
21788
21789
21790
21792
21796
21798
21800
21801
21802
21806
21808
21809
21811
21813
21816
21819
21821
21822
21823
21826
21828
21829
21830
21832
21835
21836
21841
21842
21846
21847
21848
21849
21850
21852
21854
21856
21857
21858
21861
21864
21865
21867
21869
21871
21873
21874
21880
21881
21882
21884
21885
21886
21888
21890
21891
21892
21893
21894
21895
21897
21899
21907
21914
21917
21921
21923
21925
21932
21933
21935
21936
21938
21939
21940
21943
21944
21946
21948
21950
21951
21954
21955
21958
21959
21966
21967
21968
21969
21975
21976
21980
21981
21982
21983
21984
21987
21988
21991
21992
21995
21996
21997
21998
22000
22003
22006
22008
22009
22012
22016
22018
22020
22021
22022
22023
22024
22026
22027
22030
22032
22033
22035
22036
22037
22042
22043
22044
22045
22047
22048
22049
22050
22052
22054
22055
22056
22057
22058
22059
22061
22063
22066
22067
22069
22070
22071
22075
22076
22077
22079
22080
22082
22085
22087
22089
22090
22099
22101
22102
22104
22105
22109
22110
22112
22113
22114
22118
22119
22122
22123
22125
22126
22128
22129
22130
22131
22133
22134
22139
22141
22142
22143
22144
22147
22151
22153
22154
22158
22162
22163
22169
22170
22172
22173
22174
22176
22183
22185
22189
22190
22191
22192
22193
22194
22199
22200
22201
22203
22204
22206
22207
22210
22211
22212
22213
22214
22217
22219
22220
22223
22224
22225
22227
22228
22231
22234
22235
22236
22239
22242
22243
22244
22245
22246
22247
22249
22250
22252
22254
22257
22258
22261
22263
22264
22265
22266
22268
22269
22270
22271
22273
22275
22277
22278
22279
22281
22283
22294
22297
22298
22300
22303
22310
22319
22327
22342
22345
22347
22350
22368
22373
22385
22407
22410
22415
22417
22426
22429
22430
22436
22442
22447
22448
22460
22484
22490
22491
22498
22511
22524
22525
22527
22548
22549
22561
22571
22584
22589
22643
22645
22653
22679
22685
22692
22694
22705
22718
22721
22731
22737
22750
22772
22773
22783
22788
22792
22812
22813
22819
22838
22840
22858
22867
22872
22903
22908
22919
22926
22928
22929
22949
22958
22959
22960
22961
22962
22963
22965
22967
22969
22970
22971
22973
22974
22976
22977
22980
22981
22984
22985
22986
22987
22990
22991
22992
22995
22997
22998
22999
23000
23001
23003
23004
23005
23006
23007
23009
23010
23012
23013
23015
23016
23018
23020
23022
23023
23029
23031
23032
23037
23040
23042
23044
23046
23052
23053
23054
23057
23059
23062
23064
23065
23066
23068
23070
23071
23072
23073
23075
23079
23083
23085
23086
23087
23089
23090
23095
23096
23097
23099
23102
23104
23105
23107
23108
23111
23114
23116
23117
23120
23122
23123
23124
23125
23126
23128
23129
23134
23135
23136
23137
23142
23144
23145
23146
23147
23149
23152
23157
23160
23163
23167
23172
23173
23176
23178
23180
23182
23185
23188
23192
23198
23202
23203
23206
23207
23208
23209
23210
23212
23213
23215
23217
23218
23223
23224
23225
23227
23229
23231
23233
23234
23237
23238
23240
23241
23243
23246
23250
23251
23253
23257
23258
23262
23266
23269
23271
23274
23276
23278
23279
23283
23284
23285
23286
23287
23289
23290
23291
23292
23293
23296
23297
23298
23300
23301
23303
23304
23307
23309
23310
23311
23313
23316
23318
23321
23323
23325
23326
23328
23335
23338
23339
23346
23348
23351
23355
23358
23359
23360
23361
23368
23369
23372
23375
23376
23377
23379
23380
23381
23382
23384
23385
23388
23392
23393
23395
23397
23398
23399
23400
23406
23407
23409
23410
23419
23420
23424
23427
23431
23433
23434
23435
23436
23441
23443
23446
23448
23449
23455
23461
23462
23463
23464
23465
23467
23469
23478
23479
23483
23491
23493
23497
23501
23503
23505
23507
23512
23518
23520
23525
23532
23537
23540
23541
23543
23546
23547
23550
23552
23554
23560
23562
23563
23565
23567
23568
23572
23576
23578
23581
23582
23584
23590
23595
23596
23597
23599
23600
23603
23604
23606
23607
23608
23610
23616
23617
23622
23623
23624
23625
23626
23627
23631
23632
23633
23636
23640
23642
23647
23649
23652
23653
23654
23657
23658
23659
23660
23665
23667
23670
23675
23676
23677
23682
23685
23687
23688
23694
23695
23700
23710
23711
23713
23714
23720
23721
23723
23725
23729
23730
23742
23743
23745
23749
23751
23753
23762
23766
23768
23770
23771
23772
23773
23778
23781
23783
23786
23788
23791
23793
23797
23798
23799
23800
23802
23804
23805
23808
23809
23813
23814
23816
23819
23820
23821
23822
23831
23832
23833
23836
23839
23840
23843
23844
23845
23847
23849
23851
23852
23853
23854
23856
23859
23860
23863
23873
23874
23876
23877
23878
23880
23883
23884
23887
23888
23891
23893
23894
23897
23899
23900
23904
23907
23911
23921
23926
23933
23935
23947
23948
23951
23952
23957
23959
23963
23966
23970
23972
23977
23978
23979
23984
23985
23989
23993
23999
24004
24007
24008
24010
24012
24014
24015
24020
24027
24030
24033
24035
24043
24045
24046
24051
24055
24059
24060
24066
24067
24069
24071
24073
24077
24079
24082
24085
24087
24091
24094
24097
24100
24101
24103
24105
24123
24126
24128
24137
24144
24145
24150
24152
24161
24173
24174
24180
24181
24186
24188
24198
24200
24206
24209
24210
24217
24218
24220
24221
24224
24228
24232
24234
24238
24247
24251
24252
24253
24257
24258
24259
24260
24262
24264
24273
24275
24277
24279
24281
24288
24296
24297
24299
24301
24316
24323
24325
24329
24330
24338
24340
24347
24348
24352
24358
24363
24364
24373
24375
24380
24382
24386
24392
24396
24397
24400
24405
24410
24415
24417
24425
24430
24431
24437
24450
24453
24455
24456
24459
24469
24470
24471
24475
24487
24495
24507
24509
24513
24514
24515
24517
24523
24525
24528
24530
24532
24533
24549
24550
24551
24557
24559
24567
24575
24578
24579
24582
24595
24603
24604
24612
24617
24618
24625
24626
24630
24631
24635
24640
24641
24645
24647
24654
24657
24659
24660
24661
24665
24666
24667
24668
24671
24672
24673
24675
24678
24681
24685
24686
24691
24692
24694
24699
24700
24705
24706
24707
24710
24712
24713
24714
24716
24719
24720
24721
24722
24724
24726
24727
24728
24731
24732
24733
24735
24737
24738
24743
24745
24747
24749
24753
24760
24761
24765
24768
24769
24771
24772
24774
24776
24777
24778
24779
24780
24783
24784
24785
24786
24787
24789
24790
24793
24795
24796
24797
24798
24799
24800
24801
24802
24803
24804
24805
24806
24809
24810
24811
24812
24814
24816
24817
24819
24820
24822
24826
24828
24830
24831
24833
24834
24835
24837
24838
24839
24841
24842
24843
24845
24846
24847
24848
24849
24850
24851
24852
24853
24854
24855
24856
24857
24858
24860
24861
24862
24864
24865
24868
24869
24870
24872
24874
24876
24878
24880
24881
24882
24883
24884
24885
24886
24887
24888
24889
24891
24892
24894
24895
24898
24899
24902
24904
24907
24910
24911
24912
24913
24915
24917
24921
24923
24924
24925
24926
24928
24929
24930
24932
24935
24938
24939
24940
24950
24952
24954
24956
24960
24961
24962
24963
24965
24966
24969
24973
24974
24976
24979
24981
24982
24984
24985
24987
24992
24993
24994
24995
24996
24997
25000
25002
25003
25006
25007
25008
25009
25010
25012
25013
25014
25015
25018
25019
25020
25021
25022
25023
25028
25029
25031
25032
25036
25037
25039
25040
25044
25047
25049
25051
25057
25060
25063
25064
25065
25068
25070
25077
25079
25081
25084
25086
25087
25089
25091
25093
25095
25097
25098
25099
25100
25103
25105
25106
25109
25114
25115
25117
25120
25121
25126
25130
25131
25134
25136
25138
25139
25140
25142
25149
25151
25152
25154
25155
25157
25158
25160
25165
25167
25168
25169
25170
25175
25180
25183
25186
25188
25191
25193
25194
25195
25196
25198
25199
25200
25201
25202
25203
25205
25207
25209
25215
25217
25218
25219
25222
25226
25228
25229
25233
25234
25240
25241
25242
25243
25245
25248
25249
25250
25252
25257
25259
25260
25264
25265
25266
25268
25270
25273
25274
25275
25276
25277
25278
25279
25282
25283
25284
25286
25287
25288
25289
25290
25295
25298
25301
25302
25305
25306
25307
25309
25311
25314
25317
25319
25322
25324
25329
25331
25332
25333
25334
25336
25337
25340
25341
25345
25347
25353
25355
25356
25357
25362
25363
25367
25368
25372
25374
25379
25382
25384
25390
25394
25395
25400
25401
25403
25404
25405
25407
25410
25411
25412
25415
25420
25422
25429
25432
25434
25437
25438
25439
25442
25444
25446
25452
25458
25459
25461
25466
25471
25474
25483
25489
25490
25494
25495
25496
25497
25498
25502
25504
25506
25513
25514
25516
25517
25518
25522
25523
25524
25525
25526
25527
25528
25529
25533
25535
25537
25538
25539
25540
25541
25542
25543
25545
25546
25548
25552
25555
25557
25558
25560
25562
25563
25566
25571
25572
25575
25578
25580
25581
25582
25583
25585
25587
25588
25590
25593
25595
25597
25601
25603
25604
25606
25607
25609
25612
25613
25616
25619
25621
25624
25631
25635
25636
25642
25643
25645
25647
25648
25652
25654
25658
25659
25662
25663
25664
25668
25671
25672
25673
25676
25677
25678
25681
25685
25689
25690
25692
25697
25698
25701
25702
25705
25706
25707
25709
25710
25714
25718
25719
25720
25723
25725
25726
25729
25730
25734
25736
25740
25741
25742
25747
25750
25751
25757
25758
25761
25764
25765
25766
25770
25771
25772
25773
25777
25778
25780
25781
25783
25786
25787
25790
25794
25796
25801
25803
25805
25807
25810
25814
25815
25818
25819
25821
25823
25828
25832
25834
25837
25838
25839
25840
25841
25842
25844
25845
25846
25848
25850
25851
25852
25853
25854
25858
25859
25861
25862
25863
25865
25866
25867
25872
25873
25876
25881
25882
25883
25884
25886
25887
25888
25890
25891
25893
25895
25897
25898
25900
25901
25902
25903
25905
25906
25907
25908
25910
25912
25914
25915
25918
25920
25921
25924
25926
25927
25928
25931
25936
25939
25940
25941
25942
25943
25944
25945
25947
25949
25953
25955
25956
25958
25959
25960
25961
25962
25963
25968
25971
25973
25975
25976
25977
25978
25979
25982
25983
25984
25985
25986
25987
25988
25989
25990
25991
25992
25993
25996
25997
25999
26000
26003
26004
26007
26008
26011
26024
26025
26027
26028
26032
26036
26037
26044
26060
26067
26069
26076
26088
26089
26091
26092
26094
26095
26100
26104
26105
26112
26118
26119
26120
26133
26135
26140
26142
26143
26144
26146
26150
26151
26153
26159
26161
26164
26168
26175
26177
26188
26203
26204
26205
26218
26226
26231
26236
26244
26255
26256
26258
26262
26263
26264
26277
26289
26291
26317
26320
26321
26325
26328
26337
26344
26351
26355
26361
26372
26393
26396
26399
26408
26436
26437
26440
26450
26452
26454
26467
26480
26492
26497
26506
26532
26533
26550
26554
26572
26573
26575
26586
26599
26618
26622
26634
26635
26637
26642
26652
26657
26672
26673
26675
26676
26677
26678
26679
26680
26682
26684
26687
26689
26690
26691
26692
26693
26694
26695
26696
26697
26699
26700
26702
26703
26704
26705
26707
26708
26709
26711
26713
26714
26716
26718
26719
26720
26721
26722
26723
26724
26727
26729
26730
26731
26732
26733
26734
26736
26737
26740
26744
26747
26748
26751
26754
26755
26756
26757
26758
26762
26763
26764
26765
26767
26768
26769
26770
26771
26773
26776
26777
26779
26781
26782
26784
26785
26786
26787
26789
26790
26792
26793
26794
26795
26797
26799
26800
26801
26804
26805
26808
26809
26811
26812
26813
26821
26822
26823
26825
26826
26827
26828
26830
26832
26834
26835
26836
26837
26838
26844
26848
26849
26851
26856
26857
26860
26861
26864
26866
26868
26873
26874
26875
26876
26877
26879
26881
26882
26883
26885
26890
26891
26892
26894
26895
26896
26898
26899
26900
26902
26903
26904
26905
26906
26907
26914
26915
26917
26920
26921
26922
26923
26925
26926
26929
26931
26932
26933
26936
26938
26940
26943
26944
26947
26948
26954
26955
26957
26962
26963
26964
26965
26972
26975
26976
26977
26980
26981
26983
26984
26985
26989
26990
26995
26996
26997
26998
26999
27000
27001
27002
27003
27004
27005
27006
27007
27008
27009
27010
27011
27014
27015
27017
27018
27021
27024
27025
27026
27030
27032
27036
27037
27039
27040
27043
27048
27051
27052
27053
27055
27056
27058
27059
27060
27061
27065
27067
27069
27071
27072
27073
27075
27076
27077
27078
27079
27084
27085
27086
27087
27088
27089
27092
27093
27094
27095
27096
27097
27098
27099
27100
27102
27103
27107
27108
27109
27110
27111
27112
27113
27114
27117
27119
27121
27124
27127
27129
27130
27132
27133
27137
27138
27141
27142
27146
27147
27148
27149
27150
27158
27160
27162
27168
27170
27171
27172
27175
27176
27177
27178
27181
27183
27184
27187
27188
27197
27198
27200
27202
27205
27209
27219
27221
27223
27225
27226
27228
27231
27232
27233
27234
27235
27237
27238
27240
27242
27244
27245
27248
27249
27250
27251
27252
27255
27256
27257
27259
27261
27263
27264
27265
27266
27268
27269
27270
27271
27274
27279
27281
27282
27284
27285
27287
27288
27290
27292
27297
27298
27300
27304
27305
27306
27307
27312
27313
27314
27317
27319
27320
27321
27322
27323
27324
27326
27327
27328
27329
27331
27332
27336
27338
27339
27341
27342
27343
27346
27348
27350
27354
27356
27358
27361
27363
27364
27366
27368
27370
27371
27373
27375
27379
27381
27382
27384
27385
27386
27389
27390
27392
27393
27394
27396
27398
27399
27400
27401
27405
27406
27407
27408
27409
27410
27412
27414
27416
27421
27425
27426
27427
27429
27431
27434
27436
27437
27438
27439
27441
27443
27444
27447
27448
27449
27450
27452
27453
27454
27455
27456
27457
27458
27459
27460
27462
27463
27464
27466
27468
27470
27473
27474
27481
27482
27483
27484
27486
27487
27488
27489
27490
27491
27492
27495
27497
27498
27499
27502
27504
27505
27507
27511
27512
27513
27515
27522
27526
27527
27531
27532
27533
27534
27536
27537
27540
27542
27544
27548
27550
27551
27557
27559
27560
27561
27562
27565
27567
27575
27576
27577
27578
27581
27591
27593
27597
27601
27604
27605
27608
27611
27613
27614
27615
27618
27621
27622
27624
27628
27629
27630
27632
27640
27641
27642
27645
27647
27655
27657
27659
27660
27661
27663
27664
27667
27668
27669
27671
27672
27676
27677
27679
27682
27684
27685
27689
27691
27692
27693
27703
27705
27706
27707
27708
27709
27710
27712
27713
27714
27718
27719
27720
27721
27726
27729
27731
27733
27743
27744
27745
27749
27757
27758
27759
27760
27761
27764
27765
27766
27767
27768
27771
27772
27784
27789
27792
27793
27794
27796
27801
27803
27807
27808
27809
27810
27811
27812
27817
27820
27822
27826
27830
27831
27834
27835
27836
27837
27838
27846
27848
27849
27851
27855
27856
27857
27859
27864
27865
27869
27876
27877
27878
27888
27889
27890
27895
27903
27904
27908
27910
27915
27921
27923
27927
27931
27933
27935
27937
27939
27941
27942
27946
27948
27952
27953
27959
27961
27963
27964
27965
27966
27971
27972
27973
27974
27976
27978
27979
27982
27983
27989
27991
27993
27995
27998
27999
28006
28007
28010
28012
28015
28016
28019
28023
28025
28026
28029
28031
28032
28036
28039
28044
28045
28047
28048
28052
28053
28055
28061
28065
28072
28077
28083
28084
28089
28090
28094
28095
28098
28104
28110
28111
28115
28116
28117
28121
28123
28128
28135
28142
28145
28146
28151
28160
28161
28164
28166
28167
28168
28169
28170
28172
28173
28183
28186
28188
28189
28195
28199
28203
28210
28212
28214
28216
28220
28221
28233
28237
28238
28239
28242
28243
28245
28250
28259
28261
28264
28266
28274
28280
28283
28284
28285
28287
28288
28292
28296
28300
28301
28303
28305
28309
28310
28318
28324
28326
28327
28328
28336
28341
28342
28344
28347
28349
28350
28355
28357
28358
28363
28365
28367
28368
28372
28377
28379
28380
28381
28382
28386
28389
28391
28392
28396
28399
28400
28402
28404
28406
28412
28413
28419
28420
28421
28423
28424
28427
28430
28432
28433
28434
28435
28436
28438
28440
28441
28445
28448
28449
28453
28454
28455
28459
28469
28470
28472
28476
28481
28482
28483
28484
28485
28486
28487
28489
28492
28493
28494
28495
28496
28497
28498
28499
28500
28501
28502
28503
28505
28506
28507
28509
28510
28513
28514
28515
28516
28517
28518
28519
28520
28521
28524
28526
28527
28528
28530
28532
28533
28534
28536
28538
28540
28542
28543
28544
28545
28546
28547
28548
28549
28552
28553
28554
28555
28557
28559
28560
28562
28564
28567
28568
28569
28571
28572
28573
28577
28579
28582
28583
28586
28588
28589
28592
28594
28595
28596
28597
28600
28602
28603
28605
28607
28610
28612
28613
28617
28618
28619
28620
28622
28624
28626
28629
28631
28632
28634
28635
28642
28643
28646
28649
28650
28651
28652
28653
28654
28660
28661
28666
28667
28668
28670
28673
28674
28675
28676
28677
28678
28679
28680
28681
28682
28683
28684
28685
28687
28690
28691
28693
28695
28696
28697
28699
28702
28703
28704
28705
28706
28707
28708
28709
28714
28715
28716
28718
28719
28722
28724
28726
28727
28729
28733
28734
28736
28737
28741
28742
28745
28746
28747
28748
28751
28754
28756
28758
28760
28765
28766
28768
28769
28771
28774
28778
28782
28783
28784
28788
28791
28792
28793
28795
28798
28801
28803
28804
28805
28806
28809
28810
28812
28814
28815
28817
28820
28821
28822
28824
28828
28831
28833
28834
28835
28837
28839
28840
28842
28847
28848
28850
28852
28856
28860
28862
28864
28865
28866
28868
28869
28870
28871
28872
28874
28879
28881
28882
28884
28885
28886
28888
28889
28890
28894
28896
28897
28900
28902
28904
28905
28907
28908
28910
28912
28913
28916
28918
28919
28921
28925
28926
28927
28929
28930
28932
28934
28935
28936
28938
28942
28943
28944
28945
28951
28952
28954
28956
28957
28959
28960
28963
28972
28973
28975
28976
28978
28980
28981
28983
28984
28987
28990
28992
28996
28997
28999
29001
29008
29009
29011
29014
29019
29020
29021
29027
29028
29030
29031
29034
29036
29043
29045
29046
29048
29050
29052
29055
29058
29059
29061
29065
29066
29067
29069
29071
29073
29083
29085
29091
29093
29104
29106
29107
29108
29109
29112
29115
29116
29117
29118
29121
29122
29124
29125
29132
29136
29140
29143
29146
29148
29151
29152
29155
29157
29160
29162
29163
29165
29170
29171
29174
29176
29185
29188
29190
29192
29193
29198
29202
29205
29208
29209
29210
29211
29221
29224
29225
29226
29228
29230
29239
29242
29246
29247
29248
29249
29251
29255
29256
29257
29263
29264
29269
29270
29271
29274
29276
29280
29282
29284
29286
29288
29290
29292
29294
29297
29299
29300
29303
29304
29305
29306
29307
29309
29310
29315
29317
29319
29322
29323
29328
29329
29330
29332
29335
29338
29340
29344
29345
29347
29349
29355
29356
29358
29366
29368
29371
29372
29373
29374
29376
29377
29378
29380
29381
29382
29383
29386
29387
29389
29393
29396
29397
29402
29403
29404
29407
29408
29409
29410
29412
29414
29419
29420
29427
29428
29431
29432
29434
29436
29437
29442
29444
29446
29447
29448
29449
29450
29455
29456
29457
29458
29459
29460
29461
29462
29464
29465
29466
29467
29469
29472
29473
29475
29480
29483
29485
29486
29487
29491
29495
29497
29501
29504
29507
29508
29509
29510
29512
29513
29514
29517
29521
29522
29529
29531
29533
29535
29538
29539
29542
29546
29547
29548
29551
29553
29554
29555
29556
29557
29558
29559
29560
29561
29563
29565
29568
29570
29571
29572
29573
29575
29576
29577
29579
29580
29582
29583
29586
29587
29588
29590
29593
29597
29598
29600
29602
29604
29606
29607
29608
29610
29612
29613
29615
29619
29620
29621
29624
29627
29628
29629
29630
29633
29634
29635
29636
29638
29640
29641
29642
29644
29646
29648
29651
29652
29653
29654
29656
29657
29659
29660
29661
29663
29664
29665
29666
29667
29668
29669
29670
29672
29673
29675
29676
29677
29678
29680
29682
29685
29686
29687
29688
29689
29691
29694
29695
29696
29697
29698
29699
29700
29701
29703
29705
29706
29709
29710
29711
29727
29731
29736
29737
29738
29740
29743
29745
29747
29749
29751
29753
29756
29766
29772
29773
29775
29779
29784
29785
29787
29789
29793
29802
29803
29808
29809
29815
29819
29820
29822
29824
29826
29830
29831
29832
29835
29838
29849
29850
29854
29855
29857
29859
29863
29864
29867
29868
29869
29870
29871
29874
29877
29896
29923
29926
29928
29957
29969
29979
29982
29988
29997
29998
30004
30016
30017
30019
30026
30034
30038
30042
30049
30073
30078
30085
30087
30107
30111
30113
30120
30130
30133
30148
30152
30154
30155
30182
30186
30191
30192
30193
30200
30215
30216
30220
30225
30238
30245
30247
30248
30251
30256
30287
30295
30300
30306
30310
30322
30342
30346
30348
30362
30366
30377
30381
30384
30386
30387
30388
30389
30390
30391
30392
30393
30394
30395
30396
30398
30399
30400
30401
30402
30404
30405
30406
30407
30408
30409
30410
30411
30414
30416
30417
30419
30420
30421
30423
30424
30425
30426
30427
30428
30429
30430
30432
30433
30434
30435
30436
30437
30438
30439
30440
30441
30442
30443
30445
30446
30447
30448
30449
30450
30451
30452
30454
30460
30461
30462
30463
30465
30468
30470
30471
30474
30476
30477
30481
30482
30483
30484
30485
30486
30487
30490
30491
30492
30495
30496
30498
30499
30501
30504
30506
30508
30513
30514
30515
30516
30517
30519
30521
30522
30523
30524
30525
30526
30528
30529
30530
30532
30533
30534
30535
30536
30538
30539
30540
30544
30547
30548
30549
30551
30552
30554
30556
30557
30558
30559
30560
30563
30564
30565
30567
30568
30570
30571
30572
30573
30574
30576
30577
30578
30579
30580
30585
30586
30587
30588
30589
30590
30591
30593
30596
30597
30599
30600
30601
30604
30606
30609
30611
30612
30613
30614
30615
30616
30619
30621
30622
30623
30626
30627
30628
30632
30636
30637
30638
30641
30643
30644
30645
30646
30647
30648
30649
30650
30652
30655
30656
30657
30661
30662
30666
30667
30669
30670
30673
30675
30676
30678
30679
30685
30686
30689
30691
30693
30694
30696
30697
30699
30703
30704
30705
30706
30707
30712
30713
30715
30717
30718
30719
30720
30721
30723
30724
30726
30731
30732
30735
30736
30738
30739
30740
30741
30742
30744
30746
30747
30749
30751
30752
30753
30754
30755
30756
30757
30758
30762
30763
30765
30766
30767
30769
30770
30771
30772
30773
30775
30779
30780
30781
30785
30789
30791
30792
30793
30794
30796
30797
30798
30799
30800
30801
30803
30805
30808
30809
30810
30812
30813
30817
30823
30824
30825
30827
30831
30832
30833
30835
30837
30838
30840
30843
30844
30845
30848
30851
30852
30853
30854
30855
30856
30858
30860
30862
30864
30867
30868
30871
30873
30874
30876
30880
30882
30883
30884
30886
30887
30889
30890
30891
30892
30893
30895
30897
30898
30899
30903
30905
30907
30909
30910
30911
30912
30914
30915
30916
30919
30920
30921
30922
30923
30925
30926
30928
30929
30931
30932
30933
30934
30935
30936
30938
30940
30946
30949
30950
30951
30952
30953
30956
30958
30959
30961
30962
30964
30965
30970
30971
30972
30974
30975
30978
30980
30983
30985
30988
30991
30993
30995
30998
31001
31002
31003
31004
31006
31011
31012
31013
31017
31019
31021
31023
31024
31026
31028
31029
31032
31033
31036
31037
31038
31040
31042
31043
31045
31046
31047
31050
31051
31053
31054
31056
31057
31060
31061
31064
31068
31070
31071
31072
31073
31074
31075
31078
31080
31081
31084
31085
31086
31087
31088
31089
31091
31092
31093
31094
31095
31096
31098
31099
31103
31104
31105
31107
31108
31110
31112
31113
31114
31115
31118
31120
31123
31126
31127
31128
31129
31130
31132
31133
31134
31135
31138
31139
31141
31143
31150
31151
31153
31157
31161
31162
31167
31168
31169
31170
31173
31176
31181
31182
31184
31186
31187
31188
31189
31190
31191
31194
31196
31197
31198
31199
31201
31203
31204
31206
31207
31208
31209
31213
31215
31217
31219
31222
31223
31224
31225
31227
31228
31230
31231
31232
31233
31236
31238
31241
31244
31245
31246
31247
31248
31249
31251
31254
31255
31257
31258
31259
31261
31264
31268
31269
31272
31273
31279
31280
31281
31283
31284
31286
31288
31289
31290
31296
31301
31303
31304
31305
31306
31307
31311
31312
31318
31319
31325
31327
31329
31330
31332
31333
31335
31341
31345
31346
31348
31349
31350
31354
31355
31357
31358
31359
31360
31361
31366
31369
31370
31371
31374
31375
31377
31382
31386
31390
31393
31394
31395
31396
31397
31399
31401
31402
31403
31405
31406
31408
31411
31413
31415
31420
31421
31422
31427
31428
31431
31432
31434
31435
31438
31440
31443
31447
31448
31449
31450
31451
31457
31458
31459
31461
31463
31464
31466
31468
31471
31472
31473
31474
31477
31478
31479
31480
31482
31483
31485
31492
31495
31497
31500
31501
31502
31503
31504
31505
31509
31510
31513
31514
31516
31519
31521
31523
31524
31525
31529
31531
31533
31534
31536
31540
31545
31548
31550
31554
31556
31559
31560
31565
31569
31573
31577
31580
31584
31585
31590
31591
31592
31594
31596
31597
31601
31602
31604
31606
31608
31609
31614
31616
31620
31622
31626
31628
31629
31630
31632
31639
31640
31645
31649
31650
31651
31655
31657
31658
31659
31660
31662
31664
31666
31667
31668
31673
31677
31678
31679
31680
31682
31684
31685
31687
31690
31691
31692
31693
31696
31697
31701
31703
31704
31707
31709
31716
31719
31721
31724
31727
31730
31733
31734
31737
31740
31741
31746
31747
31750
31751
31755
31757
31758
31759
31762
31765
31768
31775
31780
31781
31785
31786
31790
31791
31798
31799
31800
31801
31804
31808
31810
31811
31814
31818
31823
31824
31825
31826
31835
31838
31839
31841
31845
31846
31849
31856
31857
31859
31860
31862
31864
31872
31875
31880
31881
31882
31883
31887
31889
31890
31891
31893
31902
31906
31907
31910
31918
31920
31924
31927
31935
31936
31941
31942
31943
31946
31948
31951
31953
31964
31967
31972
31975
31979
31983
31985
31986
31987
31989
31994
31996
32000
32003
32006
32011
32016
32023
32024
32027
32028
32032
32035
32038
32039
32040
32041
32043
32045
32047
32048
32049
32053
32054
32058
32061
32063
32066
32067
32068
32069
32070
32072
32082
32083
32086
32087
32091
32093
32094
32095
32096
32099
32100
32101
32103
32104
32105
32106
32107
32109
32111
32113
32115
32118
32120
32123
32125
32126
32127
32130
32132
32133
32134
32135
32137
32138
32140
32141
32143
32147
32148
32150
32152
32153
32155
32156
32157
32159
32161
32162
32163
32169
32173
32174
32175
32184
32186
32188
32190
32191
32192
32193
32195
32196
32197
32198
32199
32200
32201
32202
32203
32204
32205
32207
32208
32210
32211
32213
32215
32218
32221
32223
32224
32225
32226
32227
32229
32230
32232
32233
32234
32236
32237
32238
32239
32240
32241
32242
32244
32249
32250
32251
32252
32254
32255
32256
32258
32260
32262
32263
32265
32266
32267
32268
32269
32272
32273
32274
32275
32276
32277
32278
32279
32281
32282
32283
32285
32286
32287
32288
32289
32290
32291
32296
32297
32298
32300
32303
32305
32307
32308
32309
32310
32311
32313
32314
32316
32317
32318
32319
32320
32322
32325
32326
32327
32328
32330
32331
32333
32335
32336
32338
32340
32341
32343
32347
32348
32349
32351
32352
32353
32355
32356
32357
32358
32360
32362
32363
32365
32366
32367
32371
32372
32374
32375
32376
32377
32378
32380
32382
32386
32388
32389
32390
32391
32393
32394
32395
32396
32397
32398
32399
32401
32402
32404
32406
32407
32409
32410
32411
32412
32413
32414
32415
32417
32418
32419
32420
32421
32422
32423
32424
32428
32429
32430
32431
32432
32433
32434
32435
32436
32437
32438
32440
32441
32442
32443
32444
32445
32446
32447
32448
32449
32450
32451
32452
32453
32456
32459
32460
32461
32463
32464
32465
32466
32467
32468
32470
32471
32472
32474
32476
32478
32479
32485
32488
32489
32492
32493
32494
32495
32496
32498
32499
32502
32503
32504
32505
32509
32511
32512
32513
32514
32515
32516
32517
32519
32523
32524
32525
32528
32529
32531
32533
32534
32536
32538
32539
32540
32541
32542
32545
32548
32549
32550
32551
32554
32555
32556
32558
32561
32566
32567
32570
32571
32572
32573
32574
32575
32577
32578
32582
32583
32584
32588
32591
32592
32593
32594
32595
32596
32597
32598
32599
32600
32602
32605
32606
32607
32610
32613
32614
32615
32616
32617
32618
32619
32620
32621
32623
32624
32626
32627
32628
32629
32630
32631
32632
32633
32634
32638
32640
32642
32644
32647
32649
32650
32653
32654
32655
32656
32658
32659
32660
32661
32663
32665
32667
32669
32671
32672
32673
32676
32677
32678
32680
32682
32686
32687
32688
32689
32691
32692
32693
32694
32695
32696
32697
32702
32704
32705
32706
32707
32710
32711
32712
32713
32715
32716
32718
32720
32723
32724
32726
32727
32728
32729
32730
32733
32734
32735
32736
32741
32744
32747
32748
32749
32750
32754
32757
32760
32761
32762
32766
32769
32775
32776
32778
32779
32782
32785
32787
32788
32789
32790
32794
32795
32796
32798
32804
32805
32810
32811
32812
32813
32815
32816
32818
32819
32820
32821
32822
32824
32825
32832
32835
32838
32839
32840
32842
32846
32848
32850
32860
32861
32862
32866
32867
32869
32870
32871
32872
32874
32876
32877
32879
32880
32882
32886
32887
32889
32891
32893
32895
32899
32900
32901
32903
32904
32905
32907
32908
32911
32913
32914
32916
32917
32918
32919
32920
32922
32923
32926
32927
32929
32931
32932
32933
32940
32941
32942
32944
32948
32951
32952
32953
32954
32955
32957
32958
32959
32960
32961
32964
32966
32967
32969
32970
32973
32976
32977
32978
32983
32985
32988
32989
32990
32993
32995
32998
33000
33002
33003
33005
33006
33008
33010
33012
33013
33015
33018
33019
33022
33029
33030
33031
33033
33035
33037
33039
33041
33042
33044
33046
33049
33051
33052
33053
33054
33057
33059
33060
33063
33064
33066
33068
33069
33070
33071
33072
33074
33075
33076
33078
33082
33084
33086
33088
33090
33092
33093
33094
33095
33096
33097
33100
33101
33104
33105
33106
33109
33110
33112
33114
33118
33120
33121
33123
33124
33125
33126
33127
33128
33129
33130
33131
33133
33134
33135
33136
33137
33138
33139
33141
33142
33145
33147
33148
33149
33150
33151
33154
33155
33156
33158
33162
33166
33168
33169
33170
33172
33173
33177
33178
33179
33182
33185
33186
33193
33196
33197
33199
33200
33201
33203
33204
33206
33207
33208
33209
33213
33214
33215
33217
33218
33219
33222
33224
33226
33229
33230
33231
33232
33233
33234
33235
33236
33238
33239
33241
33243
33244
33246
33247
33248
33249
33251
33252
33254
33255
33257
33260
33262
33265
33266
33267
33268
33269
33270
33271
33272
33273
33274
33276
33277
33278
33279
33281
33285
33286
33287
33289
33290
33291
33293
33295
33296
33299
33300
33304
33305
33306
33307
33309
33311
33312
33313
33314
33316
33317
33318
33322
33324
33325
33326
33328
33330
33331
33332
33333
33334
33335
33339
33340
33341
33343
33344
33345
33347
33348
33349
33352
33354
33355
33356
33359
33361
33362
33365
33366
33367
33368
33369
33370
33371
33372
33373
33377
33378
33379
33380
33381
33382
33383
33384
33386
33387
33388
33389
33390
33391
33396
33399
33400
33402
33403
33405
33406
33407
33408
33409
33410
33412
33413
33414
33415
33417
33418
33420
33421
33424
33425
33428
33429
33430
33431
33432
33433
33434
33435
33436
33439
33440
33441
33442
33443
33444
33445
33446
33450
33452
33453
33454
33455
33458
33460
33461
33463
33464
33465
33467
33468
33470
33471
33480
33481
33486
33487
33488
33489
33490
33495
33498
33504
33510
33514
33515
33516
33517
33521
33522
33541
33543
33548
33552
33556
33557
33558
33562
33566
33568
33569
33571
33579
33580
33587
33594
33598
33600
33602
33605
33609
33632
33633
33637
33653
33657
33659
33662
33683
33684
33687
33690
33691
33699
33717
33719
33722
33726
33728
33729
33730
33732
33733
33746
33753
33758
33772
33790
33792
33795
33808
33814
33820
33821
33822
33823
33827
33831
33835
33836
33860
33863
33866
33880
33888
33893
33911
33914
33919
33932
33934
33939
33940
33948
33953
33954
33957
33959
33960
33961
33966
33972
33977
33979
33981
33982
33984
33986
33990
33992
33999
34001
34009
34014
34020
34025
34035
34053
34060
34062
34064
34065
34066
34082
34084
34096
34100
34101
34102
34103
34104
34105
34106
34107
34108
34110
34111
34112
34113
34115
34116
34117
34119
34120
34121
34122
34123
34124
34125
34126
34127
34128
34131
34133
34134
34136
34137
34139
34140
34141
34142
34143
34144
34145
34146
34147
34148
34150
34151
34152
34153
34154
34155
34156
34158
34160
34161
34162
34163
34164
34167
34168
34169
34170
34171
34173
34176
34177
34179
34182
34184
34185
34188
34189
34190
34191
34194
34195
34196
34197
34198
34199
34202
34203
34204
34205
34206
34208
34213
34214
34215
34216
34217
34218
34221
34222
34223
34224
34225
34226
34228
34229
34230
34231
34232
34233
34235
34236
34239
34240
34241
34242
34244
34246
34247
34248
34249
34251
34252
34253
34254
34255
34256
34258
34259
34260
34261
34262
34263
34264
34266
34267
34268
34269
34270
34271
34272
34273
34274
34275
34276
34277
34278
34281
34284
34285
34286
34288
34293
34294
34299
34301
34302
34305
34306
34307
34309
34310
34312
34313
34314
34315
34316
34318
34320
34321
34322
34326
34329
34330
34331
34332
34333
34335
34336
34342
34343
34345
34346
34347
34348
34349
34350
34353
34354
34358
34360
34361
34362
34364
34365
34366
34367
34369
34370
34371
34375
34376
34379
34381
34382
34383
34384
34385
34388
34389
34390
34391
34392
34395
34397
34398
34399
34403
34404
34405
34408
34411
34412
34413
34414
34415
34417
34418
34420
34421
34423
34424
34425
34427
34428
34429
34430
34431
34432
34434
34435
34437
34438
34440
34445
34446
34449
34451
34452
34453
34454
34455
34456
34464
34467
34468
34469
34470
34471
34474
34476
34477
34479
34480
34481
34482
34483
34485
34486
34487
34488
34489
34491
34492
34493
34494
34499
34500
34501
34503
34504
34505
34506
34507
34508
34509
34510
34511
34512
34513
34514
34515
34516
34517
34518
34519
34522
34523
34524
34526
34527
34529
34530
34531
34532
34535
34536
34537
34538
34539
34541
34543
34544
34545
34546
34547
34549
34551
34552
34553
34556
34557
34561
34562
34566
34567
34569
34571
34572
34573
34574
34575
34576
34578
34579
34582
34583
34586
34587
34588
34590
34592
34594
34595
34596
34597
34599
34600
34601
34603
34604
34605
34606
34610
34611
34614
34616
34617
34619
34624
34625
34630
34631
34632
34636
34637
34642
34644
34645
34647
34648
34649
34651
34653
34654
34655
34656
34657
34658
34660
34663
34664
34665
34666
34667
34668
34672
34673
34674
34676
34678
34679
34680
34681
34683
34684
34685
34689
34690
34691
34694
34697
34698
34699
34700
34701
34703
34704
34705
34707
34708
34710
34713
34714
34715
34716
34718
34720
34726
34728
34729
34732
34733
34737
34740
34742
34744
34746
34747
34748
34749
34751
34752
34753
34756
34760
34762
34764
34765
34767
34770
34771
34774
34775
34776
34777
34778
34779
34782
34786
34789
34791
34792
34794
34797
34801
34802
34803
34805
34806
34807
34808
34809
34811
34812
34813
34815
34817
34822
34824
34826
34827
34829
34830
34832
34834
34835
34838
34839
34841
34844
34845
34846
34849
34850
34853
34854
34856
34859
34860
34862
34863
34864
34866
34869
34871
34872
34873
34875
34878
34881
34882
34883
34884
34885
34887
34891
34893
34894
34898
34904
34905
34906
34907
34908
34911
34912
34914
34915
34918
34919
34920
34923
34925
34926
34927
34928
34933
34935
34937
34938
34939
34941
34954
34955
34956
34958
34959
34960
34961
34962
34963
34964
34965
34966
34967
34970
34971
34972
34977
34978
34979
34981
34982
34983
34984
34985
34987
34989
34992
34993
34997
34998
35000
35002
35003
35005
35006
35008
35009
35011
35012
35013
35014
35016
35017
35019
35021
35024
35025
35027
35028
35030
35033
35035
35037
35038
35039
35042
35046
35047
35049
35051
35052
35054
35056
35059
35060
35063
35064
35065
35068
35069
35073
35074
35075
35077
35078
35079
35080
35084
35085
35087
35088
35089
35090
35091
35093
35096
35098
35100
35101
35102
35105
35106
35108
35109
35110
35111
35112
35116
35117
35118
35119
35120
35121
35122
35123
35124
35126
35127
35131
35133
35134
35135
35136
35137
35138
35139
35140
35141
35146
35149
35151
35152
35154
35155
35158
35165
35167
35168
35170
35171
35173
35175
35176
35177
35179
35180
35182
35185
35187
35188
35189
35190
35192
35193
35196
35197
35199
35200
35201
35204
35205
35206
35208
35209
35210
35212
35217
35218
35221
35222
35224
35230
35231
35235
35236
35239
35240
35243
35245
35248
35250
35253
35254
35255
35258
35261
35262
35263
35265
35268
35270
35272
35273
35278
35281
35283
35285
35287
35289
35292
35294
35295
35297
35300
35301
35302
35304
35307
35312
35314
35316
35317
35318
35322
35330
35331
35332
35336
35337
35342
35344
35348
35349
35351
35355
35356
35359
35360
35361
35365
35367
35369
35370
35376
35378
35381
35383
35384
35387
35388
35391
35392
35396
35397
35399
35400
35401
35406
35415
35421
35423
35426
35427
35428
35430
35435
35436
35437
35438
35441
35442
35443
35447
35448
35450
35451
35452
35454
35457
35458
35461
35465
35466
35470
35472
35473
35476
35481
35482
35483
35489
35490
35492
35500
35501
35504
35505
35507
35510
35513
35514
35515
35517
35518
35521
35522
35523
35524
35525
35527
35528
35529
35530
35532
35538
35539
35541
35542
35549
35551
35553
35554
35556
35559
35560
35563
35565
35566
35567
35572
35573
35574
35576
35579
35583
35587
35588
35589
35590
35592
35593
35594
35595
35596
35597
35598
35600
35601
35605
35610
35611
35613
35616
35621
35623
35626
35627
35628
35629
35631
35632
35634
35641
35642
35643
35644
35646
35647
35649
35656
35657
35658
35661
35663
35667
35668
35670
35671
35672
35675
35678
35681
35684
35686
35689
35690
35692
35693
35696
35698
35701
35703
35708
35709
35711
35712
35714
35716
35717
35721
35723
35724
35727
35728
35729
35730
35733
35734
35737
35738
35743
35744
35745
35746
35747
35748
35749
35753
35754
35755
35756
35757
35763
35765
35766
35768
35770
35772
35773
35774
35775
35777
35778
35779
35781
35783
35784
35785
35786
35787
35788
35790
35791
35792
35793
35796
35800
35801
35802
35803
35808
35809
35810
35812
35813
35814
35815
35817
35820
35821
35822
35824
35828
35829
35830
35831
35832
35833
35834
35835
35836
35838
35839
35840
35841
35842
35843
35844
35846
35848
35849
35851
35853
35854
35857
35858
35861
35862
35864
35867
35868
35869
35870
35872
35873
35875
35876
35877
35879
35880
35881
35883
35885
35887
35890
35891
35892
35893
35897
35898
35899
35900
35901
35903
35904
35905
35906
35908
35910
35911
35912
35913
35914
35915
35916
35917
35919
35920
35921
35922
35923
35927
35928
35929
35931
35932
35935
35937
35938
35940
35941
35943
35944
35945
35946
35947
35948
35949
35951
35952
35954
35955
35956
35958
35959
35961
35963
35964
35965
35967
35968
35969
35972
35974
35975
35976
35977
35979
35980
35981
35982
35983
35984
35985
35987
35988
35992
35993
35995
35996
35997
35998
35999
36000
36001
36003
36005
36006
36011
36012
36014
36015
36016
36017
36020
36021
36022
36024
36026
36027
36028
36030
36031
36032
36033
36034
36038
36040
36044
36045
36046
36048
36049
36050
36053
36054
36055
36057
36059
36060
36062
36063
36065
36067
36068
36070
36072
36073
36074
36075
36078
36079
36081
36082
36083
36086
36088
36089
36092
36093
36094
36096
36098
36102
36104
36105
36106
36107
36108
36109
36110
36112
36115
36118
36119
36120
36121
36124
36125
36126
36127
36128
36132
36135
36136
36137
36138
36140
36141
36142
36143
36150
36151
36152
36154
36155
36157
36159
36160
36161
36162
36164
36165
36166
36167
36168
36169
36170
36172
36173
36174
36177
36178
36179
36181
36183
36186
36188
36191
36193
36194
36195
36199
36202
36206
36207
36208
36210
36213
36216
36219
36220
36221
36222
36223
36224
36225
36226
36227
36228
36231
36233
36234
36235
36236
36237
36239
36241
36242
36243
36245
36247
36248
36250
36251
36252
36255
36256
36257
36258
36261
36263
36264
36265
36267
36268
36269
36270
36271
36272
36273
36275
36276
36277
36278
36279
36281
36284
36285
36286
36288
36289
36290
36291
36293
36294
36295
36296
36297
36299
36300
36304
36306
36307
36308
36310
36311
36312
36313
36314
36316
36317
36318
36320
36321
36322
36323
36326
36327
36329
36330
36332
36333
36335
36336
36337
36338
36340
36341
36342
36344
36345
36347
36348
36349
36352
36353
36354
36359
36362
36363
36364
36366
36368
36369
36370
36371
36372
36373
36375
36378
36379
36383
36384
36385
36386
36387
36388
36391
36392
36394
36396
36397
36399
36401
36403
36404
36405
36406
36407
36409
36410
36411
36414
36415
36416
36417
36418
36419
36420
36421
36425
36426
36427
36428
36429
36430
36431
36432
36434
36435
36436
36437
36439
36440
36441
36445
36448
36449
36453
36455
36456
36459
36461
36462
36463
36464
36471
36473
36474
36476
36478
36479
36480
36482
36484
36486
36488
36489
36494
36495
36496
36499
36500
36501
36502
36503
36504
36505
36508
36509
36511
36514
36518
36519
36520
36522
36524
36525
36527
36528
36529
36530
36531
36532
36533
36534
36535
36536
36539
36542
36545
36549
36553
36555
36556
36557
36560
36564
36566
36570
36571
36575
36576
36579
36583
36590
36591
36592
36593
36594
36595
36596
36598
36600
36601
36603
36605
36617
36618
36619
36620
36621
36624
36625
36626
36628
36630
36631
36633
36637
36638
36639
36640
36643
36645
36646
36647
36648
36649
36654
36655
36656
36657
36658
36659
36661
36662
36664
36665
36666
36667
36668
36669
36670
36671
36675
36677
36678
36680
36681
36682
36683
36685
36688
36691
36692
36694
36697
36698
36700
36702
36703
36704
36705
36708
36709
36712
36713
36714
36716
36720
36721
36722
36725
36727
36728
36729
36732
36733
36734
36736
36740
36741
36742
36743
36745
36746
36747
36749
36750
36751
36754
36755
36758
36759
36762
36763
36765
36767
36771
36772
36773
36774
36775
36776
36777
36778
36779
36780
36784
36787
36788
36791
36796
36798
36799
36800
36801
36802
36803
36804
36806
36807
36808
36809
36810
36811
36814
36815
36818
36820
36821
36822
36824
36827
36828
36832
36833
36835
36836
36837
36838
36839
36840
36842
36843
36844
36845
36847
36850
36851
36853
36855
36856
36857
36861
36862
36863
36865
36870
36872
36876
36877
36879
36881
36882
36883
36884
36885
36886
36887
36888
36889
36890
36892
36893
36894
36896
36897
36899
36900
36901
36903
36904
36909
36910
36912
36913
36915
36917
36918
36919
36920
36923
36928
36929
36930
36932
36933
36936
36938
36940
36941
36943
36945
36948
36950
36952
36955
36957
36958
36959
36960
36961
36964
36968
36969
36970
36971
36973
36974
36981
36982
36983
36984
36985
36986
36987
36988
36990
36993
36994
36999
37000
37002
37003
37004
37006
37007
37010
37011
37012
37013
37014
37015
37016
37017
37018
37019
37020
37021
37022
37023
37026
37027
37028
37030
37031
37033
37034
37035
37036
37038
37039
37040
37041
37042
37044
37045
37047
37048
37051
37052
37056
37057
37060
37061
37062
37066
37068
37069
37070
37071
37073
37078
37081
37083
37084
37085
37086
37087
37088
37089
37090
37091
37092
37093
37094
37095
37096
37097
37098
37099
37100
37101
37103
37104
37105
37108
37110
37111
37113
37114
37116
37117
37118
37120
37123
37125
37127
37128
37129
37131
37132
37133
37134
37135
37137
37139
