2
5
6
9
17
19
20
25
29
36
37
38
39
41
44
48
53
54
55
57
61
62
72
75
77
78
80
82
83
85
88
90
92
95
98
99
100
104
112
115
116
117
122
123
124
125
126
130
132
133
135
138
139
141
143
144
145
146
147
148
151
154
155
158
159
160
162
163
165
167
168
170
174
179
183
184
185
206
207
211
216
219
221
227
230
232
234
237
238
240
246
250
254
255
256
260
261
263
264
276
281
282
283
284
288
291
293
297
304
312
316
319
321
322
326
332
333
336
346
351
356
370
374
377
380
383
386
388
395
398
401
410
415
424
426
427
434
435
441
442
443
445
447
449
461
462
467
468
469
477
489
491
497
499
503
504
506
507
508
509
516
521
524
528
529
535
539
542
547
549
550
552
556
563
588
591
594
596
606
609
616
620
623
627
633
636
639
642
643
656
674
676
678
679
680
681
682
683
684
685
687
689
691
692
693
694
696
699
700
701
702
703
704
706
707
709
710
711
712
713
714
715
716
719
720
721
722
724
725
727
728
729
730
731
732
733
735
736
737
738
742
743
745
746
747
748
750
753
756
757
758
759
761
762
763
765
767
769
772
773
775
777
778
779
780
781
782
783
784
785
786
787
788
789
791
792
793
794
795
797
798
799
800
801
802
803
804
805
807
809
811
812
813
815
816
818
819
820
821
823
824
825
827
829
830
832
833
835
836
837
838
840
841
842
843
844
845
846
848
850
851
856
858
859
861
862
863
864
866
867
868
869
872
875
881
882
884
886
887
888
890
892
894
895
898
899
900
901
902
904
905
906
907
909
911
917
918
919
922
923
925
928
929
931
933
934
935
936
938
939
943
944
945
952
953
957
958
959
962
963
964
966
967
969
970
971
972
973
977
978
979
982
985
986
987
990
991
994
996
998
999
1000
1001
1002
1003
1004
1005
1006
1007
1008
1009
1010
1013
1014
1015
1017
1018
1022
1023
1025
1026
1028
1030
1032
1035
1037
1038
1039
1040
1043
1044
1046
1048
1050
1051
1053
1054
1056
1057
1060
1064
1067
1068
1069
1071
1072
1073
1074
1075
1076
1078
1079
1080
1081
1082
1083
1084
1086
1087
1088
1093
1094
1097
1099
1100
1101
1103
1106
1107
1109
1110
1111
1113
1115
1117
1123
1124
1132
1140
1142
1144
1145
1148
1149
1151
1152
1153
1155
1156
1159
1160
1162
1163
1164
1165
1166
1169
1173
1174
1175
1178
1180
1181
1182
1184
1189
1190
1191
1192
1194
1197
1205
1207
1209
1216
1217
1219
1221
1222
1223
1226
1228
1230
1233
1237
1238
1239
1241
1244
1245
1247
1248
1249
1250
1252
1253
1260
1261
1262
1264
1265
1266
1267
1268
1270
1273
1281
1287
1288
1291
1293
1296
1297
1299
1300
1301
1303
1304
1309
1310
1311
1314
1318
1320
1323
1324
1325
1326
1327
1328
1330
1332
1333
1335
1338
1341
1342
1343
1350
1351
1352
1354
1355
1356
1359
1362
1364
1365
1367
1368
1369
1370
1371
1374
1375
1376
1380
1381
1382
1384
1386
1390
1391
1396
1397
1398
1399
1400
1401
1403
1404
1405
1407
1410
1413
1415
1416
1419
1420
1421
1422
1429
1430
1434
1436
1437
1438
1439
1440
1445
1446
1450
1451
1455
1456
1459
1460
1461
1462
1472
1474
1475
1476
1478
1479
1482
1485
1486
1488
1490
1494
1495
1497
1499
1501
1502
1503
1504
1507
1510
1511
1512
1513
1515
1516
1517
1519
1520
1521
1523
1525
1527
1529
1530
1531
1533
1535
1536
1540
1543
1544
1547
1549
1550
1551
1554
1555
1557
1561
1563
1566
1568
1569
1570
1571
1572
1574
1579
1580
1581
1583
1587
1590
1591
1592
1593
1594
1598
1603
1604
1606
1607
1608
1610
1612
1613
1614
1615
1616
1621
1623
1624
1628
1633
1637
1638
1640
1642
1646
1649
1653
1656
1662
1664
1665
1667
1670
1671
1673
1674
1682
1683
1686
1687
1688
1690
1692
1694
1698
1699
1703
1705
1706
1709
1713
1714
1715
1720
1724
1725
1726
1728
1729
1730
1732
1734
1737
1738
1740
1744
1747
1750
1751
1752
1758
1759
1760
1762
1766
1767
1769
1774
1776
1782
1788
1790
1791
1795
1796
1797
1798
1801
1804
1805
1806
1809
1811
1812
1813
1815
1820
1821
1822
1830
1831
1832
1834
1837
1839
1840
1842
1849
1851
1853
1855
1856
1857
1858
1861
1862
1863
1866
1871
1874
1875
1879
1881
1883
1884
1886
1887
1892
1897
1900
1905
1906
1907
1908
1909
1910
1911
1916
1917
1918
1919
1921
1922
1923
1924
1925
1930
1931
1933
1935
1944
1945
1947
1953
1955
1961
1962
1967
1970
1971
1974
1975
1976
1978
1979
1980
1986
1989
1992
1995
1996
1997
2009
2010
2011
2012
2016
2019
2021
2023
2025
2026
2029
2033
2034
2038
2039
2040
2041
2050
2052
2054
2055
2057
2059
2066
2073
2074
2079
2082
2087
2088
2093
2095
2096
2099
2102
2103
2104
2108
2110
2111
2112
2113
2114
2116
2117
2123
2125
2134
2136
2137
2141
2142
2144
2145
2146
2147
2148
2150
2151
2152
2153
2157
2159
2160
2161
2163
2165
2167
2168
2169
2171
2172
2174
2175
2177
2186
2187
2190
2191
2201
2203
2206
2210
2211
2212
2218
2222
2224
2225
2229
2230
2231
2238
2239
2244
2258
2261
2264
2266
2270
2271
2276
2278
2279
2280
2282
2285
2287
2290
2297
2298
2302
2307
2310
2317
2318
2319
2322
2325
2328
2329
2331
2333
2337
2341
2343
2345
2347
2348
2351
2352
2355
2356
2361
2362
2363
2365
2367
2369
2373
2374
2375
2382
2383
2384
2387
2388
2389
2390
2391
2393
2394
2395
2396
2397
2399
2401
2403
2407
2408
2410
2415
2416
2417
2418
2419
2420
2422
2424
2427
2430
2432
2433
2437
2438
2439
2440
2442
2443
2448
2451
2454
2455
2458
2459
2460
2463
2465
2473
2477
2478
2480
2481
2484
2485
2487
2488
2489
2490
2491
2492
2493
2494
2495
2497
2498
2499
2503
2504
2505
2506
2509
2510
2512
2513
2514
2515
2516
2518
2519
2520
2521
2522
2523
2524
2525
2526
2527
2528
2529
2530
2532
2533
2534
2535
2536
2538
2539
2540
2541
2542
2544
2545
2546
2547
2548
2549
2550
2551
2552
2553
2554
2556
2558
2559
2560
2561
2562
2563
2564
2565
2566
2567
2568
2569
2570
2571
2573
2574
2575
2577
2578
2580
2581
2582
2584
2585
2586
2587
2588
2589
2590
2591
2592
2595
2596
2597
2598
2599
2601
2602
2603
2604
2609
2610
2612
2613
2614
2615
2617
2619
2620
2621
2623
2624
2626
2627
2628
2629
2630
2631
2632
2633
2634
2635
2636
2639
2641
2642
2643
2644
2645
2647
2648
2650
2651
2652
2653
2654
2655
2656
2657
2658
2660
2661
2662
2663
2664
2666
2667
2668
2669
2670
2671
2672
2675
2676
2678
2679
2681
2682
2684
2685
2689
2691
2692
2694
2695
2696
2697
2698
2699
2700
2701
2703
2704
2705
2706
2707
2708
2710
2711
2712
2713
2714
2716
2717
2718
2720
2721
2723
2724
2725
2726
2727
2728
2729
2730
2731
2732
2734
2735
2736
2737
2738
2739
2740
2742
2743
2744
2748
2749
2751
2753
2755
2758
2759
2760
2761
2762
2763
2764
2765
2768
2769
2770
2771
2772
2773
2775
2776
2779
2780
2782
2783
2784
2785
2786
2787
2790
2791
2793
2795
2799
2800
2802
2804
2806
2807
2809
2810
2811
2812
2813
2814
2815
2816
2818
2819
2821
2822
2825
2826
2828
2829
2830
2831
2833
2835
2836
2837
2841
2842
2843
2844
2845
2847
2852
2853
2854
2855
2858
2859
2860
2862
2863
2864
2868
2870
2871
2874
2876
2881
2883
2885
2886
2887
2888
2890
2891
2892
2893
2894
2898
2899
2900
2903
2904
2907
2908
2909
2910
2911
2912
2914
2915
2917
2919
2922
2925
2928
2929
2930
2933
2934
2935
2937
2939
2940
2942
2943
2947
2949
2952
2953
2955
2956
2958
2959
2961
2962
2965
2969
2970
2973
2974
2975
2978
2979
2980
2983
2984
2986
2989
2990
2992
2994
2995
2996
2998
2999
3001
3002
3004
3006
3009
3010
3011
3016
3018
3021
3022
3023
3025
3029
3032
3033
3035
3037
3038
3039
3040
3042
3045
3046
3048
3049
3050
3051
3052
3054
3055
3056
3059
3060
3061
3063
3066
3068
3070
3073
3075
3076
3077
3082
3085
3087
3092
3094
3097
3099
3101
3104
3106
3108
3110
3111
3115
3123
3126
3127
3128
3130
3131
3132
3134
3135
3137
3138
3142
3144
3148
3149
3150
3154
3156
3157
3159
3164
3167
3172
3173
3174
3177
3180
3182
3189
3190
3192
3193
3194
3195
3196
3197
3199
3200
3201
3204
3207
3210
3213
3214
3219
3220
3222
3224
3225
3226
3229
3230
3235
3236
3239
3240
3241
3243
3245
3246
3247
3248
3249
3251
3252
3253
3254
3257
3260
3261
3262
3264
3266
3274
3275
3276
3278
3279
3280
3282
3285
3286
3287
3288
3290
3291
3296
3297
3298
3299
3301
3303
3305
3307
3315
3316
3317
3319
3321
3322
3324
3325
3332
3334
3337
3340
3342
3343
3344
3345
3346
3347
3350
3351
3352
3353
3357
3360
3361
3362
3365
3366
3367
3368
3372
3375
3376
3380
3381
3382
3383
3385
3386
3388
3389
3390
3391
3392
3393
3394
3395
3396
3398
3399
3408
3409
3411
3412
3414
3415
3416
3418
3420
3421
3422
3423
3425
3427
3428
3429
3430
3432
3435
3437
3439
3442
3445
3446
3448
3450
3451
3452
3454
3457
3459
3460
3461
3463
3467
3468
3472
3473
3474
3475
3477
3479
3480
3481
3482
3483
3484
3485
3486
3487
3489
3492
3493
3494
3496
3497
3498
3500
3501
3502
3503
3505
3506
3509
3512
3514
3515
3518
3519
3520
3521
3523
3524
3530
3531
3532
3535
3536
3537
3538
3539
3540
3542
3543
3544
3545
3546
3548
3549
3550
3553
3555
3557
3558
3559
3560
3561
3562
3563
3566
3567
3569
3570
3574
3578
3581
3584
3587
3588
3589
3590
3592
3593
3594
3595
3596
3597
3599
3600
3601
3602
3603
3604
3605
3606
3609
3610
3612
3613
3614
3615
3618
3622
3623
3625
3626
3627
3629
3630
3631
3632
3634
3635
3637
3640
3641
3642
3643
3644
3647
3649
3650
3652
3653
3654
3655
3656
3657
3658
3659
3660
3661
3665
3666
3667
3669
3670
3672
3673
3674
3675
3676
3677
3678
3679
3680
3681
3682
3687
3688
3690
3691
3693
3694
3696
3698
3699
3701
3703
3705
3707
3708
3709
3713
3714
3716
3717
3720
3721
3724
3728
3733
3734
3736
3737
3740
3751
3753
3754
3762
3764
3766
3768
3769
3771
3772
3776
3777
3779
3780
3781
3782
3783
3785
3788
3789
3790
3793
3797
3803
3805
3807
3809
3810
3811
3812
3814
3815
3822
3826
3827
3828
3829
3838
3839
3840
3841
3844
3845
3847
3849
3850
3851
3852
3854
3855
3856
3857
3858
3859
3860
3861
3862
3865
3866
3867
3869
3872
3873
3876
3877
3879
3882
3884
3886
3893
3899
3903
3904
3910
3913
3916
3919
3920
3921
3924
3933
3938
3940
3943
3946
3948
3953
3954
3959
3964
3966
3968
3970
3971
3972
3974
3975
3976
3977
3978
3980
3981
3983
3985
3991
3995
4004
4007
4016
4021
4027
4032
4033
4035
4037
4040
4041
4044
4046
4050
4063
4066
4069
4070
4071
4072
4076
4077
4086
4088
4091
4094
4095
4101
4102
4106
4109
4110
4116
4120
4132
4134
4135
4137
4139
4141
4154
4158
4159
4163
4165
4167
4170
4172
4177
4179
4180
4181
4183
4188
4189
4194
4195
4198
4202
4207
4209
4212
4213
4214
4216
4222
4233
4238
4239
4242
4248
4250
4251
4252
4260
4261
4265
4266
4271
4273
4287
4288
4294
4295
4296
4300
4303
4304
4305
4316
4319
4320
4323
4326
4332
4334
4337
4338
4339
4343
4346
4347
4348
4353
4355
4357
4358
4368
4369
4379
4383
4388
4389
4390
4391
4392
4393
4394
4395
4396
4397
4398
4399
4400
4401
4402
4403
4404
4405
4406
4407
4408
4409
4411
4412
4413
4414
4415
4419
4420
4421
4423
4425
4426
4427
4428
4430
4431
4432
4434
4436
4437
4438
4439
4441
4442
4443
4446
4447
4448
4449
4450
4451
4452
4453
4454
4455
4456
4457
4459
4460
4461
4462
4463
4464
4465
4466
4469
4470
4471
4472
4473
4476
4480
4481
4482
4483
4485
4486
4487
4488
4489
4491
4492
4494
4495
4497
4498
4499
4500
4502
4503
4504
4505
4506
4507
4508
4509
4510
4511
4514
4515
4516
4517
4523
4526
4528
4530
4532
4533
4534
4537
4538
4540
4545
4546
4547
4548
4549
4550
4551
4552
4555
4556
4557
4563
4565
4566
4567
4569
4571
4572
4574
4576
4577
4579
4580
4583
4584
4585
4587
4589
4590
4591
4592
4593
4594
4595
4597
4602
4603
4604
4605
4606
4608
4609
4613
4614
4615
4617
4618
4620
4621
4623
4624
4625
4626
4627
4629
4633
4635
4636
4637
4638
4639
4640
4641
4643
4645
4647
4648
4650
4652
4653
4654
4655
4656
4659
4661
4663
4664
4666
4668
4671
4672
4675
4676
4679
4680
4682
4683
4684
4685
4687
4688
4690
4691
4693
4695
4699
4700
4701
4702
4708
4709
4712
4714
4715
4716
4719
4721
4722
4723
4725
4727
4729
4730
4731
4732
4733
4736
4738
4740
4746
4750
4755
4756
4758
4759
4762
4764
4765
4768
4769
4771
4775
4777
4779
4780
4781
4784
4786
4788
4789
4790
4791
4792
4794
4796
4797
4798
4799
4800
4801
4802
4803
4806
4807
4808
4810
4811
4812
4813
4814
4818
4819
4820
4822
4823
4826
4827
4828
4830
4832
4834
4835
4836
4837
4838
4839
4840
4843
4845
4846
4848
4849
4853
4857
4859
4860
4863
4864
4866
4874
4875
4876
4877
4878
4880
4882
4883
4886
4889
4891
4892
4896
4897
4898
4903
4908
4910
4911
4912
4913
4919
4921
4923
4924
4933
4935
4938
4939
4940
4942
4943
4944
4947
4948
4951
4952
4953
4954
4955
4956
4961
4963
4966
4967
4970
4972
4974
4975
4977
4978
4979
4980
4981
4982
4986
4987
4988
4991
4993
4995
4997
4998
5000
5001
5005
5008
5010
5013
5014
5016
5017
5022
5025
5026
5027
5030
5032
5033
5035
5038
5039
5040
5041
5043
5045
5046
5047
5048
5049
5050
5052
5053
5056
5058
5061
5062
5064
5065
5066
5067
5069
5070
5072
5073
5078
5079
5080
5081
5082
5088
5089
5090
5091
5093
5094
5096
5099
5100
5102
5103
5105
5107
5108
5110
5111
5112
5113
5117
5122
5125
5126
5128
5129
5130
5131
5135
5136
5139
5140
5142
5147
5149
5151
5153
5154
5155
5157
5159
5160
5161
5162
5163
5171
5172
5173
5175
5176
5177
5179
5180
5182
5183
5184
5185
5188
5189
5190
5192
5193
5194
5198
5202
5206
5208
5209
5211
5215
5219
5225
5227
5229
5234
5241
5242
5247
5249
5250
5252
5254
5257
5259
5261
5262
5265
5266
5269
5271
5273
5275
5276
5277
5278
5280
5284
5286
5288
5290
5293
5294
5296
5297
5300
5302
5304
5307
5312
5313
5315
5320
5322
5327
5329
5331
5332
5334
5337
5338
5339
5343
5348
5349
5350
5352
5353
5356
5360
5362
5363
5367
5371
5375
5378
5379
5387
5388
5390
5396
5397
5398
5401
5404
5406
5407
5412
5414
5415
5419
5423
5426
5427
5429
5430
5431
5433
5434
5437
5439
5440
5441
5442
5444
5446
5447
5450
5451
5460
5461
5464
5466
5473
5475
5480
5481
5482
5487
5488
5490
5493
5495
5499
5500
5504
5505
5509
5510
5511
5512
5513
5515
5517
5519
5520
5521
5523
5524
5525
5533
5535
5540
5542
5543
5544
5547
5548
5549
5553
5556
5559
5567
5569
5572
5573
5574
5575
5576
5581
5593
5596
5601
5604
5605
5606
5608
5613
5618
5619
5622
5623
5624
5626
5630
5632
5634
5636
5642
5646
5651
5653
5654
5662
5664
5666
5667
5669
5671
5672
5675
5677
5678
5679
5680
5681
5682
5683
5687
5689
5692
5694
5695
5703
5705
5709
5711
5712
5714
5718
5720
5723
5725
5726
5731
5733
5735
5736
5737
5738
5739
5742
5743
5745
5752
5754
5760
5761
5764
5769
5771
5772
5777
5778
5781
5787
5790
5793
5795
5796
5802
5806
5807
5808
5812
5814
5816
5818
5822
5826
5827
5829
5835
5839
5841
5843
5847
5856
5859
5860
5861
5864
5870
5872
5874
5875
5881
5882
5883
5886
5888
5889
5892
5897
5898
5899
5902
5905
5906
5912
5915
5916
5919
5920
5922
5924
5931
5935
5937
5939
5941
5943
5944
5950
5952
5953
5954
5955
5961
5962
5965
5968
5970
5974
5975
5976
5987
5988
5989
5990
5992
5993
5994
5996
6000
6003
6009
6011
6012
6014
6017
6019
6021
6026
6027
6028
6030
6031
6033
6034
6040
6041
6043
6048
6049
6053
6055
6058
6060
6061
6062
6065
6066
6069
6070
6071
6072
6075
6080
6084
6086
6087
6088
6089
6090
6093
6096
6097
6100
6101
6102
6105
6108
6110
6111
6113
6118
6120
6121
6122
6124
6127
6128
6129
6131
6132
6135
6136
6137
6138
6142
6144
6146
6147
6149
6150
6152
6156
6157
6158
6159
6160
6161
6162
6163
6165
6169
6171
6172
6173
6175
6179
6190
6191
6193
6195
6198
6199
6201
6202
6203
6204
6206
6207
6208
6209
6210
6212
6213
6214
6215
6217
6219
6220
6222
6223
6224
6225
6226
6227
6228
6229
6230
6232
6233
6234
6235
6236
6237
6238
6239
6240
6241
6242
6243
6244
6246
6248
6249
6250
6251
6252
6253
6254
6255
6256
6257
6258
6259
6260
6264
6265
6266
6267
6268
6270
6271
6272
6273
6275
6276
6278
6279
6280
6281
6282
6283
6284
6285
6286
6287
6288
6290
6291
6292
6293
6294
6295
6296
6299
6300
6302
6304
6305
6306
6307
6308
6309
6310
6311
6312
6313
6314
6315
6316
6318
6319
6321
6322
6324
6326
6327
6328
6329
6330
6331
6332
6333
6334
6335
6337
6338
6340
6341
6343
6344
6345
6346
6347
6348
6349
6350
6351
6352
6353
6354
6355
6356
6358
6359
6360
6362
6363
6364
6365
6366
6367
6368
6369
6370
6373
6375
6377
6378
6380
6382
6384
6386
6387
6388
6389
6390
6391
6392
6393
6394
6395
6396
6398
6400
6401
6402
6403
6404
6405
6406
6407
6408
6409
6412
6413
6414
6415
6416
6417
6418
6419
6420
6422
6423
6424
6425
6426
6430
6431
6432
6433
6434
6435
6436
6437
6438
6439
6440
6441
6442
6443
6444
6445
6446
6447
6448
6449
6450
6451
6452
6454
6455
6456
6458
6459
6460
6461
6463
6467
6469
6470
6472
6473
6474
6476
6477
6478
6479
6480
6481
6482
6484
6485
6486
6487
6488
6489
6490
6493
6494
6496
6497
6498
6499
6500
6502
6504
6506
6508
6509
6511
6513
6514
6516
6518
6520
6521
6523
6525
6527
6528
6529
6531
6532
6533
6535
6536
6539
6540
6542
6543
6544
6545
6546
6547
6548
6549
6552
6555
6557
6558
6559
6560
6563
6566
6568
6569
6573
6574
6577
6578
6579
6582
6584
6585
6587
6588
6590
6591
6592
6593
6595
6596
6597
6598
6599
6600
6602
6604
6605
6608
6609
6610
6611
6612
6616
6617
6618
6621
6625
6626
6629
6631
6633
6634
6636
6637
6638
6639
6640
6641
6642
6645
6647
6649
6651
6656
6658
6660
6661
6662
6663
6664
6666
6671
6673
6675
6676
6678
6680
6682
6687
6688
6689
6690
6700
6702
6703
6706
6707
6709
6712
6716
6717
6718
6723
6724
6730
6732
6734
6736
6737
6740
6742
6744
6746
6749
6750
6751
6752
6754
6755
6756
6759
6760
6762
6763
6764
6766
6767
6769
6770
6771
6775
6777
6778
6780
6782
6783
6790
6792
6795
6797
6799
6801
6802
6805
6807
6808
6810
6811
6812
6815
6817
6818
6820
6821
6822
6825
6829
6830
6834
6835
6841
6842
6843
6845
6848
6852
6853
6854
6861
6863
6867
6868
6869
6876
6879
6885
6888
6891
6894
6898
6899
6906
6909
6910
6911
6912
6914
6915
6919
6924
6925
6927
6934
6935
6936
6945
6949
6950
6953
6954
6955
6956
6959
6964
6966
6967
6968
6969
6971
6972
6973
6975
6976
6977
6979
6980
6982
6983
6985
6986
6990
6991
6992
6994
6996
6998
6999
7000
7001
7002
7004
7005
7007
7011
7013
7015
7016
7020
7021
7026
7029
7030
7031
7035
7036
7037
7038
7039
7042
7043
7044
7046
7048
7051
7052
7053
7054
7055
7057
7058
7060
7062
7063
7065
7066
7070
7071
7074
7075
7076
7079
7080
7082
7084
7086
7087
7092
7093
7094
7095
7097
7098
7099
7102
7104
7105
7106
7107
7108
7110
7111
7112
7117
7118
7119
7121
7124
7125
7127
7128
7131
7132
7134
7135
7136
7137
7138
7139
7141
7144
7146
7149
7152
7153
7155
7156
7160
7163
7164
7165
7166
7167
7168
7170
7171
7173
7177
7180
7181
7187
7188
7191
7194
7196
7197
7198
7200
7205
7206
7207
7208
7211
7215
7216
7217
7219
7223
7227
7228
7229
7231
7232
7235
7237
7238
7240
7242
7243
7244
7245
7246
7248
7249
7250
7251
7253
7254
7256
7258
7259
7260
7262
7263
7265
7267
7269
7271
7273
7275
7276
7279
7281
7282
7283
7284
7285
7286
7287
7288
7292
7293
7295
7296
7298
7299
7301
7302
7303
7305
7307
7308
7309
7311
7312
7313
7314
7316
7317
7320
7321
7323
7326
7328
7331
7332
7333
7336
7337
7338
7339
7340
7343
7344
7349
7351
7354
7356
7357
7358
7361
7363
7365
7367
7369
7371
7372
7374
7375
7376
7379
7380
7381
7382
7386
7387
7389
7390
7391
7392
7393
7396
7397
7398
7399
7401
7402
7404
7405
7407
7408
7409
7410
7412
7413
7414
7415
7416
7417
7418
7419
7420
7421
7422
7423
7424
7425
7426
7427
7433
7438
7448
7456
7465
7467
7474
7476
7479
7482
7484
7485
7492
7497
7501
7502
7506
7507
7512
7517
7518
7523
7524
7537
7539
7540
7542
7544
7548
7554
7558
7561
7562
7569
7573
7582
7586
7590
7591
7592
7597
7613
7617
7620
7628
7629
7635
7644
7654
7655
7666
7668
7675
7684
7688
7689
7696
7697
7703
7709
7710
7718
7719
7724
7731
7735
7745
7749
7754
7756
7764
7767
7771
7777
7780
7783
7797
7799
7800
7807
7811
7820
7823
7825
7826
7846
7852
7855
7862
7863
7867
7870
7871
7873
7879
7883
7884
7894
7898
7913
7918
7920
7927
7934
7935
7939
7947
7961
7976
7984
7986
8006
8008
8011
8014
8020
8021
8029
8030
8032
8033
8037
8045
8047
8048
8051
8057
8061
8064
8068
8071
8072
8082
8086
8089
8092
8097
8098
8102
8106
8107
8108
8109
8110
8111
8112
8113
8115
8116
8117
8118
8119
8120
8121
8122
8123
8125
8127
8129
8131
8133
8136
8137
8138
8140
8141
8142
8143
8144
8146
8147
8148
8150
8151
8153
8156
8159
8160
8161
8166
8167
8168
8169
8170
8171
8172
8174
8176
8179
8180
8181
8182
8185
8186
8187
8191
8196
8197
8199
8201
8203
8204
8206
8207
8208
8210
8211
8212
8213
8214
8215
8216
8217
8219
8220
8221
8224
8226
8229
8231
8233
8234
8235
8239
8240
8241
8244
8246
8247
8248
8249
8251
8252
8253
8255
8258
8260
8261
8263
8264
8265
8266
8268
8271
8273
8274
8277
8281
8285
8286
8288
8289
8291
8292
8294
8295
8299
8300
8301
8307
8308
8309
8311
8312
8314
8315
8316
8319
8320
8323
8325
8326
8327
8329
8330
8331
8332
8333
8334
8335
8336
8337
8340
8341
8342
8350
8351
8353
8354
8355
8358
8359
8362
8365
8366
8367
8369
8370
8371
8372
8373
8377
8380
8382
8384
8385
8386
8387
8389
8390
8391
8394
8396
8397
8401
8402
8409
8410
8413
8415
8417
8420
8427
8428
8429
8430
8432
8436
8437
8442
8447
8451
8455
8459
8460
8464
8465
8468
8470
8471
8472
8476
8478
8479
8483
8484
8487
8488
8491
8492
8493
8496
8498
8499
8500
8503
8505
8506
8507
8509
8512
8513
8515
8517
8519
8521
8523
8524
8525
8526
8529
8531
8533
8537
8541
8542
8549
8550
8553
8555
8564
8566
8568
8570
8577
8578
8581
8582
8584
8589
8590
8591
8592
8594
8597
8602
8604
8606
8609
8610
8611
8614
8618
8619
8622
8623
8626
8629
8630
8635
8637
8638
8639
8648
8649
8651
8652
8653
8656
8667
8668
8669
8672
8673
8675
8677
8680
8681
8684
8685
8687
8688
8690
8691
8694
8696
8707
8708
8710
8717
8719
8721
8723
8724
8727
8728
8741
8747
8752
8753
8754
8755
8758
8759
8760
8763
8764
8766
8767
8768
8787
8788
8791
8796
8797
8801
8803
8804
8807
8809
8811
8813
8814
8822
8824
8826
8827
8829
8830
8831
8834
8838
8840
8844
8845
8855
8857
8861
8862
8865
8868
8869
8873
8874
8882
8883
8884
8885
8886
8887
8888
8889
8893
8896
8899
8900
8903
8905
8906
8908
8910
8911
8914
8916
8917
8918
8922
8925
8927
8930
8931
8932
8935
8944
8948
8950
8951
8953
8954
8956
8959
8960
8961
8963
8968
8978
8980
8983
8984
8985
8988
8989
8990
8991
8996
8997
9000
9001
9002
9004
9005
9007
9008
9011
9012
9015
9016
9018
9021
9024
9026
9027
9034
9041
9044
9053
9054
9056
9057
9059
9063
9065
9066
9067
9068
9070
9074
9080
9092
9098
9099
9101
9104
9106
9111
9114
9118
9120
9121
9126
9127
9134
9136
9137
9144
9146
9148
9149
9150
9151
9153
9157
9160
9174
9175
9177
9180
9182
9184
9193
9194
9195
9196
9198
9203
9216
9219
9223
9226
9230
9233
9235
9237
9241
9245
9249
9250
9257
9258
9259
9262
9264
9267
9272
9273
9276
9279
9280
9283
9286
9298
9299
9306
9310
9311
9314
9322
9324
9325
9328
9332
9333
9334
9338
9346
9350
9355
9356
9359
9362
9363
9365
9367
9369
9370
9372
9373
9380
9383
9386
9393
9394
9395
9396
9398
9401
9402
9406
9408
9409
9414
9415
9425
9428
9430
9433
9434
9435
9440
9444
9453
9457
9461
9462
9466
9471
9474
9483
9491
9495
9499
9501
9506
9515
9516
9519
9523
9524
9526
9529
9534
9536
9538
9541
9544
9545
9562
9567
9574
9575
9576
9578
9579
9589
9590
9592
9593
9597
9599
9600
9602
9603
9604
9606
9611
9613
9618
9619
9624
9629
9636
9638
9644
9646
9653
9657
9668
9669
9670
9676
9680
9682
9686
9689
9700
9702
9704
9707
9710
9716
9719
9728
9747
9753
9755
9757
9759
9766
9769
9770
9771
9774
9778
9780
9782
9784
9786
9789
9790
9791
9795
9796
9801
9809
9810
9811
9812
9814
9815
9816
9821
9822
9825
9828
9829
9832
9833
9835
9838
9839
9842
9843
9844
9848
9849
9850
9851
9852
9855
9856
9857
9858
9861
9864
9869
9870
9871
9872
9873
9874
9875
9882
9883
9885
9887
9893
9897
9901
9906
9909
9915
9916
9917
9918
9921
9923
9926
9932
9933
9937
9938
9939
9940
9941
9942
9943
9944
9946
9948
9949
9950
9951
9952
9953
9954
9955
9956
9957
9958
9959
9960
9961
9962
9963
9964
9965
9966
9967
9969
9970
9972
9974
9975
9976
9977
9978
9979
9980
9981
9983
9986
9987
9988
9989
9990
9991
9992
9993
9994
9996
9997
9998
9999
10001
10002
10004
10005
10006
10007
10008
10009
10010
10011
10013
10016
10019
10020
10022
10024
10025
10027
10029
10030
10032
10036
10037
10039
10040
10041
10042
10043
10044
10045
10046
10047
10048
10049
10051
10052
10054
10055
10056
10057
10058
10059
10061
10062
10063
10064
10065
10066
10067
10069
10071
10072
10074
10076
10077
10078
10079
10080
10081
10083
10084
10087
10092
10093
10094
10095
10096
10097
10098
10100
10102
10103
10104
10105
10106
10107
10109
10112
10113
10116
10117
10118
10119
10120
10121
10123
10124
10125
10126
10127
10128
10129
10130
10131
10134
10136
10138
10139
10140
10141
10142
10144
10145
10146
10150
10151
10154
10155
10156
10157
10158
10161
10164
10166
10167
10168
10169
10171
10172
10175
10177
10179
10180
10181
10183
10184
10186
10188
10190
10191
10192
10193
10195
10198
10199
10201
10202
10203
10204
10207
10209
10211
10212
10223
10224
10227
10228
10229
10230
10233
10234
10237
10239
10241
10243
10244
10245
10249
10250
10252
10253
10254
10257
10258
10260
10261
10264
10266
10273
10278
10280
10281
10282
10286
10287
10289
10290
10291
10293
10295
10296
10298
10299
10301
10302
10307
10309
10311
10314
10316
10318
10319
10322
10325
10326
10328
10331
10332
10334
10335
10337
10338
10339
10341
10342
10343
10344
10345
10347
10349
10351
10353
10354
10356
10361
10366
10367
10369
10370
10372
10374
10375
10377
10379
10385
10386
10387
10389
10390
10392
10393
10398
10401
10402
10403
10408
10409
10410
10413
10414
10415
10416
10418
10420
10422
10424
10426
10427
10428
10429
10430
10431
10433
10434
10439
10442
10444
10446
10448
10450
10451
10453
10458
10461
10463
10464
10466
10470
10471
10472
10473
10475
10477
10478
10480
10483
10488
10489
10491
10493
10504
10511
10519
10522
10523
10527
10528
10529
10530
10531
10532
10538
10539
10543
10547
10548
10549
10551
10555
10556
10559
10562
10566
10567
10568
10570
10572
10573
10574
10577
10578
10579
10581
10582
10583
10589
10595
10599
10600
10602
10603
10604
10605
10610
10613
10615
10617
10619
10623
10626
10627
10628
10635
10637
10639
10641
10642
10646
10650
10655
10656
10660
10664
10666
10667
10669
10674
10678
10679
10680
10681
10682
10684
10685
10686
10688
10689
10692
10694
10695
10697
10699
10701
10702
10705
10706
10710
10713
10714
10715
10716
10717
10719
10723
10725
10727
10728
10729
10730
10733
10734
10735
10743
10746
10747
10750
10752
10753
10758
10760
10762
10765
10772
10773
10774
10777
10778
10779
10781
10786
10788
10789
10790
10793
10794
10795
10796
10801
10804
10807
10808
10812
10813
10816
10817
10818
10820
10822
10823
10825
10832
10833
10835
10836
10840
10841
10842
10846
10847
10849
10850
10852
10853
10854
10855
10858
10863
10865
10867
10869
10877
10880
10882
10884
10885
10887
10888
10889
10891
10892
10895
10898
10900
10901
10902
10905
10908
10911
10912
10913
10915
10918
10919
10920
10921
10922
10925
10929
10930
10931
10934
10936
10940
10943
10945
10948
10949
10958
10959
10960
10962
10963
10966
10968
10970
10972
10973
10978
10981
10983
10984
10985
10988
10989
10990
10998
10999
11005
11006
11009
11010
11011
11012
11016
11021
11023
11027
11028
11030
11032
11033
11034
11036
11037
11040
11044
11045
11046
11047
11050
11051
11053
11059
11061
11062
11063
11064
11065
11068
11069
11070
11071
11074
11075
11078
11079
11081
11082
11083
11085
11086
11088
11089
11093
11094
11096
11097
11100
11102
11103
11104
11106
11107
11110
11114
11116
11119
11121
11122
11124
11126
11127
11129
11130
11131
11133
11134
11135
11136
11137
11141
11149
11151
11159
11161
11170
11179
11180
11182
11184
11198
11201
11205
11208
11209
11217
11221
11224
11226
11231
11233
11236
11237
11244
11245
11249
11250
11251
11253
11254
11257
11258
11263
11265
11267
11268
11270
11271
11272
11273
11279
11280
11283
11285
11286
11287
11288
11289
11294
11295
11300
11301
11303
11304
11306
11307
11309
11310
11312
11314
11320
11327
11328
11332
11339
11349
11351
11352
11353
11354
11358
11369
11375
11379
11386
11387
11392
11399
11400
11401
11404
11421
11424
11430
11431
11432
11433
11437
11438
11439
11443
11458
11461
11463
11464
11469
11478
11497
11498
11500
11503
11504
11507
11508
11511
11512
11514
11522
11530
11531
11534
11540
11544
11550
11552
11560
11561
11563
11566
11569
11572
11576
11584
11585
11589
11595
11602
11604
11606
11608
11609
11611
11622
11625
11627
11635
11638
11639
11640
11641
11645
11648
11650
11651
11652
11661
11666
11667
11668
11670
11674
11677
11686
11687
11690
11695
11696
11701
11704
11714
11716
11717
11724
11733
11743
11744
11761
11762
11765
11771
11774
11781
11785
11796
11804
11812
11814
11816
11817
11818
11820
11821
11822
11823
11824
11825
11827
11828
11829
11831
11832
11833
11834
11835
11837
11838
11839
11840
11842
11843
11844
11845
11847
11848
11849
11851
11853
11854
11855
11856
11857
11858
11859
11861
11862
11863
11864
11866
11869
11871
11874
11875
11876
11877
11879
11880
11881
11882
11883
11884
11886
11887
11889
11890
11891
11894
11899
11900
11902
11903
11904
11905
11910
11911
11912
11913
11915
11917
11918
11919
11920
11922
11923
11924
11925
11926
11927
11930
11931
11932
11933
11934
11935
11936
11938
11939
11940
11942
11943
11944
11945
11949
11950
11952
11953
11954
11955
11958
11959
11960
11963
11966
11974
11975
11977
11978
11979
11980
11981
11983
11984
11987
11988
11989
11991
11994
11995
12000
12001
12003
12004
12005
12007
12009
12010
12015
12018
12021
12022
12023
12024
12025
12028
12029
12031
12034
12035
12036
12038
12039
12040
12042
12043
12046
12049
12051
12053
12056
12063
12066
12067
12069
12073
12074
12077
12080
12085
12086
12087
12089
12094
12097
12098
12099
12104
12108
12109
12110
12113
12119
12121
12124
12127
12128
12129
12130
12131
12133
12136
12137
12138
12142
12144
12145
12148
12149
12150
12151
12152
12154
12156
12158
12161
12162
12163
12175
12178
12179
12180
12181
12184
12187
12190
12192
12193
12195
12196
12198
12199
12202
12203
12205
12211
12212
12213
12215
12216
12219
12220
12221
12223
12224
12226
12227
12236
12237
12239
12240
12241
12243
12244
12245
12247
12248
12249
12250
12251
12252
12253
12255
12256
12257
12258
12259
12265
12267
12271
12273
12274
12277
12278
12281
12283
12286
12287
12290
12291
12294
12295
12298
12302
12304
12305
12306
12307
12308
12311
12312
12313
12314
12320
12323
12324
12325
12328
12332
12333
12334
12338
12342
12343
12344
12349
12353
12354
12359
12361
12365
12371
12375
12376
12378
12379
12381
12383
12389
12394
12395
12400
12402
12403
12404
12408
12409
12410
12414
12415
12416
12417
12418
12419
12420
12421
12423
12424
12429
12433
12437
12442
12446
12447
12450
12456
12458
12461
12463
12468
12472
12476
12478
12480
12484
12485
12487
12490
12492
12497
12500
12506
12509
12510
12512
12516
12517
12518
12519
12520
12522
12523
12527
12528
12529
12533
12536
12540
12545
12546
12550
12552
12553
12557
12558
12563
12569
12570
12571
12573
12577
12578
12579
12582
12583
12585
12587
12588
12590
12591
12594
12600
12601
12603
12604
12606
12607
12617
12619
12620
12624
12625
12630
12632
12633
12636
12639
12641
12643
12648
12649
12654
12655
12658
12661
12663
12666
12667
12668
12669
12670
12671
12675
12677
12679
12680
12682
12683
12686
12689
12692
12697
12701
12703
12705
12709
12710
12711
12718
12719
12721
12722
12724
12730
12732
12735
12737
12738
12741
12745
12753
12755
12757
12758
12759
12762
12765
12768
12770
12771
12775
12779
12780
12782
12784
12790
12791
12801
12804
12806
12807
12814
12815
12818
12821
12826
12829
12833
12835
12837
12839
12841
12842
12844
12850
12851
12855
12856
12858
12859
12862
12863
12864
12865
12866
12867
12868
12870
12871
12872
12874
12878
12879
12880
12881
12889
12892
12901
12902
12903
12904
12908
12909
12917
12918
12924
12925
12932
12933
12934
12938
12943
12946
12951
12959
12960
12963
12966
12968
12969
12970
12971
12972
12980
12981
12990
12991
12997
12999
13010
13013
13019
13020
13024
13025
13027
13028
13029
13032
13039
13042
13045
13047
13050
13052
13054
13056
13057
13058
13069
13072
13076
13082
13084
13086
13091
13096
13097
13099
13100
13104
13108
13109
13110
13111
13112
13113
13114
13117
13120
13121
13129
13136
13137
13140
13145
13158
13163
13165
13167
13168
13170
13174
13177
13180
13181
13183
13188
13189
13192
13197
13205
13206
13208
13215
13219
13221
13227
13236
13240
13250
13254
13255
13256
13265
13267
13270
13271
13273
13281
13294
13296
13307
13309
13311
13312
13314
13316
13317
13323
13327
13330
13331
13339
13344
13345
13358
13366
13368
13378
13381
13389
13398
13399
13402
13410
13415
13424
13428
13429
13431
13434
13435
13439
13440
13442
13448
13449
13451
13453
13461
13479
13483
13488
13489
13492
13493
13494
13498
13499
13501
13503
13507
13509
13512
13513
13516
13518
13520
13523
13524
13525
13526
13527
13529
13530
13532
13533
13534
13536
13539
13540
13542
13543
13545
13546
13549
13550
13556
13557
13563
13566
13569
13571
13572
13574
13579
13580
13585
13586
13587
13593
13596
13597
13600
13601
13603
13604
13607
13610
13611
13617
13618
13619
13624
13626
13627
13629
13630
13631
13632
13633
13634
13635
13636
13637
13638
13640
13642
13643
13645
13647
13648
13651
13652
13654
13655
13656
13657
13659
13660
13662
13663
13665
13666
13668
13669
13670
13671
13674
13675
13676
13677
13678
13679
13680
13681
13682
13683
13684
13686
13688
13690
13691
13692
13693
13694
13695
13696
13697
13699
13700
13701
13703
13704
13705
13706
13707
13708
13711
13712
13713
13715
13716
13718
13719
13720
13722
13723
13724
13726
13727
13730
13731
13733
13734
13735
13738
13739
13740
13741
13742
13743
13744
13746
13747
13748
13749
13750
13752
13753
13754
13755
13756
13758
13759
13760
13762
13763
13765
13766
13768
13769
13770
13773
13775
13777
13778
13782
13783
13784
13785
13786
13787
13788
13789
13790
13792
13793
13794
13795
13796
13797
13798
13800
13803
13804
13805
13806
13807
13810
13811
13812
13814
13818
13819
13820
13821
13822
13823
13824
13825
13826
13827
13828
13829
13830
13831
13832
13833
13834
13835
13836
13837
13839
13840
13841
13842
13843
13847
13849
13853
13854
13855
13856
13858
13859
13860
13861
13862
13863
13865
13866
13867
13868
13869
13870
13871
13872
13873
13875
13878
13879
13880
13882
13884
13886
13887
13889
13895
13896
13897
13900
13901
13902
13903
13904
13907
13908
13909
13910
13911
13912
13914
13915
13916
13917
13918
13926
13928
13932
13935
13937
13939
13941
13942
13943
13946
13948
13951
13953
13955
13956
13963
13964
13966
13968
13970
13971
13972
13975
13978
13979
13980
13983
13984
13985
13986
13987
13990
13991
13994
13997
14000
14004
14005
14007
14008
14009
14010
14012
14013
14015
14016
14018
14020
14022
14023
14028
14030
14037
14038
14039
14040
14044
14045
14046
14049
14050
14051
14054
14056
14057
14059
14061
14065
14066
14068
14070
14071
14077
14078
14080
14081
14082
14083
14084
14085
14086
14091
14099
14101
14103
14104
14110
14115
14116
14117
14119
14122
14123
14125
14126
14128
14131
14132
14134
14136
14140
14143
14144
14146
14152
14153
14158
14160
14164
14165
14170
14174
14175
14178
14180
14185
14187
14189
14190
14191
14192
14193
14197
14198
14200
14203
14205
14206
14207
14212
14216
14218
14224
14225
14228
14229
14231
14234
14236
14241
14243
14244
14248
14250
14252
14253
14256
14258
14261
14262
14263
14265
14269
14273
14276
14280
14284
14285
14292
14296
14297
14299
14301
14304
14305
14306
14313
14314
14318
14321
14326
14332
14333
14334
14337
14341
14345
14346
14352
14355
14361
14362
14365
14369
14370
14372
14374
14381
14382
14387
14388
14390
14393
14394
14395
14397
14398
14399
14402
14403
14404
14405
14406
14407
14408
14411
14412
14414
14415
14416
14417
14418
14420
14424
14426
14427
14428
14429
14430
14433
14437
14439
14440
14441
14443
14444
14447
14448
14449
14450
14452
14454
14456
14457
14458
14459
14461
14464
14466
14467
14470
14471
14473
14479
14482
14483
14486
14488
14491
14493
14499
14503
14507
14510
14511
14512
14513
14514
14515
14517
14518
14520
14522
14526
14527
14530
14531
14536
14537
14538
14539
14540
14545
14548
14551
14553
14555
14558
14560
14562
14564
14565
14566
14567
14568
14572
14574
14578
14579
14580
14581
14586
14587
14592
14598
14599
14601
14603
14604
14606
14607
14608
14609
14612
14614
14615
14616
14619
14625
14626
14630
14631
14634
14637
14638
14639
14643
14645
14646
14650
14651
14656
14659
14661
14662
14663
14666
14668
14671
14672
14673
14674
14675
14676
14677
14682
14684
14686
14687
14690
14691
14695
14697
14698
14699
14701
14702
14703
14704
14706
14708
14712
14713
14714
14719
14720
14723
14724
14725
14726
14727
14729
14730
14735
14740
14742
14744
14746
14747
14748
14749
14751
14756
14757
14758
14759
14760
14761
14764
14765
14767
14768
14771
14773
14776
14777
14778
14779
14782
14784
14785
14786
14791
14795
14799
14800
14802
14803
14806
14807
14808
14809
14811
14814
14815
14816
14817
14818
14819
14820
14821
14824
14829
14830
14832
14834
14835
14836
14837
14838
14840
14841
14842
14844
14845
14846
14847
14849
14854
14855
14858
14859
14860
14861
14864
14867
14875
14883
14884
14887
14897
14898
14903
14906
14910
14912
14914
14915
14919
14922
14925
14928
14930
14934
14935
14953
14963
14967
14968
14971
14976
14982
14983
14986
14989
14992
14999
15001
15002
15007
15013
15014
15017
15018
15019
15020
15026
15028
15032
15035
15041
15042
15044
15048
15062
15070
15072
15075
15083
15096
15117
15122
15137
15147
15160
15162
15166
15175
15178
15192
15212
15215
15236
15244
15250
15254
15257
15261
15283
15285
15291
15307
15309
15311
15320
15322
15323
15333
15338
15341
15344
15356
15362
15364
15365
15372
15375
15376
15384
15391
15395
15398
15408
15412
15421
15422
15428
15429
15432
15444
15446
15454
15458
15468
15479
15485
15486
15489
15499
15512
15516
15518
15519
15530
15531
15532
15535
15536
15537
15538
15539
15540
15541
15543
15544
15545
15546
15548
15549
15550
15551
15552
15553
15555
15556
15557
15558
15559
15561
15563
15564
15566
15568
15571
15572
15573
15574
15578
15580
15581
15583
15588
15589
15590
15592
15594
15595
15596
15597
15598
15600
15602
15603
15605
15607
15609
15614
15615
15616
15617
15618
15619
15620
15622
15624
15625
15628
15629
15630
15632
15634
15635
15637
15638
15639
15641
15642
15643
15646
15648
15650
15651
15657
15658
15659
15660
15661
15663
15664
15666
15668
15669
15670
15672
15674
15675
15676
15677
15680
15682
15686
15687
15688
15689
15690
15691
15692
15693
15694
15696
15698
15699
15701
15702
15704
15705
15706
15708
15709
15712
15714
15717
15718
15719
15722
15726
15733
15735
15736
15742
15743
15744
15746
15747
15748
15750
15751
15753
15755
15757
15758
15760
15764
15765
15770
15771
15773
15778
15779
15781
15785
15787
15788
15789
15790
15791
15792
15794
15795
15796
15799
15800
15808
15810
15811
15812
15813
15814
15815
15818
15821
15822
15823
15824
15826
15829
15830
15831
15833
15834
15835
15840
15841
15843
15847
15848
15851
15854
15858
15863
15864
15865
15867
15868
15869
15870
15871
15873
15874
15875
15883
15886
15887
15888
15894
15899
15901
15904
15906
15907
15917
15919
15920
15922
15925
15927
15928
15930
15931
15933
15937
15940
15942
15943
15944
15949
15952
15953
15954
15956
15957
15959
15960
15965
15967
15968
15969
15972
15973
15975
15977
15978
15979
15987
15990
15992
15995
15997
15998
15999
16001
16005
16006
16008
16010
16015
16018
16019
16020
16022
16024
16025
16028
16030
16031
16033
16034
16038
16041
16046
16047
16050
16052
16053
16055
16056
16057
16058
16060
16063
16064
16065
16066
16067
16068
16069
16070
16073
16074
16075
16077
16078
16079
16080
16081
16084
16089
16090
16092
16093
16094
16103
16105
16106
16108
16113
16116
16120
16121
16122
16123
16124
16127
16130
16131
16132
16135
16138
16142
16143
16145
16148
16150
16152
16156
16159
16163
16168
16169
16170
16175
16177
16178
16180
16181
16182
16185
16186
16191
16192
16194
16205
16206
16208
16210
16211
16214
16215
16219
16223
16225
16226
16229
16230
16231
16242
16247
16249
16251
16252
16253
16254
16257
16259
16262
16264
16272
16278
16285
16286
16292
16297
16299
16301
16306
16307
16311
16312
16314
16317
16320
16323
16326
16327
16328
16332
16333
16334
16335
16339
16341
16342
16343
16344
16346
16351
16353
16355
16357
16359
16363
16364
16366
16369
16372
16374
16375
16376
16380
16386
16389
16390
16394
16395
16396
16407
16408
16411
16414
16417
16419
16422
16425
16427
16428
16430
16432
16435
16439
16442
16443
16445
16446
16448
16449
16454
16461
16462
16463
16467
16476
16480
16481
16485
16488
16493
16494
16496
16497
16498
16501
16504
16507
16518
16519
16520
16521
16522
16526
16527
16529
16532
16536
16538
16540
16542
16549
16550
16565
16566
16567
16568
16570
16575
16581
16582
16584
16585
16588
16593
16602
16607
16609
16610
16614
16615
16616
16618
16620
16621
16623
16630
16632
16639
16641
16643
16644
16645
16646
16647
16648
16652
16653
16654
16660
16665
16669
16676
16680
16681
16685
16688
16691
16698
16700
16701
16711
16712
16719
16721
16727
16731
16736
16737
16738
16739
16740
16744
16745
16751
16752
16754
16756
16758
16761
16767
16769
16772
16773
16774
16778
16782
16783
16784
16790
16801
16804
16809
16810
16811
16813
16814
16817
16819
16825
16827
16829
16830
16837
16839
16845
16846
16849
16853
16856
16859
16863
16867
16868
16872
16877
16881
16882
16884
16886
16888
16894
16896
16899
16903
16910
16911
16913
16917
16923
16927
16929
16935
16937
16941
16947
16951
16952
16958
16963
16968
16969
16971
16972
16979
16982
16993
16995
17000
17001
17004
17005
17006
17008
17013
17017
17018
17019
17023
17024
17028
17030
17032
17035
17036
17039
17040
17041
17042
17057
17059
17061
17063
17067
17068
17071
17076
17085
17086
17087
17089
17095
17098
17099
17103
17104
17112
17115
17123
17131
17135
17138
17140
17141
17144
17147
17153
17163
17165
17171
17174
17175
17176
17183
17184
17185
17186
17190
17197
17198
17199
17201
17202
17207
17208
17210
17212
17213
17214
17215
17217
17220
17221
17224
17231
17233
17236
17238
17239
17243
17244
17247
17249
17250
17251
17256
17257
17260
17261
17263
17264
17265
17270
17271
17272
17274
17276
17278
17280
17286
17288
17291
17292
17295
17298
17299
17300
17304
17306
17307
17310
17311
17313
17315
17317
17320
17324
17326
17327
17330
17333
17336
17342
17343
17344
17345
17346
17350
17351
17356
17357
17359
17361
17362
17365
17366
17368
17369
17370
17371
17374
17375
17376
17377
17378
17380
17381
17382
17383
17384
17385
17386
17388
17389
17391
17393
17394
17395
17396
17397
17398
17402
17403
17405
17406
17407
17408
17409
17410
17412
17414
17415
17416
17418
17419
17420
17421
17422
17424
17425
17426
17427
17429
17430
17431
17432
17433
17434
17435
17437
17438
17439
17440
17441
17442
17444
17445
17446
17447
17451
17452
17453
17454
17455
17457
17458
17460
17462
17463
17466
17467
17468
17469
17470
17471
17472
17473
17474
17475
17476
17477
17479
17480
17482
17483
17484
17485
17486
17487
17489
17490
17492
17493
17495
17496
17497
17499
17500
17506
17507
17508
17509
17510
17511
17515
17517
17519
17522
17524
17526
17528
17530
17532
17534
17535
17538
17540
17541
17545
17547
17548
17549
17550
17553
17554
17555
17556
17557
17558
17561
17562
17564
17567
17568
17569
17572
17573
17574
17576
17577
17578
17579
17580
17582
17583
17584
17585
17586
17589
17592
17593
17594
17595
17600
17601
17603
17605
17609
17611
17612
17613
17614
17615
17616
17622
17623
17624
17625
17626
17627
17628
17629
17630
17631
17632
17636
17637
17638
17639
17640
17642
17645
17649
17651
17652
17653
17656
17661
17662
17665
17666
17667
17669
17670
17671
17672
17675
17676
17678
17681
17682
17684
17686
17687
17689
17692
17693
17694
17695
17697
17698
17699
17700
17701
17702
17703
17704
17705
17708
17711
17715
17721
17722
17723
17724
17726
17730
17731
17734
17739
17742
17743
17744
17746
17750
17751
17754
17755
17759
17760
17765
17767
17768
17770
17771
17773
17774
17775
17776
17777
17778
17779
17784
17785
17790
17791
17792
17793
17795
17799
17800
17802
17806
17809
17813
17815
17817
17818
17820
17822
17826
17830
17831
17832
17834
17835
17836
17837
17842
17845
17848
17850
17854
17855
17856
17857
17858
17862
17865
17872
17874
17878
17880
17886
17894
17898
17899
17900
17901
17902
17903
17904
17908
17911
17914
17917
17919
17921
17922
17930
17934
17941
17943
17944
17945
17946
17948
17955
17957
17958
17959
17962
17964
17971
17975
17976
17978
17979
17983
17990
17994
18000
18003
18005
18009
18010
18011
18018
18020
18021
18022
18023
18027
18030
18033
18039
18045
18046
18049
18053
18055
18058
18061
18062
18066
18067
18075
18076
18077
18078
18085
18086
18088
18092
18094
18095
18096
18097
18106
18109
18110
18112
18113
18114
18116
18117
18118
18121
18124
18125
18129
18131
18132
18134
18135
18137
18138
18141
18143
18144
18145
18147
18148
18149
18152
18153
18154
18155
18157
18163
18166
18168
18170
18171
18173
18174
18175
18177
18178
18179
18180
18181
18183
18186
18188
18193
18194
18196
18206
18207
18213
18217
18220
18222
18226
18227
18234
18235
18239
18241
18243
18245
18249
18250
18251
18252
18253
18254
18255
18258
18261
18262
18265
18268
18270
18272
18275
18277
18278
18280
18281
18283
18284
18285
18286
18291
18293
18294
18296
18301
18306
18308
18309
18311
18313
18314
18315
18319
18321
18322
18323
18324
18328
18329
18333
18335
18336
18339
18341
18342
18343
18345
18346
18349
18350
18353
18356
18357
18358
18360
18361
18362
18364
18368
18370
18375
18376
18377
18379
18382
18383
18386
18387
18388
18390
18391
18393
18396
18400
18401
18404
18405
18406
18409
18411
18413
18414
18415
18417
18418
18419
18422
18426
18427
18430
18434
18437
18440
18444
18449
18451
18455
18456
18458
18463
18466
18470
18474
18475
18477
18478
18479
18482
18484
18485
18486
18487
18488
18490
18491
18492
18493
18494
18498
18500
18505
18506
18508
18509
18510
18511
18512
18513
18514
18517
18518
18521
18522
18523
18526
18528
18529
18530
18531
18532
18533
18535
18538
18540
18541
18543
18544
18545
18546
18547
18549
18550
18552
18554
18555
18556
18559
18561
18565
18568
18569
18572
18573
18574
18575
18578
18587
18588
18589
18590
18592
18594
18598
18600
18601
18603
18606
18607
18609
18610
18611
18614
18615
18616
18624
18634
18644
18649
18654
18660
18669
18672
18682
18685
18686
18690
18692
18693
18695
18696
18697
18698
18699
18700
18701
18708
18715
18716
18722
18727
18729
18731
18732
18738
18743
18744
18749
18753
18760
18776
18777
18778
18784
18789
18807
18808
18812
18817
18822
18826
18827
18828
18831
18832
18835
18854
18859
18863
18866
18875
18876
18882
18888
18889
18891
18895
18902
18925
18935
18956
18958
18978
18986
18991
18995
18996
19013
19023
19034
19035
19037
19038
19040
19041
19043
19050
19066
19069
19073
19075
19078
19079
19089
19091
19094
19095
19098
19104
19109
19114
19123
19126
19131
19143
19158
19160
19162
19164
19180
19189
19203
19204
19209
19210
19219
19224
19230
19231
19244
19245
19248
19250
19251
19252
19254
19256
19257
19258
19259
19260
19262
19264
19267
19269
19270
19272
19273
19275
19278
19279
19281
19283
19284
19286
19287
19288
19289
19290
19291
19292
19293
19294
19295
19297
19299
19301
19302
19303
19304
19307
19308
19310
19312
19314
19315
19316
19317
19318
19319
19320
19322
19323
19326
19327
19328
19330
19332
19335
19338
19339
19340
19343
19344
19345
19347
19348
19351
19354
19355
19356
19358
19359
19360
19363
19365
19366
19367
19368
19369
19372
19373
19375
19377
19379
19381
19382
19383
19386
19387
19388
19394
19396
19400
19402
19403
19404
19405
19406
19407
19410
19411
19412
19413
19414
19415
19417
19420
19422
19423
19426
19429
19430
19432
19433
19435
19437
19441
19445
19448
19449
19452
19456
19458
19459
19460
19462
19464
19465
19466
19467
19471
19472
19477
19478
19479
19481
19484
19488
19489
19490
19492
19493
19495
19497
19498
19501
19503
19504
19506
19508
19509
19513
19515
19516
19520
19522
19523
19525
19526
19527
19528
19529
19530
19532
19533
19534
19537
19541
19542
19549
19553
19554
19555
19557
19559
19560
19562
19563
19564
19565
19568
19569
19570
19577
19578
19579
19586
19587
19589
19591
19592
19594
19596
19598
19600
19602
19603
19607
19609
19610
19614
19619
19620
19621
19623
19624
19625
19631
19632
19633
19635
19637
19638
19642
19643
19644
19649
19651
19654
19655
19656
19657
19658
19661
19663
19664
19667
19668
19670
19671
19672
19673
19675
19678
19679
19680
19683
19684
19686
19687
19688
19690
19693
19695
19697
19700
19701
19702
19703
19708
19709
19716
19718
19719
19720
19725
19729
19732
19733
19734
19735
19736
19739
19742
19743
19745
19747
19748
19749
19750
19752
19753
19755
19761
19764
19765
19770
19774
19777
19781
19784
19786
19787
19788
19789
19791
19792
19793
19794
19798
19804
19806
19807
19809
19811
19816
19818
19822
19823
19829
19832
19835
19836
19838
19841
19843
19844
19846
19847
19848
19852
19853
19856
19857
19859
19861
19863
19864
19866
19869
19870
19873
19875
19876
19877
19883
19884
19885
19888
19889
19890
19891
19893
19894
19896
19899
19900
19901
19903
19904
19905
19906
19908
19909
19911
19915
19917
19921
19922
19928
19929
19932
19934
19936
19938
19939
19940
19943
19944
19945
19946
19952
19955
19956
19957
19958
19959
19965
19966
19968
19970
19971
19978
19979
19980
19981
19982
19986
19997
19998
19999
20003
20005
20006
20007
20011
20012
20013
20015
20016
20018
20026
20027
20028
20030
20031
20032
20036
20037
20039
20040
20042
20045
20047
20048
20049
20050
20052
20053
20055
20058
20059
20060
20062
20064
20065
20067
20068
20073
20075
20076
20077
20082
20083
20085
20086
20090
20096
20097
20098
20102
20103
20105
20106
20110
20111
20113
20114
20117
20122
20125
20127
20129
20130
20131
20132
20133
20134
20136
20137
20138
20139
20142
20144
20145
20146
20147
20149
20150
20153
20155
20157
20158
20160
20162
20163
20164
20168
20169
20173
20174
20176
20177
20179
20183
20184
20185
20186
20190
20193
20194
20198
20200
20206
20207
20208
20211
20212
20215
20217
20221
20224
20227
20229
20235
20243
20246
20247
20248
20252
20253
20254
20256
20257
20260
20263
20264
20265
20266
20267
20268
20279
20280
20281
20285
20290
20291
20293
20295
20296
20297
20299
20302
20305
20306
20307
20317
20322
20323
20324
20326
20331
20332
20335
20336
20339
20346
20347
20351
20352
20353
20355
20357
20358
20359
20361
20362
20365
20369
20371
20373
20374
20375
20377
20381
20388
20391
20396
20399
20400
20401
20402
20412
20414
20415
20416
20421
20431
20435
20438
20444
20447
20450
20452
20460
20462
20464
20465
20467
20468
20470
20471
20473
20477
20478
20480
20482
20485
20492
20493
20495
20498
20505
20507
20518
20522
20524
20525
20527
20531
20532
20534
20536
20537
20539
20541
20544
20545
20548
20550
20551
20557
20558
20559
20561
20562
20563
20565
20567
20571
20578
20582
20583
20586
20588
20589
20593
20594
20595
20598
20599
20600
20602
20603
20605
20606
20608
20617
20620
20622
20627
20631
20633
20634
20638
20641
20643
20647
20648
20655
20656
20659
20661
20662
20672
20674
20677
20678
20680
20683
20685
20689
20692
20693
20704
20707
20709
20716
20717
20720
20724
20725
20731
20733
20735
20738
20739
20741
20742
20745
20748
20751
20753
20754
20756
20757
20758
20759
20760
20769
20776
20784
20785
20792
20793
20794
20796
20798
20799
20803
20804
20808
20809
20814
20817
20821
20822
20824
20827
20830
20831
20834
20837
20839
20843
20844
20845
20846
20849
20852
20861
20867
20868
20874
20877
20890
20893
20895
20900
20901
20913
20914
20916
20917
20922
20925
20926
20927
20928
20929
20931
20933
20936
20942
20944
20946
20951
20952
20953
20954
20955
20957
20958
20961
20964
20965
20967
20969
20970
20971
20975
20976
20977
20980
20984
20985
20986
20987
20988
20990
20991
20992
20996
20998
21000
21003
21005
21008
21011
21012
21013
21014
21015
21016
21017
21019
21021
21025
21027
21029
21035
21042
21044
21047
21050
21053
21054
21055
21057
21058
21059
21060
21061
21062
21064
21065
21066
21067
21068
21069
21071
21072
21073
21075
21076
21079
21081
21082
21083
21084
21085
21088
21089
21091
21094
21096
21098
21099
21100
21101
21102
21103
21104
21106
21107
21108
21111
21112
21116
21118
21120
21121
21122
21123
21124
21125
21126
21129
21131
21132
21134
21136
21137
21139
21140
21141
21142
21143
21144
21146
21147
21148
21149
21150
21152
21153
21154
21155
21156
21158
21159
21160
21161
21162
21164
21165
21166
21167
21168
21169
21170
21171
21172
21173
21174
21175
21178
21179
21182
21184
21185
21186
21187
21188
21190
21191
21193
21194
21196
21197
21198
21199
21200
21201
21203
21205
21206
21207
21208
21209
21211
21213
21214
21215
21216
21217
21218
21220
21221
21222
21223
21224
21225
21226
21227
21228
21229
21231
21233
21236
21237
21238
21240
21241
21242
21245
21246
21248
21249
21250
21251
21252
21254
21255
21257
21259
21260
21261
21262
21264
21267
21269
21270
21271
21272
21276
21277
21278
21281
21282
21284
21286
21287
21288
21289
21290
21291
21292
21293
21295
21296
21298
21299
21301
21303
21305
21306
21307
21308
21310
21311
21312
21314
21315
21317
21319
21321
21325
21326
21327
21328
21329
21330
21332
21333
21335
21337
21339
21343
21346
21347
21350
21351
21353
21354
21356
21358
21359
21360
21362
21364
21365
21367
21370
21372
21375
21378
21379
21382
21383
21384
21385
21386
21389
21392
21394
21395
21396
21399
21400
21401
21402
21403
21405
21407
21408
21412
21414
21415
21418
21419
21420
21422
21423
21424
21426
21430
21433
21436
21437
21438
21440
21443
21444
21446
21449
21451
21452
21453
21454
21456
21457
21458
21459
21460
21467
21468
21469
21472
21474
21475
21477
21478
21480
21481
21483
21484
21485
21487
21488
21490
21491
21492
21495
21498
21499
21504
21505
21506
21509
21510
21511
21512
21516
21517
21519
21520
21522
21523
21527
21530
21534
21535
21536
21538
21543
21544
21548
21550
21551
21553
21554
21556
21557
21558
21559
21562
21563
21564
21565
21569
21570
21571
21572
21573
21575
21576
21580
21581
21582
21585
21588
21590
21592
21593
21594
21595
21598
21599
21600
21602
21603
21606
21608
21610
21611
21612
21613
21616
21617
21618
21619
21620
21621
21624
21625
21626
21628
21629
21632
21633
21635
21638
21646
21647
21649
21653
21657
21658
21660
21663
21664
21665
21667
21669
21670
21674
21678
21680
21681
21683
21685
21689
21690
21693
21696
21697
21698
21701
21702
21704
21705
21706
21707
21708
21713
21714
21719
21720
21723
21724
21725
21727
21732
21736
21737
21742
21744
21745
21750
21752
21754
21756
21760
21761
21770
21771
21775
21780
21781
21783
21784
21785
21789
21794
21796
21797
21798
21800
21802
21803
21805
21806
21808
21809
21810
21811
21813
21815
21816
21818
21822
21823
21824
21826
21828
21831
21836
21838
21841
21845
21846
21847
21848
21850
21852
21854
21856
21861
21862
21864
21865
21867
21868
21870
21871
21872
21874
21878
21881
21882
21885
21886
21887
21891
21892
21895
21896
21897
21899
21900
21902
21904
21907
21911
21914
21916
21921
21925
21927
21928
21930
21931
21932
21933
21934
21935
21936
21938
21944
21948
21952
21953
21954
21955
21958
21959
21961
21963
21964
21967
21968
21972
21975
21981
21982
21984
21985
21988
21991
21992
21993
21994
21995
21996
22000
22005
22006
22007
22009
22011
22012
22013
22014
22015
22016
22020
22023
22024
22027
22028
22029
22030
22032
22033
22034
22035
22036
22037
22040
22041
22043
22044
22046
22047
22051
22052
22054
22055
22056
22057
22058
22059
22063
22064
22067
22072
22075
22076
22077
22078
22079
22082
22084
22086
22087
22088
22089
22090
22093
22094
22096
22100
22101
22102
22104
22105
22106
22107
22109
22110
22112
22114
22115
22116
22118
22122
22123
22125
22127
22128
22129
22130
22131
22133
22134
22139
22140
22141
22142
22144
22151
22152
22154
22156
22158
22159
22160
22161
22162
22167
22169
22170
22171
22172
22173
22174
22175
22176
22177
22178
22179
22180
22181
22182
22183
22184
22185
22187
22191
22192
22193
22196
22197
22200
22204
22208
22210
22212
22214
22217
22221
22223
22224
22225
22226
22227
22228
22230
22231
22235
22236
22238
22239
22240
22242
22243
22244
22245
22247
22248
22249
22252
22257
22258
22260
22261
22263
22264
22265
22266
22268
22269
22270
22271
22274
22276
22277
22278
22280
22282
22283
22284
22288
22289
22291
22300
22304
22316
22317
22318
22320
22321
22325
22330
22338
22342
22346
22347
22350
22354
22355
22368
22385
22394
22398
22399
22404
22409
22410
22412
22413
22419
22425
22428
22429
22430
22435
22436
22438
22439
22446
22450
22451
22467
22469
22472
22473
22480
22498
22500
22511
22518
22526
22538
22560
22575
22576
22586
22603
22611
22612
22616
22620
22646
22647
22652
22658
22659
22661
22682
22685
22686
22694
22704
22705
22716
22718
22720
22727
22750
22764
22783
22787
22790
22793
22803
22810
22812
22813
22819
22826
22835
22842
22859
22867
22878
22886
22893
22911
22915
22953
22958
22960
22961
22963
22966
22967
22968
22969
22970
22971
22977
22979
22980
22981
22983
22985
22986
22988
22991
22993
22994
22995
22996
22997
22998
22999
23000
23001
23002
23003
23006
23007
23008
23009
23010
23011
23012
23013
23016
23017
23018
23019
23021
23022
23023
23026
23027
23028
23030
23031
23034
23035
23036
23038
23040
23042
23043
23045
23046
23047
23048
23049
23051
23053
23054
23057
23060
23064
23065
23067
23068
23069
23071
23074
23075
23076
23078
23080
23085
23086
23088
23089
23091
23092
23094
23098
23099
23100
23102
23105
23107
23108
23109
23110
23111
23114
23116
23120
23121
23122
23123
23124
23127
23128
23129
23133
23134
23135
23136
23146
23147
23148
23150
23152
23157
23159
23160
23162
23164
23167
23170
23171
23172
23174
23177
23178
23179
23180
23181
23183
23185
23186
23188
23189
23190
23193
23195
23197
23201
23202
23203
23207
23208
23209
23211
23214
23215
23216
23221
23222
23223
23227
23229
23230
23233
23237
23238
23240
23241
23242
23243
23244
23245
23246
23247
23248
23250
23253
23254
23256
23261
23263
23267
23268
23269
23270
23271
23272
23273
23274
23276
23278
23279
23283
23285
23291
23292
23293
23294
23295
23296
23299
23300
23302
23304
23305
23306
23307
23308
23316
23318
23324
23325
23327
23329
23330
23334
23338
23339
23345
23346
23347
23351
23352
23354
23355
23357
23359
23363
23365
23366
23369
23370
23372
23374
23380
23384
23385
23387
23391
23393
23394
23395
23396
23397
23398
23399
23400
23402
23403
23404
23405
23406
23407
23409
23410
23412
23413
23414
23416
23419
23424
23425
23426
23428
23429
23430
23432
23434
23435
23436
23437
23440
23441
23442
23443
23444
23447
23448
23449
23452
23453
23456
23458
23460
23461
23462
23466
23469
23471
23472
23473
23474
23475
23478
23482
23483
23484
23486
23489
23491
23493
23494
23498
23500
23501
23503
23504
23505
23507
23508
23511
23512
23518
23523
23525
23536
23537
23541
23543
23549
23550
23551
23554
23560
23563
23566
23567
23570
23571
23572
23573
23574
23576
23581
23584
23587
23591
23595
23600
23602
23603
23604
23606
23607
23609
23610
23614
23616
23617
23618
23622
23624
23626
23627
23632
23633
23636
23637
23640
23642
23643
23647
23650
23652
23656
23657
23658
23659
23661
23664
23665
23669
23670
23671
23672
23675
23680
23682
23683
23687
23692
23695
23696
23700
23701
23702
23705
23710
23713
23720
23725
23728
23729
23730
23732
23733
23734
23735
23738
23740
23745
23746
23749
23750
23751
23752
23753
23755
23756
23757
23760
23761
23762
23763
23770
23772
23774
23777
23778
23781
23783
23785
23788
23791
23793
23794
23795
23797
23799
23802
23804
23813
23815
23816
23817
23819
23820
23821
23822
23827
23830
23833
23835
23842
23843
23847
23851
23853
23854
23856
23860
23861
23864
23867
23868
23873
23874
23876
23877
23880
23882
23887
23888
23892
23894
23899
23901
23902
23905
23909
23918
23921
23922
23925
23926
23927
23929
23931
23935
23936
23938
23948
23950
23958
23959
23960
23966
23968
23974
23978
23979
23982
23983
23985
23987
23992
23993
23994
23995
23996
23997
24000
24007
24010
24011
24012
24014
24015
24016
24025
24026
24030
24032
24033
24034
24042
24043
24044
24045
24046
24047
24049
24050
24051
24052
24064
24068
24070
24071
24072
24073
24079
24080
24081
24082
24083
24088
24093
24094
24097
24106
24110
24112
24119
24121
24129
24131
24132
24135
24136
24137
24139
24142
24143
24145
24147
24149
24152
24155
24164
24165
24167
24168
24173
24174
24175
24182
24186
24188
24189
24190
24191
24196
24198
24200
24201
24202
24208
24211
24217
24218
24223
24236
24250
24251
24255
24256
24258
24262
24268
24269
24277
24279
24281
24294
24296
24301
24303
24305
24309
24310
24312
24314
24316
24317
24318
24323
24324
24325
24330
24331
24334
24337
24338
24339
24342
24347
24348
24357
24363
24365
24367
24372
24373
24385
24392
24393
24396
24397
24400
24407
24413
24415
24421
24425
24427
24428
24429
24436
24440
24447
24448
24451
24452
24453
24454
24456
24462
24465
24467
24469
24473
24474
24479
24480
24481
24482
24489
24492
24493
24494
24507
24509
24513
24519
24525
24526
24528
24535
24538
24540
24542
24548
24550
24551
24554
24557
24560
24563
24566
24573
24580
24581
24582
24585
24589
24591
24593
24603
24604
24609
24611
24612
24613
24614
24617
24623
24625
24629
24630
24631
24632
24634
24635
24636
24638
24639
24641
24645
24656
24661
24664
24665
24666
24667
24668
24670
24672
24675
24678
24679
24681
24687
24690
24691
24692
24694
24698
24699
24704
24706
24707
24711
24712
24714
24718
24720
24722
24726
24727
24728
24731
24733
24734
24735
24738
24740
24742
24743
24744
24745
24746
24747
24750
24754
24756
24762
24766
24768
24769
24771
24772
24773
24774
24777
24778
24779
24782
24783
24787
24789
24790
24793
24794
24795
24797
24798
24799
24802
24804
24805
24808
24809
24810
24811
24812
24814
24816
24818
24819
24822
24823
24824
24825
24826
24827
24830
24834
24835
24836
24837
24838
24839
24840
24842
24843
24844
24846
24847
24848
24849
24850
24852
24853
24854
24855
24857
24858
24859
24861
24863
24864
24865
24866
24869
24870
24871
24872
24874
24875
24877
24878
24879
24880
24881
24882
24883
24885
24886
24887
24888
24889
24891
24894
24895
24896
24897
24898
24900
24902
24903
24904
24905
24907
24908
24911
24912
24913
24915
24917
24919
24920
24921
24922
24923
24925
24927
24928
24929
24932
24934
24937
24939
24940
24942
24943
24945
24947
24950
24951
24952
24954
24956
24960
24962
24963
24968
24969
24971
24972
24973
24974
24976
24980
24981
24982
24984
24985
24987
24990
24994
24997
25000
25001
25002
25004
25005
25008
25009
25011
25012
25013
25014
25015
25017
25020
25021
25022
25027
25028
25029
25030
25031
25033
25038
25042
25043
25044
25045
25049
25051
25052
25054
25056
25057
25060
25064
25067
25068
25070
25071
25072
25074
25079
25081
25083
25084
25085
25086
25090
25093
25095
25096
25097
25099
25102
25103
25108
25110
25112
25113
25114
25115
25116
25117
25120
25121
25122
25125
25126
25127
25128
25132
25133
25136
25139
25141
25147
25150
25154
25155
25157
25158
25160
25165
25167
25168
25169
25171
25172
25174
25176
25177
25178
25179
25180
25181
25182
25186
25187
25188
25191
25192
25194
25195
25196
25197
25198
25199
25200
25201
25202
25203
25204
25207
25212
25218
25219
25221
25224
25225
25226
25228
25229
25230
25233
25234
25236
25238
25241
25242
25243
25245
25246
25249
25251
25252
25254
25256
25257
25259
25263
25264
25265
25267
25270
25271
25274
25278
25279
25282
25283
25285
25287
25295
25298
25299
25300
25301
25302
25303
25306
25309
25312
25313
25316
25317
25320
25322
25323
25324
25329
25336
25338
25339
25341
25343
25345
25347
25350
25351
25352
25353
25356
25357
25362
25366
25368
25369
25371
25372
25378
25379
25387
25388
25389
25392
25394
25395
25399
25403
25404
25405
25407
25409
25411
25412
25415
25416
25417
25418
25421
25422
25423
25425
25426
25434
25438
25441
25443
25455
25456
25457
25458
25467
25471
25476
25479
25480
25485
25488
25491
25493
25495
25501
25504
25510
25513
25517
25520
25523
25529
25533
25534
25537
25538
25540
25542
25544
25545
25546
25548
25553
25560
25561
25562
25563
25565
25566
25567
25570
25571
25572
25573
25574
25575
25583
25585
25589
25590
25591
25592
25594
25595
25596
25599
25601
25603
25606
25608
25609
25616
25618
25619
25621
25624
25627
25630
25632
25635
25636
25638
25641
25642
25644
25645
25646
25648
25649
25654
25658
25659
25660
25663
25664
25669
25672
25673
25676
25677
25679
25682
25683
25688
25689
25690
25693
25695
25696
25697
25698
25699
25700
25701
25702
25706
25707
25708
25709
25710
25713
25718
25719
25720
25721
25725
25726
25729
25730
25734
25741
25742
25743
25744
25747
25748
25750
25751
25757
25758
25761
25766
25767
25768
25770
25771
25772
25774
25776
25777
25778
25780
25781
25783
25786
25789
25790
25792
25793
25794
25798
25801
25803
25808
25810
25813
25814
25815
25816
25818
25819
25825
25828
25829
25832
25833
25834
25837
25839
25840
25841
25842
25843
25844
25845
25846
25853
25854
25857
25858
25861
25862
25865
25868
25869
25870
25872
25873
25876
25877
25883
25886
25890
25891
25893
25894
25896
25897
25898
25901
25902
25903
25904
25906
25911
25913
25914
25915
25918
25919
25921
25922
25924
25926
25927
25928
25931
25933
25934
25936
25937
25938
25939
25941
25942
25944
25945
25947
25949
25950
25951
25952
25953
25955
25956
25957
25958
25959
25960
25961
25962
25963
25966
25967
25968
25971
25972
25975
25976
25978
25979
25980
25982
25983
25984
25985
25986
25987
25989
25992
25993
25996
25997
26000
26001
26002
26004
26006
26007
26008
26024
26025
26030
26037
26040
26041
26042
26052
26065
26068
26070
26072
26077
26078
26080
26086
26088
26089
26094
26096
26111
26113
26114
26115
26116
26118
26119
26121
26122
26123
26124
26126
26128
26129
26134
26139
26140
26141
26143
26144
26149
26150
26155
26156
26159
26160
26162
26163
26166
26168
26196
26198
26208
26211
26217
26224
26238
26253
26256
26275
26279
26294
26302
26311
26313
26317
26338
26344
26347
26353
26367
26372
26384
26386
26395
26399
26407
26408
26416
26419
26422
26423
26425
26427
26431
26444
26447
26457
26464
26466
26467
26469
26470
26480
26483
26486
26489
26490
26497
26506
26507
26508
26512
26517
26522
26523
26524
26530
26531
26533
26537
26548
26551
26581
26588
26590
26592
26596
26600
26607
26618
26625
26627
26629
26631
26637
26642
26652
26668
26672
26673
26674
26675
26676
26677
26678
26679
26680
26681
26682
26683
26684
26685
26686
26687
26690
26691
26692
26693
26694
26695
26697
26698
26699
26700
26701
26702
26703
26705
26708
26709
26710
26711
26712
26713
26714
26717
26719
26720
26721
26722
26724
26725
26726
26727
26729
26730
26731
26733
26735
26736
26737
26738
26740
26742
26745
26746
26747
26748
26750
26756
26757
26759
26760
26761
26763
26765
26767
26770
26771
26772
26773
26774
26776
26777
26779
26782
26784
26785
26786
26787
26788
26792
26795
26796
26797
26798
26799
26801
26802
26803
26804
26805
26806
26807
26809
26810
26811
26812
26813
26814
26816
26817
26818
26821
26822
26825
26828
26833
26834
26835
26838
26839
26840
26841
26842
26844
26845
26846
26847
26848
26850
26852
26856
26857
26859
26860
26861
26863
26866
26867
26870
26871
26873
26874
26875
26877
26878
26879
26880
26881
26882
26886
26888
26889
26890
26892
26893
26894
26896
26897
26899
26901
26902
26903
26904
26905
26907
26908
26909
26912
26913
26918
26920
26921
26923
26924
26925
26930
26931
26932
26933
26935
26936
26937
26938
26939
26940
26941
26943
26945
26953
26954
26955
26956
26957
26959
26960
26962
26963
26965
26967
26969
26970
26972
26975
26977
26980
26981
26983
26984
26985
26986
26989
26992
26995
26996
26997
26998
27000
27004
27006
27007
27009
27011
27017
27019
27020
27021
27023
27024
27025
27027
27028
27035
27037
27038
27039
27040
27041
27042
27046
27047
27048
27049
27050
27051
27052
27053
27055
27059
27061
27063
27064
27065
27069
27071
27072
27074
27077
27079
27085
27086
27087
27090
27091
27095
27096
27099
27101
27107
27109
27111
27112
27114
27117
27121
27123
27126
27129
27130
27133
27138
27140
27141
27142
27143
27144
27146
27149
27150
27152
27154
27155
27159
27161
27162
27163
27164
27166
27170
27172
27173
27174
27175
27176
27178
27179
27180
27181
27183
27186
27188
27190
27192
27194
27195
27197
27198
27201
27204
27205
27208
27209
27211
27213
27214
27215
27219
27221
27222
27224
27226
27228
27232
27234
27237
27239
27240
27243
27246
27248
27250
27251
27256
27259
27264
27265
27266
27267
27269
27270
27271
27272
27273
27275
27280
27284
27286
27287
27289
27292
27294
27298
27303
27307
27308
27309
27310
27312
27313
27315
27316
27319
27322
27323
27324
27325
27328
27331
27332
27334
27335
27336
27337
27338
27339
27341
27343
27346
27348
27350
27351
27352
27356
27360
27361
27364
27365
27366
27368
27370
27372
27373
27374
27377
27378
27383
27384
27385
27386
27389
27391
27394
27395
27398
27399
27405
27407
27408
27411
27414
27416
27417
27420
27421
27424
27425
27426
27427
27428
27434
27435
27439
27440
27441
27443
27444
27445
27447
27449
27452
27453
27454
27456
27457
27458
27460
27462
27463
27465
27466
27467
27468
27470
27473
27474
27475
27476
27477
27478
27479
27481
27484
27485
27486
27492
27493
27494
27495
27499
27502
27503
27505
27509
27511
27517
27518
27519
27520
27522
27525
27527
27529
27530
27533
27534
27535
27536
27537
27539
27542
27544
27547
27550
27551
27553
27555
27558
27560
27561
27562
27563
27566
27567
27568
27570
27573
27575
27576
27577
27578
27583
27584
27587
27588
27589
27591
27592
27594
27597
27601
27604
27607
27608
27611
27613
27614
27615
27616
27618
27621
27623
27627
27628
27630
27632
27636
27640
27641
27643
27645
27646
27649
27650
27660
27661
27662
27668
27671
27676
27678
27679
27680
27682
27684
27685
27691
27692
27695
27696
27698
27707
27708
27709
27710
27712
27713
27714
27717
27718
27720
27721
27724
27725
27726
27732
27733
27734
27736
27744
27745
27748
27752
27756
27757
27758
27759
27760
27764
27765
27768
27769
27773
27777
27778
27783
27786
27789
27791
27795
27796
27797
27802
27807
27809
27811
27813
27815
27817
27819
27820
27822
27824
27826
27828
27837
27843
27849
27857
27859
27863
27864
27866
27871
27876
27879
27880
27881
27883
27884
27887
27889
27892
27894
27895
27896
27897
27898
27903
27906
27908
27910
27914
27915
27916
27922
27923
27928
27931
27932
27935
27942
27946
27947
27950
27951
27952
27953
27954
27955
27956
27957
27959
27960
27962
27964
27966
27969
27971
27972
27973
27976
27979
27983
27987
27992
27993
27994
27995
27996
28001
28009
28010
28014
28017
28019
28020
28021
28023
28024
28026
28029
28031
28036
28037
28044
28045
28047
28048
28049
28053
28055
28062
28063
28070
28071
28077
28084
28085
28091
28093
28096
28100
28102
28104
28110
28111
28112
28121
28122
28131
28134
28135
28136
28141
28143
28145
28147
28154
28159
28164
28166
28167
28168
28172
28176
28183
28184
28188
28189
28191
28198
28199
28200
28201
28202
28206
28209
28214
28221
28222
28223
28227
28233
28236
28237
28240
28242
28245
28247
28250
28253
28258
28260
28261
28264
28265
28271
28272
28274
28280
28281
28284
28285
28286
28287
28288
28289
28293
28295
28298
28300
28305
28309
28313
28315
28317
28318
28320
28325
28326
28327
28328
28329
28335
28339
28341
28343
28344
28347
28349
28351
28352
28354
28355
28356
28359
28361
28363
28365
28367
28368
28370
28372
28373
28375
28379
28380
28381
28382
28383
28384
28385
28386
28387
28389
28393
28395
28396
28398
28399
28400
28404
28406
28408
28410
28412
28413
28416
28418
28419
28420
28421
28426
28428
28430
28433
28434
28435
28440
28441
28442
28443
28447
28449
28452
28453
28455
28456
28457
28461
28470
28471
28472
28474
28475
28476
28477
28478
28480
28482
28483
28484
28485
28486
28487
28488
28490
28491
28492
28493
28497
28500
28501
28503
28504
28507
28508
28509
28510
28511
28513
28516
28517
28518
28519
28520
28522
28523
28524
28526
28527
28528
28530
28531
28532
28533
28536
28537
28538
28540
28541
28544
28546
28548
28549
28550
28551
28552
28554
28557
28559
28560
28564
28566
28567
28568
28569
28570
28571
28572
28573
28575
28576
28577
28578
28579
28580
28584
28586
28588
28589
28594
28595
28596
28597
28599
28600
28602
28603
28605
28606
28610
28611
28612
28613
28614
28616
28618
28619
28621
28624
28625
28626
28627
28628
28629
28632
28633
28634
28635
28637
28639
28640
28641
28642
28643
28646
28648
28649
28650
28651
28652
28653
28654
28656
28657
28659
28661
28662
28663
28665
28666
28667
28668
28669
28672
28673
28674
28676
28677
28678
28681
28682
28683
28684
28685
28686
28687
28688
28690
28691
28692
28694
28695
28696
28697
28698
28699
28703
28704
28709
28710
28712
28714
28715
28716
28719
28722
28723
28725
28727
28728
28729
28730
28731
28732
28733
28734
28735
28736
28738
28741
28742
28743
28745
28746
28747
28749
28751
28752
28753
28756
28757
28758
28759
28766
28770
28771
28772
28773
28774
28779
28780
28781
28783
28784
28786
28788
28789
28791
28793
28794
28795
28796
28797
28798
28801
28803
28804
28809
28810
28811
28813
28814
28820
28823
28824
28826
28828
28829
28831
28834
28835
28837
28839
28840
28841
28850
28852
28853
28856
28857
28858
28859
28860
28861
28865
28866
28868
28872
28874
28876
28877
28878
28882
28886
28889
28893
28895
28896
28897
28900
28902
28904
28905
28907
28908
28910
28911
28912
28913
28915
28916
28917
28918
28919
28920
28921
28922
28927
28928
28931
28933
28934
28936
28939
28941
28944
28947
28948
28949
28950
28953
28955
28959
28960
28962
28963
28966
28968
28970
28971
28973
28974
28976
28978
28979
28981
28984
28985
28986
28987
28988
28989
28990
28992
28993
28997
28999
29000
29009
29010
29012
29016
29017
29020
29021
29028
29030
29031
29032
29034
29035
29038
29040
29041
29043
29045
29046
29047
29048
29050
29051
29053
29054
29055
29059
29061
29063
29070
29071
29072
29074
29075
29088
29090
29091
29100
29101
29109
29111
29114
29116
29118
29120
29121
29124
29125
29126
29131
29132
29136
29142
29144
29147
29148
29149
29150
29152
29153
29160
29164
29165
29167
29172
29173
29175
29177
29178
29183
29184
29185
29187
29189
29190
29191
29192
29193
29197
29198
29202
29204
29205
29209
29210
29211
29212
29216
29217
29218
29224
29225
29226
29236
29237
29239
29241
29243
29245
29246
29251
29252
29253
29258
29259
29260
29262
29264
29266
29269
29272
29273
29274
29275
29276
29277
29280
29284
29298
29299
29300
29301
29304
29306
29307
29309
29310
29313
29315
29316
29317
29318
29319
29320
29321
29322
29323
29326
29329
29332
29333
29334
29335
29343
29344
29345
29346
29349
29352
29355
29358
29359
29360
29361
29362
29363
29367
29368
29373
29374
29376
29378
29380
29381
29383
29386
29387
29391
29392
29395
29397
29398
29400
29403
29404
29405
29406
29409
29410
29414
29415
29416
29417
29419
29420
29423
29424
29425
29426
29432
29433
29434
29435
29436
29437
29439
29441
29443
29446
29448
29452
29455
29456
29459
29460
29461
29462
29464
29465
29469
29471
29473
29474
29475
29476
29479
29480
29481
29482
29484
29486
29487
29491
29492
29494
29495
29503
29504
29506
29508
29510
29511
29512
29517
29519
29521
29522
29524
29526
29527
29528
29530
29532
29533
29534
29536
29540
29541
29542
29543
29547
29551
29552
29553
29554
29555
29557
29558
29559
29560
29563
29564
29565
29566
29568
29569
29570
29572
29576
29579
29580
29581
29582
29586
29590
29591
29594
29600
29602
29605
29606
29608
29610
29612
29614
29615
29616
29617
29618
29620
29627
29628
29629
29630
29631
29635
29636
29638
29640
29641
29642
29644
29645
29647
29651
29653
29655
29656
29658
29659
29660
29661
29663
29665
29667
29668
29670
29672
29675
29676
29680
29682
29683
29685
29686
29689
29690
29691
29692
29694
29696
29697
29698
29699
29700
29701
29702
29703
29704
29706
29707
29709
29710
29711
29712
29713
29716
29717
29718
29721
29729
29732
29744
29751
29754
29762
29765
29770
29774
29775
29778
29779
29784
29786
29791
29796
29800
29813
29817
29825
29827
29829
29835
29836
29838
29839
29840
29841
29842
29847
29850
29852
29854
29855
29856
29857
29858
29860
29863
29864
29870
29872
29873
29874
29876
29877
29884
29888
29895
29897
29904
29906
29909
29911
29918
29926
29928
29950
29951
29952
29958
29969
29980
29986
29993
29996
30009
30015
30038
30040
30044
30054
30061
30081
30086
30092
30097
30100
30106
30110
30122
30130
30137
30147
30154
30155
30161
30163
30165
30181
30192
30193
30196
30202
30211
30215
30221
30230
30231
30260
30263
30264
30265
30277
30285
30287
30290
30300
30303
30314
30331
30343
30346
30348
30354
30358
30366
30367
30377
30380
30381
30382
30383
30386
30387
30390
30391
30392
30393
30394
30395
30396
30397
30398
30399
30401
30404
30405
30406
30407
30408
30409
30412
30413
30414
30415
30416
30417
30418
30419
30421
30423
30424
30425
30427
30428
30429
30430
30431
30433
30434
30436
30437
30438
30439
30440
30444
30445
30449
30450
30453
30454
30456
30458
30460
30462
30466
30468
30469
30472
30474
30475
30476
30479
30480
30481
30482
30483
30484
30485
30486
30487
30489
30490
30492
30493
30494
30496
30497
30501
30504
30506
30507
30508
30512
30514
30515
30516
30519
30523
30525
30527
30528
30529
30530
30531
30532
30533
30536
30537
30539
30540
30542
30543
30544
30545
30547
30548
30549
30553
30554
30555
30556
30558
30559
30561
30564
30570
30573
30574
30575
30576
30577
30580
30583
30585
30587
30588
30591
30592
30593
30595
30596
30597
30598
30600
30601
30602
30603
30604
30605
30606
30607
30608
30609
30612
30613
30615
30616
30621
30622
30623
30625
30626
30627
30629
30633
30634
30635
30636
30637
30639
30642
30643
30644
30645
30647
30648
30650
30651
30653
30654
30657
30659
30661
30662
30665
30666
30667
30668
30669
30672
30673
30674
30675
30676
30677
30678
30679
30680
30681
30686
30689
30691
30698
30699
30703
30704
30706
30709
30710
30712
30713
30714
30719
30722
30724
30725
30727
30728
30731
30734
30736
30738
30741
30742
30743
30744
30746
30749
30752
30754
30755
30756
30757
30760
30761
30763
30766
30768
30769
30771
30773
30775
30776
30777
30779
30780
30781
30782
30785
30786
30793
30794
30795
30796
30799
30800
30803
30804
30805
30807
30808
30809
30812
30813
30814
30818
30821
30822
30823
30824
30825
30826
30827
30832
30833
30835
30836
30840
30842
30843
30858
30859
30860
30861
30864
30865
30868
30869
30872
30873
30874
30876
30877
30880
30881
30883
30884
30887
30889
30890
30892
30893
30894
30899
30900
30901
30902
30905
30908
30911
30912
30914
30915
30916
30917
30919
30921
30923
30925
30926
30927
30928
30929
30931
30933
30934
30935
30936
30937
30940
30941
30942
30944
30948
30949
30950
30951
30952
30953
30954
30957
30958
30960
30962
30964
30965
30970
30971
30974
30975
30978
30979
30981
30985
30988
30989
30990
30991
30992
30993
30994
30995
30998
30999
31000
31001
31002
31003
31005
31006
31008
31010
31011
31012
31013
31014
31015
31023
31025
31028
31030
31031
31033
31035
31037
31038
31039
31040
31042
31044
31045
31048
31049
31050
31053
31059
31060
31061
31063
31064
31067
31073
31075
31077
31078
31080
31083
31084
31085
31086
31087
31088
31089
31090
31091
31093
31098
31099
31100
31101
31104
31105
31107
31108
31110
31113
31115
31117
31118
31120
31122
31123
31124
31128
31130
31132
31134
31135
31139
31141
31142
31145
31148
31150
31153
31156
31157
31158
31159
31161
31162
31166
31167
31168
31169
31170
31172
31173
31174
31176
31177
31178
31179
31181
31182
31184
31185
31186
31188
31189
31190
31191
31192
31198
31199
31202
31203
31204
31206
31209
31210
31211
31213
31215
31216
31219
31222
31223
31224
31225
31226
31227
31229
31231
31232
31234
31237
31238
31239
31240
31242
31244
31247
31249
31250
31251
31252
31253
31254
31255
31258
31260
31263
31267
31269
31271
31272
31273
31274
31275
31276
31279
31281
31283
31286
31287
31289
31290
31292
31295
31297
31298
31301
31302
31304
31305
31309
31311
31315
31316
31319
31320
31322
31323
31325
31329
31331
31332
31335
31336
31338
31340
31341
31344
31345
31346
31348
31349
31350
31351
31353
31354
31359
31360
31361
31363
31365
31368
31371
31372
31374
31376
31377
31380
31385
31386
31388
31390
31393
31394
31398
31399
31402
31406
31407
31410
31421
31422
31423
31425
31426
31427
31428
31429
31431
31433
31435
31437
31438
31440
31442
31444
31445
31446
31447
31448
31455
31460
31461
31462
31463
31466
31470
31471
31473
31474
31476
31477
31478
31479
31480
31483
31485
31486
31488
31490
31492
31497
31498
31499
31502
31505
31507
31510
31512
31517
31519
31520
31521
31523
31525
31529
31531
31534
31535
31536
31538
31540
31545
31548
31549
31551
31554
31555
31557
31559
31564
31567
31568
31574
31577
31578
31580
31581
31585
31588
31590
31599
31601
31602
31603
31609
31612
31615
31616
31620
31621
31622
31626
31628
31630
31631
31633
31634
31636
31640
31642
31644
31645
31649
31650
31652
31656
31658
31660
31664
31666
31673
31678
31679
31680
31683
31684
31685
31686
31687
31689
31690
31692
31702
31705
31707
31709
31714
31715
31721
31722
31724
31727
31728
31729
31730
31737
31738
31743
31746
31750
31753
31756
31757
31758
31759
31769
31770
31772
31775
31776
31785
31790
31791
31797
31798
31799
31800
31801
31803
31805
31807
31816
31821
31824
31825
31828
31831
31832
31837
31841
31847
31848
31849
31850
31853
31856
31858
31862
31865
31866
31867
31873
31874
31875
31877
31878
31880
31884
31886
31890
31892
31894
31898
31900
31901
31903
31912
31919
31927
31928
31935
31937
31941
31952
31953
31954
31956
31957
31962
31963
31964
31966
31968
31970
31976
31979
31982
31988
31991
31996
31999
32000
32007
32010
32014
32019
32023
32027
32031
32032
32035
32036
32037
32038
32040
32041
32045
32051
32053
32055
32057
32059
32062
32064
32066
32067
32069
32073
32078
32083
32084
32086
32087
32089
32092
32093
32095
32097
32098
32099
32100
32103
32104
32106
32109
32110
32113
32116
32117
32119
32120
32121
32122
32125
32126
32127
32130
32132
32134
32135
32139
32140
32141
32145
32148
32150
32151
32155
32156
32160
32161
32163
32169
32170
32171
32173
32174
32175
32176
32179
32186
32187
32188
32189
32191
32194
32196
32198
32199
32200
32201
32202
32204
32205
32206
32207
32208
32210
32213
32215
32217
32218
32221
32222
32223
32224
32226
32227
32229
32230
32231
32232
32233
32234
32236
32237
32238
32240
32241
32242
32243
32244
32246
32247
32248
32249
32250
32251
32252
32253
32254
32255
32258
32259
32260
32261
32262
32263
32265
32268
32269
32272
32273
32274
32276
32278
32280
32281
32282
32283
32284
32285
32286
32287
32288
32289
32290
32291
32293
32294
32295
32298
32300
32301
32302
32303
32306
32307
32308
32309
32310
32311
32312
32313
32315
32316
32317
32318
32319
32320
32324
32326
32327
32328
32330
32331
32332
32333
32335
32336
32338
32340
32341
32342
32343
32345
32346
32347
32348
32349
32351
32353
32354
32356
32357
32358
32360
32362
32363
32365
32366
32367
32373
32375
32378
32379
32381
32382
32384
32387
32389
32390
32391
32393
32394
32395
32396
32398
32399
32400
32401
32403
32404
32405
32406
32407
32409
32410
32411
32412
32414
32416
32418
32419
32420
32422
32423
32424
32425
32429
32430
32431
32432
32433
32435
32436
32439
32440
32441
32442
32446
32447
32448
32449
32450
32452
32454
32456
32457
32458
32459
32460
32461
32465
32467
32468
32470
32471
32472
32473
32478
32479
32480
32481
32484
32485
32486
32487
32488
32490
32492
32494
32496
32498
32500
32501
32502
32505
32507
32508
32509
32510
32511
32512
32513
32514
32516
32518
32519
32521
32523
32524
32525
32526
32527
32528
32529
32530
32531
32533
32534
32536
32538
32540
32542
32543
32544
32546
32548
32549
32551
32553
32554
32555
32557
32560
32561
32562
32564
32566
32567
32569
32572
32573
32575
32578
32582
32584
32587
32588
32590
32591
32593
32594
32595
32596
32597
32598
32599
32600
32602
32604
32606
32607
32610
32613
32614
32615
32616
32619
32621
32623
32624
32625
32627
32628
32629
32630
32631
32632
32633
32634
32640
32645
32646
32648
32649
32650
32652
32654
32655
32656
32657
32658
32662
32666
32668
32670
32671
32673
32674
32676
32677
32680
32681
32682
32683
32685
32686
32689
32690
32691
32692
32693
32694
32695
32696
32697
32700
32701
32702
32704
32707
32709
32710
32711
32713
32714
32715
32717
32722
32725
32726
32727
32728
32730
32733
32735
32742
32745
32747
32748
32750
32752
32754
32758
32760
32761
32762
32764
32765
32766
32767
32769
32770
32771
32773
32775
32777
32778
32783
32784
32785
32788
32795
32796
32800
32801
32804
32805
32806
32807
32813
32814
32818
32822
32826
32831
32832
32833
32835
32836
32839
32840
32842
32843
32845
32846
32849
32850
32852
32854
32855
32861
32863
32865
32866
32869
32874
32875
32876
32877
32880
32884
32885
32886
32888
32889
32891
32892
32896
32897
32899
32901
32902
32906
32907
32908
32911
32918
32920
32922
32923
32924
32929
32931
32934
32935
32939
32942
32948
32950
32951
32952
32954
32955
32956
32957
32958
32960
32961
32962
32964
32966
32968
32969
32970
32973
32975
32976
32986
32987
32988
32989
32990
32991
32994
32995
32996
32997
32998
33000
33006
33007
33010
33011
33012
33013
33015
33019
33021
33022
33027
33028
33029
33031
33032
33034
33037
33038
33039
33041
33044
33046
33049
33050
33052
33053
33054
33056
33057
33058
33059
33061
33063
33070
33072
33073
33074
33076
33077
33081
33084
33087
33089
33092
33094
33095
33096
33097
33099
33100
33101
33103
33105
33106
33107
33108
33109
33110
33114
33117
33118
33121
33122
33123
33124
33126
33127
33129
33130
33131
33133
33134
33135
33136
33137
33138
33139
33141
33142
33143
33146
33147
33148
33150
33151
33152
33153
33154
33158
33160
33162
33163
33165
33166
33167
33168
33169
33170
33171
33172
33175
33176
33177
33178
33179
33184
33185
33186
33188
33189
33191
33192
33195
33196
33198
33199
33201
33202
33203
33204
33206
33207
33209
33217
33218
33219
33220
33222
33223
33224
33226
33228
33229
33231
33233
33235
33236
33237
33238
33241
33243
33244
33246
33247
33248
33249
33251
33252
33254
33256
33257
33260
33261
33262
33265
33266
33267
33268
33269
33270
33272
33273
33274
33277
33278
33279
33280
33282
33283
33284
33286
33288
33289
33290
33293
33294
33297
33300
33301
33302
33304
33305
33306
33309
33311
33312
33314
33315
33316
33319
33321
33324
33326
33329
33330
33331
33335
33336
33338
33339
33340
33341
33343
33344
33346
33347
33348
33349
33350
33353
33354
33355
33356
33357
33359
33362
33365
33366
33367
33368
33369
33370
33372
33373
33374
33377
33379
33382
33383
33384
33385
33386
33387
33388
33389
33391
33392
33394
33396
33399
33400
33402
33403
33404
33405
33406
33408
33410
33411
33412
33413
33414
33415
33416
33417
33418
33421
33423
33424
33425
33429
33432
33433
33434
33435
33436
33438
33440
33447
33448
33453
33455
33457
33458
33459
33461
33463
33464
33467
33469
33470
33471
33474
33477
33478
33479
33481
33485
33488
33492
33509
33516
33517
33521
33522
33524
33526
33532
33533
33536
33539
33541
33542
33543
33544
33546
33548
33549
33550
33551
33552
33556
33559
33561
33562
33567
33568
33569
33571
33572
33573
33574
33577
33580
33581
33584
33587
33588
33589
33590
33591
33592
33594
33596
33598
33611
33618
33628
33630
33631
33632
33633
33640
33645
33652
33653
33660
33668
33671
33673
33677
33681
33684
33686
33687
33694
33700
33706
33707
33711
33720
33722
33730
33732
33745
33749
33762
33774
33775
33779
33781
33782
33787
33793
33794
33795
33796
33800
33805
33806
33812
33813
33814
33815
33822
33824
33827
33831
33836
33837
33844
33847
33851
33853
33869
33884
33888
33890
33908
33909
33914
33919
33923
33924
33925
33931
33935
33937
33946
33947
33952
33953
33957
33958
33960
33961
33967
33970
33976
33978
33981
33987
33988
33989
33999
34001
34004
34006
34008
34009
34014
34016
34018
34020
34024
34028
34034
34042
34043
34044
34045
34046
34050
34052
34063
34065
34067
34068
34069
34077
34086
34088
34095
34096
34100
34101
34102
34103
34104
34105
34106
34107
34108
34109
34110
34111
34112
34117
34118
34119
34120
34121
34122
34123
34124
34125
34127
34128
34129
34130
34132
34133
34137
34138
34139
34140
34141
34142
34143
34144
34145
34146
34147
34148
34149
34150
34151
34152
34153
34155
34156
34157
34159
34160
34162
34164
34165
34166
34168
34174
34175
34176
34178
34179
34180
34181
34182
34183
34184
34185
34186
34188
34189
34190
34191
34192
34193
34194
34195
34196
34197
34201
34202
34204
34205
34206
34208
34209
34210
34211
34212
34214
34215
34216
34218
34219
34220
34222
34223
34225
34228
34229
34230
34231
34232
34233
34235
34237
34238
34239
34240
34241
34242
34243
34244
34247
34250
34252
34256
34258
34259
34260
34262
34263
34265
34266
34267
34269
34270
34271
34272
34273
34276
34278
34279
34281
34284
34285
34287
34288
34289
34290
34291
34292
34293
34294
34295
34298
34299
34300
34301
34302
34305
34306
34308
34309
34311
34312
34313
34314
34316
34317
34318
34319
34320
34321
34322
34323
34324
34325
34326
34329
34330
34332
34333
34336
34337
34340
34341
34348
34349
34351
34352
34353
34354
34356
34358
34359
34360
34361
34362
34364
34365
34366
34368
34369
34370
34371
34372
34373
34374
34375
34376
34377
34378
34379
34381
34382
34383
34384
34387
34388
34390
34392
34393
34394
34395
34396
34398
34400
34401
34403
34405
34406
34407
34408
34409
34410
34411
34412
34413
34414
34415
34416
34417
34418
34421
34422
34423
34424
34425
34426
34428
34431
34432
34433
34434
34435
34436
34437
34438
34439
34441
34442
34444
34445
34446
34449
34450
34451
34452
34453
34454
34455
34458
34459
34460
34461
34462
34463
34464
34465
34467
34470
34475
34476
34477
34480
34486
34487
34488
34489
34491
34492
34493
34494
34495
34496
34497
34498
34500
34503
34505
34506
34507
34508
34510
34512
34513
34514
34517
34518
34519
34521
34523
34524
34526
34527
34528
34529
34530
34533
34534
34535
34536
34537
34539
34541
34544
34546
34547
34548
34549
34550
34551
34552
34554
34557
34558
34560
34561
34562
34564
34566
34567
34568
34569
34570
34571
34572
34573
34574
34576
34577
34578
34579
34580
34583
34585
34586
34587
34588
34589
34590
34591
34592
34594
34595
34598
34600
34602
34603
34604
34605
34606
34607
34608
34612
34613
34616
34617
34619
34620
34621
34624
34625
34626
34628
34630
34631
34632
34633
34634
34635
34636
34643
34645
34649
34650
34651
34653
34654
34656
34657
34660
34661
34665
34667
34672
34673
34674
34675
34678
34679
34683
34685
34688
34690
34691
34692
34694
34697
34700
34701
34702
34705
34707
34708
34710
34712
34713
34718
34720
34723
34724
34725
34726
34728
34729
34731
34732
34733
34734
34735
34736
34738
34740
34743
34744
34745
34746
34747
34751
34752
34753
34755
34756
34757
34758
34759
34760
34762
34763
34764
34765
34766
34767
34768
34769
34770
34773
34774
34778
34779
34780
34782
34784
34785
34786
34787
34794
34796
34797
34798
34799
34800
34801
34802
34803
34804
34807
34811
34812
34813
34814
34817
34818
34819
34822
34824
34826
34827
34828
34829
34831
34832
34834
34836
34837
34840
34841
34842
34845
34846
34849
34852
34853
34854
34855
34856
34859
34862
34863
34865
34866
34867
34869
34871
34872
34873
34875
34876
34878
34880
34883
34884
34886
34887
34888
34889
34891
34892
34893
34894
34895
34896
34899
34900
34901
34903
34904
34905
34906
34907
34909
34912
34913
34914
34915
34918
34920
34923
34924
34925
34927
34929
34932
34933
34935
34936
34939
34941
34942
34943
34945
34946
34947
34948
34949
34950
34953
34955
34956
34957
34959
34960
34961
34963
34964
34966
34968
34971
34972
34973
34976
34978
34987
34989
34990
34992
34993
34994
34995
34996
34997
34998
35000
35002
35003
35004
35008
35009
35012
35016
35019
35020
35021
35024
35025
35027
35029
35031
35032
35034
35036
35037
35039
35040
35041
35042
35043
35045
35046
35047
35049
35050
35052
35054
35055
35060
35061
35065
35066
35067
35068
35073
35074
35075
35077
35078
35083
35085
35088
35090
35091
35097
35103
35104
35105
35106
35109
35110
35112
35113
35116
35117
35118
35120
35121
35123
35126
35129
35130
35131
35133
35135
35136
35137
35140
35142
35144
35146
35149
35150
35152
35153
35156
35157
35159
35160
35161
35163
35164
35165
35170
35172
35173
35177
35179
35185
35187
35188
35189
35190
35192
35193
35196
35197
35203
35206
35208
35211
35213
35214
35216
35217
35218
35219
35221
35222
35224
35230
35233
35234
35235
35237
35239
35243
35247
35248
35250
35251
35260
35264
35265
35271
35272
35275
35277
35281
35282
35284
35285
35288
35292
35293
35295
35297
35301
35307
35309
35311
35314
35315
35316
35317
35320
35325
35326
35328
35331
35332
35336
35338
35339
35340
35341
35342
35343
35344
35349
35351
35355
35359
35361
35365
35371
35372
35374
35376
35377
35378
35379
35380
35382
35386
35387
35390
35392
35393
35394
35395
35399
35400
35401
35404
35406
35407
35412
35413
35415
35417
35421
35423
35425
35429
35430
35433
35434
35438
35441
35443
35444
35445
35446
35447
35449
35450
35451
35453
35454
35455
35459
35460
35463
35464
35465
35470
35472
35473
35481
35482
35483
35484
35487
35488
35489
35490
35491
35492
35493
35497
35499
35505
35506
35511
35513
35514
35519
35520
35522
35523
35524
35528
35531
35534
35535
35536
35539
35541
35542
35544
35546
35561
35563
35565
35566
35567
35569
35570
35572
35573
35574
35578
35583
35587
35588
35589
35590
35591
35595
35596
35597
35598
35600
35601
35604
35610
35611
35616
35617
35621
35623
35626
35627
35628
35629
35632
35633
35637
35638
35641
35642
35644
35646
35649
35654
35655
35656
35657
35659
35661
35663
35665
35667
35670
35673
35674
35678
35681
35684
35686
35687
35689
35690
35692
35699
35702
35706
35709
35710
35711
35714
35716
35717
35720
35721
35723
35724
35726
35727
35729
35737
35738
35740
35741
35742
35745
35746
35747
35749
35754
35755
35756
35758
35759
35765
35767
35770
35772
35773
35777
35778
35780
35781
35782
35783
35784
35787
35788
35789
35791
35795
35796
35797
35798
35800
35801
35802
35803
35806
35807
35808
35809
35810
35811
35813
35814
35815
35816
35817
35818
35819
35820
35821
35822
35824
35826
35827
35832
35833
35834
35835
35836
35837
35840
35841
35843
35844
35847
35848
35849
35853
35854
35855
35856
35859
35861
35862
35863
35864
35867
35869
35870
35875
35877
35879
35880
35881
35882
35883
35884
35885
35887
35889
35890
35891
35892
35898
35899
35903
35904
35905
35908
35909
35911
35912
35913
35915
35916
35919
35920
35921
35922
35924
35927
35929
35930
35931
35935
35936
35937
35938
35939
35940
35941
35942
35943
35944
35945
35946
35948
35949
35950
35952
35954
35955
35957
35958
35960
35961
35962
35964
35968
35969
35970
35971
35972
35973
35974
35975
35977
35978
35979
35980
35982
35983
35984
35985
35987
35988
35989
35990
35991
35992
35995
35996
35997
35999
36000
36001
36002
36003
36004
36005
36009
36010
36012
36014
36015
36017
36019
36021
36022
36023
36024
36025
36027
36028
36030
36031
36033
36034
36036
36037
36038
36039
36040
36041
36042
36045
36046
36047
36049
36052
36054
36055
36056
36057
36059
36060
36062
36063
36065
36066
36067
36069
36070
36071
36072
36073
36074
36076
36077
36079
36081
36083
36084
36087
36089
36090
36091
36092
36093
36094
36095
36096
36097
36098
36102
36103
36104
36105
36107
36108
36109
36110
36111
36112
36113
36114
36115
36116
36117
36118
36119
36120
36121
36123
36124
36125
36126
36127
36129
36130
36131
36132
36134
36136
36137
36138
36140
36142
36143
36144
36146
36147
36148
36149
36150
36151
36152
36153
36154
36155
36157
36161
36163
36164
36165
36169
36170
36171
36172
36173
36174
36175
36176
36177
36179
36180
36181
36182
36184
36185
36186
36187
36188
36190
36191
36193
36194
36196
36198
36199
36200
36203
36204
36207
36208
36209
36210
36212
36214
36215
36216
36219
36221
36223
36224
36225
36226
36227
36228
36232
36233
36235
36237
36238
36239
36242
36244
36245
36251
36252
36254
36256
36257
36258
36259
36260
36261
36263
36265
36267
36268
36269
36270
36271
36274
36278
36280
36281
36284
36285
36287
36289
36290
36292
36294
36296
36297
36299
36300
36302
36304
36305
36306
36307
36309
36310
36313
36314
36315
36316
36317
36320
36321
36323
36324
36325
36328
36329
36330
36332
36333
36335
36336
36338
36339
36340
36341
36342
36343
36344
36345
36347
36349
36350
36351
36355
36356
36359
36361
36362
36363
36364
36366
36368
36370
36372
36374
36376
36378
36383
36384
36386
36387
36388
36389
36391
36392
36394
36395
36396
36397
36399
36400
36401
36402
36403
36404
36406
36407
36409
36410
36412
36413
36414
36415
36416
36418
36420
36421
36422
36425
36427
36428
36429
36434
36436
36437
36440
36442
36444
36446
36447
36448
36449
36450
36451
36456
36458
36459
36461
36462
36463
36464
36466
36469
36470
36471
36473
36474
36476
36477
36479
36481
36483
36485
36487
36489
36491
36492
36493
36496
36499
36500
36501
36502
36503
36504
36505
36509
36510
36512
36514
36517
36518
36521
36526
36527
36528
36532
36536
36537
36540
36541
36548
36549
36551
36553
36554
36555
36556
36557
36558
36560
36566
36571
36574
36575
36576
36585
36588
36591
36592
36593
36594
36596
36598
36599
36600
36601
36602
36605
36606
36608
36609
36613
36614
36617
36618
36619
36620
36621
36624
36625
36627
36630
36631
36632
36633
36636
36637
36638
36639
36645
36646
36647
36648
36649
36650
36651
36653
36655
36656
36657
36658
36660
36662
36664
36665
36666
36667
36668
36669
36671
36672
36674
36675
36678
36679
36680
36681
36682
36683
36687
36690
36691
36692
36697
36702
36703
36704
36705
36706
36707
36708
36710
36712
36713
36714
36715
36716
36717
36720
36723
36724
36725
36726
36727
36728
36731
36732
36733
36734
36736
36741
36742
36743
36745
36747
36748
36749
36751
36752
36753
36754
36755
36756
36759
36763
36764
36767
36768
36769
36770
36771
36773
36774
36775
36776
36777
36782
36784
36785
36786
36788
36790
36795
36796
36798
36799
36800
36801
36804
36806
36808
36809
36810
36811
36814
36815
36818
36819
36821
36822
36823
36825
36829
36830
36832
36833
36834
36836
36837
36840
36842
36843
36844
36847
36849
36851
36852
36853
36854
36855
36856
36859
36860
36862
36863
36864
36865
36867
36868
36870
36872
36876
36877
36878
36880
36881
36882
36883
36884
36885
36886
36887
36888
36889
36890
36892
36893
36896
36897
36898
36899
36902
36903
36906
36908
36909
36910
36912
36913
36914
36918
36919
36920
36921
36923
36925
36927
36928
36929
36930
36933
36934
36935
36936
36938
36939
36940
36941
36943
36945
36949
36950
36952
36953
36954
36955
36956
36957
36958
36960
36961
36962
36963
36964
36965
36968
36969
36970
36971
36972
36974
36975
36978
36979
36980
36981
36982
36984
36985
36987
36988
36989
36990
36991
36992
36993
36996
37003
37004
37006
37007
37008
37009
37010
37011
37014
37015
37016
37018
37019
37021
37022
37023
37026
37027
37028
37030
37031
37032
37033
37035
37036
37038
37040
37041
37043
37045
37047
37048
37054
37055
37057
37058
37061
37062
37063
37065
37066
37068
37069
37070
37071
37073
37074
37076
37079
37080
37081
37083
37084
37085
37086
37087
37088
37090
37091
37092
37093
37095
37097
37098
37099
37100
37101
37102
37103
37105
37106
37107
37108
37109
37110
37113
37114
37115
37116
37117
37118
37119
37120
37122
37123
37124
37125
37126
37127
37128
37129
37130
37131
37134
37136
37137
37138
37139
