2
4
5
12
14
20
22
26
28
39
40
41
45
46
50
54
57
58
61
63
71
73
75
77
79
82
83
90
96
98
100
103
107
111
112
114
115
116
120
121
122
123
126
131
133
137
138
140
141
143
144
145
146
147
151
155
158
159
164
168
170
172
173
174
176
177
183
200
207
211
214
216
220
227
240
246
248
257
258
261
262
265
269
284
293
296
301
303
306
319
321
322
327
336
339
344
346
349
355
369
374
380
386
388
400
402
403
405
406
410
418
420
421
425
427
434
435
445
450
453
454
458
461
464
465
466
470
471
482
484
488
489
495
499
506
508
510
512
519
521
522
524
526
531
535
536
538
544
545
551
556
560
561
565
570
573
574
577
583
588
592
594
604
606
609
611
616
620
623
627
639
642
643
649
655
657
658
665
668
674
677
679
680
681
682
683
684
685
686
687
688
689
690
691
692
694
695
696
697
698
699
701
702
703
704
705
707
709
711
712
713
714
715
716
718
719
720
722
724
725
727
728
729
730
731
732
733
735
739
742
744
745
750
753
754
755
756
757
758
759
760
761
762
765
767
768
769
770
771
773
774
775
778
779
780
782
784
785
786
788
789
790
791
792
794
795
796
797
798
800
801
802
803
804
805
806
810
811
812
813
815
816
818
819
820
821
824
827
828
830
832
833
836
837
842
843
844
846
848
849
850
851
853
854
858
860
861
862
864
865
866
869
870
871
872
873
875
879
882
885
886
888
889
890
891
892
893
894
895
897
898
899
900
901
903
904
905
906
908
909
912
913
915
919
921
922
923
925
927
929
930
931
932
933
935
937
938
939
940
943
944
945
946
948
949
951
953
956
957
958
959
962
963
965
966
967
971
973
975
976
977
979
980
982
985
986
987
988
999
1000
1001
1002
1003
1004
1006
1008
1009
1014
1017
1018
1019
1021
1022
1023
1026
1029
1031
1034
1037
1040
1041
1043
1044
1045
1048
1049
1051
1053
1054
1056
1057
1059
1060
1061
1062
1063
1064
1065
1068
1069
1073
1074
1075
1076
1078
1079
1081
1082
1083
1084
1086
1087
1088
1093
1097
1098
1099
1100
1101
1103
1104
1106
1108
1109
1110
1113
1116
1118
1121
1123
1124
1128
1129
1131
1133
1134
1135
1136
1137
1140
1142
1143
1145
1146
1147
1148
1149
1150
1152
1153
1155
1156
1161
1162
1164
1165
1166
1167
1169
1172
1173
1174
1175
1178
1182
1183
1184
1186
1190
1191
1192
1194
1195
1197
1198
1200
1201
1207
1209
1210
1211
1217
1218
1219
1220
1221
1225
1228
1230
1231
1235
1237
1240
1241
1247
1249
1252
1253
1255
1258
1262
1263
1265
1266
1268
1269
1270
1271
1272
1273
1275
1277
1281
1282
1284
1286
1287
1289
1291
1293
1294
1296
1299
1300
1301
1303
1305
1308
1310
1311
1316
1317
1319
1323
1325
1326
1327
1328
1330
1332
1334
1335
1336
1339
1340
1343
1348
1349
1350
1351
1352
1355
1356
1359
1361
1363
1364
1365
1366
1367
1368
1370
1375
1376
1377
1379
1380
1381
1382
1383
1386
1387
1388
1391
1393
1395
1396
1398
1401
1402
1403
1404
1408
1411
1415
1416
1417
1425
1427
1428
1433
1434
1436
1437
1439
1445
1446
1448
1450
1451
1452
1456
1460
1461
1462
1471
1475
1476
1477
1478
1479
1486
1487
1488
1489
1490
1492
1495
1498
1499
1501
1503
1504
1507
1512
1513
1515
1516
1519
1520
1523
1524
1526
1527
1529
1530
1533
1534
1536
1537
1538
1542
1544
1548
1550
1551
1552
1554
1555
1556
1557
1559
1560
1561
1562
1563
1569
1570
1571
1572
1575
1577
1579
1580
1583
1586
1587
1589
1590
1592
1593
1594
1599
1603
1605
1608
1609
1610
1613
1615
1617
1618
1620
1621
1626
1629
1632
1637
1640
1648
1651
1653
1656
1659
1662
1664
1665
1673
1682
1683
1686
1687
1689
1690
1691
1693
1695
1696
1697
1698
1700
1701
1703
1709
1710
1711
1712
1714
1715
1716
1720
1723
1726
1728
1729
1733
1736
1737
1743
1745
1746
1747
1751
1752
1757
1758
1759
1761
1762
1763
1765
1766
1767
1768
1773
1774
1780
1781
1782
1783
1787
1788
1789
1793
1794
1795
1796
1797
1798
1800
1803
1804
1805
1806
1807
1811
1813
1818
1820
1821
1822
1825
1828
1830
1831
1835
1839
1842
1844
1845
1848
1853
1854
1855
1856
1857
1858
1863
1866
1869
1871
1872
1875
1878
1884
1887
1890
1892
1894
1896
1902
1907
1908
1909
1910
1912
1917
1927
1930
1931
1933
1937
1939
1940
1942
1943
1947
1948
1951
1952
1953
1955
1958
1961
1962
1965
1966
1967
1969
1970
1971
1973
1975
1978
1980
1986
1990
1991
1995
1997
2002
2004
2009
2011
2012
2013
2015
2016
2018
2019
2021
2023
2024
2025
2026
2028
2038
2045
2046
2047
2050
2054
2058
2062
2063
2064
2067
2071
2073
2074
2076
2079
2081
2085
2087
2088
2089
2091
2092
2095
2099
2101
2102
2104
2108
2110
2111
2112
2113
2115
2132
2140
2141
2142
2143
2144
2147
2150
2153
2165
2168
2169
2170
2172
2174
2175
2176
2178
2181
2187
2193
2201
2202
2207
2208
2212
2217
2218
2219
2221
2223
2225
2231
2233
2238
2239
2241
2244
2246
2247
2249
2251
2252
2256
2258
2264
2266
2267
2268
2272
2273
2276
2279
2281
2282
2285
2286
2288
2294
2296
2298
2305
2311
2318
2319
2321
2325
2327
2328
2329
2331
2340
2347
2350
2351
2352
2356
2361
2363
2366
2369
2370
2372
2373
2374
2375
2377
2381
2382
2383
2387
2390
2391
2393
2394
2396
2397
2399
2400
2401
2403
2404
2407
2408
2414
2415
2416
2418
2420
2423
2424
2426
2430
2434
2435
2438
2442
2444
2449
2451
2454
2455
2458
2459
2461
2465
2466
2473
2474
2476
2477
2482
2485
2486
2487
2488
2489
2490
2491
2492
2493
2494
2495
2496
2497
2498
2499
2500
2501
2503
2504
2505
2506
2507
2508
2509
2510
2511
2512
2513
2514
2515
2518
2519
2520
2521
2522
2523
2524
2525
2526
2527
2528
2529
2532
2533
2534
2535
2536
2537
2538
2539
2541
2542
2543
2544
2545
2546
2547
2548
2549
2550
2551
2552
2553
2554
2556
2558
2559
2560
2561
2562
2563
2564
2565
2566
2568
2569
2570
2571
2573
2574
2575
2577
2578
2579
2580
2581
2582
2583
2584
2585
2586
2587
2588
2589
2590
2591
2592
2595
2596
2598
2599
2600
2601
2602
2604
2605
2607
2608
2611
2612
2613
2614
2615
2616
2617
2619
2620
2621
2622
2623
2624
2626
2628
2629
2630
2631
2633
2634
2635
2636
2637
2638
2639
2641
2642
2643
2644
2645
2647
2648
2650
2651
2652
2653
2655
2656
2658
2659
2661
2662
2663
2664
2667
2668
2669
2670
2671
2672
2675
2676
2677
2678
2679
2681
2684
2685
2686
2688
2689
2690
2691
2692
2693
2694
2696
2697
2698
2699
2700
2701
2702
2705
2706
2708
2709
2710
2711
2712
2716
2717
2718
2719
2720
2721
2723
2724
2726
2727
2729
2730
2731
2733
2734
2736
2737
2738
2739
2740
2741
2742
2743
2745
2747
2751
2752
2755
2756
2758
2759
2760
2761
2763
2764
2766
2768
2770
2772
2773
2774
2775
2776
2777
2779
2780
2784
2786
2787
2788
2790
2792
2794
2795
2799
2800
2802
2804
2805
2806
2812
2813
2814
2816
2819
2821
2822
2825
2826
2827
2828
2829
2830
2833
2834
2836
2837
2839
2842
2843
2844
2846
2849
2852
2855
2858
2859
2863
2864
2865
2866
2868
2870
2871
2872
2873
2874
2876
2878
2879
2886
2887
2888
2890
2894
2897
2898
2903
2904
2907
2909
2910
2911
2913
2914
2915
2917
2919
2922
2923
2925
2926
2927
2928
2933
2934
2935
2936
2938
2940
2941
2942
2943
2944
2946
2949
2956
2957
2958
2959
2960
2962
2964
2965
2966
2967
2968
2970
2974
2975
2976
2978
2979
2980
2981
2984
2986
2988
2991
2992
2993
2996
2998
2999
3001
3003
3011
3016
3017
3018
3021
3022
3023
3025
3029
3030
3032
3033
3035
3036
3037
3038
3040
3044
3045
3047
3048
3049
3054
3055
3057
3059
3062
3063
3066
3072
3076
3081
3082
3083
3085
3088
3090
3092
3094
3098
3099
3101
3102
3103
3106
3108
3110
3111
3116
3120
3122
3123
3127
3128
3131
3134
3138
3140
3144
3147
3148
3150
3153
3154
3155
3157
3163
3164
3167
3171
3177
3179
3181
3182
3189
3190
3192
3193
3195
3197
3199
3200
3204
3206
3210
3213
3219
3221
3222
3225
3227
3229
3230
3232
3236
3238
3239
3240
3241
3243
3244
3245
3249
3250
3252
3253
3254
3255
3258
3259
3260
3261
3262
3264
3265
3266
3268
3272
3274
3275
3276
3277
3278
3279
3282
3284
3286
3287
3288
3290
3291
3293
3295
3297
3298
3299
3301
3303
3307
3309
3310
3312
3315
3316
3317
3321
3322
3323
3325
3329
3332
3334
3335
3337
3339
3341
3343
3344
3345
3346
3347
3348
3349
3351
3354
3357
3359
3361
3362
3363
3365
3368
3370
3373
3374
3378
3379
3380
3381
3382
3383
3384
3385
3387
3388
3389
3390
3393
3394
3395
3396
3397
3400
3401
3404
3405
3406
3408
3409
3410
3411
3413
3414
3416
3417
3418
3422
3423
3424
3425
3430
3432
3435
3436
3438
3439
3442
3443
3444
3446
3448
3449
3450
3454
3456
3457
3458
3459
3460
3461
3462
3463
3465
3466
3467
3471
3472
3473
3474
3477
3479
3480
3481
3483
3484
3485
3486
3487
3488
3489
3492
3493
3494
3496
3497
3501
3502
3503
3504
3506
3509
3510
3512
3514
3515
3518
3520
3521
3522
3524
3526
3529
3530
3531
3532
3534
3535
3536
3537
3538
3539
3540
3543
3544
3548
3553
3555
3557
3558
3559
3560
3561
3562
3564
3565
3566
3567
3569
3570
3571
3574
3578
3581
3583
3584
3585
3586
3588
3589
3592
3593
3594
3595
3597
3599
3600
3603
3604
3606
3607
3609
3610
3612
3613
3615
3616
3617
3618
3620
3621
3622
3623
3624
3625
3626
3628
3629
3630
3631
3632
3633
3634
3635
3637
3638
3642
3643
3645
3647
3648
3650
3653
3654
3655
3657
3658
3660
3661
3662
3664
3665
3666
3667
3668
3669
3670
3671
3673
3674
3675
3676
3677
3678
3679
3680
3682
3687
3688
3691
3692
3694
3695
3696
3698
3699
3701
3703
3705
3707
3708
3709
3710
3711
3712
3713
3714
3719
3728
3729
3733
3734
3740
3752
3753
3754
3761
3763
3764
3765
3766
3767
3769
3770
3771
3772
3773
3776
3777
3779
3781
3785
3786
3789
3790
3792
3795
3796
3803
3804
3805
3809
3810
3817
3819
3820
3823
3824
3826
3827
3834
3836
3837
3838
3839
3840
3844
3845
3849
3850
3855
3856
3858
3859
3860
3861
3862
3865
3866
3869
3872
3874
3875
3876
3877
3879
3881
3882
3886
3893
3897
3898
3899
3903
3910
3913
3920
3927
3930
3933
3934
3936
3940
3944
3949
3951
3954
3955
3967
3968
3969
3972
3974
3975
3976
3985
3987
3989
3990
3997
3998
4004
4005
4008
4014
4018
4033
4036
4040
4041
4044
4046
4047
4050
4054
4058
4063
4065
4066
4069
4070
4072
4077
4079
4083
4087
4094
4095
4097
4101
4104
4105
4107
4112
4115
4133
4147
4148
4151
4154
4156
4157
4163
4165
4176
4179
4180
4182
4184
4186
4194
4196
4200
4202
4207
4213
4214
4217
4219
4220
4221
4230
4233
4235
4240
4242
4246
4250
4251
4254
4261
4264
4266
4271
4276
4277
4286
4288
4291
4295
4299
4302
4306
4308
4315
4316
4322
4323
4325
4326
4329
4335
4337
4339
4340
4343
4345
4354
4355
4356
4357
4363
4365
4367
4372
4381
4382
4383
4386
4388
4389
4390
4391
4392
4393
4394
4395
4396
4397
4398
4399
4400
4401
4402
4403
4405
4406
4408
4409
4410
4411
4412
4413
4414
4415
4416
4417
4419
4420
4422
4423
4425
4426
4427
4428
4429
4430
4433
4434
4435
4436
4438
4439
4441
4442
4444
4445
4446
4447
4448
4453
4456
4457
4458
4462
4464
4465
4469
4471
4472
4473
4475
4476
4481
4482
4484
4485
4486
4487
4488
4489
4490
4492
4499
4500
4501
4502
4503
4504
4505
4506
4507
4509
4511
4513
4515
4516
4517
4520
4521
4523
4524
4525
4526
4527
4530
4532
4535
4537
4538
4540
4541
4542
4544
4546
4547
4549
4550
4551
4552
4553
4555
4556
4557
4559
4560
4562
4563
4565
4570
4571
4572
4574
4575
4576
4577
4578
4580
4584
4590
4597
4602
4605
4606
4607
4610
4611
4612
4613
4615
4618
4620
4621
4622
4623
4625
4626
4633
4634
4636
4637
4639
4640
4641
4642
4644
4650
4652
4653
4654
4656
4659
4661
4662
4663
4664
4665
4666
4669
4670
4671
4672
4674
4675
4676
4677
4679
4680
4682
4684
4685
4686
4687
4688
4691
4696
4697
4698
4699
4700
4701
4703
4705
4707
4709
4710
4711
4713
4715
4716
4717
4720
4722
4724
4725
4728
4729
4730
4731
4733
4734
4735
4736
4741
4742
4746
4758
4762
4765
4767
4768
4775
4780
4781
4782
4783
4785
4786
4787
4790
4791
4792
4793
4794
4795
4796
4797
4798
4799
4800
4801
4802
4803
4804
4805
4807
4810
4811
4812
4813
4814
4815
4816
4817
4819
4820
4822
4823
4826
4827
4828
4829
4830
4832
4834
4835
4837
4838
4839
4840
4841
4845
4846
4848
4849
4850
4852
4853
4856
4858
4859
4860
4862
4863
4864
4866
4871
4875
4876
4877
4878
4880
4883
4886
4889
4890
4891
4892
4893
4895
4897
4898
4899
4907
4908
4910
4911
4913
4917
4921
4923
4926
4927
4931
4932
4933
4935
4936
4938
4943
4944
4945
4948
4949
4952
4953
4955
4956
4958
4959
4960
4963
4964
4966
4967
4970
4972
4975
4976
4978
4979
4982
4985
4986
4987
4989
4993
5000
5001
5009
5010
5012
5013
5016
5019
5022
5024
5026
5027
5030
5033
5034
5037
5039
5040
5041
5042
5044
5047
5048
5049
5050
5052
5055
5059
5061
5062
5063
5064
5066
5067
5073
5074
5076
5078
5081
5082
5084
5085
5087
5088
5089
5092
5094
5095
5096
5097
5098
5099
5100
5102
5103
5104
5105
5107
5108
5109
5110
5112
5114
5115
5117
5118
5122
5124
5126
5129
5130
5133
5134
5137
5138
5140
5141
5142
5145
5147
5148
5150
5153
5155
5156
5157
5159
5160
5161
5166
5168
5172
5175
5176
5177
5180
5181
5184
5185
5187
5189
5191
5192
5193
5195
5196
5198
5199
5201
5202
5203
5204
5205
5206
5208
5211
5212
5215
5216
5217
5218
5220
5221
5224
5226
5227
5228
5229
5233
5234
5236
5238
5239
5244
5245
5247
5249
5250
5251
5253
5254
5255
5259
5261
5264
5265
5266
5268
5269
5270
5273
5274
5275
5277
5278
5281
5282
5283
5286
5288
5290
5292
5293
5294
5295
5296
5297
5300
5301
5304
5307
5310
5311
5312
5313
5318
5319
5320
5321
5323
5326
5329
5330
5331
5332
5334
5335
5337
5338
5342
5343
5345
5348
5350
5351
5354
5356
5362
5363
5364
5365
5367
5369
5376
5378
5379
5381
5384
5387
5389
5390
5392
5393
5394
5396
5397
5398
5400
5401
5406
5408
5410
5412
5414
5415
5421
5422
5423
5424
5426
5431
5434
5437
5439
5441
5442
5443
5444
5446
5447
5448
5450
5451
5454
5457
5458
5460
5461
5464
5465
5471
5473
5474
5475
5476
5478
5479
5480
5481
5482
5483
5487
5489
5490
5495
5501
5509
5510
5511
5512
5514
5515
5519
5523
5525
5527
5535
5541
5542
5544
5547
5548
5549
5554
5558
5562
5566
5567
5568
5570
5571
5575
5576
5579
5580
5583
5587
5598
5599
5600
5601
5604
5606
5608
5614
5618
5619
5620
5621
5624
5627
5628
5629
5632
5646
5648
5649
5651
5653
5654
5658
5659
5660
5662
5663
5664
5666
5668
5669
5670
5671
5672
5673
5675
5676
5681
5682
5683
5687
5688
5689
5692
5694
5695
5698
5700
5705
5706
5707
5709
5712
5716
5717
5718
5720
5723
5724
5725
5726
5728
5729
5731
5732
5735
5737
5739
5742
5743
5745
5746
5749
5752
5753
5755
5758
5759
5760
5761
5764
5766
5768
5769
5771
5772
5773
5774
5779
5781
5784
5787
5788
5790
5793
5796
5798
5799
5801
5802
5804
5805
5811
5815
5816
5818
5820
5822
5824
5826
5827
5829
5834
5840
5841
5853
5854
5864
5866
5872
5873
5875
5880
5882
5883
5885
5886
5889
5890
5892
5893
5896
5898
5899
5901
5902
5903
5907
5908
5910
5913
5915
5916
5918
5921
5922
5925
5928
5930
5935
5937
5938
5940
5943
5947
5951
5952
5953
5954
5955
5956
5960
5961
5962
5963
5964
5968
5969
5972
5975
5978
5980
5981
5989
5993
5996
5998
5999
6000
6003
6006
6008
6011
6012
6016
6017
6021
6025
6028
6029
6032
6033
6034
6039
6041
6042
6043
6045
6047
6048
6049
6054
6055
6057
6060
6061
6063
6064
6065
6066
6067
6069
6070
6071
6072
6073
6075
6080
6081
6085
6086
6088
6089
6090
6095
6096
6097
6098
6100
6101
6102
6103
6105
6108
6110
6111
6112
6113
6115
6116
6118
6120
6121
6124
6130
6131
6133
6134
6136
6138
6140
6142
6143
6144
6147
6148
6149
6151
6152
6157
6158
6159
6162
6165
6167
6169
6170
6171
6172
6173
6174
6175
6179
6184
6186
6187
6188
6190
6197
6198
6199
6201
6202
6203
6204
6205
6206
6208
6209
6210
6211
6212
6213
6216
6217
6219
6220
6221
6223
6224
6225
6226
6227
6228
6229
6231
6232
6233
6234
6235
6236
6238
6239
6240
6241
6242
6243
6244
6245
6246
6248
6249
6250
6251
6252
6253
6254
6255
6256
6257
6259
6260
6262
6263
6264
6265
6266
6267
6268
6269
6270
6272
6273
6274
6275
6276
6277
6278
6279
6280
6282
6283
6284
6285
6286
6287
6288
6290
6291
6295
6296
6298
6299
6300
6302
6304
6305
6306
6308
6309
6310
6311
6312
6313
6314
6315
6316
6318
6321
6322
6323
6324
6326
6327
6328
6329
6330
6331
6334
6335
6337
6338
6340
6341
6342
6343
6345
6347
6349
6351
6353
6355
6356
6357
6362
6363
6365
6366
6367
6368
6369
6370
6372
6373
6375
6377
6378
6379
6380
6381
6383
6384
6386
6389
6390
6391
6392
6393
6394
6395
6398
6399
6400
6401
6402
6403
6404
6405
6406
6407
6408
6410
6411
6413
6414
6415
6416
6420
6422
6423
6424
6425
6426
6431
6432
6433
6434
6435
6437
6438
6439
6441
6442
6443
6444
6445
6447
6448
6449
6450
6451
6452
6453
6457
6458
6459
6460
6461
6463
6467
6469
6470
6473
6474
6475
6476
6478
6479
6480
6485
6486
6487
6488
6490
6491
6493
6494
6496
6497
6498
6500
6502
6504
6506
6508
6509
6510
6513
6514
6518
6521
6522
6523
6527
6528
6529
6530
6533
6535
6536
6537
6539
6540
6541
6543
6544
6545
6547
6548
6549
6551
6552
6554
6555
6556
6557
6558
6561
6563
6564
6565
6566
6567
6569
6571
6572
6573
6574
6575
6576
6578
6581
6582
6584
6587
6588
6589
6590
6592
6594
6597
6600
6604
6607
6608
6609
6611
6612
6615
6616
6617
6618
6621
6624
6626
6627
6628
6629
6631
6632
6633
6634
6637
6639
6640
6641
6642
6643
6645
6648
6652
6653
6654
6656
6657
6658
6661
6662
6663
6664
6666
6667
6672
6673
6676
6677
6678
6679
6685
6687
6688
6689
6690
6691
6693
6694
6695
6698
6700
6703
6704
6705
6706
6708
6712
6713
6717
6724
6725
6727
6728
6729
6730
6731
6732
6733
6735
6736
6738
6739
6740
6744
6746
6747
6749
6750
6752
6753
6754
6756
6759
6762
6764
6766
6767
6768
6769
6775
6777
6782
6783
6784
6788
6790
6792
6793
6796
6799
6800
6801
6802
6806
6808
6813
6815
6816
6818
6820
6825
6828
6829
6830
6831
6832
6834
6835
6837
6839
6841
6842
6843
6844
6845
6847
6848
6852
6859
6862
6865
6867
6868
6873
6876
6880
6882
6892
6900
6904
6905
6906
6909
6910
6914
6918
6919
6920
6921
6924
6926
6927
6930
6932
6933
6936
6939
6940
6943
6944
6946
6948
6950
6954
6955
6957
6958
6959
6960
6961
6962
6963
6966
6967
6968
6969
6971
6976
6979
6980
6983
6986
6987
6989
6990
6991
6992
6993
6995
6996
6998
6999
7000
7001
7002
7004
7005
7009
7011
7012
7013
7014
7015
7023
7026
7029
7030
7031
7036
7037
7039
7043
7044
7046
7051
7052
7053
7054
7056
7057
7058
7060
7062
7063
7065
7066
7070
7072
7075
7076
7077
7078
7079
7080
7082
7084
7086
7087
7092
7093
7094
7095
7098
7099
7100
7101
7102
7103
7106
7107
7108
7109
7110
7111
7112
7118
7119
7120
7123
7125
7127
7128
7131
7132
7133
7134
7135
7136
7138
7139
7140
7141
7142
7143
7144
7149
7150
7151
7152
7153
7156
7162
7163
7164
7168
7170
7171
7172
7173
7174
7175
7177
7178
7180
7181
7186
7187
7188
7189
7191
7194
7196
7198
7200
7201
7202
7204
7205
7206
7208
7209
7210
7211
7215
7216
7220
7223
7224
7225
7226
7227
7228
7229
7231
7232
7233
7238
7242
7244
7245
7246
7248
7249
7251
7253
7254
7256
7258
7259
7262
7266
7267
7269
7271
7273
7274
7275
7276
7279
7280
7281
7282
7283
7284
7285
7288
7291
7292
7295
7296
7297
7298
7299
7301
7302
7307
7311
7314
7315
7316
7317
7318
7320
7321
7323
7324
7326
7328
7330
7332
7335
7336
7337
7339
7340
7343
7344
7345
7346
7348
7350
7351
7353
7354
7355
7356
7357
7358
7361
7367
7368
7371
7372
7373
7374
7375
7376
7379
7380
7381
7384
7387
7388
7389
7390
7391
7392
7394
7396
7398
7400
7401
7402
7403
7405
7406
7408
7409
7410
7411
7412
7413
7414
7415
7417
7418
7419
7420
7421
7422
7423
7424
7425
7426
7427
7430
7433
7434
7448
7457
7460
7464
7467
7468
7471
7479
7480
7485
7489
7490
7496
7499
7504
7507
7514
7517
7518
7521
7526
7531
7533
7539
7540
7541
7542
7543
7544
7548
7553
7554
7556
7565
7569
7572
7573
7574
7575
7579
7582
7585
7586
7589
7590
7592
7598
7600
7611
7621
7635
7639
7642
7644
7661
7668
7674
7683
7685
7689
7690
7693
7701
7704
7706
7718
7719
7721
7736
7742
7747
7749
7750
7755
7760
7768
7784
7811
7814
7816
7835
7838
7848
7857
7862
7870
7879
7883
7892
7894
7908
7925
7927
7933
7936
7939
7949
7953
7961
7963
7964
7965
7967
7970
7972
7978
7987
7996
8001
8006
8008
8027
8030
8045
8048
8051
8061
8062
8064
8071
8091
8102
8103
8104
8108
8109
8111
8112
8113
8114
8115
8119
8120
8122
8123
8124
8126
8127
8129
8130
8131
8132
8133
8136
8137
8138
8139
8140
8141
8142
8143
8144
8146
8148
8150
8152
8153
8155
8157
8161
8162
8164
8166
8167
8169
8170
8171
8172
8173
8174
8175
8177
8182
8183
8184
8185
8186
8187
8190
8192
8194
8195
8196
8197
8198
8201
8202
8204
8207
8210
8212
8216
8217
8219
8220
8221
8223
8225
8227
8228
8229
8230
8231
8232
8233
8235
8236
8239
8240
8246
8247
8248
8251
8252
8258
8259
8264
8265
8266
8268
8273
8274
8276
8277
8278
8280
8282
8285
8289
8290
8292
8294
8296
8297
8299
8300
8301
8302
8303
8306
8307
8309
8310
8311
8312
8314
8320
8322
8323
8324
8325
8326
8328
8329
8331
8334
8335
8341
8342
8345
8347
8350
8353
8355
8358
8359
8360
8361
8366
8367
8368
8369
8371
8373
8376
8380
8381
8384
8385
8386
8387
8388
8389
8390
8393
8396
8398
8399
8400
8402
8403
8405
8407
8409
8410
8413
8415
8417
8418
8419
8422
8423
8425
8427
8428
8430
8431
8435
8437
8439
8441
8444
8447
8449
8450
8454
8455
8457
8460
8462
8465
8467
8478
8479
8481
8483
8486
8487
8488
8489
8491
8492
8494
8496
8497
8499
8500
8503
8507
8510
8514
8515
8521
8524
8525
8526
8529
8530
8531
8532
8534
8539
8541
8544
8546
8548
8549
8551
8552
8556
8559
8561
8562
8564
8571
8573
8574
8578
8579
8581
8588
8590
8592
8593
8594
8597
8599
8602
8605
8606
8611
8613
8614
8616
8620
8624
8628
8629
8631
8633
8635
8637
8640
8641
8645
8647
8648
8649
8650
8651
8652
8653
8656
8658
8667
8668
8669
8673
8674
8676
8680
8681
8683
8686
8694
8698
8699
8700
8701
8704
8705
8707
8709
8712
8715
8716
8719
8720
8723
8724
8726
8728
8729
8731
8732
8735
8739
8742
8744
8745
8747
8753
8754
8755
8756
8758
8760
8762
8763
8764
8765
8769
8776
8777
8779
8780
8781
8782
8783
8784
8786
8787
8789
8794
8796
8802
8803
8804
8805
8806
8808
8809
8810
8811
8814
8818
8819
8820
8824
8825
8826
8827
8828
8829
8830
8831
8832
8833
8834
8839
8844
8847
8852
8855
8856
8857
8859
8869
8870
8873
8875
8876
8878
8880
8883
8884
8886
8889
8890
8892
8894
8900
8903
8905
8906
8907
8908
8909
8913
8914
8915
8916
8917
8918
8923
8925
8927
8929
8932
8935
8938
8940
8941
8942
8943
8944
8946
8947
8948
8950
8955
8956
8960
8961
8964
8966
8967
8968
8969
8972
8975
8977
8983
8991
8992
8996
8997
9000
9001
9002
9008
9010
9011
9015
9017
9018
9021
9024
9027
9032
9036
9043
9045
9049
9050
9051
9052
9053
9058
9061
9062
9064
9065
9070
9074
9081
9085
9087
9088
9090
9092
9093
9098
9099
9101
9103
9106
9111
9114
9115
9116
9118
9120
9126
9127
9129
9130
9132
9137
9138
9143
9145
9148
9151
9153
9157
9160
9162
9172
9175
9179
9186
9188
9189
9192
9193
9194
9195
9196
9198
9200
9204
9211
9212
9213
9215
9217
9218
9221
9223
9225
9233
9234
9235
9236
9237
9239
9241
9246
9247
9250
9255
9259
9261
9262
9267
9270
9272
9273
9276
9277
9278
9282
9283
9284
9286
9289
9312
9322
9325
9328
9332
9333
9336
9342
9346
9349
9350
9352
9356
9359
9365
9367
9369
9380
9383
9386
9389
9393
9395
9406
9409
9413
9414
9419
9423
9425
9428
9431
9435
9439
9440
9444
9447
9452
9453
9455
9465
9469
9481
9482
9483
9487
9488
9489
9495
9501
9502
9507
9508
9510
9515
9517
9519
9530
9531
9544
9548
9551
9552
9555
9561
9562
9572
9574
9575
9580
9581
9585
9589
9591
9594
9597
9603
9604
9608
9609
9611
9612
9613
9614
9615
9619
9620
9621
9631
9636
9637
9639
9642
9643
9649
9651
9653
9654
9656
9661
9665
9666
9667
9674
9675
9676
9679
9680
9683
9684
9686
9687
9688
9692
9693
9700
9701
9703
9711
9712
9722
9724
9726
9731
9734
9735
9739
9741
9743
9744
9747
9750
9753
9756
9757
9761
9764
9766
9769
9770
9774
9778
9779
9780
9781
9784
9785
9787
9788
9795
9798
9800
9807
9809
9810
9811
9813
9814
9815
9816
9819
9821
9822
9825
9830
9831
9833
9835
9836
9837
9838
9842
9848
9850
9852
9856
9857
9858
9866
9869
9870
9871
9872
9873
9875
9877
9879
9880
9881
9882
9883
9886
9888
9891
9893
9898
9902
9904
9907
9908
9909
9910
9912
9914
9915
9916
9917
9918
9919
9920
9921
9922
9923
9924
9925
9926
9927
9929
9930
9931
9932
9933
9934
9936
9937
9938
9940
9941
9942
9943
9944
9946
9947
9948
9949
9950
9953
9954
9956
9957
9958
9960
9961
9962
9963
9964
9965
9966
9968
9969
9970
9971
9972
9974
9977
9978
9979
9981
9982
9984
9986
9987
9988
9989
9990
9991
9992
9993
9994
9996
9997
9998
9999
10000
10001
10002
10003
10005
10006
10007
10008
10009
10010
10011
10012
10013
10014
10015
10016
10017
10018
10019
10021
10022
10023
10024
10025
10026
10027
10029
10030
10032
10036
10038
10039
10040
10041
10042
10043
10044
10045
10047
10048
10049
10051
10052
10053
10054
10055
10056
10057
10058
10059
10061
10062
10064
10065
10067
10069
10070
10071
10072
10074
10075
10076
10077
10078
10079
10080
10081
10082
10083
10086
10087
10088
10089
10092
10093
10094
10095
10096
10098
10099
10102
10103
10104
10105
10106
10112
10113
10114
10117
10118
10119
10120
10121
10124
10125
10128
10129
10130
10131
10132
10133
10135
10136
10137
10138
10139
10140
10144
10145
10148
10149
10150
10151
10152
10154
10155
10156
10157
10158
10159
10161
10163
10164
10166
10167
10168
10170
10171
10175
10179
10183
10186
10188
10193
10195
10196
10201
10203
10204
10207
10210
10211
10212
10214
10215
10216
10217
10222
10223
10225
10228
10229
10230
10231
10233
10235
10240
10241
10244
10246
10249
10250
10252
10253
10254
10257
10258
10259
10261
10263
10265
10266
10270
10273
10274
10277
10280
10281
10282
10286
10287
10290
10291
10292
10293
10295
10296
10298
10299
10301
10302
10308
10309
10311
10313
10314
10315
10316
10318
10321
10322
10324
10325
10326
10328
10330
10331
10332
10334
10335
10337
10341
10342
10343
10344
10345
10347
10349
10351
10353
10354
10355
10356
10359
10361
10365
10366
10367
10368
10370
10371
10372
10373
10374
10377
10378
10379
10382
10384
10387
10388
10389
10392
10394
10395
10400
10401
10402
10403
10404
10407
10408
10411
10412
10414
10417
10418
10420
10421
10422
10423
10426
10427
10429
10431
10432
10433
10436
10439
10443
10444
10445
10446
10450
10451
10457
10458
10461
10463
10464
10466
10468
10470
10476
10477
10478
10481
10483
10489
10490
10491
10494
10496
10504
10506
10509
10511
10513
10520
10522
10524
10526
10527
10529
10530
10531
10534
10542
10544
10546
10547
10548
10551
10553
10554
10555
10556
10562
10566
10572
10573
10576
10577
10578
10582
10586
10587
10590
10592
10593
10594
10595
10596
10603
10605
10606
10607
10611
10614
10615
10617
10620
10625
10627
10628
10632
10635
10638
10639
10641
10642
10645
10647
10650
10651
10660
10667
10671
10673
10674
10676
10677
10680
10681
10682
10686
10687
10689
10690
10694
10703
10704
10705
10706
10707
10710
10711
10712
10714
10715
10719
10727
10729
10732
10735
10736
10740
10744
10745
10746
10747
10749
10750
10752
10753
10757
10760
10766
10769
10771
10772
10777
10779
10780
10783
10784
10786
10788
10789
10790
10792
10793
10798
10803
10806
10808
10809
10811
10812
10813
10815
10816
10817
10820
10821
10822
10823
10824
10826
10827
10834
10841
10842
10844
10845
10846
10847
10849
10850
10852
10853
10854
10855
10856
10857
10861
10862
10863
10864
10865
10866
10867
10870
10872
10874
10878
10882
10884
10886
10888
10889
10890
10892
10894
10895
10896
10898
10899
10900
10901
10902
10905
10906
10908
10909
10911
10913
10914
10915
10917
10918
10920
10921
10922
10924
10925
10928
10929
10932
10933
10937
10938
10942
10945
10947
10948
10957
10958
10959
10960
10962
10963
10965
10966
10968
10971
10972
10973
10974
10977
10978
10981
10983
10984
10985
10986
10987
10988
10989
10990
10993
10994
10995
10996
10998
10999
11002
11004
11006
11009
11010
11012
11013
11014
11021
11022
11025
11027
11028
11030
11032
11034
11035
11036
11037
11038
11040
11041
11042
11043
11045
11046
11047
11050
11051
11052
11053
11054
11055
11059
11061
11062
11066
11068
11069
11070
11071
11072
11075
11078
11079
11080
11083
11085
11086
11088
11089
11095
11097
11098
11100
11101
11102
11103
11104
11106
11107
11109
11110
11115
11118
11119
11121
11123
11124
11126
11127
11130
11131
11133
11134
11135
11136
11137
11139
11140
11141
11144
11145
11149
11151
11154
11168
11170
11171
11178
11179
11180
11182
11184
11185
11186
11188
11191
11195
11199
11200
11203
11205
11206
11207
11208
11217
11220
11221
11222
11223
11224
11228
11231
11232
11233
11238
11240
11242
11244
11250
11252
11254
11255
11256
11258
11259
11260
11265
11266
11267
11268
11270
11271
11272
11277
11278
11281
11282
11285
11286
11287
11288
11289
11290
11293
11295
11297
11300
11301
11303
11304
11307
11314
11320
11321
11325
11327
11328
11330
11338
11348
11349
11351
11354
11361
11363
11364
11368
11369
11372
11374
11383
11384
11393
11400
11403
11404
11405
11407
11416
11430
11432
11433
11435
11437
11448
11451
11455
11459
11461
11463
11464
11468
11469
11474
11491
11494
11495
11498
11499
11501
11505
11509
11511
11513
11516
11517
11522
11525
11529
11534
11535
11536
11540
11543
11552
11554
11558
11560
11573
11576
11586
11589
11592
11593
11595
11596
11599
11602
11603
11607
11608
11609
11611
11619
11629
11630
11633
11639
11640
11641
11644
11646
11647
11650
11658
11659
11662
11666
11668
11677
11681
11687
11688
11689
11692
11693
11694
11695
11699
11703
11706
11707
11715
11716
11717
11719
11720
11729
11730
11733
11738
11744
11751
11753
11756
11765
11769
11771
11778
11780
11781
11782
11784
11785
11790
11791
11792
11800
11803
11807
11813
11816
11818
11819
11820
11821
11822
11823
11826
11827
11828
11829
11830
11831
11832
11833
11834
11835
11836
11838
11839
11841
11842
11845
11846
11847
11848
11849
11851
11854
11855
11857
11858
11862
11863
11864
11866
11867
11869
11871
11872
11873
11875
11879
11884
11885
11886
11888
11890
11892
11894
11896
11897
11898
11899
11900
11901
11902
11904
11906
11909
11912
11915
11916
11921
11925
11930
11931
11932
11934
11935
11936
11939
11943
11944
11945
11948
11949
11950
11954
11955
11957
11960
11961
11965
11966
11972
11973
11974
11977
11978
11979
11985
11986
11987
11992
12000
12002
12003
12006
12007
12008
12010
12011
12017
12018
12019
12021
12026
12028
12029
12032
12034
12035
12037
12039
12040
12046
12048
12049
12052
12053
12061
12062
12063
12064
12067
12069
12073
12076
12077
12080
12081
12082
12087
12090
12091
12092
12094
12097
12098
12099
12100
12101
12104
12106
12107
12108
12114
12119
12120
12121
12123
12124
12125
12127
12128
12129
12130
12131
12133
12137
12140
12141
12142
12143
12144
12148
12149
12150
12151
12152
12158
12161
12167
12169
12172
12174
12179
12182
12183
12186
12187
12190
12192
12193
12195
12196
12200
12203
12204
12205
12208
12209
12210
12211
12213
12216
12217
12218
12220
12223
12225
12227
12228
12229
12230
12231
12232
12235
12236
12238
12239
12240
12241
12242
12243
12245
12247
12251
12253
12255
12258
12263
12264
12265
12272
12273
12276
12277
12281
12282
12284
12285
12290
12291
12293
12294
12295
12298
12299
12304
12306
12307
12308
12311
12314
12315
12316
12319
12322
12330
12332
12333
12335
12337
12341
12342
12346
12347
12349
12353
12355
12357
12362
12368
12370
12372
12373
12375
12376
12378
12379
12381
12385
12387
12389
12393
12395
12404
12407
12408
12409
12410
12413
12416
12419
12421
12423
12424
12426
12428
12430
12431
12434
12436
12437
12438
12439
12441
12442
12450
12453
12455
12457
12461
12463
12465
12466
12467
12468
12469
12470
12472
12473
12474
12476
12480
12481
12487
12489
12491
12492
12494
12495
12497
12498
12500
12502
12503
12504
12506
12510
12512
12513
12514
12517
12518
12519
12520
12522
12523
12524
12525
12528
12529
12530
12532
12534
12538
12540
12542
12545
12547
12548
12550
12552
12555
12558
12564
12566
12571
12576
12578
12579
12581
12583
12585
12587
12588
12594
12596
12598
12600
12602
12603
12604
12605
12608
12609
12610
12612
12617
12620
12622
12627
12628
12629
12630
12631
12637
12638
12639
12641
12644
12645
12647
12649
12650
12656
12658
12662
12664
12666
12671
12672
12673
12675
12678
12682
12689
12694
12695
12696
12697
12698
12703
12705
12706
12710
12711
12717
12719
12721
12722
12724
12729
12731
12732
12735
12736
12737
12738
12748
12751
12757
12759
12762
12766
12770
12771
12773
12776
12779
12780
12784
12785
12786
12794
12795
12804
12807
12815
12817
12818
12826
12827
12828
12829
12832
12835
12837
12840
12841
12842
12845
12847
12851
12853
12855
12857
12858
12862
12863
12864
12865
12867
12868
12872
12873
12875
12878
12883
12884
12885
12888
12893
12894
12898
12899
12901
12903
12904
12907
12908
12909
12910
12914
12915
12917
12918
12921
12922
12927
12929
12937
12938
12939
12943
12949
12951
12955
12957
12963
12964
12969
12977
12980
12984
12986
12990
12991
12993
12997
13000
13001
13003
13008
13010
13024
13025
13029
13034
13039
13042
13046
13047
13049
13057
13064
13069
13072
13075
13086
13092
13094
13096
13098
13099
13103
13108
13109
13110
13115
13117
13120
13122
13123
13131
13136
13137
13145
13146
13150
13153
13154
13158
13161
13163
13165
13166
13167
13170
13174
13179
13180
13182
13188
13189
13191
13194
13195
13198
13208
13216
13220
13221
13222
13227
13229
13230
13231
13235
13243
13249
13250
13251
13252
13254
13255
13258
13263
13265
13268
13271
13273
13277
13288
13292
13297
13299
13303
13305
13310
13311
13313
13314
13316
13319
13320
13327
13329
13331
13337
13340
13343
13344
13346
13350
13353
13360
13365
13367
13370
13371
13375
13378
13380
13381
13382
13389
13390
13394
13397
13398
13400
13406
13409
13410
13417
13424
13427
13431
13440
13442
13449
13450
13453
13460
13461
13467
13468
13469
13473
13475
13481
13482
13484
13488
13492
13493
13494
13498
13499
13500
13501
13504
13509
13512
13513
13514
13516
13517
13518
13523
13524
13525
13526
13529
13530
13531
13533
13534
13536
13537
13538
13539
13541
13545
13547
13548
13549
13551
13556
13563
13566
13567
13568
13570
13571
13572
13576
13577
13584
13585
13586
13587
13589
13590
13591
13592
13593
13594
13597
13599
13601
13603
13605
13606
13614
13616
13617
13618
13619
13626
13628
13629
13630
13631
13632
13634
13635
13636
13637
13638
13639
13640
13641
13642
13643
13645
13646
13647
13648
13651
13652
13653
13654
13655
13656
13657
13660
13661
13662
13663
13666
13667
13668
13670
13671
13672
13673
13674
13675
13676
13678
13679
13680
13681
13683
13684
13685
13686
13688
13689
13690
13691
13692
13693
13694
13695
13698
13699
13700
13701
13702
13703
13704
13707
13708
13709
13710
13711
13712
13713
13715
13716
13717
13718
13719
13720
13722
13723
13724
13726
13727
13732
13733
13734
13736
13737
13738
13739
13740
13741
13743
13744
13746
13747
13749
13750
13752
13754
13756
13757
13758
13759
13760
13761
13762
13763
13764
13765
13766
13768
13769
13770
13771
13773
13775
13776
13777
13778
13779
13781
13782
13783
13784
13785
13786
13787
13788
13789
13790
13793
13794
13795
13797
13799
13800
13802
13803
13805
13806
13808
13809
13810
13811
13812
13813
13814
13816
13817
13818
13819
13820
13821
13823
13826
13827
13828
13829
13831
13832
13834
13835
13836
13839
13840
13841
13842
13843
13844
13845
13851
13852
13853
13854
13859
13860
13861
13862
13863
13864
13865
13866
13867
13870
13871
13873
13875
13877
13878
13880
13882
13884
13885
13889
13890
13891
13895
13896
13897
13898
13900
13901
13902
13906
13907
13908
13909
13910
13911
13914
13915
13916
13918
13922
13927
13928
13929
13930
13932
13935
13937
13939
13942
13944
13945
13947
13948
13949
13951
13952
13954
13955
13956
13958
13959
13960
13961
13963
13964
13967
13968
13971
13972
13975
13976
13980
13981
13983
13984
13985
13987
13988
13989
13991
13992
13994
13995
13996
13997
14001
14005
14009
14010
14012
14013
14014
14015
14016
14018
14025
14026
14027
14028
14030
14032
14036
14038
14039
14040
14043
14044
14045
14046
14049
14051
14054
14055
14057
14058
14059
14060
14061
14062
14065
14070
14073
14074
14075
14080
14082
14084
14085
14088
14092
14093
14094
14095
14098
14101
14104
14112
14114
14115
14116
14117
14118
14121
14122
14123
14125
14126
14128
14131
14132
14133
14134
14140
14141
14143
14145
14147
14152
14153
14155
14156
14158
14160
14161
14164
14165
14167
14171
14172
14174
14175
14177
14178
14180
14182
14184
14187
14188
14189
14190
14191
14192
14196
14197
14198
14200
14203
14205
14208
14210
14212
14213
14224
14225
14226
14233
14236
14237
14241
14246
14248
14250
14253
14257
14265
14269
14273
14276
14278
14279
14280
14292
14293
14294
14296
14297
14298
14299
14304
14306
14307
14309
14315
14316
14319
14321
14322
14323
14324
14325
14329
14330
14333
14335
14337
14339
14342
14346
14347
14350
14353
14355
14356
14362
14364
14372
14373
14374
14377
14378
14380
14381
14382
14383
14385
14387
14388
14390
14392
14394
14395
14396
14398
14399
14401
14402
14403
14404
14410
14411
14413
14415
14418
14419
14420
14421
14422
14424
14425
14428
14429
14430
14431
14433
14435
14436
14437
14439
14443
14444
14448
14449
14450
14454
14457
14459
14465
14471
14472
14476
14477
14479
14483
14486
14487
14491
14494
14495
14499
14501
14502
14504
14505
14508
14513
14514
14518
14520
14522
14527
14530
14531
14534
14536
14537
14538
14539
14540
14541
14542
14545
14546
14548
14552
14556
14557
14558
14564
14565
14566
14567
14568
14569
14570
14578
14580
14581
14584
14590
14592
14596
14598
14599
14600
14602
14603
14605
14606
14608
14609
14614
14615
14616
14619
14624
14626
14628
14629
14635
14636
14639
14643
14644
14645
14647
14648
14651
14654
14656
14659
14663
14665
14666
14668
14672
14673
14674
14677
14678
14679
14685
14686
14687
14695
14697
14698
14699
14702
14704
14707
14709
14710
14712
14713
14716
14720
14721
14723
14724
14726
14730
14731
14734
14735
14737
14738
14739
14740
14741
14742
14743
14744
14746
14748
14750
14751
14752
14753
14758
14759
14761
14763
14764
14765
14767
14771
14773
14774
14776
14777
14778
14782
14785
14786
14789
14791
14792
14794
14795
14797
14799
14800
14802
14803
14807
14808
14809
14810
14813
14814
14816
14817
14818
14819
14820
14821
14822
14824
14826
14827
14829
14830
14833
14834
14835
14836
14838
14840
14841
14842
14843
14845
14847
14849
14850
14851
14855
14858
14859
14875
14877
14880
14882
14886
14892
14895
14899
14924
14928
14935
14940
14946
14948
14950
14963
14966
14968
14969
14970
14971
14979
14980
14984
14989
14999
15000
15001
15003
15007
15008
15010
15014
15018
15019
15020
15021
15024
15027
15032
15039
15043
15061
15072
15075
15082
15091
15094
15104
15117
15127
15147
15149
15152
15155
15164
15168
15177
15182
15183
15188
15190
15192
15208
15211
15213
15219
15221
15230
15242
15253
15254
15265
15266
15279
15290
15291
15294
15302
15307
15315
15320
15321
15322
15325
15332
15336
15337
15341
15344
15354
15355
15361
15364
15380
15391
15395
15398
15401
15406
15407
15419
15430
15454
15462
15464
15475
15476
15481
15485
15489
15490
15501
15512
15518
15524
15526
15530
15532
15533
15534
15535
15537
15538
15539
15540
15541
15542
15543
15544
15545
15546
15547
15548
15550
15551
15553
15555
15556
15559
15565
15566
15567
15568
15569
15570
15571
15574
15577
15578
15579
15581
15584
15586
15587
15588
15589
15591
15593
15594
15595
15598
15605
15606
15607
15611
15613
15614
15615
15616
15617
15618
15621
15624
15625
15628
15629
15631
15634
15635
15636
15637
15638
15640
15644
15646
15647
15648
15649
15652
15653
15656
15657
15658
15659
15660
15663
15666
15667
15669
15672
15673
15674
15677
15680
15681
15683
15686
15687
15688
15689
15690
15692
15696
15697
15700
15701
15702
15706
15709
15710
15712
15714
15716
15717
15718
15720
15721
15724
15725
15726
15727
15730
15733
15735
15738
15739
15740
15742
15744
15748
15751
15752
15753
15755
15757
15758
15760
15762
15763
15765
15766
15767
15770
15773
15776
15778
15780
15781
15783
15785
15787
15788
15790
15794
15795
15798
15800
15801
15803
15806
15809
15811
15812
15813
15816
15818
15819
15821
15822
15823
15826
15827
15828
15829
15832
15833
15835
15838
15839
15841
15843
15845
15849
15850
15851
15854
15856
15857
15860
15863
15866
15867
15869
15872
15874
15875
15879
15887
15888
15890
15894
15898
15902
15903
15904
15905
15906
15907
15909
15912
15915
15916
15917
15918
15919
15922
15923
15926
15927
15928
15929
15930
15934
15935
15937
15938
15939
15940
15942
15943
15945
15947
15949
15951
15952
15953
15956
15957
15959
15960
15964
15965
15967
15968
15969
15972
15974
15976
15977
15979
15980
15982
15984
15985
15986
15992
15995
15999
16002
16006
16009
16012
16014
16015
16016
16017
16018
16019
16020
16022
16025
16027
16030
16032
16033
16034
16035
16036
16039
16040
16047
16049
16050
16052
16056
16057
16063
16066
16069
16072
16073
16075
16077
16079
16081
16082
16084
16093
16095
16097
16098
16106
16109
16111
16114
16115
16117
16118
16120
16121
16122
16129
16131
16142
16143
16145
16147
16148
16155
16156
16161
16166
16169
16170
16172
16177
16180
16181
16182
16185
16186
16188
16190
16191
16193
16194
16195
16199
16204
16205
16208
16209
16210
16214
16215
16220
16221
16222
16224
16226
16228
16230
16231
16232
16233
16234
16236
16238
16242
16246
16247
16252
16254
16255
16257
16259
16262
16265
16268
16270
16271
16272
16281
16282
16284
16290
16291
16292
16297
16301
16302
16304
16305
16306
16308
16312
16314
16317
16318
16320
16321
16323
16324
16328
16329
16334
16341
16343
16344
16345
16350
16353
16360
16362
16368
16369
16370
16371
16374
16376
16381
16382
16388
16391
16392
16395
16400
16402
16408
16409
16410
16411
16415
16416
16417
16418
16420
16423
16425
16427
16428
16432
16436
16439
16440
16442
16446
16449
16453
16454
16458
16464
16465
16467
16472
16473
16476
16480
16492
16493
16494
16497
16498
16502
16503
16507
16514
16515
16520
16521
16522
16527
16529
16531
16532
16538
16540
16542
16543
16544
16546
16551
16554
16556
16559
16560
16561
16563
16565
16567
16568
16571
16576
16578
16579
16580
16581
16582
16585
16587
16588
16591
16592
16593
16595
16601
16602
16609
16615
16617
16619
16620
16621
16622
16628
16629
16631
16639
16641
16643
16647
16648
16649
16650
16651
16652
16653
16658
16660
16661
16665
16668
16669
16675
16676
16677
16678
16684
16688
16692
16695
16697
16698
16707
16708
16709
16712
16715
16719
16722
16734
16737
16740
16745
16752
16753
16756
16762
16763
16764
16766
16767
16768
16769
16770
16778
16787
16789
16791
16793
16795
16797
16799
16808
16809
16813
16814
16817
16823
16829
16830
16831
16836
16839
16845
16851
16859
16863
16865
16868
16872
16874
16877
16879
16880
16881
16882
16883
16884
16885
16887
16888
16891
16893
16894
16902
16903
16910
16914
16915
16921
16923
16932
16935
16940
16941
16943
16944
16953
16954
16962
16964
16968
16976
16978
16982
16990
16995
16997
16999
17000
17002
17004
17005
17008
17014
17021
17022
17024
17025
17026
17036
17040
17041
17042
17047
17051
17052
17056
17057
17058
17059
17062
17064
17066
17068
17070
17071
17074
17076
17084
17094
17095
17103
17104
17105
17108
17109
17110
17111
17114
17115
17119
17120
17123
17128
17129
17132
17135
17138
17139
17140
17146
17153
17154
17157
17158
17159
17162
17167
17178
17179
17183
17184
17185
17188
17189
17190
17192
17196
17197
17198
17199
17200
17202
17207
17208
17209
17210
17211
17212
17213
17214
17215
17217
17221
17225
17229
17230
17231
17233
17236
17238
17239
17240
17242
17243
17244
17248
17249
17250
17253
17255
17256
17257
17259
17262
17263
17266
17270
17271
17272
17276
17277
17279
17282
17285
17286
17289
17291
17292
17299
17300
17303
17304
17306
17307
17308
17311
17313
17317
17318
17321
17324
17334
17342
17343
17344
17345
17346
17347
17348
17349
17350
17351
17352
17353
17355
17356
17357
17359
17360
17361
17362
17365
17366
17367
17368
17369
17370
17371
17372
17374
17375
17376
17377
17379
17380
17381
17382
17384
17385
17386
17387
17388
17389
17390
17391
17393
17394
17395
17396
17397
17398
17399
17400
17402
17404
17405
17406
17407
17408
17409
17410
17412
17414
17415
17416
17417
17418
17420
17421
17422
17424
17425
17427
17429
17430
17433
17436
17437
17440
17442
17443
17444
17445
17446
17447
17450
17451
17452
17453
17454
17455
17457
17458
17460
17461
17463
17464
17466
17468
17469
17470
17472
17473
17474
17476
17477
17479
17482
17483
17485
17486
17487
17489
17490
17492
17493
17495
17497
17498
17499
17500
17501
17502
17504
17507
17508
17509
17511
17512
17514
17515
17517
17522
17523
17524
17525
17528
17530
17532
17533
17534
17535
17537
17539
17540
17541
17542
17545
17546
17547
17548
17549
17553
17554
17556
17557
17558
17560
17562
17564
17565
17566
17567
17568
17570
17571
17572
17573
17574
17575
17577
17579
17582
17583
17584
17585
17586
17587
17589
17590
17591
17592
17594
17595
17596
17598
17600
17601
17603
17604
17605
17607
17608
17611
17614
17615
17616
17617
17619
17622
17624
17626
17627
17629
17631
17632
17633
17635
17639
17640
17642
17644
17647
17648
17651
17652
17653
17655
17656
17658
17659
17662
17665
17667
17668
17669
17672
17674
17675
17677
17681
17684
17685
17686
17687
17689
17694
17697
17698
17700
17701
17702
17703
17705
17706
17708
17710
17711
17714
17715
17717
17718
17719
17721
17723
17724
17726
17727
17730
17733
17735
17739
17741
17743
17744
17746
17753
17754
17755
17758
17760
17761
17762
17763
17766
17767
17768
17769
17770
17771
17773
17774
17775
17776
17778
17782
17784
17785
17795
17796
17797
17798
17799
17802
17804
17805
17806
17809
17810
17813
17815
17816
17818
17820
17821
17826
17827
17828
17829
17831
17832
17834
17835
17836
17837
17838
17840
17842
17845
17846
17848
17849
17850
17852
17854
17856
17859
17861
17862
17864
17867
17869
17871
17874
17878
17879
17881
17883
17885
17886
17888
17889
17891
17898
17902
17903
17904
17905
17906
17909
17910
17911
17917
17919
17921
17925
17928
17936
17937
17938
17939
17940
17941
17942
17944
17947
17948
17950
17951
17955
17957
17958
17964
17967
17975
17976
17977
17979
17982
17983
17984
17986
17987
17990
17994
17996
18009
18010
18018
18019
18020
18023
18028
18029
18031
18033
18035
18040
18046
18048
18049
18051
18052
18053
18060
18061
18064
18066
18069
18075
18076
18078
18084
18086
18087
18088
18092
18095
18096
18099
18104
18105
18108
18109
18113
18115
18116
18117
18120
18127
18131
18133
18134
18135
18138
18139
18140
18142
18143
18144
18145
18146
18152
18153
18155
18157
18158
18160
18161
18162
18164
18173
18174
18175
18176
18180
18181
18182
18183
18184
18187
18188
18191
18193
18194
18196
18197
18199
18200
18202
18204
18207
18209
18212
18213
18214
18216
18218
18219
18221
18225
18226
18227
18232
18233
18235
18236
18237
18241
18242
18244
18245
18246
18247
18249
18250
18253
18254
18255
18262
18267
18268
18270
18272
18273
18276
18278
18279
18280
18281
18283
18284
18286
18287
18288
18290
18292
18293
18295
18298
18301
18302
18304
18305
18306
18310
18313
18314
18315
18319
18322
18323
18324
18326
18327
18329
18332
18333
18335
18338
18339
18340
18341
18346
18348
18350
18352
18353
18356
18357
18358
18362
18365
18366
18368
18373
18375
18380
18382
18385
18386
18387
18388
18390
18391
18396
18400
18401
18405
18406
18410
18411
18412
18413
18415
18416
18417
18418
18422
18424
18425
18426
18427
18428
18429
18430
18432
18433
18436
18437
18438
18442
18444
18448
18449
18450
18453
18456
18457
18458
18459
18462
18463
18464
18465
18466
18468
18469
18470
18473
18474
18476
18478
18481
18486
18487
18488
18490
18491
18492
18493
18494
18496
18498
18499
18500
18505
18506
18507
18508
18509
18510
18512
18513
18514
18515
18516
18518
18520
18521
18523
18524
18525
18526
18527
18528
18529
18530
18531
18532
18533
18534
18535
18537
18538
18540
18541
18543
18544
18545
18547
18548
18550
18554
18556
18557
18558
18559
18560
18561
18562
18563
18564
18567
18568
18569
18571
18572
18574
18578
18579
18582
18589
18590
18596
18598
18599
18603
18607
18608
18614
18617
18619
18624
18626
18632
18635
18637
18640
18642
18644
18649
18654
18656
18660
18664
18667
18682
18684
18685
18686
18690
18693
18694
18696
18698
18700
18701
18706
18709
18711
18713
18714
18715
18717
18721
18722
18724
18725
18728
18729
18731
18732
18735
18738
18740
18742
18743
18745
18747
18749
18753
18757
18759
18776
18777
18781
18784
18786
18791
18794
18804
18810
18818
18819
18825
18828
18831
18833
18835
18845
18848
18860
18861
18864
18865
18866
18871
18873
18876
18877
18889
18892
18896
18900
18902
18904
18906
18910
18925
18926
18928
18942
18947
18950
18956
18958
18970
18971
18978
18979
18981
18986
18995
18997
18999
19000
19004
19005
19012
19019
19022
19023
19028
19032
19037
19038
19039
19050
19061
19067
19068
19069
19070
19075
19078
19079
19081
19084
19089
19091
19094
19096
19099
19104
19107
19109
19115
19118
19120
19132
19142
19145
19150
19158
19163
19172
19174
19189
19190
19193
19194
19195
19203
19204
19206
19212
19221
19227
19230
19241
19244
19248
19249
19251
19252
19253
19254
19255
19256
19257
19261
19262
19265
19266
19267
19268
19269
19271
19273
19274
19275
19279
19280
19281
19283
19284
19285
19286
19287
19289
19291
19292
19294
19296
19297
19298
19299
19302
19303
19304
19305
19306
19307
19308
19309
19310
19311
19312
19313
19314
19316
19317
19318
19319
19322
19328
19329
19332
19337
19339
19340
19341
19343
19344
19345
19349
19350
19352
19354
19355
19358
19360
19362
19364
19365
19367
19368
19369
19371
19377
19379
19380
19381
19385
19387
19388
19393
19394
19395
19398
19400
19401
19402
19404
19405
19406
19407
19408
19410
19411
19412
19413
19414
19415
19416
19420
19423
19428
19430
19431
19432
19433
19434
19435
19438
19443
19445
19446
19448
19450
19452
19454
19455
19458
19460
19462
19464
19465
19468
19469
19471
19474
19476
19479
19488
19491
19492
19493
19494
19495
19497
19498
19500
19506
19507
19508
19509
19510
19515
19518
19520
19521
19523
19524
19525
19526
19527
19528
19529
19532
19534
19536
19541
19543
19545
19547
19550
19552
19553
19554
19555
19557
19558
19559
19562
19563
19565
19569
19570
19571
19572
19573
19577
19578
19579
19581
19583
19586
19589
19592
19597
19602
19603
19604
19606
19607
19612
19613
19614
19615
19617
19618
19620
19621
19623
19624
19625
19629
19630
19631
19632
19633
19637
19638
19639
19641
19643
19646
19648
19651
19652
19653
19656
19657
19658
19661
19663
19664
19667
19668
19670
19671
19672
19673
19674
19675
19679
19683
19684
19688
19690
19691
19693
19695
19696
19699
19701
19702
19706
19708
19711
19712
19715
19717
19718
19719
19720
19722
19726
19728
19730
19732
19734
19736
19739
19742
19744
19748
19755
19757
19758
19762
19764
19766
19767
19770
19773
19775
19777
19778
19786
19787
19790
19791
19792
19793
19794
19796
19798
19800
19801
19802
19805
19807
19809
19811
19812
19814
19816
19822
19825
19829
19831
19832
19835
19836
19838
19839
19842
19844
19847
19848
19851
19852
19857
19858
19861
19862
19864
19866
19867
19869
19870
19877
19882
19883
19887
19888
19889
19895
19896
19898
19899
19900
19901
19903
19904
19906
19909
19911
19912
19919
19920
19922
19925
19926
19928
19934
19937
19938
19942
19945
19946
19948
19949
19950
19951
19952
19956
19957
19960
19963
19964
19965
19966
19968
19970
19972
19973
19977
19978
19980
19981
19982
19986
19987
19988
19994
19997
19998
20004
20006
20008
20009
20011
20013
20015
20016
20019
20021
20024
20029
20030
20031
20036
20042
20045
20046
20048
20051
20052
20058
20059
20064
20065
20069
20071
20075
20077
20079
20082
20084
20088
20089
20094
20095
20097
20099
20103
20104
20105
20106
20108
20109
20110
20122
20124
20125
20129
20130
20133
20134
20138
20139
20140
20142
20143
20144
20145
20146
20150
20152
20153
20154
20159
20160
20163
20165
20176
20179
20183
20184
20185
20186
20187
20189
20190
20193
20194
20196
20200
20201
20202
20203
20204
20208
20209
20212
20218
20219
20220
20222
20223
20227
20229
20232
20235
20242
20243
20249
20252
20253
20254
20257
20260
20270
20271
20273
20275
20279
20280
20281
20284
20286
20287
20289
20290
20293
20295
20296
20297
20299
20301
20305
20306
20307
20312
20315
20316
20319
20320
20323
20325
20329
20331
20332
20333
20337
20338
20339
20343
20344
20346
20357
20358
20367
20371
20374
20375
20379
20383
20385
20387
20388
20392
20393
20397
20399
20406
20409
20414
20415
20416
20417
20418
20419
20421
20423
20424
20425
20428
20431
20435
20436
20438
20445
20447
20451
20457
20461
20467
20470
20474
20475
20478
20482
20486
20488
20497
20504
20507
20514
20515
20516
20518
20522
20525
20527
20529
20531
20532
20533
20534
20537
20541
20548
20550
20551
20554
20563
20565
20567
20571
20572
20573
20582
20585
20586
20588
20591
20592
20593
20594
20595
20598
20602
20608
20611
20614
20616
20617
20620
20624
20625
20626
20627
20631
20633
20635
20643
20644
20646
20647
20649
20650
20652
20654
20658
20665
20666
20671
20672
20676
20678
20680
20682
20688
20690
20691
20695
20703
20704
20706
20707
20709
20712
20716
20717
20722
20723
20731
20733
20735
20737
20739
20741
20744
20745
20746
20753
20755
20756
20757
20760
20761
20767
20771
20772
20776
20778
20780
20782
20784
20788
20790
20796
20799
20800
20805
20806
20807
20809
20814
20815
20816
20818
20820
20822
20824
20826
20828
20834
20836
20837
20846
20852
20853
20855
20856
20858
20859
20861
20868
20869
20871
20872
20873
20877
20878
20879
20881
20887
20888
20889
20890
20892
20893
20898
20901
20903
20906
20908
20916
20921
20923
20924
20926
20927
20928
20931
20938
20941
20942
20951
20952
20953
20954
20957
20958
20961
20963
20964
20965
20966
20967
20970
20971
20973
20975
20977
20978
20980
20981
20984
20985
20988
20990
20991
20992
20996
20997
20999
21000
21002
21003
21005
21007
21008
21010
21013
21014
21015
21018
21020
21021
21024
21025
21027
21029
21031
21034
21038
21039
21042
21044
21045
21047
21048
21050
21052
21055
21056
21057
21058
21059
21060
21063
21065
21067
21068
21071
21073
21075
21076
21078
21079
21081
21082
21083
21084
21085
21088
21089
21090
21092
21093
21094
21095
21096
21097
21098
21099
21102
21103
21104
21106
21107
21108
21109
21110
21111
21112
21113
21114
21115
21116
21118
21119
21120
21122
21123
21124
21125
21126
21128
21129
21130
21131
21132
21133
21134
21135
21136
21138
21139
21140
21141
21143
21144
21145
21146
21147
21148
21149
21150
21154
21155
21156
21158
21159
21160
21161
21163
21165
21166
21167
21168
21169
21170
21171
21172
21173
21174
21175
21176
21177
21178
21180
21182
21183
21184
21185
21188
21189
21190
21191
21193
21194
21195
21196
21199
21200
21201
21203
21204
21205
21206
21209
21211
21214
21215
21219
21220
21221
21222
21223
21225
21226
21227
21228
21229
21230
21231
21232
21233
21235
21237
21238
21239
21240
21242
21243
21245
21246
21247
21248
21249
21251
21252
21254
21255
21256
21257
21259
21260
21262
21263
21266
21267
21268
21270
21271
21272
21276
21277
21278
21279
21280
21282
21283
21286
21287
21288
21290
21291
21292
21293
21294
21295
21298
21299
21301
21304
21305
21306
21307
21308
21309
21310
21311
21313
21314
21317
21318
21321
21325
21326
21327
21328
21329
21330
21335
21336
21340
21341
21342
21343
21344
21345
21346
21347
21349
21352
21353
21354
21356
21360
21361
21362
21365
21367
21368
21369
21370
21372
21374
21375
21376
21378
21379
21380
21382
21383
21384
21385
21386
21388
21389
21391
21392
21395
21396
21399
21400
21401
21407
21409
21411
21412
21415
21419
21420
21422
21423
21424
21425
21426
21428
21430
21431
21432
21433
21435
21436
21437
21438
21443
21444
21446
21447
21451
21452
21453
21454
21455
21456
21458
21462
21463
21465
21466
21467
21468
21473
21474
21476
21477
21479
21481
21482
21483
21484
21485
21487
21488
21489
21490
21493
21495
21496
21497
21498
21499
21501
21503
21504
21505
21506
21508
21512
21513
21516
21517
21518
21519
21520
21521
21523
21524
21526
21527
21528
21529
21530
21538
21540
21543
21544
21545
21547
21548
21550
21553
21554
21556
21560
21562
21564
21565
21570
21572
21573
21579
21580
21581
21582
21583
21585
21586
21587
21588
21592
21595
21601
21602
21603
21605
21606
21608
21609
21610
21615
21618
21619
21620
21621
21622
21624
21625
21629
21630
21631
21633
21652
21653
21654
21655
21657
21658
21659
21664
21668
21671
21674
21676
21678
21680
21681
21685
21690
21691
21692
21693
21696
21697
21701
21704
21708
21710
21718
21719
21720
21721
21723
21724
21725
21727
21732
21734
21737
21742
21744
21745
21746
21749
21750
21751
21752
21753
21756
21757
21758
21759
21760
21761
21764
21765
21766
21769
21774
21775
21777
21780
21781
21782
21783
21784
21787
21789
21790
21792
21793
21800
21802
21806
21808
21810
21813
21815
21816
21818
21819
21822
21823
21824
21826
21830
21831
21832
21833
21836
21838
21841
21844
21845
21847
21848
21849
21852
21855
21856
21858
21859
21860
21861
21862
21864
21871
21872
21876
21877
21878
21879
21882
21884
21885
21886
21887
21889
21890
21892
21895
21896
21899
21900
21902
21905
21907
21909
21910
21916
21917
21919
21921
21923
21926
21933
21934
21935
21936
21939
21940
21941
21943
21948
21950
21954
21955
21959
21962
21963
21964
21967
21973
21975
21976
21981
21982
21984
21991
21992
21993
21994
21995
21996
21997
21998
21999
22000
22003
22004
22005
22006
22007
22008
22009
22012
22016
22020
22023
22024
22027
22030
22032
22033
22034
22036
22037
22040
22041
22043
22044
22047
22050
22052
22053
22054
22055
22056
22057
22060
22062
22065
22066
22067
22068
22071
22075
22076
22080
22082
22084
22087
22088
22089
22090
22091
22093
22094
22096
22099
22100
22101
22102
22103
22104
22105
22106
22107
22108
22109
22110
22112
22115
22116
22118
22122
22123
22124
22125
22126
22128
22129
22130
22131
22135
22137
22138
22140
22143
22144
22147
22148
22149
22151
22154
22156
22158
22159
22162
22163
22169
22170
22171
22172
22174
22176
22177
22179
22180
22184
22186
22187
22188
22190
22191
22192
22193
22195
22196
22199
22200
22201
22202
22204
22205
22207
22209
22210
22212
22213
22215
22217
22219
22220
22223
22225
22227
22228
22230
22231
22232
22235
22238
22239
22240
22241
22242
22243
22245
22246
22247
22248
22249
22251
22252
22256
22258
22259
22263
22264
22265
22266
22268
22269
22270
22271
22273
22274
22275
22277
22278
22279
22281
22282
22283
22284
22286
22289
22292
22294
22299
22302
22304
22308
22310
22321
22323
22325
22338
22341
22342
22347
22350
22354
22356
22359
22360
22363
22374
22375
22380
22384
22386
22389
22394
22399
22403
22404
22407
22409
22410
22416
22418
22419
22422
22427
22428
22429
22430
22432
22435
22436
22439
22441
22442
22445
22446
22447
22452
22456
22467
22469
22478
22479
22486
22490
22492
22500
22504
22524
22532
22544
22545
22547
22552
22556
22558
22564
22565
22577
22580
22588
22591
22599
22600
22603
22606
22626
22658
22671
22672
22682
22687
22694
22695
22709
22711
22718
22737
22738
22748
22750
22758
22764
22772
22778
22805
22809
22812
22813
22821
22823
22840
22846
22861
22862
22864
22874
22882
22883
22911
22915
22916
22917
22918
22927
22928
22954
22959
22960
22961
22962
22964
22965
22966
22967
22968
22970
22971
22974
22975
22976
22977
22978
22979
22980
22984
22986
22987
22988
22990
22991
22994
22998
22999
23004
23006
23007
23008
23009
23011
23012
23013
23015
23016
23017
23021
23024
23026
23029
23036
23037
23040
23041
23042
23043
23046
23047
23050
23053
23055
23057
23058
23059
23062
23063
23069
23072
23073
23075
23076
23082
23083
23084
23085
23087
23088
23091
23095
23096
23098
23099
23100
23102
23104
23105
23108
23111
23112
23114
23117
23118
23119
23120
23122
23128
23131
23133
23134
23135
23137
23140
23141
23142
23146
23147
23148
23149
23150
23151
23153
23154
23160
23161
23162
23163
23164
23167
23170
23171
23172
23174
23176
23177
23178
23179
23181
23185
23188
23189
23193
23196
23199
23200
23203
23206
23207
23209
23210
23211
23213
23215
23216
23218
23219
23221
23222
23223
23224
23225
23228
23229
23231
23235
23236
23237
23239
23240
23241
23243
23244
23246
23247
23250
23251
23253
23256
23258
23261
23262
23263
23266
23267
23269
23270
23271
23272
23273
23275
23276
23278
23279
23281
23283
23285
23290
23291
23292
23298
23300
23303
23310
23313
23316
23321
23328
23329
23330
23332
23333
23335
23338
23339
23346
23347
23351
23352
23353
23355
23357
23359
23361
23362
23363
23365
23368
23370
23371
23372
23373
23374
23377
23378
23381
23384
23385
23386
23387
23389
23394
23395
23396
23397
23398
23399
23400
23401
23402
23403
23404
23405
23407
23409
23411
23414
23415
23417
23419
23422
23423
23424
23427
23428
23429
23430
23431
23433
23434
23436
23440
23441
23444
23446
23448
23452
23455
23456
23459
23461
23462
23464
23466
23470
23473
23478
23479
23480
23481
23484
23485
23487
23488
23491
23494
23499
23500
23501
23503
23505
23506
23508
23509
23510
23512
23513
23518
23520
23521
23523
23532
23536
23537
23543
23551
23555
23557
23560
23561
23562
23563
23565
23566
23570
23571
23573
23578
23581
23584
23587
23589
23594
23596
23598
23600
23603
23605
23608
23609
23610
23611
23614
23616
23617
23622
23623
23624
23625
23630
23632
23634
23636
23638
23642
23645
23647
23650
23652
23654
23656
23658
23659
23660
23662
23665
23666
23667
23670
23671
23676
23677
23678
23679
23680
23682
23685
23687
23694
23696
23699
23700
23701
23709
23712
23713
23717
23718
23720
23727
23729
23730
23731
23733
23734
23736
23738
23740
23741
23742
23745
23753
23756
23758
23760
23761
23762
23763
23766
23770
23771
23772
23773
23778
23779
23780
23781
23785
23786
23790
23791
23794
23796
23797
23798
23799
23800
23801
23802
23803
23804
23809
23811
23813
23815
23817
23819
23820
23823
23833
23836
23837
23839
23840
23845
23847
23848
23853
23855
23858
23860
23862
23863
23864
23867
23868
23874
23875
23876
23877
23878
23879
23884
23889
23892
23893
23897
23899
23901
23904
23905
23909
23912
23921
23922
23926
23931
23937
23939
23940
23943
23948
23959
23960
23963
23966
23967
23968
23971
23974
23978
23983
23986
23987
23993
23998
23999
24000
24002
24011
24012
24013
24015
24016
24018
24021
24025
24029
24031
24032
24034
24035
24037
24043
24046
24049
24050
24051
24052
24055
24064
24066
24069
24071
24072
24076
24079
24081
24082
24084
24088
24089
24091
24093
24101
24103
24104
24111
24112
24116
24123
24126
24128
24129
24130
24134
24137
24139
24140
24141
24145
24152
24154
24156
24164
24166
24167
24168
24171
24173
24174
24175
24178
24186
24188
24192
24194
24196
24198
24209
24215
24217
24218
24222
24223
24228
24230
24234
24237
24239
24240
24241
24242
24245
24246
24248
24249
24250
24252
24253
24255
24257
24259
24262
24264
24265
24272
24276
24279
24281
24285
24288
24293
24296
24309
24312
24313
24315
24316
24317
24321
24322
24330
24331
24336
24339
24340
24341
24343
24347
24348
24358
24362
24363
24372
24381
24382
24385
24388
24396
24397
24406
24426
24430
24431
24436
24440
24447
24449
24452
24454
24455
24456
24457
24459
24467
24469
24476
24480
24481
24486
24490
24496
24498
24502
24503
24505
24507
24508
24509
24513
24515
24520
24521
24522
24524
24525
24526
24528
24538
24544
24547
24550
24551
24553
24555
24563
24566
24567
24568
24569
24570
24578
24581
24582
24586
24592
24602
24603
24604
24612
24613
24624
24629
24630
24631
24635
24639
24640
24641
24645
24658
24659
24660
24661
24665
24666
24667
24671
24672
24673
24675
24677
24678
24679
24685
24687
24690
24691
24694
24695
24697
24698
24699
24702
24704
24706
24710
24712
24713
24714
24716
24722
24725
24726
24727
24729
24731
24734
24735
24738
24739
24741
24743
24746
24747
24748
24749
24753
24754
24756
24758
24761
24762
24763
24765
24768
24770
24771
24772
24773
24774
24775
24776
24777
24778
24779
24780
24782
24783
24784
24785
24787
24788
24789
24790
24793
24794
24795
24796
24797
24798
24799
24801
24802
24803
24804
24805
24808
24809
24810
24812
24813
24814
24816
24818
24819
24820
24822
24823
24826
24827
24830
24833
24834
24835
24836
24837
24838
24839
24840
24841
24842
24843
24844
24845
24846
24848
24849
24850
24853
24854
24855
24856
24857
24858
24861
24863
24864
24865
24866
24869
24870
24871
24872
24873
24874
24875
24878
24879
24880
24881
24882
24883
24884
24885
24886
24887
24888
24891
24892
24896
24897
24898
24899
24900
24901
24903
24904
24905
24907
24908
24910
24911
24912
24913
24914
24915
24917
24918
24919
24920
24921
24923
24925
24927
24928
24930
24932
24934
24936
24937
24938
24939
24943
24944
24945
24947
24950
24954
24959
24960
24963
24965
24966
24968
24969
24970
24972
24973
24975
24976
24977
24978
24980
24981
24982
24983
24984
24985
24986
24989
24990
24999
25000
25001
25002
25003
25004
25005
25006
25007
25008
25009
25010
25011
25013
25014
25015
25019
25021
25022
25023
25026
25027
25028
25031
25035
25037
25039
25042
25043
25044
25046
25047
25049
25050
25052
25054
25057
25058
25060
25062
25063
25066
25067
25068
25070
25071
25072
25073
25074
25077
25079
25081
25084
25086
25087
25090
25091
25093
25094
25095
25096
25101
25103
25104
25105
25106
25108
25109
25110
25113
25114
25120
25121
25122
25125
25126
25127
25128
25129
25130
25132
25133
25135
25136
25138
25139
25143
25144
25146
25149
25150
25152
25154
25155
25156
25157
25161
25162
25163
25167
25169
25170
25171
25173
25174
25176
25179
25180
25181
25182
25183
25186
25187
25188
25191
25194
25195
25197
25198
25199
25201
25202
25203
25204
25207
25209
25210
25212
25213
25217
25221
25223
25224
25225
25226
25227
25233
25238
25243
25244
25245
25246
25250
25252
25254
25255
25257
25258
25259
25264
25265
25266
25267
25268
25270
25271
25273
25274
25276
25278
25282
25283
25284
25289
25292
25295
25300
25302
25306
25307
25308
25309
25311
25313
25314
25316
25317
25320
25322
25323
25325
25326
25328
25332
25333
25334
25336
25337
25343
25347
25352
25354
25356
25357
25359
25360
25362
25369
25372
25373
25379
25384
25386
25388
25389
25390
25392
25395
25399
25401
25404
25405
25407
25408
25411
25415
25418
25422
25424
25430
25434
25437
25438
25446
25454
25456
25458
25459
25463
25464
25469
25470
25474
25476
25477
25479
25480
25482
25484
25489
25491
25492
25494
25495
25497
25506
25507
25514
25516
25517
25520
25522
25523
25524
25525
25527
25529
25532
25533
25534
25536
25537
25538
25539
25540
25541
25545
25546
25548
25550
25552
25553
25554
25558
25559
25562
25563
25564
25566
25569
25570
25571
25572
25573
25575
25576
25577
25581
25582
25583
25585
25587
25594
25595
25596
25600
25601
25603
25604
25607
25608
25609
25616
25618
25619
25621
25622
25623
25627
25634
25635
25636
25638
25640
25641
25645
25646
25648
25650
25654
25656
25657
25658
25662
25663
25664
25669
25672
25673
25676
25677
25678
25680
25682
25683
25685
25688
25689
25690
25691
25692
25693
25695
25698
25699
25702
25703
25704
25705
25706
25707
25708
25709
25710
25711
25712
25713
25718
25719
25720
25721
25723
25725
25726
25730
25732
25734
25740
25741
25742
25743
25744
25745
25746
25747
25748
25749
25750
25751
25752
25753
25754
25757
25758
25761
25765
25766
25767
25771
25777
25778
25780
25781
25783
25785
25786
25788
25791
25793
25794
25796
25797
25798
25801
25803
25805
25808
25810
25813
25814
25815
25816
25819
25821
25824
25826
25828
25830
25832
25833
25834
25837
25839
25840
25841
25842
25843
25844
25845
25846
25847
25849
25850
25851
25852
25853
25854
25855
25857
25858
25861
25862
25865
25867
25868
25870
25873
25876
25877
25882
25883
25884
25886
25888
25889
25891
25892
25893
25896
25898
25900
25901
25903
25906
25907
25908
25909
25910
25913
25915
25916
25918
25919
25921
25923
25924
25926
25927
25928
25929
25931
25937
25939
25941
25942
25944
25945
25946
25949
25950
25952
25956
25957
25958
25959
25960
25961
25962
25964
25966
25968
25969
25971
25972
25975
25976
25978
25980
25982
25983
25984
25985
25987
25988
25989
25992
25993
25995
25996
25997
25998
26000
26002
26007
26008
26013
26019
26022
26030
26034
26035
26036
26039
26044
26046
26060
26070
26077
26083
26089
26090
26097
26108
26109
26110
26113
26114
26116
26117
26118
26121
26122
26124
26126
26127
26129
26135
26140
26141
26142
26144
26146
26149
26152
26155
26156
26160
26161
26162
26163
26164
26166
26168
26177
26181
26183
26186
26197
26199
26201
26204
26205
26212
26214
26217
26224
26225
26228
26233
26237
26254
26257
26262
26267
26270
26279
26311
26317
26325
26344
26350
26353
26355
26365
26367
26374
26378
26381
26386
26393
26397
26398
26399
26401
26403
26416
26423
26438
26449
26450
26451
26456
26460
26463
26464
26465
26467
26468
26470
26474
26482
26483
26495
26497
26500
26506
26507
26522
26524
26527
26531
26533
26539
26540
26545
26551
26552
26553
26555
26566
26588
26617
26629
26634
26637
26638
26647
26652
26654
26656
26660
26663
26668
26672
26673
26675
26676
26678
26679
26680
26682
26683
26684
26685
26686
26689
26690
26691
26693
26694
26695
26697
26699
26700
26701
26703
26705
26706
26707
26708
26709
26711
26712
26713
26714
26716
26717
26718
26719
26720
26721
26722
26723
26724
26725
26726
26727
26728
26729
26730
26732
26733
26734
26737
26738
26740
26742
26743
26745
26746
26748
26750
26754
26755
26756
26761
26763
26765
26767
26768
26771
26773
26777
26779
26780
26785
26786
26788
26789
26794
26795
26797
26799
26800
26802
26803
26805
26809
26810
26811
26813
26814
26816
26818
26819
26821
26822
26823
26825
26828
26829
26831
26832
26833
26834
26835
26836
26837
26839
26840
26841
26842
26843
26844
26846
26847
26848
26852
26857
26858
26859
26860
26861
26862
26863
26866
26873
26875
26876
26877
26878
26880
26881
26882
26886
26887
26890
26892
26893
26895
26896
26899
26902
26903
26909
26910
26911
26913
26917
26920
26921
26922
26925
26926
26928
26929
26932
26933
26934
26936
26937
26938
26939
26940
26943
26945
26947
26949
26951
26955
26956
26957
26958
26959
26960
26961
26965
26966
26970
26971
26975
26977
26978
26982
26983
26984
26985
26986
26989
26992
26993
26996
26997
26999
27000
27002
27004
27014
27015
27022
27023
27024
27027
27030
27031
27034
27036
27048
27049
27052
27053
27055
27059
27065
27068
27069
27071
27072
27074
27077
27079
27080
27081
27084
27085
27086
27091
27092
27093
27095
27096
27098
27099
27101
27102
27103
27104
27105
27107
27108
27109
27110
27111
27114
27123
27127
27130
27131
27134
27137
27138
27140
27141
27142
27144
27146
27147
27149
27154
27155
27157
27160
27162
27163
27164
27167
27169
27170
27171
27173
27175
27176
27178
27181
27182
27183
27184
27188
27192
27194
27196
27198
27201
27205
27209
27210
27211
27213
27214
27215
27219
27220
27221
27226
27228
27229
27232
27234
27237
27239
27243
27244
27249
27250
27251
27256
27257
27259
27264
27266
27270
27271
27274
27275
27280
27283
27284
27285
27286
27287
27289
27290
27292
27295
27297
27298
27301
27302
27303
27305
27306
27307
27309
27312
27314
27315
27317
27321
27323
27324
27325
27327
27328
27330
27331
27332
27333
27334
27335
27336
27338
27339
27341
27342
27344
27346
27347
27348
27350
27351
27352
27356
27357
27358
27362
27366
27368
27370
27373
27374
27376
27377
27379
27380
27382
27384
27385
27386
27387
27388
27389
27390
27391
27393
27394
27395
27396
27398
27401
27402
27403
27407
27408
27414
27417
27420
27421
27423
27425
27427
27428
27430
27431
27432
27434
27435
27436
27437
27439
27441
27443
27444
27447
27448
27452
27453
27454
27455
27456
27458
27459
27460
27462
27466
27468
27469
27473
27476
27477
27478
27479
27480
27481
27486
27487
27490
27492
27493
27494
27495
27501
27503
27504
27508
27509
27511
27512
27513
27514
27515
27519
27523
27525
27526
27527
27533
27534
27536
27537
27539
27541
27542
27549
27550
27551
27552
27556
27557
27558
27559
27566
27567
27568
27569
27570
27571
27572
27573
27575
27576
27577
27578
27580
27581
27583
27584
27587
27589
27590
27591
27593
27597
27601
27604
27608
27611
27612
27613
27614
27615
27618
27619
27621
27622
27624
27625
27627
27628
27629
27632
27636
27639
27640
27645
27646
27647
27651
27652
27660
27661
27662
27663
27670
27671
27674
27676
27677
27679
27680
27681
27682
27685
27688
27690
27692
27696
27697
27698
27707
27709
27710
27713
27715
27716
27718
27721
27722
27724
27726
27727
27730
27732
27733
27735
27737
27739
27740
27741
27742
27744
27746
27748
27749
27755
27756
27757
27759
27760
27761
27762
27763
27765
27766
27768
27771
27774
27778
27783
27785
27786
27792
27793
27794
27799
27803
27807
27808
27809
27811
27817
27819
27821
27827
27828
27834
27836
27837
27840
27847
27849
27851
27853
27855
27859
27864
27869
27879
27882
27883
27887
27888
27889
27892
27893
27902
27903
27904
27908
27910
27914
27921
27922
27923
27926
27930
27931
27933
27935
27936
27938
27942
27943
27944
27950
27953
27956
27959
27960
27962
27964
27969
27971
27973
27977
27978
27980
27985
27990
27993
27995
27998
28001
28010
28011
28013
28015
28021
28026
28027
28029
28030
28031
28033
28036
28038
28041
28042
28043
28045
28048
28051
28052
28053
28055
28063
28064
28066
28071
28076
28077
28082
28083
28086
28096
28098
28108
28110
28111
28114
28120
28121
28131
28135
28137
28142
28145
28148
28150
28158
28159
28160
28161
28163
28164
28165
28167
28168
28170
28176
28179
28182
28184
28189
28190
28194
28195
28198
28200
28205
28206
28213
28214
28216
28218
28219
28221
28223
28224
28227
28230
28231
28233
28242
28245
28246
28250
28252
28253
28254
28260
28261
28262
28264
28265
28271
28272
28273
28275
28280
28284
28286
28288
28290
28296
28302
28305
28306
28309
28312
28316
28317
28318
28324
28325
28331
28333
28337
28339
28343
28344
28345
28347
28349
28353
28354
28355
28361
28371
28372
28373
28374
28375
28380
28381
28382
28385
28386
28389
28392
28395
28397
28399
28404
28405
28406
28408
28412
28413
28414
28419
28420
28421
28422
28425
28426
28427
28428
28431
28432
28433
28434
28435
28436
28439
28441
28442
28443
28450
28451
28452
28453
28457
28459
28460
28466
28470
28472
28474
28475
28476
28477
28481
28482
28484
28485
28486
28487
28488
28490
28491
28493
28494
28495
28499
28501
28503
28504
28507
28508
28509
28510
28511
28512
28513
28515
28516
28517
28519
28520
28522
28523
28524
28526
28527
28528
28529
28530
28532
28534
28535
28536
28537
28540
28542
28544
28546
28548
28549
28550
28551
28552
28554
28555
28557
28559
28560
28561
28563
28564
28565
28566
28567
28568
28569
28571
28572
28575
28576
28577
28579
28581
28582
28583
28584
28586
28588
28589
28592
28593
28594
28595
28596
28597
28599
28600
28601
28602
28604
28605
28606
28610
28612
28613
28614
28615
28616
28617
28619
28620
28621
28626
28629
28631
28633
28635
28639
28641
28644
28645
28646
28648
28649
28650
28651
28653
28654
28655
28657
28659
28661
28663
28664
28666
28668
28670
28672
28673
28674
28676
28677
28678
28679
28680
28683
28684
28685
28687
28688
28689
28690
28691
28693
28696
28697
28698
28699
28700
28701
28703
28704
28705
28706
28707
28708
28709
28710
28712
28714
28718
28719
28721
28726
28727
28728
28729
28731
28732
28734
28736
28738
28741
28742
28744
28745
28747
28749
28750
28751
28756
28757
28758
28759
28762
28763
28764
28768
28770
28771
28774
28775
28777
28778
28780
28781
28784
28786
28787
28790
28793
28794
28795
28797
28798
28799
28800
28801
28805
28806
28807
28809
28812
28813
28814
28816
28819
28820
28823
28824
28827
28828
28831
28834
28835
28836
28837
28839
28840
28841
28842
28843
28846
28847
28848
28850
28852
28853
28856
28859
28860
28861
28863
28864
28865
28866
28868
28871
28872
28874
28875
28876
28877
28878
28879
28880
28881
28884
28886
28888
28889
28892
28893
28894
28895
28896
28897
28899
28900
28901
28902
28905
28907
28908
28909
28912
28913
28915
28916
28917
28918
28921
28926
28927
28928
28930
28931
28934
28938
28940
28942
28944
28945
28954
28959
28960
28963
28966
28968
28969
28971
28973
28974
28975
28977
28979
28984
28986
28990
28991
28992
28997
29000
29001
29007
29009
29013
29014
29016
29020
29021
29023
29026
29027
29028
29030
29031
29033
29034
29036
29038
29040
29043
29045
29046
29048
29050
29051
29059
29061
29062
29063
29065
29067
29068
29076
29081
29083
29084
29086
29089
29090
29092
29094
29096
29097
29098
29102
29104
29106
29109
29111
29115
29118
29120
29121
29124
29125
29128
29129
29130
29132
29134
29135
29136
29138
29143
29148
29149
29150
29152
29153
29155
29156
29158
29159
29163
29165
29169
29170
29173
29175
29176
29177
29179
29180
29181
29182
29185
29188
29189
29190
29191
29193
29197
29198
29200
29201
29203
29204
29211
29212
29213
29217
29218
29220
29221
29222
29228
29231
29234
29236
29238
29240
29243
29246
29249
29250
29251
29252
29254
29255
29256
29257
29258
29259
29260
29262
29264
29266
29269
29271
29273
29274
29276
29277
29279
29282
29284
29285
29286
29288
29290
29291
29293
29294
29295
29297
29298
29299
29302
29303
29305
29306
29308
29309
29310
29313
29314
29315
29317
29319
29320
29321
29322
29323
29324
29327
29332
29335
29339
29340
29343
29344
29345
29346
29347
29348
29351
29353
29355
29356
29359
29360
29367
29370
29371
29372
29373
29376
29377
29378
29382
29383
29386
29387
29390
29391
29394
29395
29397
29404
29406
29408
29409
29410
29412
29413
29416
29417
29419
29420
29421
29423
29424
29426
29428
29431
29432
29433
29434
29436
29437
29438
29444
29448
29452
29455
29456
29459
29460
29461
29462
29464
29465
29468
29469
29470
29471
29472
29475
29477
29478
29482
29483
29484
29485
29488
29490
29493
29494
29495
29499
29502
29506
29508
29510
29513
29517
29518
29519
29520
29528
29529
29530
29532
29533
29537
29538
29540
29541
29542
29543
29544
29546
29551
29552
29553
29554
29556
29557
29558
29559
29560
29563
29565
29566
29568
29569
29571
29575
29576
29577
29579
29581
29582
29583
29586
29587
29594
29595
29597
29598
29600
29602
29603
29604
29605
29607
29608
29611
29614
29615
29616
29618
29619
29620
29624
29626
29627
29629
29630
29631
29633
29634
29635
29638
29641
29642
29643
29644
29645
29650
29652
29653
29654
29655
29656
29657
29659
29660
29662
29663
29664
29665
29667
29668
29670
29672
29673
29675
29676
29677
29678
29680
29682
29685
29686
29687
29688
29689
29690
29692
29694
29695
29696
29698
29699
29700
29701
29702
29703
29705
29706
29709
29710
29711
29715
29717
29718
29719
29721
29722
29727
29731
29747
29750
29751
29752
29754
29755
29760
29766
29769
29770
29775
29780
29781
29782
29783
29784
29786
29793
29801
29802
29803
29808
29818
29821
29828
29829
29834
29835
29837
29838
29842
29845
29846
29850
29853
29855
29856
29857
29858
29859
29864
29870
29873
29874
29877
29880
29882
29884
29888
29897
29902
29918
29931
29939
29941
29944
29947
29948
29957
29966
29968
29974
29988
29991
30002
30012
30021
30030
30031
30034
30042
30061
30069
30082
30086
30088
30092
30095
30098
30102
30122
30123
30125
30128
30129
30130
30155
30163
30171
30174
30178
30192
30196
30200
30203
30205
30211
30220
30229
30231
30233
30240
30244
30245
30247
30261
30264
30267
30273
30276
30295
30300
30309
30314
30328
30337
30343
30348
30377
30381
30382
30386
30387
30389
30390
30391
30393
30394
30395
30396
30398
30399
30400
30401
30403
30404
30405
30406
30407
30408
30409
30412
30413
30416
30417
30419
30421
30423
30424
30425
30426
30427
30428
30430
30432
30433
30434
30437
30438
30439
30440
30441
30443
30444
30445
30446
30447
30449
30450
30451
30454
30456
30457
30459
30461
30463
30465
30466
30468
30469
30470
30471
30472
30473
30474
30476
30478
30480
30481
30483
30484
30485
30486
30487
30490
30492
30493
30495
30498
30500
30503
30504
30506
30508
30509
30512
30513
30514
30515
30516
30517
30518
30519
30521
30523
30527
30528
30530
30531
30532
30533
30534
30535
30536
30538
30539
30540
30542
30543
30544
30545
30547
30548
30549
30550
30552
30553
30554
30556
30558
30559
30560
30562
30563
30564
30568
30569
30570
30572
30573
30574
30575
30576
30577
30578
30579
30580
30582
30587
30588
30591
30592
30595
30596
30598
30600
30601
30602
30604
30607
30608
30609
30610
30612
30613
30615
30616
30619
30621
30623
30625
30628
30631
30633
30634
30635
30636
30637
30638
30639
30641
30642
30643
30644
30647
30648
30649
30650
30651
30652
30654
30656
30657
30658
30659
30661
30662
30663
30668
30670
30672
30673
30674
30675
30676
30678
30679
30680
30681
30686
30689
30691
30693
30694
30695
30696
30697
30698
30699
30703
30708
30709
30710
30711
30712
30713
30714
30717
30719
30720
30721
30724
30728
30729
30731
30732
30733
30738
30741
30744
30748
30749
30756
30758
30759
30760
30763
30765
30766
30767
30770
30773
30775
30776
30777
30778
30779
30782
30783
30784
30785
30786
30787
30789
30790
30791
30793
30794
30796
30798
30799
30800
30807
30810
30811
30813
30815
30816
30818
30821
30823
30824
30825
30828
30832
30833
30835
30836
30837
30839
30840
30841
30842
30843
30847
30851
30853
30856
30858
30862
30863
30864
30865
30868
30869
30872
30873
30874
30876
30877
30878
30880
30881
30883
30884
30887
30888
30889
30890
30892
30895
30898
30901
30903
30905
30906
30907
30912
30914
30915
30916
30917
30919
30921
30923
30924
30926
30927
30928
30929
30931
30932
30933
30934
30935
30937
30939
30940
30941
30942
30944
30948
30949
30950
30951
30953
30956
30957
30959
30960
30961
30962
30963
30964
30965
30967
30968
30970
30971
30972
30974
30978
30981
30984
30986
30988
30989
30990
30991
30992
30993
30994
30995
30998
30999
31000
31001
31003
31004
31005
31006
31009
31011
31012
31013
31015
31019
31021
31022
31025
31026
31029
31033
31034
31035
31036
31038
31042
31043
31044
31045
31046
31047
31048
31049
31051
31053
31056
31057
31060
31061
31064
31065
31067
31071
31073
31075
31076
31078
31080
31082
31084
31085
31086
31087
31090
31091
31092
31093
31095
31098
31099
31101
31102
31103
31104
31105
31108
31110
31112
31113
31114
31115
31116
31118
31119
31120
31121
31123
31124
31127
31128
31129
31130
31131
31132
31133
31134
31141
31142
31145
31147
31148
31149
31151
31152
31153
31154
31157
31158
31159
31161
31162
31166
31167
31168
31169
31170
31172
31173
31176
31178
31179
31180
31181
31182
31183
31184
31188
31190
31193
31197
31198
31203
31206
31208
31209
31210
31212
31215
31216
31218
31220
31221
31222
31224
31225
31227
31231
31232
31234
31236
31238
31239
31242
31247
31248
31251
31253
31255
31258
31261
31263
31267
31268
31269
31271
31275
31276
31277
31280
31283
31284
31285
31286
31287
31288
31292
31295
31296
31298
31299
31301
31302
31303
31304
31305
31306
31308
31309
31310
31311
31316
31318
31319
31320
31328
31329
31332
31333
31335
31341
31342
31343
31345
31349
31350
31353
31354
31357
31358
31359
31361
31364
31365
31369
31374
31376
31377
31385
31386
31387
31388
31394
31396
31398
31400
31402
31406
31409
31410
31412
31413
31414
31415
31417
31419
31420
31421
31423
31425
31427
31428
31431
31432
31433
31435
31437
31438
31439
31440
31442
31443
31444
31445
31447
31448
31449
31451
31453
31459
31461
31462
31463
31464
31466
31471
31472
31473
31474
31476
31478
31480
31488
31492
31494
31495
31497
31500
31503
31507
31508
31509
31510
31513
31516
31519
31521
31523
31525
31529
31533
31534
31544
31548
31551
31553
31556
31564
31566
31567
31568
31570
31573
31574
31579
31581
31586
31587
31588
31590
31595
31599
31600
31601
31602
31604
31606
31614
31617
31618
31620
31622
31624
31628
31630
31634
31636
31641
31642
31645
31647
31649
31651
31656
31657
31661
31662
31664
31666
31667
31668
31671
31674
31678
31679
31680
31683
31685
31686
31690
31691
31692
31696
31697
31698
31699
31703
31705
31707
31709
31712
31715
31724
31735
31736
31738
31740
31741
31746
31750
31751
31753
31757
31758
31759
31761
31764
31766
31767
31768
31775
31779
31780
31792
31793
31800
31801
31806
31807
31810
31813
31814
31820
31821
31824
31830
31831
31832
31835
31837
31838
31839
31845
31851
31854
31858
31859
31865
31868
31869
31873
31875
31879
31880
31881
31882
31883
31884
31886
31887
31889
31890
31895
31897
31898
31901
31902
31908
31909
31911
31912
31913
31914
31915
31917
31918
31920
31924
31930
31935
31941
31943
31946
31947
31949
31951
31953
31957
31960
31963
31965
31967
31968
31970
31972
31973
31976
31978
31982
31985
31986
31991
31994
32002
32003
32007
32011
32014
32015
32021
32023
32025
32026
32030
32031
32032
32035
32038
32039
32040
32042
32047
32050
32053
32054
32058
32059
32062
32063
32068
32069
32073
32077
32079
32080
32081
32086
32087
32088
32089
32092
32094
32095
32096
32099
32100
32102
32103
32105
32106
32108
32109
32110
32111
32113
32115
32116
32117
32118
32119
32120
32123
32125
32126
32127
32132
32134
32135
32139
32140
32141
32142
32144
32145
32147
32148
32150
32151
32153
32155
32156
32157
32159
32163
32166
32167
32168
32170
32171
32172
32173
32176
32184
32186
32189
32191
32192
32195
32199
32200
32201
32202
32203
32204
32205
32206
32207
32208
32210
32211
32213
32215
32216
32217
32218
32219
32221
32222
32223
32224
32225
32226
32227
32229
32230
32231
32232
32233
32234
32235
32236
32237
32238
32239
32241
32242
32243
32244
32246
32248
32250
32251
32252
32253
32254
32255
32256
32258
32260
32261
32262
32263
32264
32265
32266
32267
32268
32269
32270
32271
32272
32273
32274
32275
32276
32278
32281
32282
32283
32285
32286
32288
32289
32291
32292
32293
32294
32295
32296
32297
32298
32299
32300
32301
32302
32303
32304
32306
32307
32308
32309
32310
32311
32313
32314
32316
32317
32319
32320
32322
32324
32326
32327
32328
32329
32331
32332
32333
32335
32336
32337
32338
32339
32340
32341
32342
32343
32344
32345
32346
32347
32348
32349
32351
32353
32354
32355
32356
32357
32358
32360
32361
32363
32364
32365
32366
32367
32368
32370
32371
32372
32373
32374
32375
32376
32378
32379
32380
32381
32382
32383
32384
32385
32386
32387
32388
32389
32390
32392
32393
32395
32396
32397
32398
32399
32400
32401
32403
32404
32405
32406
32407
32408
32409
32410
32411
32412
32413
32414
32415
32416
32418
32420
32422
32423
32424
32425
32429
32430
32431
32432
32433
32434
32436
32437
32438
32439
32440
32441
32443
32445
32447
32448
32449
32450
32451
32452
32454
32455
32456
32457
32459
32461
32463
32464
32465
32466
32470
32471
32472
32476
32477
32478
32479
32480
32481
32483
32484
32485
32486
32487
32488
32489
32491
32492
32493
32495
32496
32498
32500
32501
32502
32507
32509
32510
32512
32513
32514
32515
32517
32518
32519
32524
32525
32527
32528
32532
32533
32536
32537
32538
32539
32540
32541
32542
32543
32545
32547
32548
32549
32550
32553
32554
32555
32556
32557
32558
32560
32561
32564
32565
32566
32567
32569
32571
32572
32575
32577
32578
32580
32582
32583
32585
32586
32588
32590
32591
32592
32593
32595
32597
32598
32600
32602
32604
32605
32607
32609
32610
32611
32615
32616
32618
32619
32620
32621
32623
32624
32625
32626
32627
32629
32631
32632
32639
32640
32642
32645
32647
32649
32650
32652
32653
32655
32657
32658
32660
32661
32663
32666
32669
32670
32672
32673
32674
32676
32677
32678
32682
32683
32685
32687
32688
32690
32691
32692
32694
32696
32697
32698
32701
32702
32703
32704
32705
32706
32708
32710
32712
32715
32718
32719
32721
32723
32727
32728
32730
32732
32733
32734
32739
32741
32742
32743
32744
32745
32748
32750
32760
32761
32762
32763
32765
32766
32768
32769
32771
32773
32776
32778
32780
32786
32787
32790
32795
32796
32799
32800
32805
32806
32810
32812
32813
32814
32817
32818
32822
32823
32826
32831
32832
32834
32835
32837
32839
32841
32843
32844
32846
32850
32851
32856
32861
32865
32866
32869
32874
32876
32877
32882
32883
32884
32885
32886
32889
32891
32892
32895
32897
32899
32901
32902
32904
32906
32907
32908
32910
32912
32913
32915
32916
32923
32925
32926
32928
32930
32931
32932
32933
32934
32937
32939
32941
32942
32944
32946
32948
32950
32951
32955
32958
32960
32961
32962
32964
32965
32966
32969
32970
32973
32974
32975
32977
32980
32981
32987
32988
32990
32991
32992
32993
32994
32996
32997
32998
32999
33002
33003
33004
33005
33006
33007
33011
33013
33019
33020
33021
33022
33023
33027
33028
33029
33031
33034
33035
33037
33039
33042
33043
33046
33049
33050
33052
33053
33054
33055
33056
33058
33059
33060
33061
33063
33064
33066
33067
33069
33070
33071
33072
33073
33074
33076
33077
33078
33079
33082
33084
33087
33088
33089
33090
33092
33093
33095
33096
33097
33100
33101
33104
33105
33106
33109
33110
33111
33115
33116
33118
33119
33120
33121
33122
33123
33126
33128
33130
33131
33133
33134
33135
33137
33138
33139
33140
33141
33142
33143
33145
33146
33147
33148
33149
33150
33151
33154
33158
33159
33162
33165
33166
33169
33171
33172
33173
33175
33176
33177
33178
33179
33180
33182
33183
33184
33185
33186
33187
33189
33190
33191
33192
33194
33196
33198
33199
33200
33202
33203
33204
33206
33207
33208
33209
33219
33221
33223
33224
33225
33226
33227
33228
33229
33231
33233
33236
33237
33241
33243
33244
33246
33247
33248
33249
33251
33254
33255
33256
33257
33258
33260
33261
33262
33264
33265
33267
33268
33269
33270
33271
33272
33273
33274
33275
33277
33278
33279
33280
33281
33282
33283
33285
33286
33287
33289
33292
33293
33294
33295
33297
33298
33300
33301
33304
33305
33306
33308
33309
33311
33312
33313
33314
33316
33319
33320
33321
33324
33325
33326
33328
33329
33331
33333
33335
33337
33342
33343
33344
33346
33349
33350
33351
33352
33353
33354
33355
33356
33357
33359
33361
33362
33365
33367
33369
33370
33372
33373
33374
33377
33378
33379
33381
33383
33384
33385
33386
33387
33388
33389
33390
33391
33394
33396
33397
33399
33400
33402
33403
33404
33405
33406
33407
33408
33409
33410
33411
33412
33413
33414
33415
33416
33417
33418
33419
33420
33421
33423
33424
33425
33426
33427
33429
33432
33434
33435
33438
33444
33451
33453
33454
33455
33456
33458
33460
33462
33463
33464
33465
33469
33472
33473
33474
33475
33476
33478
33481
33485
33488
33489
33492
33493
33495
33496
33499
33501
33503
33505
33506
33510
33513
33514
33516
33517
33522
33523
33524
33528
33533
33538
33539
33541
33542
33543
33548
33549
33551
33552
33553
33555
33561
33562
33566
33567
33571
33573
33574
33577
33578
33581
33584
33585
33587
33588
33589
33590
33592
33594
33596
33598
33605
33608
33612
33623
33637
33646
33653
33657
33661
33664
33668
33669
33671
33672
33684
33688
33695
33699
33700
33701
33703
33704
33706
33707
33719
33722
33723
33724
33729
33732
33737
33741
33744
33752
33758
33762
33764
33766
33775
33777
33778
33785
33787
33789
33791
33795
33798
33800
33812
33814
33821
33824
33825
33827
33830
33831
33837
33841
33844
33851
33853
33855
33860
33861
33869
33872
33880
33881
33882
33884
33887
33890
33892
33893
33902
33903
33906
33911
33914
33915
33925
33929
33936
33937
33942
33946
33947
33950
33955
33959
33965
33968
33976
33982
33983
33986
33989
33995
33996
33998
34001
34011
34018
34021
34024
34026
34034
34035
34049
34050
34051
34053
34057
34058
34059
34060
34065
34067
34070
34075
34091
34096
34099
34100
34102
34103
34104
34105
34106
34107
34108
34110
34111
34112
34113
34114
34115
34116
34118
34119
34121
34122
34123
34125
34126
34127
34128
34129
34131
34133
34134
34135
34136
34137
34138
34139
34140
34141
34142
34143
34144
34145
34146
34147
34148
34149
34150
34151
34152
34153
34154
34155
34156
34157
34158
34159
34160
34161
34163
34164
34165
34166
34167
34168
34169
34170
34173
34174
34175
34176
34177
34179
34183
34184
34188
34191
34193
34194
34195
34196
34197
34198
34199
34200
34201
34202
34204
34206
34207
34208
34210
34212
34214
34215
34216
34217
34220
34221
34222
34225
34226
34227
34228
34229
34233
34235
34237
34238
34241
34244
34247
34248
34250
34251
34253
34256
34257
34258
34259
34260
34261
34262
34263
34264
34265
34267
34268
34269
34271
34275
34277
34278
34279
34280
34282
34283
34284
34286
34287
34288
34289
34290
34291
34292
34293
34297
34298
34299
34302
34303
34304
34305
34306
34307
34309
34312
34314
34315
34316
34317
34318
34320
34321
34322
34323
34325
34326
34327
34330
34332
34334
34335
34337
34338
34339
34341
34343
34346
34347
34348
34349
34351
34354
34356
34357
34359
34360
34361
34363
34364
34365
34366
34367
34368
34369
34371
34373
34374
34378
34379
34380
34381
34384
34385
34386
34387
34388
34390
34392
34393
34395
34398
34399
34400
34403
34405
34406
34407
34408
34409
34411
34413
34414
34415
34418
34420
34421
34423
34425
34426
34428
34430
34432
34434
34435
34437
34438
34439
34442
34443
34444
34445
34446
34447
34448
34450
34451
34452
34453
34454
34455
34458
34460
34461
34463
34464
34466
34467
34469
34470
34471
34474
34476
34477
34478
34480
34481
34482
34483
34486
34487
34488
34489
34493
34494
34495
34497
34498
34499
34500
34505
34507
34508
34509
34510
34511
34513
34514
34518
34519
34522
34523
34524
34526
34529
34531
34534
34535
34536
34537
34538
34539
34541
34543
34547
34549
34551
34552
34555
34556
34558
34560
34561
34563
34564
34567
34568
34569
34570
34571
34572
34573
34574
34575
34576
34579
34582
34583
34585
34586
34588
34589
34590
34591
34592
34594
34595
34598
34601
34602
34603
34604
34605
34607
34611
34616
34617
34619
34621
34623
34625
34626
34628
34629
34630
34633
34634
34637
34638
34639
34640
34641
34642
34643
34645
34647
34648
34649
34651
34653
34654
34656
34657
34660
34661
34662
34663
34664
34665
34667
34668
34669
34671
34672
34673
34674
34675
34676
34678
34679
34681
34684
34685
34687
34688
34689
34691
34692
34694
34696
34697
34699
34700
34703
34704
34705
34707
34708
34709
34712
34713
34714
34715
34717
34718
34720
34723
34724
34725
34726
34727
34729
34731
34732
34734
34735
34737
34738
34740
34741
34742
34745
34747
34750
34751
34752
34754
34756
34757
34758
34759
34760
34761
34762
34763
34764
34767
34768
34770
34771
34774
34775
34776
34778
34782
34784
34785
34787
34789
34790
34791
34792
34793
34794
34795
34796
34797
34798
34799
34800
34801
34802
34803
34807
34808
34809
34810
34812
34813
34814
34815
34816
34817
34818
34819
34822
34823
34824
34826
34827
34828
34829
34830
34832
34834
34836
34837
34838
34842
34843
34844
34845
34849
34850
34852
34853
34855
34856
34858
34859
34860
34862
34863
34865
34867
34868
34869
34870
34871
34872
34873
34874
34875
34876
34877
34880
34881
34882
34883
34884
34886
34887
34890
34892
34893
34894
34895
34896
34897
34901
34902
34903
34905
34906
34908
34911
34912
34913
34914
34915
34918
34920
34922
34923
34928
34929
34930
34933
34935
34936
34937
34938
34939
34940
34942
34945
34948
34951
34952
34953
34954
34955
34956
34958
34959
34961
34962
34963
34964
34965
34966
34968
34969
34970
34971
34973
34978
34980
34985
34986
34987
34988
34989
34993
34994
34995
34998
34999
35000
35001
35002
35006
35007
35008
35009
35016
35019
35021
35025
35032
35037
35041
35042
35043
35044
35045
35046
35047
35048
35049
35051
35052
35055
35056
35057
35059
35060
35062
35063
35064
35065
35067
35068
35071
35073
35074
35077
35079
35081
35084
35088
35089
35090
35091
35096
35097
35100
35101
35104
35107
35110
35111
35112
35113
35116
35119
35120
35125
35126
35127
35131
35133
35135
35136
35137
35139
35140
35141
35142
35143
35144
35146
35149
35151
35152
35153
35154
35155
35158
35159
35160
35161
35163
35165
35170
35171
35172
35173
35176
35179
35181
35183
35187
35188
35189
35190
35191
35192
35193
35194
35196
35197
35201
35206
35214
35217
35218
35221
35222
35223
35224
35225
35227
35233
35234
35236
35237
35239
35241
35242
35243
35244
35245
35247
35248
35249
35250
35252
35253
35254
35260
35261
35264
35265
35268
35270
35274
35278
35279
35281
35284
35285
35287
35288
35292
35293
35303
35304
35307
35308
35309
35315
35316
35317
35320
35326
35331
35332
35333
35336
35341
35342
35345
35348
35349
35351
35353
35354
35357
35359
35361
35363
35365
35368
35370
35371
35374
35378
35380
35381
35382
35387
35389
35390
35394
35395
35397
35398
35400
35401
35406
35407
35413
35415
35418
35419
35421
35423
35426
35430
35433
35437
35438
35441
35442
35443
35444
35445
35451
35452
35454
35459
35462
35464
35465
35466
35469
35472
35473
35475
35476
35477
35481
35482
35484
35486
35487
35489
35492
35493
35499
35500
35505
35507
35511
35514
35515
35521
35523
35524
35528
35529
35530
35535
35536
35538
35539
35541
35542
35543
35551
35552
35553
35556
35557
35559
35561
35563
35565
35566
35567
35570
35575
35577
35578
35579
35580
35582
35587
35588
35589
35590
35591
35593
35594
35595
35597
35600
35602
35604
35613
35614
35615
35617
35618
35619
35620
35623
35625
35627
35628
35629
35632
35634
35638
35639
35640
35642
35643
35644
35646
35647
35649
35651
35655
35656
35658
35659
35661
35665
35667
35670
35673
35674
35677
35678
35679
35680
35684
35693
35695
35699
35701
35705
35708
35711
35712
35713
35714
35715
35716
35717
35718
35719
35721
35722
35724
35726
35727
35731
35732
35735
35740
35741
35743
35745
35746
35749
35752
35753
35761
35762
35765
35767
35768
35772
35773
35775
35776
35777
35778
35781
35782
35783
35784
35785
35787
35788
35789
35790
35791
35792
35798
35801
35802
35807
35808
35809
35810
35811
35813
35814
35817
35819
35820
35821
35824
35826
35829
35830
35832
35833
35834
35835
35836
35837
35838
35839
35841
35842
35847
35848
35849
35851
35854
35855
35856
35858
35859
35862
35864
35867
35869
35870
35871
35873
35875
35877
35879
35880
35881
35883
35884
35885
35887
35890
35891
35892
35896
35898
35900
35902
35903
35904
35905
35906
35908
35909
35910
35911
35912
35913
35914
35915
35916
35919
35920
35925
35927
35929
35931
35933
35934
35935
35936
35937
35939
35940
35941
35942
35943
35944
35945
35946
35948
35950
35951
35952
35954
35956
35959
35961
35962
35963
35964
35965
35967
35968
35969
35970
35972
35974
35976
35977
35978
35979
35980
35982
35983
35984
35985
35987
35988
35990
35991
35992
35994
35995
35996
35997
35998
35999
36000
36001
36003
36004
36005
36006
36007
36008
36010
36011
36012
36015
36016
36017
36020
36021
36022
36023
36024
36025
36026
36027
36028
36030
36031
36032
36033
36034
36036
36037
36039
36040
36041
36042
36043
36044
36045
36046
36047
36048
36049
36050
36052
36054
36056
36057
36058
36059
36060
36062
36065
36066
36067
36069
36070
36071
36074
36076
36078
36079
36080
36081
36082
36085
36087
36088
36089
36090
36091
36092
36093
36094
36096
36100
36102
36104
36105
36106
36107
36108
36109
36110
36111
36112
36113
36115
36116
36118
36120
36122
36123
36124
36126
36127
36128
36130
36131
36132
36134
36136
36137
36138
36139
36140
36142
36143
36144
36145
36146
36147
36149
36152
36153
36154
36156
36157
36158
36160
36162
36163
36164
36165
36166
36170
36171
36173
36174
36175
36177
36179
36180
36181
36182
36184
36185
36186
36187
36188
36189
36190
36191
36194
36195
36198
36199
36200
36202
36205
36206
36209
36210
36212
36213
36214
36216
36218
36219
36220
36221
36222
36223
36225
36226
36230
36231
36234
36235
36238
36239
36241
36242
36244
36247
36248
36249
36250
36251
36252
36253
36255
36256
36257
36258
36259
36260
36263
36265
36267
36268
36269
36270
36271
36277
36278
36279
36280
36281
36282
36283
36287
36288
36289
36292
36293
36294
36296
36297
36300
36302
36304
36305
36306
36307
36311
36312
36313
36314
36315
36316
36317
36320
36321
36323
36324
36325
36328
36330
36332
36333
36334
36335
36336
36337
36338
36339
36341
36342
36343
36344
36345
36346
36351
36353
36354
36356
36357
36361
36362
36364
36367
36368
36370
36372
36373
36374
36376
36378
36380
36383
36384
36385
36387
36388
36390
36391
36394
36396
36398
36399
36400
36402
36404
36406
36407
36408
36409
36412
36414
36415
36416
36417
36418
36419
36420
36421
36426
36428
36429
36431
36432
36436
36437
36438
36440
36442
36444
36445
36446
36448
36449
36451
36455
36456
36458
36459
36460
36461
36462
36463
36464
36469
36470
36471
36474
36475
36476
36478
36479
36480
36483
36485
36487
36493
36494
36498
36499
36502
36504
36510
36511
36512
36514
36515
36518
36520
36524
36526
36530
36532
36534
36537
36539
36540
36545
36547
36548
36549
36550
36552
36553
36556
36557
36560
36564
36572
36576
36580
36581
36582
36583
36588
36590
36593
36597
36598
36599
36600
36601
36603
36604
36605
36609
36610
36612
36615
36616
36617
36618
36619
36621
36622
36623
36625
36628
36629
36630
36636
36639
36640
36642
36644
36645
36646
36649
36653
36658
36662
36664
36665
36666
36668
36669
36671
36672
36674
36675
36676
36677
36678
36680
36683
36684
36685
36686
36687
36691
36694
36697
36702
36703
36704
36705
36706
36707
36711
36712
36713
36714
36720
36723
36724
36725
36726
36727
36731
36732
36733
36734
36736
36738
36740
36741
36743
36744
36745
36747
36751
36756
36758
36759
36760
36761
36763
36765
36767
36770
36771
36773
36775
36777
36778
36780
36781
36782
36783
36784
36786
36787
36788
36789
36791
36792
36794
36796
36798
36800
36801
36802
36803
36804
36805
36806
36807
36808
36810
36811
36814
36815
36818
36819
36820
36821
36824
36825
36831
36832
36834
36835
36837
36838
36840
36841
36842
36843
36844
36846
36847
36848
36849
36850
36851
36852
36853
36854
36855
36860
36861
36862
36864
36865
36866
36868
36869
36870
36871
36872
36876
36877
36879
36880
36881
36883
36886
36887
36888
36889
36890
36892
36893
36894
36896
36897
36898
36899
36900
36901
36904
36906
36907
36910
36911
36912
36914
36917
36918
36919
36920
36921
36922
36923
36926
36927
36929
36930
36931
36933
36936
36938
36943
36944
36945
36946
36949
36950
36952
36953
36954
36955
36956
36957
36958
36961
36963
36965
36966
36968
36970
36971
36974
36975
36976
36979
36980
36981
36982
36983
36984
36985
36986
36987
36988
36990
36991
36992
36994
36996
36997
36998
36999
37000
37001
37003
37004
37005
37006
37007
37011
37012
37016
37018
37019
37023
37024
37026
37027
37028
37030
37032
37033
37035
37036
37038
37040
37042
37043
37044
37045
37046
37047
37048
37049
37050
37055
37056
37057
37058
37060
37061
37062
37063
37064
37065
37066
37068
37069
37070
37071
37073
37076
37078
37079
37080
37083
37084
37085
37087
37088
37089
37091
37092
37093
37094
37097
37098
37100
37101
37103
37104
37105
37106
37108
37110
37111
37113
37114
37115
37117
37118
37119
37120
37122
37123
37124
37126
37127
37128
37129
37131
37132
37133
37135
37137
37138
37139
