6
10
12
17
28
32
37
40
41
43
46
47
53
57
62
70
71
76
78
79
80
84
90
97
99
103
107
112
114
116
117
126
127
130
133
138
142
143
144
145
151
153
155
156
157
158
159
167
170
179
180
183
189
206
207
212
214
216
238
244
257
260
264
271
276
286
300
302
303
319
321
327
330
331
332
336
345
351
354
355
362
365
372
374
378
380
388
401
410
417
425
427
449
450
453
454
458
459
465
466
468
476
480
494
497
499
500
504
505
511
522
529
531
535
551
552
571
583
601
604
608
612
631
633
640
642
646
655
674
675
676
679
680
681
682
683
684
685
686
687
688
690
691
692
693
695
696
697
698
703
705
707
709
710
711
712
713
715
716
718
719
720
721
722
723
725
726
727
728
729
731
732
733
735
736
737
738
741
744
746
747
749
750
751
752
756
757
758
759
761
762
765
767
769
770
771
773
774
775
778
779
780
782
785
787
788
789
791
795
798
801
805
807
808
809
810
811
814
815
816
820
823
824
827
831
832
833
835
836
838
839
840
842
843
844
845
846
847
848
852
853
856
858
862
865
866
867
872
873
875
877
880
883
884
890
892
893
894
895
899
900
901
902
903
904
905
909
912
920
925
926
927
930
935
938
939
940
941
942
944
945
947
949
951
952
954
956
957
961
962
966
967
968
969
970
971
972
973
976
977
978
979
982
983
984
985
986
987
989
993
995
998
999
1001
1002
1004
1007
1009
1010
1015
1016
1017
1018
1019
1020
1021
1022
1027
1028
1032
1040
1041
1042
1043
1044
1047
1048
1053
1054
1055
1059
1061
1063
1064
1065
1066
1071
1073
1074
1075
1079
1080
1082
1083
1084
1086
1087
1089
1093
1094
1097
1098
1100
1101
1105
1110
1111
1112
1113
1114
1115
1118
1120
1121
1123
1124
1126
1129
1132
1133
1134
1136
1137
1142
1146
1151
1152
1155
1157
1160
1161
1164
1168
1169
1174
1175
1178
1181
1182
1186
1188
1190
1191
1192
1194
1195
1196
1201
1204
1207
1208
1210
1211
1216
1217
1219
1220
1222
1223
1225
1226
1228
1230
1234
1237
1238
1241
1243
1245
1248
1249
1251
1252
1253
1258
1261
1262
1266
1268
1272
1273
1276
1277
1279
1287
1288
1289
1291
1294
1297
1299
1300
1301
1303
1307
1309
1313
1316
1319
1320
1321
1323
1324
1325
1326
1327
1330
1331
1332
1333
1334
1335
1336
1338
1339
1340
1341
1342
1343
1347
1349
1350
1352
1354
1356
1358
1360
1364
1366
1368
1370
1374
1375
1376
1380
1383
1386
1387
1390
1391
1396
1397
1400
1403
1406
1410
1413
1414
1416
1417
1418
1421
1425
1426
1427
1433
1434
1435
1436
1437
1443
1444
1445
1449
1451
1457
1458
1461
1462
1464
1469
1472
1477
1478
1479
1482
1483
1485
1488
1489
1491
1493
1495
1497
1499
1500
1501
1504
1506
1508
1510
1511
1512
1513
1516
1517
1518
1519
1520
1522
1529
1530
1531
1532
1533
1534
1535
1537
1538
1539
1540
1541
1547
1548
1551
1552
1553
1555
1557
1559
1561
1563
1564
1568
1569
1576
1579
1581
1583
1592
1593
1597
1599
1602
1603
1605
1606
1609
1610
1612
1616
1617
1621
1622
1626
1630
1633
1634
1635
1637
1638
1640
1648
1651
1655
1657
1664
1665
1669
1670
1673
1677
1678
1679
1680
1682
1683
1684
1686
1692
1693
1694
1695
1701
1702
1703
1709
1710
1716
1718
1720
1723
1724
1726
1727
1728
1731
1733
1734
1736
1737
1745
1747
1750
1753
1754
1759
1762
1765
1766
1767
1768
1774
1775
1776
1781
1787
1789
1797
1798
1799
1800
1801
1803
1808
1809
1812
1813
1819
1821
1822
1831
1832
1833
1834
1836
1840
1842
1845
1846
1852
1854
1855
1858
1862
1868
1871
1874
1875
1878
1882
1883
1884
1887
1892
1896
1902
1906
1908
1909
1912
1918
1927
1929
1930
1931
1932
1934
1935
1939
1944
1945
1950
1956
1957
1959
1961
1962
1965
1967
1968
1969
1970
1971
1973
1975
1977
1978
1979
1980
1986
1991
1995
1997
2001
2003
2012
2016
2019
2021
2023
2024
2026
2029
2031
2032
2033
2037
2039
2040
2041
2042
2045
2052
2054
2055
2063
2068
2070
2073
2074
2079
2080
2085
2088
2099
2101
2102
2106
2107
2108
2112
2116
2119
2120
2123
2129
2137
2141
2142
2145
2150
2152
2157
2158
2159
2161
2162
2165
2166
2168
2169
2171
2172
2174
2185
2191
2199
2201
2204
2205
2206
2208
2215
2217
2219
2223
2224
2225
2230
2237
2239
2247
2248
2251
2252
2254
2255
2276
2279
2282
2284
2286
2297
2298
2301
2311
2313
2315
2320
2322
2324
2327
2344
2346
2347
2348
2351
2352
2353
2355
2356
2357
2358
2360
2361
2362
2363
2365
2367
2369
2370
2372
2373
2375
2381
2382
2383
2384
2387
2388
2389
2390
2391
2393
2394
2397
2401
2404
2405
2406
2407
2408
2410
2415
2418
2422
2428
2430
2432
2438
2443
2444
2446
2448
2449
2451
2453
2455
2457
2459
2462
2463
2465
2474
2479
2484
2486
2487
2488
2489
2490
2492
2493
2494
2495
2496
2497
2499
2501
2502
2503
2505
2506
2507
2509
2510
2512
2513
2514
2515
2516
2517
2518
2519
2520
2521
2524
2525
2526
2528
2529
2530
2531
2532
2533
2534
2535
2536
2537
2538
2539
2540
2541
2542
2543
2544
2546
2547
2548
2549
2550
2552
2553
2554
2556
2557
2558
2559
2560
2561
2562
2563
2564
2566
2567
2568
2569
2571
2572
2573
2574
2575
2576
2577
2578
2579
2581
2582
2583
2584
2586
2587
2588
2589
2591
2592
2594
2595
2596
2597
2598
2599
2600
2601
2602
2603
2604
2607
2608
2609
2610
2611
2612
2614
2615
2616
2617
2620
2621
2622
2623
2624
2625
2626
2627
2628
2631
2632
2633
2634
2635
2636
2638
2639
2640
2641
2642
2644
2645
2646
2647
2650
2651
2652
2653
2654
2655
2656
2658
2659
2660
2661
2662
2663
2665
2666
2667
2668
2669
2670
2672
2674
2675
2676
2677
2678
2679
2681
2682
2683
2684
2685
2686
2687
2689
2690
2691
2692
2693
2694
2696
2697
2698
2699
2700
2701
2702
2704
2706
2707
2708
2709
2710
2711
2712
2713
2714
2716
2717
2718
2720
2721
2722
2723
2724
2725
2727
2728
2731
2733
2734
2736
2738
2740
2741
2742
2743
2744
2746
2747
2748
2749
2750
2752
2753
2756
2758
2759
2760
2761
2762
2763
2765
2766
2770
2771
2773
2774
2775
2776
2779
2780
2782
2784
2786
2787
2790
2792
2795
2797
2798
2799
2800
2803
2804
2806
2807
2809
2812
2813
2814
2815
2816
2817
2818
2821
2822
2823
2825
2826
2827
2830
2831
2833
2834
2837
2838
2841
2842
2843
2845
2848
2849
2850
2852
2854
2855
2856
2858
2860
2861
2865
2866
2867
2868
2870
2873
2876
2877
2879
2881
2882
2883
2885
2886
2888
2890
2894
2895
2898
2899
2903
2904
2905
2907
2908
2909
2910
2911
2914
2915
2917
2919
2922
2923
2925
2926
2928
2930
2931
2932
2934
2936
2938
2940
2941
2943
2945
2947
2949
2950
2951
2952
2957
2959
2960
2963
2967
2969
2970
2972
2974
2975
2976
2977
2979
2980
2982
2984
2986
2987
2989
2990
2992
2993
2998
3000
3002
3003
3004
3005
3010
3011
3013
3014
3016
3017
3018
3019
3020
3022
3023
3025
3029
3030
3032
3033
3035
3036
3038
3039
3040
3045
3048
3049
3050
3052
3055
3056
3057
3059
3061
3063
3070
3073
3075
3078
3080
3082
3083
3085
3086
3087
3088
3093
3098
3099
3101
3102
3103
3104
3106
3107
3110
3111
3113
3115
3120
3121
3126
3127
3128
3129
3134
3138
3141
3143
3144
3146
3150
3154
3157
3167
3168
3169
3171
3172
3174
3177
3182
3184
3185
3186
3187
3190
3192
3195
3197
3200
3204
3208
3210
3213
3219
3221
3222
3229
3230
3232
3235
3236
3239
3240
3241
3243
3245
3246
3248
3250
3251
3252
3253
3254
3256
3257
3258
3260
3261
3262
3264
3265
3276
3278
3281
3282
3286
3287
3288
3289
3290
3291
3294
3298
3299
3301
3302
3305
3306
3307
3312
3313
3316
3317
3322
3323
3325
3328
3329
3330
3335
3337
3338
3342
3345
3348
3349
3351
3354
3357
3359
3360
3361
3365
3366
3367
3372
3375
3377
3378
3380
3381
3383
3384
3385
3388
3389
3392
3393
3396
3397
3398
3404
3406
3407
3408
3413
3414
3416
3418
3419
3421
3422
3423
3426
3427
3428
3430
3432
3434
3435
3437
3438
3439
3442
3446
3450
3454
3457
3461
3463
3464
3466
3467
3468
3469
3477
3481
3483
3484
3485
3486
3487
3488
3490
3493
3496
3497
3499
3500
3501
3502
3504
3506
3510
3512
3517
3519
3521
3523
3524
3525
3528
3529
3530
3531
3532
3534
3535
3536
3537
3539
3540
3544
3545
3546
3548
3551
3555
3557
3558
3559
3560
3561
3562
3566
3568
3570
3571
3581
3582
3584
3585
3586
3588
3589
3591
3592
3594
3595
3596
3599
3600
3602
3603
3604
3605
3609
3610
3611
3612
3614
3617
3618
3619
3620
3622
3623
3624
3625
3626
3627
3629
3630
3631
3632
3634
3635
3637
3638
3640
3641
3642
3643
3644
3646
3647
3650
3653
3655
3656
3657
3658
3663
3664
3665
3666
3667
3668
3669
3670
3672
3673
3674
3675
3677
3678
3682
3688
3690
3691
3692
3694
3695
3696
3697
3698
3699
3700
3701
3702
3703
3705
3707
3708
3709
3710
3712
3713
3716
3720
3723
3724
3731
3766
3768
3772
3773
3776
3777
3778
3789
3794
3796
3797
3798
3802
3803
3804
3805
3808
3812
3814
3816
3820
3822
3824
3826
3829
3830
3833
3837
3838
3839
3842
3846
3848
3849
3850
3853
3855
3856
3857
3858
3859
3861
3862
3864
3865
3866
3870
3872
3873
3874
3879
3881
3882
3884
3886
3891
3893
3894
3897
3899
3904
3906
3908
3913
3915
3916
3920
3921
3930
3935
3938
3946
3947
3954
3955
3959
3960
3964
3968
3971
3972
3974
3975
3985
3989
3990
3992
3993
3995
4001
4002
4008
4010
4014
4018
4020
4028
4029
4033
4037
4040
4041
4049
4052
4053
4060
4066
4067
4069
4073
4076
4077
4082
4086
4087
4099
4102
4109
4110
4112
4115
4122
4124
4132
4148
4151
4155
4156
4162
4165
4167
4173
4180
4182
4183
4184
4191
4196
4202
4203
4205
4211
4213
4222
4223
4233
4234
4237
4239
4240
4247
4249
4253
4255
4259
4265
4271
4275
4276
4286
4287
4288
4297
4300
4304
4306
4308
4312
4316
4319
4322
4323
4329
4334
4339
4345
4347
4350
4354
4358
4359
4368
4372
4387
4388
4389
4390
4391
4392
4393
4395
4396
4397
4398
4399
4400
4401
4402
4405
4406
4407
4408
4409
4410
4411
4412
4414
4415
4416
4419
4420
4421
4422
4425
4427
4428
4429
4430
4431
4432
4433
4434
4435
4436
4437
4438
4439
4440
4441
4442
4443
4445
4447
4449
4450
4451
4454
4455
4456
4457
4458
4460
4462
4465
4468
4469
4470
4471
4472
4473
4474
4476
4477
4481
4483
4485
4488
4489
4490
4491
4492
4493
4494
4495
4496
4497
4498
4500
4501
4502
4503
4507
4508
4509
4510
4512
4513
4514
4515
4516
4517
4518
4519
4520
4521
4522
4523
4525
4526
4527
4528
4529
4530
4532
4533
4534
4535
4536
4537
4538
4539
4542
4543
4544
4547
4548
4549
4550
4552
4553
4555
4556
4559
4560
4563
4568
4569
4570
4572
4576
4577
4580
4581
4583
4586
4587
4591
4592
4595
4598
4599
4601
4602
4604
4605
4606
4608
4609
4610
4611
4612
4615
4617
4620
4621
4622
4623
4626
4628
4629
4630
4631
4632
4634
4637
4638
4639
4640
4643
4644
4646
4648
4652
4653
4654
4655
4656
4657
4665
4668
4670
4671
4672
4674
4676
4677
4680
4681
4684
4685
4686
4687
4688
4691
4693
4695
4696
4699
4701
4706
4707
4708
4709
4710
4712
4713
4714
4715
4716
4717
4719
4721
4722
4723
4724
4726
4729
4730
4733
4734
4735
4736
4740
4745
4746
4747
4748
4749
4751
4755
4757
4758
4759
4760
4764
4765
4767
4769
4771
4775
4776
4777
4787
4788
4792
4793
4795
4796
4797
4798
4800
4801
4803
4811
4812
4813
4814
4817
4818
4819
4820
4824
4825
4826
4827
4828
4829
4830
4834
4835
4836
4837
4839
4842
4845
4849
4853
4854
4855
4860
4864
4865
4866
4873
4874
4875
4876
4878
4879
4883
4887
4888
4890
4892
4895
4897
4898
4900
4901
4905
4908
4910
4912
4913
4916
4918
4921
4923
4924
4925
4926
4927
4930
4933
4934
4935
4936
4937
4940
4942
4943
4946
4948
4949
4951
4952
4953
4961
4962
4966
4967
4969
4972
4973
4974
4976
4977
4978
4980
4982
4985
4986
4987
4989
4990
4991
4993
4996
5000
5001
5002
5005
5009
5010
5013
5014
5017
5020
5021
5023
5025
5028
5030
5032
5033
5035
5036
5037
5038
5039
5040
5044
5045
5046
5048
5049
5050
5051
5052
5053
5062
5063
5066
5067
5070
5072
5073
5074
5075
5076
5077
5078
5079
5080
5081
5082
5083
5086
5088
5089
5090
5091
5092
5093
5094
5095
5096
5097
5100
5101
5102
5103
5105
5106
5110
5111
5112
5114
5115
5117
5122
5123
5124
5125
5128
5130
5131
5134
5135
5140
5142
5143
5146
5147
5150
5151
5153
5157
5159
5160
5162
5163
5168
5170
5171
5172
5175
5176
5179
5180
5181
5183
5184
5185
5186
5187
5188
5192
5195
5197
5198
5200
5201
5202
5203
5204
5205
5209
5211
5213
5215
5218
5219
5220
5225
5226
5227
5228
5229
5230
5233
5235
5237
5239
5242
5243
5244
5245
5246
5247
5249
5250
5252
5253
5254
5255
5258
5261
5264
5265
5269
5271
5273
5275
5276
5277
5278
5282
5283
5286
5288
5290
5291
5293
5294
5295
5296
5297
5302
5309
5310
5312
5313
5317
5318
5320
5321
5322
5325
5327
5328
5329
5330
5331
5332
5334
5336
5337
5339
5343
5347
5349
5351
5354
5360
5362
5363
5364
5370
5373
5375
5376
5378
5379
5385
5387
5388
5392
5396
5400
5401
5404
5406
5407
5409
5411
5412
5419
5423
5426
5429
5435
5437
5438
5439
5440
5442
5444
5445
5446
5447
5450
5451
5452
5455
5457
5459
5461
5465
5473
5474
5476
5478
5479
5480
5481
5482
5487
5494
5496
5498
5501
5505
5506
5509
5510
5511
5512
5515
5520
5521
5523
5524
5526
5527
5534
5535
5536
5537
5538
5539
5546
5547
5550
5551
5552
5556
5560
5561
5562
5565
5566
5568
5569
5571
5572
5582
5586
5589
5591
5592
5596
5597
5599
5600
5603
5604
5605
5608
5609
5610
5611
5616
5618
5619
5622
5624
5626
5628
5633
5642
5647
5657
5658
5659
5661
5662
5664
5666
5668
5669
5670
5671
5672
5676
5677
5680
5681
5685
5687
5689
5692
5694
5695
5706
5709
5711
5718
5720
5721
5725
5726
5732
5737
5739
5742
5743
5746
5747
5751
5752
5753
5759
5761
5764
5771
5772
5777
5781
5783
5784
5787
5788
5799
5801
5802
5803
5804
5807
5810
5812
5816
5818
5824
5827
5828
5829
5830
5831
5835
5837
5839
5841
5842
5847
5850
5853
5856
5858
5860
5867
5868
5872
5876
5877
5879
5881
5882
5883
5884
5885
5886
5888
5891
5899
5903
5909
5912
5915
5925
5927
5928
5931
5933
5934
5935
5942
5944
5949
5951
5953
5954
5956
5958
5960
5961
5962
5963
5965
5967
5970
5972
5974
5975
5977
5978
5980
5981
5982
5990
5992
5993
5997
6004
6013
6014
6021
6025
6029
6034
6035
6036
6037
6041
6042
6043
6047
6049
6052
6053
6054
6055
6056
6059
6060
6061
6064
6065
6071
6072
6077
6079
6084
6086
6087
6089
6090
6096
6097
6098
6101
6102
6105
6106
6107
6108
6109
6110
6111
6115
6116
6117
6118
6119
6120
6121
6122
6124
6126
6127
6128
6129
6130
6131
6134
6136
6141
6142
6146
6149
6150
6152
6156
6157
6158
6159
6163
6164
6165
6166
6169
6170
6171
6173
6176
6179
6187
6188
6190
6191
6193
6197
6198
6199
6200
6201
6202
6203
6204
6205
6206
6207
6208
6209
6211
6212
6213
6215
6216
6217
6218
6219
6220
6221
6222
6223
6224
6226
6228
6229
6230
6231
6232
6233
6234
6235
6238
6239
6240
6241
6242
6244
6245
6246
6247
6248
6249
6250
6251
6252
6253
6254
6255
6256
6257
6259
6260
6261
6263
6264
6265
6266
6268
6270
6271
6272
6273
6274
6275
6276
6277
6278
6279
6280
6282
6283
6284
6285
6286
6287
6288
6289
6290
6291
6292
6293
6295
6296
6297
6298
6299
6300
6302
6303
6304
6305
6306
6307
6308
6309
6310
6311
6312
6313
6314
6315
6316
6317
6318
6319
6320
6321
6322
6323
6324
6325
6326
6328
6329
6330
6331
6332
6333
6334
6335
6337
6338
6340
6341
6342
6344
6345
6346
6347
6348
6349
6350
6351
6352
6353
6354
6355
6358
6359
6361
6362
6365
6366
6367
6368
6369
6370
6372
6375
6377
6378
6380
6381
6382
6383
6384
6385
6386
6389
6390
6391
6392
6393
6395
6397
6398
6399
6400
6403
6404
6407
6408
6409
6411
6413
6414
6415
6417
6418
6420
6421
6423
6424
6425
6426
6427
6430
6431
6432
6433
6434
6435
6436
6438
6439
6442
6444
6445
6450
6451
6452
6454
6455
6456
6458
6459
6460
6461
6465
6467
6468
6472
6473
6474
6476
6478
6479
6480
6482
6484
6486
6487
6488
6489
6490
6493
6495
6498
6500
6501
6502
6506
6507
6509
6511
6514
6516
6517
6519
6520
6521
6522
6523
6524
6526
6527
6530
6533
6535
6536
6538
6539
6540
6541
6542
6543
6544
6547
6550
6551
6552
6554
6555
6556
6557
6558
6559
6561
6562
6563
6564
6565
6566
6568
6569
6571
6572
6573
6574
6575
6576
6577
6578
6579
6580
6581
6582
6584
6585
6586
6587
6588
6589
6590
6593
6595
6597
6598
6599
6600
6601
6602
6604
6605
6606
6609
6611
6612
6613
6615
6616
6617
6618
6620
6621
6625
6626
6629
6630
6631
6632
6633
6634
6635
6636
6637
6640
6641
6642
6643
6645
6646
6649
6651
6652
6654
6655
6656
6658
6660
6661
6663
6664
6665
6666
6667
6668
6673
6674
6677
6679
6680
6681
6682
6685
6686
6687
6689
6690
6691
6692
6694
6695
6697
6698
6699
6700
6701
6702
6703
6706
6707
6709
6710
6712
6713
6714
6715
6722
6724
6725
6726
6727
6728
6730
6732
6734
6736
6737
6738
6740
6742
6743
6744
6747
6748
6749
6751
6752
6754
6756
6759
6762
6764
6765
6766
6769
6770
6771
6772
6775
6777
6778
6781
6782
6791
6792
6797
6802
6806
6808
6810
6812
6813
6815
6816
6818
6820
6823
6824
6825
6828
6830
6832
6833
6835
6836
6837
6838
6839
6840
6841
6842
6845
6848
6852
6854
6855
6860
6863
6864
6868
6872
6876
6877
6878
6881
6882
6885
6886
6887
6888
6891
6893
6894
6897
6898
6899
6900
6901
6902
6904
6905
6906
6909
6913
6914
6918
6919
6920
6927
6929
6930
6933
6936
6939
6941
6942
6944
6946
6950
6952
6953
6955
6957
6960
6962
6963
6965
6966
6969
6971
6972
6974
6976
6978
6980
6981
6985
6988
6989
6990
6991
6992
6994
6999
7000
7001
7002
7004
7006
7007
7008
7009
7011
7012
7013
7014
7015
7016
7023
7024
7026
7027
7029
7030
7031
7032
7035
7036
7037
7046
7051
7052
7054
7055
7060
7061
7062
7063
7064
7065
7067
7068
7070
7071
7072
7074
7076
7078
7079
7086
7087
7089
7090
7093
7094
7098
7099
7100
7102
7103
7106
7108
7109
7110
7111
7112
7115
7119
7120
7123
7125
7129
7130
7131
7135
7137
7138
7139
7140
7142
7144
7146
7147
7150
7152
7153
7156
7158
7161
7164
7166
7168
7170
7171
7173
7175
7177
7178
7180
7181
7182
7184
7185
7186
7187
7188
7189
7191
7192
7194
7196
7197
7198
7199
7200
7202
7203
7204
7206
7208
7210
7211
7214
7215
7216
7218
7220
7224
7226
7227
7228
7231
7233
7234
7235
7238
7239
7244
7245
7246
7248
7249
7250
7251
7253
7254
7256
7258
7259
7261
7262
7266
7267
7268
7269
7270
7271
7272
7273
7275
7276
7278
7279
7281
7285
7286
7287
7288
7289
7290
7292
7293
7295
7296
7298
7300
7301
7302
7303
7304
7305
7307
7309
7312
7313
7314
7316
7320
7323
7324
7325
7326
7327
7328
7331
7332
7335
7336
7337
7340
7343
7345
7346
7348
7349
7351
7353
7354
7356
7357
7361
7363
7364
7366
7367
7368
7371
7372
7374
7379
7380
7382
7385
7386
7387
7388
7389
7390
7391
7392
7393
7396
7398
7399
7401
7402
7405
7406
7407
7408
7410
7412
7413
7415
7417
7419
7421
7422
7423
7425
7426
7427
7430
7434
7447
7452
7454
7456
7461
7465
7468
7470
7475
7476
7477
7480
7487
7497
7502
7503
7506
7512
7518
7519
7524
7529
7530
7540
7543
7544
7545
7546
7548
7551
7554
7559
7561
7563
7564
7570
7571
7573
7576
7580
7583
7586
7587
7590
7593
7596
7610
7611
7613
7620
7634
7660
7665
7668
7674
7680
7687
7690
7703
7707
7717
7726
7747
7759
7768
7787
7790
7800
7809
7820
7826
7838
7840
7846
7855
7857
7862
7890
7892
7894
7905
7908
7921
7927
7936
7937
7949
7951
7957
7959
7963
7971
7978
8006
8008
8026
8029
8032
8034
8049
8057
8066
8081
8082
8085
8092
8100
8102
8103
8106
8108
8109
8110
8111
8112
8114
8115
8116
8117
8118
8119
8120
8121
8122
8123
8124
8125
8128
8129
8131
8132
8133
8134
8138
8139
8142
8143
8144
8146
8147
8148
8150
8153
8154
8157
8161
8162
8163
8167
8170
8172
8176
8178
8179
8181
8184
8185
8190
8191
8192
8195
8197
8198
8199
8203
8207
8208
8209
8210
8212
8213
8218
8219
8220
8229
8230
8233
8234
8235
8237
8238
8239
8240
8242
8243
8245
8246
8248
8250
8251
8258
8259
8261
8263
8264
8265
8268
8269
8272
8274
8277
8279
8280
8282
8283
8284
8286
8287
8289
8290
8294
8295
8296
8299
8300
8301
8303
8312
8313
8315
8316
8318
8320
8321
8322
8323
8324
8329
8332
8340
8343
8345
8346
8350
8351
8352
8357
8360
8361
8363
8365
8366
8370
8372
8373
8377
8383
8384
8385
8387
8389
8390
8395
8396
8400
8401
8402
8404
8410
8412
8413
8415
8416
8420
8422
8423
8429
8430
8438
8442
8443
8444
8447
8450
8454
8456
8460
8467
8468
8470
8471
8473
8479
8481
8483
8488
8489
8492
8496
8497
8500
8502
8508
8509
8512
8514
8515
8516
8519
8521
8524
8525
8530
8537
8541
8546
8550
8551
8554
8556
8557
8562
8563
8569
8570
8571
8574
8575
8577
8578
8580
8581
8585
8588
8589
8590
8591
8592
8593
8595
8596
8597
8605
8606
8608
8620
8622
8627
8635
8641
8644
8646
8647
8649
8650
8652
8656
8664
8668
8669
8672
8675
8680
8681
8684
8693
8694
8696
8697
8698
8701
8707
8711
8714
8715
8716
8719
8720
8725
8726
8728
8739
8742
8747
8748
8751
8752
8753
8755
8756
8758
8759
8761
8762
8763
8764
8766
8768
8774
8776
8778
8781
8782
8784
8786
8787
8796
8797
8802
8803
8806
8809
8811
8814
8815
8818
8819
8821
8824
8826
8830
8832
8836
8840
8844
8851
8854
8856
8857
8865
8869
8876
8878
8879
8883
8884
8887
8889
8893
8894
8898
8900
8901
8902
8904
8906
8907
8912
8916
8922
8925
8926
8927
8928
8929
8931
8938
8940
8941
8942
8944
8948
8952
8955
8959
8961
8963
8964
8965
8966
8967
8968
8970
8971
8979
8983
8984
8985
8988
8998
9001
9004
9008
9011
9012
9014
9017
9018
9020
9021
9027
9032
9035
9036
9037
9039
9044
9052
9064
9070
9076
9079
9087
9088
9092
9098
9101
9102
9104
9105
9107
9110
9114
9116
9118
9119
9121
9129
9131
9137
9143
9147
9148
9152
9153
9154
9157
9160
9162
9164
9169
9174
9175
9179
9187
9188
9190
9194
9195
9197
9201
9202
9203
9204
9205
9206
9208
9209
9210
9223
9224
9226
9235
9238
9241
9247
9250
9251
9259
9261
9265
9274
9297
9299
9302
9312
9318
9319
9320
9325
9330
9334
9335
9336
9337
9342
9346
9351
9359
9363
9364
9366
9367
9369
9372
9374
9376
9380
9382
9383
9389
9394
9396
9399
9403
9406
9407
9408
9413
9423
9440
9442
9444
9446
9451
9453
9457
9462
9464
9465
9466
9471
9473
9474
9475
9478
9481
9482
9484
9487
9488
9491
9496
9501
9506
9512
9517
9535
9538
9540
9541
9544
9545
9546
9554
9561
9563
9565
9570
9572
9577
9580
9585
9589
9593
9596
9600
9615
9632
9634
9635
9636
9640
9642
9643
9644
9651
9660
9666
9672
9673
9675
9676
9681
9686
9689
9690
9691
9692
9694
9699
9701
9704
9707
9709
9710
9717
9718
9719
9724
9730
9733
9736
9742
9743
9745
9747
9755
9757
9759
9763
9769
9774
9778
9782
9785
9786
9788
9789
9793
9798
9802
9803
9804
9808
9809
9810
9811
9812
9815
9816
9819
9822
9823
9826
9828
9829
9832
9834
9835
9838
9840
9842
9843
9850
9851
9856
9857
9858
9863
9866
9872
9875
9879
9881
9883
9884
9885
9887
9889
9894
9899
9907
9912
9914
9915
9916
9917
9921
9922
9923
9925
9926
9928
9930
9931
9932
9933
9934
9935
9937
9938
9939
9940
9941
9942
9943
9944
9945
9946
9947
9948
9949
9950
9951
9953
9954
9956
9957
9960
9961
9962
9963
9964
9966
9967
9968
9970
9971
9972
9973
9974
9976
9977
9978
9979
9980
9981
9982
9983
9984
9986
9987
9989
9990
9991
9992
9994
9995
9996
9997
9998
9999
10000
10001
10002
10003
10005
10006
10007
10008
10009
10010
10014
10015
10017
10019
10021
10023
10024
10025
10026
10027
10029
10030
10032
10033
10034
10036
10039
10040
10041
10042
10045
10046
10047
10048
10051
10052
10054
10055
10056
10057
10058
10059
10061
10062
10063
10064
10065
10066
10067
10069
10070
10071
10072
10076
10080
10083
10084
10085
10086
10087
10088
10089
10091
10093
10094
10095
10096
10097
10098
10100
10102
10103
10104
10105
10106
10107
10108
10112
10113
10116
10117
10118
10119
10120
10122
10125
10126
10127
10128
10129
10131
10134
10138
10139
10140
10143
10144
10145
10146
10149
10151
10152
10153
10154
10156
10157
10158
10160
10161
10162
10163
10164
10165
10166
10167
10168
10170
10171
10172
10174
10175
10176
10177
10181
10182
10183
10184
10186
10188
10190
10192
10193
10198
10201
10202
10203
10204
10207
10212
10214
10215
10218
10220
10221
10223
10227
10228
10232
10233
10234
10235
10236
10237
10243
10244
10246
10247
10249
10250
10252
10253
10255
10257
10258
10259
10260
10261
10263
10264
10265
10269
10270
10271
10272
10273
10274
10277
10278
10280
10282
10283
10284
10286
10287
10293
10294
10296
10298
10299
10300
10302
10304
10307
10310
10311
10313
10314
10316
10318
10320
10321
10322
10323
10324
10326
10327
10328
10329
10332
10334
10335
10336
10337
10339
10340
10341
10342
10343
10345
10347
10348
10351
10352
10353
10358
10360
10361
10362
10364
10365
10366
10368
10370
10372
10375
10377
10378
10379
10380
10381
10385
10386
10388
10396
10401
10403
10404
10409
10411
10412
10414
10415
10417
10418
10422
10423
10424
10426
10429
10431
10434
10435
10436
10439
10443
10444
10450
10451
10453
10457
10458
10460
10461
10462
10463
10464
10466
10468
10470
10472
10473
10474
10476
10477
10478
10483
10489
10491
10492
10493
10505
10508
10511
10516
10517
10518
10519
10520
10522
10523
10525
10526
10527
10528
10529
10530
10532
10535
10536
10539
10541
10542
10544
10548
10549
10551
10555
10556
10558
10559
10562
10566
10578
10582
10583
10590
10592
10598
10601
10602
10605
10607
10608
10610
10611
10612
10614
10615
10618
10619
10621
10623
10624
10632
10633
10634
10635
10636
10637
10638
10639
10640
10641
10642
10647
10654
10657
10660
10661
10676
10677
10681
10682
10684
10685
10686
10688
10689
10690
10692
10694
10696
10701
10704
10706
10708
10710
10711
10712
10714
10715
10716
10717
10719
10721
10722
10725
10726
10727
10729
10730
10733
10735
10738
10740
10744
10745
10746
10750
10751
10752
10754
10756
10758
10760
10766
10772
10775
10779
10784
10787
10788
10793
10794
10798
10803
10806
10807
10808
10810
10811
10812
10813
10815
10816
10817
10824
10826
10827
10830
10834
10835
10839
10840
10842
10843
10844
10845
10846
10849
10854
10855
10856
10858
10864
10867
10872
10874
10878
10882
10885
10887
10889
10890
10892
10894
10895
10896
10898
10899
10901
10902
10905
10910
10911
10913
10914
10916
10919
10920
10921
10923
10924
10925
10926
10927
10928
10929
10930
10932
10934
10939
10940
10942
10945
10946
10947
10949
10952
10953
10956
10958
10959
10963
10964
10965
10967
10968
10971
10976
10983
10984
10985
10986
10987
10989
10990
10991
10992
10996
11002
11006
11008
11009
11011
11012
11017
11025
11027
11028
11030
11031
11032
11034
11041
11043
11046
11047
11049
11050
11051
11053
11057
11062
11063
11065
11068
11070
11071
11072
11074
11078
11079
11085
11086
11088
11091
11095
11099
11100
11102
11103
11104
11110
11116
11118
11119
11120
11121
11122
11124
11126
11127
11129
11130
11131
11135
11136
11137
11139
11141
11151
11155
11157
11161
11168
11174
11179
11184
11191
11195
11199
11202
11207
11209
11212
11214
11215
11216
11220
11221
11226
11228
11230
11231
11232
11233
11237
11239
11242
11254
11255
11262
11266
11271
11281
11283
11286
11287
11289
11294
11296
11300
11303
11304
11314
11319
11325
11327
11332
11333
11335
11348
11353
11356
11357
11358
11361
11369
11377
11380
11382
11384
11403
11407
11414
11415
11417
11423
11430
11432
11433
11438
11445
11460
11465
11478
11481
11486
11487
11497
11528
11534
11540
11544
11548
11552
11553
11563
11566
11576
11593
11601
11606
11607
11608
11609
11610
11611
11613
11627
11630
11632
11636
11644
11650
11651
11652
11657
11666
11677
11681
11697
11698
11703
11704
11725
11733
11735
11738
11741
11758
11773
11778
11784
11792
11799
11809
11812
11817
11819
11820
11823
11824
11825
11826
11827
11828
11829
11833
11834
11835
11836
11837
11838
11839
11842
11844
11846
11847
11848
11849
11850
11851
11852
11853
11855
11856
11857
11859
11860
11862
11863
11864
11865
11866
11867
11868
11869
11870
11871
11872
11875
11878
11881
11887
11888
11892
11896
11897
11899
11900
11901
11902
11904
11909
11911
11912
11913
11919
11923
11926
11927
11931
11932
11933
11934
11935
11936
11937
11938
11940
11942
11944
11945
11946
11947
11949
11950
11953
11954
11955
11956
11957
11958
11960
11961
11962
11965
11966
11969
11971
11972
11977
11978
11980
11981
11983
11987
11988
11993
11998
12000
12002
12003
12005
12010
12014
12015
12018
12023
12026
12028
12029
12030
12032
12034
12035
12036
12039
12040
12041
12046
12048
12049
12050
12051
12053
12059
12061
12065
12070
12072
12073
12074
12076
12078
12082
12084
12086
12087
12091
12096
12097
12098
12099
12100
12101
12104
12107
12108
12111
12113
12114
12116
12119
12121
12123
12125
12127
12128
12129
12131
12133
12134
12137
12141
12143
12148
12151
12152
12153
12157
12158
12164
12170
12177
12179
12180
12182
12185
12187
12192
12193
12197
12199
12202
12204
12205
12211
12213
12214
12215
12216
12217
12221
12222
12223
12224
12225
12226
12229
12231
12239
12240
12242
12243
12244
12247
12249
12250
12253
12255
12258
12262
12265
12267
12274
12276
12277
12279
12280
12284
12288
12289
12290
12291
12292
12298
12299
12300
12302
12304
12306
12313
12314
12315
12317
12319
12320
12324
12325
12328
12330
12333
12335
12338
12340
12341
12343
12346
12347
12349
12350
12352
12353
12355
12359
12361
12362
12364
12365
12366
12367
12370
12374
12376
12377
12378
12381
12383
12392
12394
12396
12399
12400
12404
12405
12406
12407
12410
12414
12415
12418
12421
12423
12424
12425
12430
12431
12432
12438
12440
12441
12445
12448
12449
12454
12460
12463
12466
12468
12469
12472
12476
12477
12480
12481
12490
12491
12492
12493
12494
12496
12498
12500
12501
12506
12510
12512
12515
12517
12518
12519
12520
12523
12525
12526
12528
12529
12530
12538
12539
12540
12542
12543
12544
12545
12547
12548
12550
12557
12558
12570
12575
12578
12579
12581
12585
12587
12588
12590
12591
12597
12599
12600
12602
12603
12604
12605
12607
12608
12612
12613
12614
12615
12617
12618
12619
12620
12628
12630
12631
12633
12634
12636
12637
12640
12641
12645
12649
12650
12654
12655
12661
12662
12663
12664
12667
12670
12672
12673
12674
12675
12676
12677
12678
12679
12680
12681
12682
12684
12685
12686
12692
12693
12694
12696
12697
12698
12700
12701
12702
12705
12707
12708
12709
12711
12715
12716
12718
12721
12724
12729
12732
12735
12736
12737
12738
12739
12741
12748
12749
12751
12758
12759
12765
12769
12772
12778
12779
12783
12784
12785
12790
12791
12797
12801
12804
12806
12807
12815
12816
12824
12825
12826
12828
12830
12831
12832
12834
12835
12840
12841
12842
12843
12845
12847
12850
12851
12854
12862
12865
12866
12867
12868
12870
12873
12875
12876
12879
12887
12888
12889
12893
12900
12902
12904
12905
12908
12909
12910
12914
12917
12920
12922
12924
12928
12929
12930
12934
12936
12937
12938
12939
12945
12946
12951
12953
12959
12963
12964
12971
12974
12977
12978
12984
12989
12999
13001
13003
13005
13010
13013
13018
13019
13023
13029
13031
13036
13038
13039
13041
13046
13047
13048
13050
13052
13057
13059
13060
13075
13077
13079
13086
13088
13090
13100
13103
13104
13105
13106
13107
13108
13111
13113
13114
13115
13120
13122
13123
13126
13137
13146
13152
13158
13165
13166
13170
13171
13173
13174
13177
13180
13181
13188
13189
13192
13196
13197
13198
13201
13204
13205
13207
13211
13216
13221
13224
13229
13230
13235
13238
13240
13243
13248
13257
13258
13262
13265
13275
13277
13279
13287
13288
13294
13303
13305
13310
13311
13313
13314
13316
13318
13320
13322
13329
13331
13332
13343
13345
13350
13353
13365
13367
13368
13372
13377
13381
13382
13389
13390
13408
13410
13416
13421
13422
13424
13428
13430
13432
13440
13444
13445
13453
13455
13456
13465
13476
13483
13488
13489
13492
13493
13494
13497
13498
13499
13503
13504
13505
13507
13509
13511
13513
13514
13515
13516
13517
13518
13522
13524
13525
13526
13529
13530
13533
13536
13537
13538
13539
13540
13542
13543
13544
13549
13552
13553
13554
13555
13557
13559
13560
13564
13570
13573
13576
13577
13578
13580
13585
13586
13592
13596
13598
13599
13601
13603
13607
13609
13611
13614
13616
13618
13621
13623
13628
13629
13630
13631
13632
13633
13634
13635
13636
13637
13638
13639
13640
13641
13643
13645
13646
13647
13648
13650
13651
13652
13653
13654
13655
13656
13657
13660
13661
13662
13663
13664
13667
13668
13669
13670
13671
13674
13676
13677
13678
13679
13680
13683
13684
13685
13686
13687
13688
13690
13691
13692
13693
13695
13696
13697
13698
13699
13700
13701
13703
13704
13706
13707
13708
13709
13710
13711
13712
13713
13715
13716
13718
13719
13720
13721
13722
13723
13724
13725
13726
13727
13728
13730
13731
13732
13733
13736
13738
13739
13740
13741
13743
13745
13746
13747
13749
13750
13751
13753
13754
13756
13758
13759
13760
13761
13762
13763
13765
13766
13768
13769
13772
13773
13775
13776
13777
13779
13781
13782
13783
13786
13787
13789
13790
13794
13795
13797
13798
13799
13800
13802
13803
13805
13808
13809
13810
13811
13813
13814
13816
13817
13818
13819
13820
13821
13822
13823
13824
13827
13828
13830
13831
13832
13833
13834
13835
13837
13838
13839
13840
13842
13843
13845
13848
13849
13850
13851
13853
13854
13855
13857
13858
13859
13860
13861
13862
13863
13866
13867
13870
13871
13872
13873
13876
13877
13878
13880
13881
13882
13883
13884
13885
13886
13888
13889
13890
13891
13894
13895
13897
13899
13900
13901
13902
13903
13904
13906
13907
13908
13909
13915
13916
13917
13918
13920
13922
13923
13924
13925
13926
13928
13929
13931
13932
13935
13937
13939
13940
13941
13942
13944
13945
13946
13947
13948
13949
13951
13954
13955
13957
13958
13959
13960
13963
13964
13967
13968
13969
13971
13972
13975
13976
13978
13982
13983
13984
13987
13988
13989
13990
13991
13992
13994
13996
13997
14000
14001
14004
14008
14009
14010
14012
14013
14014
14015
14016
14018
14019
14022
14025
14026
14028
14029
14030
14031
14032
14037
14038
14039
14040
14044
14045
14046
14048
14049
14052
14055
14057
14059
14060
14061
14062
14063
14064
14066
14067
14070
14071
14072
14073
14076
14077
14082
14084
14085
14086
14087
14089
14090
14091
14092
14093
14094
14096
14100
14101
14103
14104
14108
14109
14115
14116
14117
14118
14120
14121
14122
14123
14124
14125
14128
14130
14132
14134
14135
14136
14137
14140
14144
14145
14146
14147
14150
14152
14153
14155
14158
14160
14161
14163
14164
14165
14166
14171
14172
14173
14174
14175
14178
14179
14182
14184
14187
14188
14190
14192
14194
14196
14199
14202
14203
14205
14208
14209
14210
14211
14216
14219
14224
14225
14226
14236
14238
14243
14244
14248
14250
14251
14252
14253
14254
14255
14263
14265
14266
14269
14271
14272
14273
14276
14279
14280
14282
14285
14288
14292
14293
14295
14296
14297
14298
14299
14304
14306
14310
14311
14312
14313
14319
14321
14322
14328
14330
14332
14333
14334
14337
14344
14346
14347
14351
14352
14354
14355
14361
14363
14365
14367
14368
14370
14372
14376
14377
14378
14380
14381
14382
14383
14387
14388
14390
14391
14394
14395
14396
14398
14400
14401
14402
14403
14405
14406
14408
14410
14411
14417
14418
14420
14422
14424
14427
14428
14429
14434
14435
14436
14439
14440
14441
14442
14443
14444
14449
14451
14452
14454
14457
14458
14459
14460
14463
14465
14466
14467
14469
14470
14471
14474
14475
14476
14477
14479
14480
14481
14482
14485
14486
14489
14491
14493
14498
14499
14502
14504
14507
14509
14511
14516
14517
14518
14520
14522
14523
14526
14527
14529
14530
14531
14534
14537
14539
14540
14545
14546
14548
14549
14551
14552
14553
14554
14556
14558
14560
14561
14563
14564
14566
14567
14572
14573
14578
14581
14582
14585
14588
14589
14590
14592
14596
14597
14600
14601
14602
14605
14608
14609
14610
14612
14614
14615
14620
14625
14626
14628
14630
14631
14632
14633
14635
14636
14637
14638
14639
14641
14642
14646
14651
14653
14654
14656
14659
14660
14661
14662
14663
14666
14668
14671
14672
14673
14674
14676
14677
14678
14679
14681
14682
14686
14690
14691
14692
14695
14697
14698
14699
14700
14701
14705
14706
14710
14712
14713
14716
14718
14720
14723
14725
14727
14729
14730
14731
14736
14737
14740
14741
14742
14744
14746
14748
14749
14751
14755
14756
14758
14759
14761
14764
14765
14767
14768
14772
14775
14777
14782
14784
14786
14789
14792
14793
14795
14799
14800
14802
14804
14807
14808
14809
14814
14815
14817
14818
14819
14821
14824
14826
14830
14831
14832
14833
14834
14836
14838
14839
14840
14841
14847
14849
14850
14855
14858
14859
14896
14899
14919
14920
14928
14935
14936
14940
14944
14954
14962
14971
14972
14974
14979
14986
14991
14994
14999
15000
15001
15002
15003
15004
15006
15007
15014
15015
15029
15038
15039
15049
15062
15065
15070
15072
15079
15096
15113
15121
15144
15146
15152
15162
15174
15178
15183
15194
15213
15226
15230
15242
15248
15254
15261
15273
15281
15283
15299
15310
15312
15322
15355
15359
15361
15364
15372
15373
15377
15383
15391
15395
15398
15413
15418
15424
15429
15432
15439
15471
15483
15491
15492
15500
15505
15508
15530
15532
15533
15537
15539
15540
15542
15543
15545
15546
15548
15551
15552
15553
15554
15555
15557
15559
15562
15567
15569
15570
15572
15573
15574
15578
15579
15580
15581
15582
15583
15585
15587
15588
15589
15590
15593
15594
15598
15600
15607
15608
15612
15613
15614
15615
15616
15617
15618
15624
15625
15626
15629
15630
15635
15636
15641
15642
15643
15644
15646
15647
15648
15650
15653
15657
15658
15659
15663
15667
15673
15674
15683
15686
15687
15689
15690
15691
15693
15697
15699
15700
15702
15703
15710
15712
15714
15718
15719
15720
15724
15731
15739
15740
15744
15748
15751
15754
15758
15765
15767
15768
15771
15775
15778
15779
15783
15788
15791
15793
15794
15795
15797
15801
15802
15811
15812
15814
15815
15817
15818
15822
15823
15825
15826
15827
15828
15829
15830
15831
15835
15838
15839
15841
15842
15843
15847
15850
15851
15853
15854
15855
15861
15865
15866
15868
15872
15873
15875
15879
15880
15881
15882
15888
15889
15893
15897
15899
15902
15907
15909
15911
15913
15916
15919
15920
15923
15925
15927
15931
15936
15938
15940
15941
15942
15944
15949
15952
15953
15954
15958
15959
15961
15963
15965
15966
15969
15970
15972
15974
15977
15979
15981
15990
15991
15992
15993
15994
15997
15998
15999
16004
16005
16006
16009
16016
16020
16021
16024
16028
16029
16033
16034
16035
16037
16043
16046
16049
16051
16052
16053
16055
16061
16063
16067
16071
16072
16075
16077
16078
16079
16081
16084
16090
16093
16095
16098
16100
16102
16103
16108
16109
16113
16115
16116
16117
16118
16121
16122
16124
16126
16128
16129
16135
16137
16138
16140
16145
16150
16156
16159
16166
16171
16172
16173
16175
16178
16179
16180
16181
16186
16187
16189
16191
16192
16193
16194
16196
16201
16209
16212
16214
16215
16216
16217
16220
16222
16224
16226
16227
16229
16232
16237
16238
16239
16241
16242
16247
16252
16253
16254
16256
16259
16264
16272
16273
16280
16281
16283
16286
16292
16293
16295
16296
16297
16301
16303
16304
16306
16309
16310
16312
16313
16314
16316
16317
16319
16321
16323
16325
16329
16334
16338
16340
16341
16344
16346
16351
16352
16357
16362
16372
16373
16375
16376
16381
16389
16392
16393
16395
16399
16403
16404
16406
16407
16411
16412
16413
16414
16415
16418
16419
16420
16426
16428
16432
16433
16434
16435
16445
16449
16451
16455
16456
16459
16466
16469
16471
16473
16476
16480
16491
16493
16494
16498
16503
16507
16513
16515
16518
16521
16529
16530
16531
16532
16535
16538
16542
16545
16546
16550
16554
16556
16557
16559
16561
16565
16571
16576
16582
16585
16588
16591
16593
16601
16604
16605
16609
16612
16616
16617
16618
16619
16622
16626
16627
16630
16631
16636
16643
16644
16647
16657
16658
16665
16669
16673
16678
16695
16698
16704
16705
16707
16708
16716
16718
16727
16728
16730
16743
16746
16752
16757
16758
16761
16764
16766
16770
16776
16781
16788
16789
16793
16795
16796
16800
16802
16805
16810
16811
16813
16817
16822
16824
16827
16829
16831
16834
16837
16847
16849
16851
16853
16859
16868
16871
16873
16877
16879
16881
16884
16890
16894
16901
16903
16911
16912
16913
16914
16919
16929
16935
16941
16943
16944
16948
16949
16950
16955
16957
16958
16960
16962
16968
16989
16992
17002
17009
17011
17013
17017
17019
17021
17024
17027
17028
17034
17041
17046
17057
17062
17070
17082
17084
17085
17088
17095
17100
17102
17107
17113
17114
17116
17118
17122
17125
17131
17138
17142
17144
17145
17147
17150
17153
17154
17155
17158
17163
17168
17171
17172
17183
17198
17200
17201
17202
17203
17206
17207
17208
17213
17231
17233
17236
17237
17238
17239
17240
17243
17244
17245
17247
17250
17253
17257
17261
17263
17266
17268
17269
17270
17271
17272
17275
17276
17277
17278
17279
17281
17282
17285
17289
17291
17292
17296
17298
17299
17300
17305
17307
17310
17311
17313
17315
17318
17330
17333
17342
17343
17344
17345
17346
17348
17349
17351
17354
17355
17356
17357
17359
17361
17362
17365
17366
17368
17369
17370
17371
17374
17375
17376
17377
17378
17379
17380
17381
17382
17383
17384
17388
17390
17391
17392
17393
17394
17395
17396
17397
17398
17399
17400
17402
17404
17406
17408
17409
17413
17415
17416
17417
17418
17420
17421
17424
17425
17426
17428
17429
17430
17431
17432
17434
17435
17436
17438
17440
17441
17442
17444
17446
17449
17451
17452
17453
17454
17455
17457
17458
17459
17460
17461
17462
17463
17464
17467
17468
17470
17471
17473
17479
17480
17482
17483
17485
17488
17490
17492
17493
17495
17497
17498
17500
17501
17502
17503
17504
17506
17508
17509
17510
17511
17514
17516
17517
17518
17521
17522
17523
17524
17525
17528
17532
17533
17534
17535
17536
17537
17539
17542
17543
17544
17545
17546
17547
17548
17549
17551
17553
17554
17555
17556
17557
17560
17567
17568
17572
17573
17575
17576
17577
17578
17579
17584
17585
17586
17587
17589
17591
17592
17593
17596
17597
17598
17599
17601
17602
17603
17605
17609
17615
17616
17617
17618
17620
17621
17626
17629
17630
17631
17632
17633
17635
17639
17640
17642
17648
17650
17651
17652
17653
17654
17655
17656
17657
17658
17659
17660
17662
17665
17667
17668
17669
17670
17678
17681
17682
17685
17686
17687
17688
17689
17690
17692
17693
17694
17695
17697
17698
17699
17700
17702
17703
17706
17708
17709
17710
17714
17715
17716
17717
17718
17721
17724
17725
17726
17727
17728
17730
17731
17734
17737
17740
17743
17744
17746
17748
17751
17754
17755
17758
17759
17760
17763
17765
17766
17767
17769
17771
17773
17774
17775
17776
17778
17779
17784
17789
17790
17793
17794
17795
17797
17798
17799
17802
17803
17805
17806
17808
17811
17814
17815
17823
17824
17825
17827
17828
17829
17830
17835
17836
17837
17839
17840
17842
17843
17845
17846
17848
17849
17851
17854
17857
17858
17859
17866
17867
17869
17870
17871
17872
17874
17875
17877
17878
17882
17884
17885
17886
17888
17889
17891
17892
17894
17901
17902
17903
17904
17906
17908
17911
17917
17919
17922
17924
17930
17933
17941
17942
17944
17947
17948
17952
17953
17955
17960
17961
17962
17966
17967
17968
17974
17975
17978
17979
17983
17985
17987
17988
17989
17990
17991
17994
17996
17997
18004
18010
18011
18012
18017
18018
18020
18021
18023
18024
18026
18028
18029
18032
18035
18036
18037
18039
18040
18041
18042
18044
18045
18046
18047
18048
18050
18051
18056
18059
18060
18061
18063
18065
18068
18069
18070
18072
18076
18077
18083
18086
18088
18090
18098
18099
18104
18105
18106
18108
18109
18110
18111
18113
18114
18116
18117
18118
18119
18120
18122
18124
18127
18130
18131
18132
18134
18139
18142
18143
18144
18146
18147
18148
18150
18152
18155
18157
18158
18161
18163
18164
18172
18173
18175
18177
18178
18179
18182
18184
18185
18186
18188
18190
18191
18193
18198
18205
18206
18207
18211
18212
18216
18217
18218
18220
18221
18222
18224
18228
18231
18234
18235
18236
18241
18247
18248
18249
18252
18255
18258
18259
18260
18261
18262
18263
18264
18268
18270
18272
18273
18275
18277
18278
18279
18281
18282
18284
18291
18298
18304
18306
18308
18309
18313
18315
18319
18320
18321
18322
18323
18324
18329
18339
18344
18352
18353
18354
18356
18362
18365
18367
18370
18373
18375
18377
18380
18381
18382
18386
18387
18388
18391
18392
18398
18401
18403
18404
18405
18409
18411
18412
18415
18416
18417
18418
18420
18421
18428
18430
18437
18438
18440
18444
18448
18451
18453
18455
18456
18458
18460
18462
18467
18470
18473
18474
18475
18477
18478
18479
18480
18484
18485
18487
18488
18490
18491
18493
18494
18497
18498
18499
18500
18501
18502
18503
18508
18510
18511
18513
18514
18515
18516
18517
18519
18522
18525
18527
18528
18529
18530
18531
18532
18533
18535
18538
18540
18544
18549
18550
18553
18554
18555
18556
18557
18558
18559
18561
18562
18564
18569
18573
18578
18579
18581
18591
18596
18599
18601
18603
18607
18610
18621
18624
18627
18632
18645
18649
18653
18657
18658
18662
18672
18673
18678
18687
18691
18693
18695
18696
18700
18701
18709
18710
18711
18713
18714
18715
18716
18722
18723
18728
18729
18732
18733
18738
18746
18753
18766
18776
18777
18784
18791
18802
18810
18818
18820
18824
18831
18835
18842
18849
18851
18854
18857
18860
18863
18874
18892
18897
18910
18911
18913
18914
18916
18919
18925
18927
18937
18947
18948
18957
18960
18961
18962
18968
18988
18995
18997
19004
19016
19021
19023
19029
19036
19038
19041
19052
19055
19058
19068
19071
19072
19074
19078
19087
19089
19093
19096
19099
19102
19109
19116
19122
19128
19131
19142
19158
19160
19164
19168
19181
19190
19194
19204
19205
19227
19245
19246
19247
19248
19249
19250
19251
19252
19253
19254
19256
19257
19258
19260
19261
19262
19263
19264
19266
19267
19269
19270
19271
19272
19273
19274
19276
19278
19279
19280
19281
19282
19283
19284
19285
19287
19288
19289
19290
19291
19292
19293
19294
19295
19296
19297
19299
19300
19301
19302
19305
19307
19312
19318
19320
19324
19328
19329
19330
19332
19334
19335
19337
19338
19339
19340
19342
19343
19345
19348
19350
19351
19353
19355
19358
19360
19363
19365
19366
19367
19370
19371
19374
19375
19377
19378
19379
19381
19382
19383
19388
19390
19391
19393
19394
19396
19397
19400
19403
19404
19405
19406
19407
19408
19409
19412
19414
19415
19417
19420
19422
19428
19432
19435
19443
19444
19446
19447
19448
19453
19454
19458
19460
19461
19462
19463
19464
19465
19466
19468
19471
19472
19474
19477
19479
19487
19489
19493
19497
19498
19500
19501
19504
19505
19506
19510
19512
19513
19515
19521
19523
19524
19525
19526
19527
19528
19529
19531
19532
19535
19537
19538
19541
19542
19544
19547
19548
19549
19551
19553
19554
19555
19556
19557
19559
19562
19565
19566
19568
19572
19577
19579
19581
19585
19586
19590
19592
19598
19603
19604
19607
19609
19611
19613
19614
19615
19616
19620
19621
19625
19626
19629
19630
19631
19632
19633
19637
19639
19641
19643
19644
19646
19649
19652
19661
19662
19663
19664
19667
19668
19671
19675
19679
19681
19683
19685
19690
19691
19693
19694
19701
19702
19704
19706
19707
19710
19712
19713
19716
19720
19722
19729
19730
19732
19734
19735
19744
19745
19747
19748
19749
19750
19751
19753
19758
19762
19764
19766
19768
19769
19770
19771
19774
19777
19780
19781
19787
19789
19793
19795
19798
19799
19802
19804
19807
19809
19811
19819
19820
19822
19823
19828
19829
19832
19836
19840
19841
19847
19851
19852
19854
19857
19858
19860
19864
19866
19867
19869
19870
19877
19878
19883
19885
19887
19888
19889
19891
19892
19893
19894
19895
19896
19897
19900
19902
19904
19908
19909
19918
19919
19920
19922
19925
19931
19934
19935
19938
19940
19941
19944
19945
19946
19947
19951
19953
19954
19956
19957
19959
19961
19968
19970
19971
19972
19973
19975
19978
19981
19985
19986
19991
19993
19994
19997
19998
19999
20000
20003
20004
20006
20007
20009
20011
20013
20015
20020
20022
20028
20031
20034
20037
20039
20045
20046
20049
20055
20064
20067
20068
20071
20072
20083
20086
20087
20090
20094
20096
20097
20099
20100
20103
20105
20106
20109
20110
20111
20121
20125
20126
20130
20131
20133
20134
20137
20138
20139
20144
20146
20147
20149
20155
20159
20162
20163
20165
20169
20174
20178
20183
20187
20188
20191
20193
20194
20195
20197
20199
20202
20206
20207
20213
20214
20218
20219
20223
20224
20226
20227
20229
20230
20232
20233
20234
20237
20248
20249
20252
20256
20257
20264
20265
20266
20270
20272
20278
20279
20281
20284
20290
20292
20293
20294
20295
20296
20299
20304
20313
20314
20315
20317
20318
20327
20329
20330
20331
20332
20333
20336
20337
20340
20342
20344
20357
20358
20361
20367
20369
20374
20381
20389
20391
20399
20400
20404
20407
20412
20416
20423
20429
20431
20445
20448
20451
20459
20460
20466
20467
20474
20476
20481
20482
20485
20486
20488
20495
20499
20501
20504
20505
20506
20507
20508
20509
20518
20520
20523
20524
20528
20531
20533
20534
20537
20541
20543
20544
20545
20548
20549
20550
20551
20552
20554
20562
20563
20567
20570
20580
20582
20589
20594
20595
20599
20604
20608
20611
20615
20616
20617
20620
20621
20623
20625
20627
20630
20633
20640
20643
20651
20655
20658
20659
20664
20668
20672
20676
20682
20683
20686
20690
20693
20702
20704
20707
20709
20710
20712
20714
20715
20716
20718
20720
20722
20730
20731
20732
20733
20738
20739
20741
20742
20744
20745
20750
20751
20755
20758
20759
20767
20781
20783
20796
20797
20798
20799
20800
20805
20808
20811
20818
20821
20822
20828
20831
20838
20843
20853
20860
20868
20872
20877
20880
20881
20885
20889
20890
20895
20897
20910
20911
20914
20915
20916
20917
20920
20921
20922
20926
20927
20928
20929
20934
20939
20942
20944
20945
20946
20947
20951
20952
20953
20954
20958
20959
20961
20962
20964
20965
20966
20967
20970
20976
20977
20980
20984
20985
20987
20988
20990
20991
20992
20996
20998
21003
21004
21005
21008
21013
21014
21021
21022
21024
21026
21027
21029
21031
21033
21041
21042
21047
21051
21056
21057
21058
21059
21060
21061
21063
21065
21066
21068
21071
21073
21075
21076
21079
21082
21083
21084
21085
21086
21088
21089
21090
21091
21093
21094
21095
21096
21098
21100
21102
21103
21106
21108
21109
21110
21112
21113
21114
21116
21118
21119
21120
21122
21123
21125
21126
21127
21128
21129
21130
21131
21132
21133
21134
21135
21136
21137
21139
21140
21141
21142
21143
21144
21146
21147
21148
21149
21151
21152
21154
21155
21156
21157
21158
21160
21166
21168
21169
21171
21172
21174
21175
21176
21177
21178
21179
21181
21182
21183
21184
21186
21187
21188
21190
21193
21194
21196
21198
21200
21201
21203
21204
21205
21206
21207
21209
21210
21211
21213
21214
21215
21217
21218
21220
21222
21223
21224
21225
21226
21228
21231
21233
21234
21236
21237
21238
21239
21240
21242
21246
21248
21249
21250
21251
21252
21254
21255
21256
21259
21261
21263
21266
21267
21268
21270
21271
21272
21273
21274
21275
21277
21278
21279
21280
21281
21282
21284
21286
21287
21291
21293
21294
21299
21301
21303
21305
21306
21307
21308
21309
21310
21313
21314
21315
21316
21317
21319
21321
21323
21327
21328
21331
21332
21333
21335
21337
21338
21340
21341
21343
21344
21345
21346
21347
21349
21350
21352
21353
21354
21355
21356
21360
21362
21363
21365
21367
21369
21370
21375
21377
21382
21383
21386
21391
21392
21396
21397
21400
21403
21404
21406
21408
21410
21411
21412
21413
21415
21418
21419
21420
21422
21423
21424
21425
21427
21429
21432
21435
21437
21440
21441
21442
21443
21446
21448
21449
21454
21456
21457
21458
21460
21462
21466
21468
21469
21471
21473
21474
21475
21476
21477
21479
21480
21481
21483
21484
21485
21487
21488
21489
21490
21491
21492
21493
21494
21496
21498
21499
21501
21502
21504
21505
21507
21508
21512
21514
21515
21516
21518
21519
21520
21528
21529
21532
21533
21535
21538
21541
21543
21545
21550
21553
21555
21558
21559
21560
21561
21562
21564
21565
21566
21567
21568
21571
21572
21573
21576
21578
21581
21582
21585
21586
21587
21588
21592
21593
21595
21599
21600
21602
21603
21604
21606
21608
21610
21612
21614
21615
21617
21618
21623
21631
21633
21637
21639
21646
21648
21650
21654
21656
21658
21659
21662
21664
21667
21668
21670
21674
21678
21681
21688
21691
21693
21697
21698
21701
21703
21704
21707
21708
21716
21719
21720
21724
21725
21728
21731
21732
21734
21735
21737
21738
21740
21742
21743
21744
21746
21747
21748
21749
21751
21754
21756
21758
21759
21761
21765
21769
21774
21776
21778
21780
21781
21784
21785
21789
21791
21792
21794
21795
21798
21805
21806
21808
21810
21813
21818
21819
21820
21822
21823
21827
21830
21832
21834
21835
21836
21838
21839
21841
21845
21846
21848
21852
21854
21855
21856
21857
21859
21860
21862
21864
21865
21866
21868
21871
21872
21874
21875
21877
21879
21882
21886
21887
21889
21890
21891
21892
21893
21895
21899
21900
21903
21904
21905
21908
21909
21911
21914
21919
21920
21921
21923
21924
21925
21926
21927
21928
21929
21932
21934
21942
21944
21946
21949
21950
21954
21955
21957
21960
21963
21964
21968
21969
21975
21978
21981
21982
21983
21984
21986
21987
21988
21991
21992
21994
21995
21996
21998
22002
22005
22006
22008
22009
22012
22014
22020
22021
22024
22025
22027
22028
22032
22035
22036
22037
22038
22041
22042
22043
22044
22045
22049
22052
22053
22054
22058
22060
22061
22064
22065
22066
22067
22068
22070
22072
22076
22079
22080
22082
22083
22084
22085
22086
22088
22089
22091
22092
22094
22099
22101
22102
22105
22109
22114
22120
22123
22125
22126
22127
22128
22129
22131
22132
22136
22140
22144
22145
22148
22149
22152
22155
22156
22158
22159
22160
22162
22164
22166
22170
22172
22173
22174
22179
22180
22182
22183
22184
22187
22189
22191
22192
22194
22198
22199
22200
22201
22202
22204
22205
22207
22208
22210
22212
22213
22217
22218
22220
22223
22224
22225
22226
22227
22228
22230
22231
22232
22237
22239
22241
22242
22243
22244
22245
22247
22249
22250
22254
22255
22257
22258
22261
22264
22265
22266
22267
22269
22270
22271
22272
22274
22275
22277
22278
22281
22283
22294
22300
22301
22308
22317
22321
22326
22327
22331
22338
22342
22356
22359
22361
22368
22374
22395
22398
22404
22407
22409
22422
22423
22429
22432
22442
22446
22449
22450
22454
22457
22458
22467
22490
22498
22499
22503
22504
22524
22529
22552
22565
22574
22603
22616
22617
22624
22641
22654
22658
22665
22670
22696
22697
22704
22726
22727
22735
22750
22782
22793
22803
22810
22831
22840
22847
22857
22876
22907
22918
22926
22938
22944
22953
22960
22961
22962
22967
22968
22970
22971
22973
22975
22977
22978
22979
22980
22981
22986
22987
22988
22990
22991
22994
22995
22996
22997
22998
22999
23000
23002
23006
23007
23008
23009
23012
23013
23014
23015
23016
23018
23019
23020
23022
23024
23025
23026
23033
23037
23042
23044
23047
23048
23050
23052
23054
23055
23057
23058
23060
23061
23062
23064
23065
23066
23067
23068
23070
23073
23075
23076
23078
23080
23084
23085
23086
23087
23090
23092
23093
23095
23096
23099
23100
23102
23103
23108
23114
23115
23117
23121
23122
23124
23125
23128
23130
23136
23137
23142
23146
23147
23148
23149
23152
23153
23157
23159
23165
23167
23168
23172
23174
23176
23178
23180
23181
23184
23186
23187
23188
23190
23191
23193
23194
23196
23199
23200
23202
23203
23206
23208
23209
23211
23217
23222
23223
23224
23229
23231
23236
23241
23242
23243
23245
23246
23247
23253
23254
23257
23258
23261
23263
23265
23266
23269
23271
23274
23277
23278
23281
23283
23286
23288
23290
23291
23294
23296
23297
23299
23301
23302
23303
23304
23310
23311
23316
23321
23322
23324
23327
23335
23337
23339
23343
23345
23347
23351
23354
23355
23356
23357
23358
23363
23364
23367
23368
23372
23373
23375
23377
23379
23380
23381
23382
23385
23393
23394
23397
23400
23405
23407
23408
23409
23410
23411
23412
23413
23415
23417
23419
23421
23424
23426
23430
23434
23436
23437
23440
23444
23446
23448
23449
23452
23453
23458
23459
23461
23462
23463
23464
23474
23477
23478
23479
23480
23482
23483
23491
23495
23501
23503
23505
23507
23509
23511
23512
23517
23518
23519
23523
23527
23534
23535
23536
23537
23543
23546
23550
23555
23563
23570
23573
23576
23578
23580
23581
23587
23594
23596
23599
23600
23608
23609
23610
23611
23613
23614
23616
23617
23622
23628
23631
23632
23633
23635
23637
23640
23643
23644
23645
23649
23652
23654
23655
23657
23658
23659
23660
23664
23666
23668
23670
23675
23676
23677
23680
23682
23684
23687
23689
23692
23695
23700
23701
23702
23704
23708
23709
23712
23714
23717
23720
23723
23729
23730
23732
23733
23735
23740
23742
23745
23751
23754
23757
23758
23762
23766
23767
23769
23770
23772
23773
23778
23779
23780
23781
23782
23784
23785
23787
23789
23791
23797
23798
23803
23804
23805
23806
23813
23815
23819
23820
23830
23831
23834
23839
23840
23842
23844
23845
23847
23850
23853
23854
23855
23859
23861
23863
23864
23871
23874
23877
23879
23882
23883
23887
23891
23896
23899
23900
23901
23902
23903
23907
23908
23916
23917
23926
23933
23937
23943
23947
23948
23949
23953
23955
23956
23957
23959
23963
23966
23967
23978
23982
23984
23985
23987
23989
23993
23995
23997
23999
24000
24002
24006
24007
24010
24012
24015
24016
24017
24019
24021
24024
24030
24031
24037
24039
24044
24051
24054
24057
24059
24060
24069
24071
24074
24075
24082
24088
24093
24094
24097
24101
24103
24106
24108
24110
24116
24123
24128
24130
24135
24143
24150
24152
24164
24168
24174
24180
24186
24190
24197
24200
24215
24217
24219
24223
24228
24232
24236
24238
24239
24241
24251
24252
24255
24257
24258
24264
24269
24279
24281
24284
24285
24296
24299
24300
24309
24312
24313
24317
24322
24323
24327
24339
24343
24347
24348
24362
24363
24368
24369
24372
24390
24395
24397
24405
24407
24411
24413
24417
24420
24424
24430
24437
24438
24445
24447
24453
24454
24455
24467
24469
24474
24479
24496
24497
24499
24507
24519
24520
24523
24525
24528
24531
24547
24548
24550
24551
24553
24559
24570
24571
24572
24581
24582
24586
24593
24600
24603
24604
24612
24615
24625
24628
24630
24633
24634
24636
24639
24641
24643
24644
24645
24647
24649
24659
24660
24661
24664
24665
24666
24667
24671
24672
24675
24677
24678
24679
24681
24686
24688
24689
24690
24691
24694
24699
24700
24701
24704
24707
24710
24712
24714
24715
24720
24722
24723
24724
24726
24727
24728
24731
24735
24737
24739
24741
24742
24743
24745
24746
24749
24756
24757
24758
24760
24762
24764
24765
24771
24772
24773
24775
24776
24777
24779
24780
24781
24783
24784
24787
24789
24790
24793
24794
24796
24797
24798
24799
24804
24805
24807
24808
24810
24811
24812
24814
24815
24816
24817
24818
24819
24820
24821
24824
24825
24826
24827
24828
24829
24830
24831
24832
24833
24835
24836
24838
24842
24843
24845
24846
24847
24848
24852
24853
24854
24855
24856
24857
24859
24860
24861
24863
24864
24865
24866
24868
24869
24870
24872
24873
24874
24875
24876
24880
24881
24882
24884
24885
24886
24887
24888
24889
24891
24892
24894
24895
24897
24900
24901
24902
24903
24906
24907
24908
24910
24911
24912
24914
24915
24917
24919
24920
24921
24923
24925
24926
24927
24928
24929
24930
24932
24934
24935
24936
24937
24938
24939
24940
24941
24942
24946
24947
24948
24950
24952
24953
24954
24956
24958
24959
24960
24961
24962
24963
24964
24965
24966
24970
24971
24972
24973
24974
24976
24977
24981
24982
24984
24985
24987
24988
24990
24991
24995
24997
24999
25000
25001
25002
25003
25005
25007
25008
25009
25010
25011
25012
25013
25014
25015
25016
25017
25019
25020
25021
25022
25023
25024
25025
25026
25027
25028
25030
25031
25033
25036
25037
25042
25043
25045
25046
25048
25049
25052
25056
25057
25058
25059
25060
25061
25062
25063
25065
25067
25069
25074
25076
25078
25079
25082
25084
25086
25087
25090
25091
25093
25095
25097
25099
25100
25102
25106
25108
25109
25110
25113
25114
25115
25117
25118
25120
25121
25125
25126
25127
25133
25136
25138
25143
25144
25145
25146
25149
25150
25151
25154
25161
25162
25163
25165
25169
25170
25172
25173
25174
25181
25182
25186
25187
25188
25191
25195
25198
25199
25201
25202
25203
25204
25206
25210
25212
25213
25215
25217
25219
25221
25224
25226
25229
25233
25234
25241
25242
25243
25244
25256
25259
25263
25264
25265
25267
25268
25270
25273
25276
25277
25278
25280
25283
25284
25286
25290
25292
25295
25296
25297
25302
25304
25305
25306
25307
25313
25316
25317
25319
25320
25329
25331
25332
25333
25334
25336
25337
25341
25342
25344
25345
25357
25359
25361
25362
25365
25370
25371
25372
25374
25375
25376
25378
25379
25381
25383
25385
25387
25392
25399
25402
25403
25404
25405
25406
25407
25409
25410
25411
25412
25413
25414
25415
25416
25417
25418
25420
25423
25432
25433
25435
25438
25439
25440
25446
25447
25449
25451
25454
25455
25456
25462
25463
25464
25468
25469
25470
25471
25475
25477
25479
25480
25484
25486
25489
25491
25496
25497
25498
25500
25503
25511
25514
25516
25518
25522
25523
25526
25529
25532
25533
25534
25537
25538
25539
25540
25542
25544
25545
25548
25550
25554
25555
25560
25562
25563
25567
25571
25572
25578
25579
25580
25581
25583
25586
25590
25591
25592
25593
25594
25597
25598
25601
25602
25603
25609
25610
25612
25613
25618
25621
25624
25626
25628
25630
25631
25632
25633
25634
25642
25644
25648
25649
25650
25652
25654
25659
25661
25666
25667
25668
25669
25670
25671
25672
25673
25674
25677
25678
25679
25680
25681
25687
25688
25690
25691
25692
25696
25698
25700
25702
25705
25706
25707
25708
25709
25710
25711
25716
25717
25719
25720
25722
25726
25727
25729
25730
25734
25737
25738
25741
25742
25743
25747
25749
25750
25751
25752
25755
25757
25760
25761
25762
25766
25768
25769
25771
25774
25776
25778
25781
25782
25786
25787
25789
25790
25791
25793
25796
25803
25805
25806
25807
25808
25813
25814
25815
25816
25817
25818
25819
25821
25824
25826
25828
25832
25837
25839
25841
25842
25843
25844
25845
25846
25848
25850
25852
25853
25854
25855
25858
25859
25861
25862
25864
25866
25868
25871
25872
25874
25876
25880
25882
25883
25884
25886
25887
25888
25889
25891
25892
25893
25896
25897
25898
25899
25903
25907
25912
25913
25915
25918
25919
25921
25922
25924
25926
25927
25928
25931
25938
25939
25941
25942
25946
25948
25949
25952
25953
25954
25956
25957
25958
25959
25960
25961
25962
25963
25964
25966
25968
25969
25970
25971
25975
25976
25977
25978
25980
25982
25983
25984
25985
25986
25987
25989
25991
25992
25995
25996
25997
26004
26013
26021
26022
26023
26025
26030
26034
26036
26043
26044
26048
26050
26051
26055
26058
26060
26061
26065
26070
26071
26075
26084
26086
26088
26095
26104
26110
26121
26122
26123
26124
26131
26135
26139
26142
26143
26144
26145
26146
26150
26160
26161
26164
26168
26174
26182
26188
26204
26205
26209
26214
26217
26231
26235
26236
26243
26263
26264
26269
26272
26275
26279
26282
26285
26291
26295
26316
26319
26325
26330
26331
26335
26355
26356
26366
26369
26372
26375
26378
26380
26384
26386
26396
26400
26408
26421
26443
26477
26486
26503
26509
26522
26523
26524
26526
26533
26556
26590
26610
26632
26641
26652
26655
26672
26675
26676
26677
26678
26679
26682
26684
26685
26692
26693
26694
26695
26698
26699
26700
26704
26706
26708
26709
26710
26711
26712
26713
26714
26715
26716
26717
26718
26720
26721
26722
26724
26725
26727
26728
26729
26732
26735
26736
26738
26739
26740
26741
26747
26748
26749
26750
26751
26753
26755
26756
26757
26758
26759
26761
26764
26765
26766
26767
26768
26771
26776
26777
26778
26779
26780
26781
26782
26785
26786
26788
26790
26792
26793
26797
26798
26799
26800
26801
26803
26804
26805
26807
26809
26811
26812
26813
26814
26815
26816
26817
26818
26821
26822
26826
26828
26830
26832
26833
26834
26835
26836
26837
26838
26840
26841
26842
26844
26845
26846
26848
26849
26850
26851
26853
26854
26855
26856
26857
26859
26862
26863
26865
26866
26867
26868
26871
26874
26878
26881
26882
26885
26886
26888
26890
26892
26893
26894
26895
26899
26900
26902
26904
26908
26909
26915
26920
26921
26922
26925
26926
26929
26931
26932
26933
26934
26937
26939
26940
26943
26949
26951
26955
26956
26960
26961
26963
26964
26965
26972
26974
26975
26979
26980
26981
26983
26985
26987
26989
26990
26991
26992
26993
26995
26996
26997
26998
26999
27000
27001
27005
27006
27007
27010
27011
27014
27017
27018
27023
27024
27025
27026
27035
27037
27048
27049
27050
27051
27054
27055
27058
27060
27061
27062
27063
27064
27067
27069
27071
27072
27077
27079
27080
27081
27085
27086
27087
27090
27091
27095
27096
27097
27098
27099
27100
27102
27103
27104
27107
27108
27109
27110
27111
27116
27118
27119
27121
27123
27124
27126
27128
27129
27130
27132
27134
27135
27138
27139
27140
27141
27142
27144
27145
27148
27150
27154
27157
27160
27162
27167
27173
27175
27176
27177
27178
27179
27183
27185
27189
27192
27196
27197
27199
27201
27202
27205
27209
27210
27211
27212
27214
27215
27217
27218
27219
27221
27222
27223
27225
27226
27228
27230
27232
27233
27237
27239
27240
27244
27245
27250
27251
27253
27256
27258
27260
27264
27265
27266
27268
27269
27270
27271
27272
27275
27276
27281
27284
27288
27290
27298
27301
27303
27304
27305
27306
27307
27311
27314
27315
27317
27321
27323
27324
27325
27326
27328
27329
27334
27335
27336
27339
27342
27343
27345
27346
27349
27351
27352
27356
27357
27363
27366
27367
27373
27378
27379
27380
27381
27384
27385
27389
27391
27394
27396
27397
27398
27400
27401
27406
27409
27410
27413
27414
27421
27422
27424
27425
27426
27427
27428
27434
27437
27439
27440
27443
27444
27448
27449
27455
27456
27458
27459
27460
27466
27467
27473
27476
27481
27484
27486
27495
27500
27505
27509
27510
27511
27515
27517
27518
27519
27520
27523
27528
27530
27531
27532
27533
27534
27536
27537
27539
27545
27546
27547
27549
27554
27555
27558
27559
27564
27565
27567
27570
27572
27574
27575
27577
27580
27581
27582
27585
27591
27593
27597
27601
27602
27612
27613
27614
27616
27617
27618
27621
27622
27624
27625
27636
27640
27642
27643
27644
27645
27647
27649
27655
27660
27661
27662
27665
27667
27678
27680
27681
27683
27685
27686
27688
27697
27698
27699
27701
27713
27718
27720
27721
27724
27725
27727
27730
27731
27732
27733
27743
27745
27748
27750
27751
27752
27757
27758
27760
27764
27765
27768
27778
27783
27784
27786
27789
27794
27795
27796
27802
27803
27807
27808
27809
27811
27813
27815
27817
27818
27822
27830
27831
27834
27839
27841
27845
27848
27852
27853
27854
27862
27866
27867
27869
27871
27874
27875
27876
27878
27884
27886
27887
27888
27890
27892
27895
27897
27902
27904
27908
27916
27922
27924
27926
27931
27940
27941
27942
27946
27950
27956
27959
27960
27963
27964
27969
27971
27972
27973
27976
27977
27978
27985
27987
27993
27995
28002
28007
28010
28014
28015
28019
28020
28023
28027
28030
28032
28036
28039
28042
28043
28044
28045
28047
28053
28054
28055
28057
28061
28062
28064
28077
28082
28085
28086
28091
28092
28096
28100
28111
28116
28120
28121
28131
28135
28136
28140
28144
28159
28163
28164
28167
28169
28172
28176
28178
28179
28183
28184
28185
28196
28199
28201
28203
28204
28209
28213
28221
28223
28227
28230
28235
28242
28256
28262
28263
28268
28280
28288
28289
28293
28295
28296
28299
28300
28303
28316
28319
28325
28326
28327
28331
28339
28344
28346
28347
28348
28349
28350
28353
28355
28356
28358
28359
28360
28364
28368
28373
28381
28384
28385
28386
28389
28390
28392
28395
28398
28399
28400
28402
28405
28408
28410
28413
28416
28417
28418
28419
28420
28421
28430
28431
28433
28436
28440
28441
28442
28443
28447
28449
28451
28452
28453
28455
28459
28461
28468
28470
28472
28474
28475
28476
28479
28483
28484
28485
28486
28487
28492
28493
28495
28496
28497
28498
28499
28501
28502
28503
28504
28505
28507
28509
28510
28512
28513
28516
28518
28519
28521
28522
28523
28524
28525
28526
28527
28528
28530
28531
28533
28535
28536
28537
28539
28540
28541
28542
28543
28544
28546
28547
28548
28549
28551
28552
28555
28556
28559
28560
28561
28562
28564
28565
28567
28568
28569
28571
28572
28573
28574
28576
28577
28579
28582
28583
28584
28588
28589
28593
28594
28596
28597
28599
28600
28602
28603
28605
28606
28607
28610
28611
28612
28613
28615
28616
28617
28618
28620
28621
28622
28624
28625
28626
28628
28629
28631
28633
28634
28635
28636
28637
28638
28639
28640
28642
28644
28645
28646
28649
28650
28651
28652
28653
28654
28658
28659
28660
28661
28662
28664
28665
28666
28668
28670
28673
28674
28675
28676
28680
28682
28683
28684
28685
28686
28687
28689
28691
28697
28698
28699
28701
28702
28703
28704
28705
28706
28709
28710
28712
28714
28715
28716
28718
28719
28721
28724
28727
28728
28729
28731
28732
28733
28734
28735
28736
28737
28738
28740
28741
28742
28743
28744
28745
28747
28751
28752
28753
28756
28757
28758
28759
28760
28763
28766
28768
28770
28771
28774
28775
28779
28781
28784
28787
28788
28790
28793
28794
28795
28796
28797
28798
28800
28801
28803
28804
28805
28807
28809
28810
28811
28812
28814
28815
28819
28820
28823
28824
28825
28827
28828
28831
28835
28836
28839
28840
28843
28844
28847
28849
28850
28853
28855
28859
28860
28864
28865
28866
28869
28870
28871
28874
28879
28882
28884
28886
28887
28888
28893
28894
28896
28897
28899
28900
28902
28905
28907
28908
28909
28911
28913
28915
28917
28920
28928
28929
28930
28935
28939
28940
28941
28944
28947
28948
28950
28954
28955
28956
28957
28963
28966
28968
28969
28970
28972
28974
28975
28977
28979
28983
28985
28988
28990
28992
28993
28994
28996
28998
28999
29000
29001
29003
29008
29009
29014
29015
29016
29017
29020
29021
29023
29025
29027
29028
29030
29031
29033
29034
29036
29038
29040
29043
29044
29047
29050
29051
29058
29059
29061
29068
29074
29075
29080
29081
29086
29088
29090
29091
29093
29094
29096
29097
29099
29102
29108
29109
29111
29113
29116
29117
29119
29121
29124
29125
29129
29132
29133
29136
29142
29144
29148
29151
29152
29159
29160
29163
29165
29166
29168
29169
29171
29173
29174
29175
29177
29178
29179
29182
29184
29185
29187
29188
29190
29191
29193
29197
29205
29210
29217
29220
29221
29222
29223
29226
29228
29230
29233
29235
29241
29246
29249
29250
29251
29252
29256
29258
29259
29260
29263
29264
29265
29267
29269
29273
29274
29276
29279
29280
29283
29284
29285
29287
29288
29289
29292
29293
29295
29299
29300
29304
29305
29308
29310
29315
29317
29326
29327
29330
29333
29334
29335
29339
29343
29345
29352
29356
29357
29358
29368
29375
29376
29378
29380
29381
29383
29386
29387
29390
29395
29396
29397
29401
29404
29406
29407
29409
29410
29411
29412
29415
29416
29417
29419
29421
29422
29423
29424
29428
29431
29432
29435
29436
29437
29440
29442
29448
29449
29452
29460
29461
29462
29464
29465
29468
29469
29470
29471
29474
29475
29480
29483
29484
29485
29486
29490
29491
29492
29494
29495
29496
29498
29504
29510
29516
29517
29519
29520
29522
29524
29528
29529
29530
29533
29540
29542
29543
29545
29546
29550
29551
29553
29555
29556
29557
29558
29560
29561
29562
29563
29564
29566
29568
29569
29572
29574
29575
29576
29578
29579
29580
29586
29587
29588
29590
29592
29598
29600
29601
29607
29608
29611
29612
29613
29614
29615
29616
29617
29619
29620
29622
29623
29624
29626
29627
29629
29630
29633
29635
29637
29638
29642
29643
29645
29651
29652
29653
29655
29656
29657
29658
29659
29660
29663
29664
29666
29670
29671
29672
29673
29675
29677
29680
29682
29686
29689
29690
29691
29692
29694
29695
29696
29697
29698
29699
29700
29703
29704
29706
29709
29710
29711
29714
29715
29720
29722
29736
29737
29739
29742
29743
29745
29761
29771
29774
29775
29782
29784
29786
29802
29823
29824
29825
29826
29828
29838
29840
29847
29849
29854
29857
29860
29864
29868
29870
29874
29875
29877
29897
29900
29908
29923
29928
29936
29946
29953
29970
29972
29975
29994
30002
30015
30017
30033
30058
30063
30069
30081
30085
30095
30113
30122
30155
30165
30174
30176
30179
30186
30192
30196
30197
30200
30213
30241
30254
30256
30262
30263
30266
30274
30284
30303
30304
30335
30348
30356
30366
30368
30372
30377
30386
30387
30390
30391
30392
30393
30395
30396
30397
30398
30399
30401
30402
30406
30407
30408
30409
30410
30414
30416
30417
30418
30421
30422
30423
30425
30426
30427
30429
30430
30434
30435
30436
30438
30439
30441
30445
30446
30447
30449
30450
30452
30454
30456
30460
30461
30462
30465
30468
30469
30470
30472
30473
30474
30478
30479
30480
30481
30483
30484
30485
30487
30490
30491
30492
30496
30497
30499
30500
30501
30502
30503
30506
30508
30509
30510
30511
30513
30514
30515
30516
30517
30518
30519
30521
30523
30525
30526
30527
30528
30530
30531
30532
30533
30535
30536
30537
30541
30542
30543
30544
30547
30548
30549
30551
30552
30553
30554
30556
30557
30559
30560
30561
30562
30563
30564
30565
30567
30570
30572
30574
30575
30578
30579
30580
30581
30585
30587
30589
30590
30591
30592
30593
30595
30598
30600
30601
30602
30604
30605
30606
30609
30610
30611
30612
30613
30614
30615
30616
30618
30619
30620
30621
30624
30627
30628
30629
30631
30634
30635
30636
30637
30638
30639
30640
30642
30643
30645
30647
30648
30649
30650
30651
30654
30655
30657
30659
30662
30664
30665
30666
30667
30668
30670
30671
30673
30674
30675
30677
30678
30679
30681
30685
30687
30691
30694
30695
30697
30698
30699
30700
30702
30707
30712
30713
30717
30718
30720
30721
30723
30724
30725
30727
30728
30731
30732
30733
30737
30738
30739
30740
30741
30743
30744
30745
30746
30749
30751
30752
30753
30763
30765
30766
30767
30769
30773
30774
30775
30777
30779
30780
30781
30783
30785
30786
30787
30789
30791
30792
30793
30794
30795
30796
30798
30799
30800
30803
30805
30809
30810
30812
30813
30814
30817
30818
30819
30821
30822
30823
30824
30825
30826
30827
30828
30832
30833
30835
30837
30839
30843
30844
30847
30848
30849
30852
30854
30855
30856
30857
30859
30860
30861
30862
30863
30865
30868
30869
30871
30872
30874
30876
30877
30880
30882
30883
30884
30886
30887
30889
30890
30895
30897
30899
30902
30903
30905
30906
30907
30908
30909
30911
30912
30917
30920
30923
30926
30928
30930
30931
30932
30933
30935
30936
30937
30938
30939
30940
30944
30945
30946
30949
30951
30952
30954
30955
30956
30957
30960
30962
30963
30964
30965
30969
30970
30971
30974
30975
30978
30980
30985
30992
31004
31005
31008
31009
31012
31014
31015
31018
31019
31021
31023
31028
31031
31033
31035
31036
31037
31038
31039
31042
31044
31045
31047
31048
31049
31050
31053
31055
31057
31058
31059
31061
31063
31064
31065
31066
31068
31072
31076
31077
31080
31082
31084
31085
31086
31087
31090
31091
31093
31094
31096
31099
31101
31102
31103
31104
31108
31110
31112
31114
31115
31120
31122
31123
31125
31127
31128
31130
31133
31136
31138
31139
31140
31141
31148
31151
31153
31154
31157
31158
31160
31161
31163
31167
31168
31169
31170
31171
31173
31175
31181
31184
31186
31189
31190
31191
31192
31194
31198
31200
31204
31205
31206
31208
31209
31211
31213
31217
31219
31224
31225
31228
31231
31232
31234
31236
31239
31240
31241
31243
31244
31247
31248
31250
31251
31252
31255
31256
31257
31261
31266
31267
31268
31269
31272
31273
31275
31276
31279
31283
31286
31287
31288
31289
31292
31296
31297
31299
31301
31302
31305
31306
31311
31315
31318
31319
31321
31323
31327
31328
31332
31333
31335
31336
31339
31341
31343
31345
31346
31348
31350
31351
31352
31354
31359
31363
31364
31371
31374
31378
31382
31383
31385
31386
31388
31391
31392
31393
31394
31399
31400
31402
31404
31405
31406
31410
31411
31413
31419
31424
31425
31427
31428
31430
31434
31435
31436
31437
31438
31443
31444
31445
31446
31447
31449
31451
31455
31457
31459
31461
31463
31466
31471
31472
31474
31475
31478
31479
31483
31492
31493
31494
31497
31502
31503
31507
31508
31510
31511
31513
31516
31519
31522
31525
31529
31532
31533
31534
31536
31543
31544
31545
31548
31551
31554
31558
31560
31561
31564
31565
31566
31570
31578
31579
31580
31590
31594
31596
31603
31607
31608
31612
31613
31616
31618
31620
31622
31624
31628
31636
31640
31645
31656
31658
31660
31662
31664
31666
31667
31668
31675
31678
31679
31685
31690
31691
31692
31693
31697
31702
31703
31707
31709
31713
31724
31727
31728
31730
31733
31735
31737
31740
31741
31745
31748
31750
31751
31757
31758
31759
31766
31768
31774
31775
31778
31779
31780
31782
31790
31791
31792
31796
31800
31814
31816
31818
31824
31825
31827
31828
31831
31833
31837
31845
31846
31849
31858
31865
31869
31873
31875
31877
31878
31880
31883
31886
31889
31896
31901
31903
31910
31915
31918
31920
31924
31927
31930
31935
31947
31950
31951
31956
31959
31960
31975
31977
31987
31988
31998
32001
32008
32009
32012
32014
32019
32020
32027
32030
32032
32040
32041
32047
32053
32056
32057
32058
32059
32061
32062
32063
32064
32066
32069
32070
32071
32082
32086
32088
32089
32090
32092
32093
32094
32095
32096
32098
32103
32104
32105
32106
32107
32109
32111
32113
32115
32118
32119
32121
32126
32127
32130
32131
32133
32134
32135
32136
32137
32138
32139
32141
32142
32145
32147
32148
32150
32151
32155
32159
32162
32163
32164
32165
32167
32168
32169
32171
32173
32174
32180
32186
32189
32191
32193
32196
32198
32199
32200
32202
32203
32204
32205
32206
32207
32208
32209
32212
32213
32215
32216
32217
32218
32221
32222
32223
32224
32226
32227
32229
32230
32231
32232
32233
32234
32235
32237
32238
32239
32240
32241
32242
32244
32245
32247
32248
32250
32251
32252
32253
32254
32255
32256
32258
32259
32260
32261
32262
32266
32267
32268
32270
32272
32274
32278
32279
32280
32281
32283
32284
32285
32286
32287
32288
32289
32290
32292
32293
32294
32295
32296
32297
32298
32299
32300
32302
32303
32304
32308
32309
32310
32311
32313
32314
32315
32316
32317
32318
32319
32320
32321
32322
32324
32325
32326
32327
32328
32329
32331
32332
32333
32335
32336
32338
32339
32340
32341
32343
32344
32348
32349
32350
32351
32352
32353
32354
32355
32356
32357
32358
32359
32360
32361
32362
32363
32366
32367
32369
32370
32371
32372
32373
32377
32378
32379
32380
32381
32382
32384
32385
32388
32389
32391
32393
32394
32397
32398
32400
32403
32408
32410
32412
32414
32416
32418
32419
32420
32422
32423
32424
32425
32428
32430
32432
32434
32435
32436
32438
32440
32441
32442
32443
32445
32447
32448
32449
32450
32452
32453
32454
32455
32456
32457
32458
32459
32460
32462
32464
32465
32466
32468
32469
32471
32472
32473
32474
32475
32476
32477
32478
32479
32480
32481
32482
32485
32486
32487
32488
32490
32492
32495
32496
32497
32498
32501
32502
32505
32506
32507
32509
32512
32514
32517
32519
32520
32521
32524
32526
32527
32528
32529
32530
32531
32533
32534
32536
32538
32539
32541
32544
32545
32546
32548
32549
32553
32554
32556
32560
32561
32562
32564
32565
32566
32567
32570
32571
32573
32574
32577
32579
32580
32582
32584
32585
32586
32588
32589
32590
32595
32598
32599
32600
32602
32604
32605
32607
32610
32611
32614
32615
32616
32617
32618
32619
32621
32622
32627
32629
32631
32632
32633
32635
32639
32640
32643
32644
32645
32646
32647
32648
32652
32654
32656
32657
32659
32661
32662
32663
32664
32665
32670
32671
32676
32678
32680
32681
32682
32684
32686
32687
32690
32691
32692
32693
32695
32696
32699
32701
32704
32706
32707
32708
32710
32711
32712
32713
32715
32716
32717
32720
32722
32723
32726
32728
32729
32731
32733
32734
32738
32740
32741
32742
32745
32748
32749
32750
32752
32753
32754
32757
32759
32760
32761
32762
32764
32766
32767
32769
32772
32773
32777
32778
32788
32789
32790
32794
32797
32798
32799
32801
32803
32806
32807
32808
32809
32813
32814
32816
32818
32819
32820
32822
32824
32827
32829
32831
32832
32833
32834
32835
32838
32839
32840
32841
32842
32843
32846
32850
32853
32856
32857
32858
32859
32862
32863
32864
32866
32867
32868
32869
32874
32875
32876
32877
32880
32883
32884
32885
32889
32890
32891
32892
32893
32896
32897
32898
32899
32904
32905
32906
32907
32910
32911
32913
32914
32916
32918
32920
32922
32923
32924
32925
32927
32931
32932
32934
32938
32941
32942
32943
32946
32947
32949
32950
32954
32955
32960
32962
32965
32966
32968
32969
32970
32971
32972
32973
32974
32975
32976
32978
32980
32981
32987
32988
32989
32990
32992
32993
32994
32995
32997
32998
33000
33001
33004
33006
33007
33008
33011
33013
33016
33017
33018
33019
33020
33024
33027
33029
33031
33032
33034
33036
33037
33038
33039
33041
33044
33046
33050
33051
33052
33053
33059
33061
33064
33065
33066
33067
33068
33072
33074
33075
33076
33080
33082
33087
33088
33089
33092
33094
33095
33096
33097
33098
33099
33100
33101
33103
33105
33106
33107
33108
33109
33110
33118
33119
33122
33126
33128
33129
33130
33133
33134
33135
33136
33138
33139
33141
33142
33143
33146
33147
33148
33149
33151
33154
33156
33158
33159
33162
33163
33165
33166
33169
33171
33172
33173
33176
33177
33178
33179
33182
33183
33184
33185
33186
33188
33189
33190
33194
33195
33196
33197
33198
33199
33200
33201
33202
33203
33204
33205
33206
33208
33209
33211
33212
33213
33214
33216
33218
33221
33222
33224
33227
33228
33229
33230
33231
33232
33233
33234
33235
33236
33238
33239
33241
33242
33243
33244
33247
33249
33250
33251
33252
33254
33255
33256
33257
33259
33260
33262
33265
33266
33267
33268
33269
33270
33271
33272
33273
33274
33276
33280
33281
33282
33283
33284
33286
33287
33288
33290
33293
33294
33296
33297
33300
33301
33304
33305
33306
33311
33312
33314
33315
33316
33317
33318
33320
33321
33322
33324
33325
33326
33329
33330
33333
33334
33335
33336
33339
33341
33342
33343
33344
33345
33347
33349
33352
33353
33354
33355
33356
33357
33358
33359
33362
33363
33364
33365
33366
33367
33368
33369
33370
33371
33372
33373
33374
33375
33376
33377
33378
33379
33380
33381
33382
33384
33385
33386
33387
33388
33389
33390
33391
33394
33395
33396
33399
33400
33402
33403
33405
33406
33407
33408
33410
33411
33412
33413
33414
33415
33417
33418
33419
33420
33421
33422
33424
33425
33428
33429
33431
33434
33435
33447
33450
33452
33454
33458
33459
33460
33462
33463
33464
33465
33466
33467
33468
33471
33472
33473
33474
33478
33482
33483
33488
33493
33495
33500
33505
33509
33510
33517
33522
33523
33527
33536
33538
33539
33540
33542
33547
33548
33555
33558
33563
33564
33567
33568
33570
33571
33572
33577
33583
33585
33588
33592
33594
33598
33602
33611
33627
33632
33633
33642
33645
33655
33671
33674
33681
33687
33691
33700
33717
33729
33732
33744
33753
33762
33770
33772
33777
33782
33783
33788
33792
33793
33795
33796
33800
33802
33811
33812
33815
33820
33841
33843
33851
33868
33869
33877
33880
33883
33884
33888
33895
33902
33906
33923
33925
33926
33935
33955
33960
33961
33973
33976
33982
34020
34024
34045
34062
34069
34082
34091
34100
34101
34102
34103
34104
34105
34106
34107
34110
34112
34113
34114
34115
34117
34118
34119
34120
34121
34122
34123
34124
34126
34127
34128
34129
34131
34132
34133
34134
34135
34136
34137
34138
34139
34140
34141
34142
34143
34144
34147
34148
34150
34151
34152
34153
34155
34156
34157
34158
34159
34160
34161
34162
34163
34164
34166
34167
34168
34169
34173
34174
34175
34176
34177
34178
34179
34183
34184
34185
34187
34188
34189
34193
34194
34195
34197
34198
34199
34202
34204
34205
34206
34209
34210
34211
34212
34213
34214
34215
34216
34217
34220
34221
34223
34224
34225
34226
34227
34228
34231
34233
34237
34239
34240
34241
34242
34243
34244
34245
34247
34249
34250
34253
34255
34256
34258
34259
34260
34261
34262
34263
34264
34266
34268
34270
34271
34272
34275
34277
34278
34279
34281
34283
34284
34285
34286
34287
34288
34289
34290
34291
34292
34293
34294
34298
34299
34301
34302
34306
34309
34311
34312
34313
34314
34315
34316
34317
34320
34321
34322
34324
34326
34327
34329
34330
34332
34333
34335
34336
34341
34342
34343
34344
34348
34349
34350
34351
34354
34356
34357
34361
34362
34363
34364
34365
34366
34367
34368
34369
34376
34377
34378
34379
34380
34382
34383
34384
34385
34387
34388
34391
34392
34393
34394
34395
34396
34402
34403
34404
34405
34407
34409
34410
34411
34412
34413
34417
34418
34419
34421
34423
34424
34425
34427
34428
34430
34432
34434
34435
34437
34438
34439
34441
34443
34444
34446
34449
34450
34452
34453
34454
34458
34462
34463
34468
34470
34471
34474
34476
34479
34480
34481
34482
34483
34486
34487
34488
34489
34490
34492
34493
34494
34495
34496
34500
34501
34505
34507
34508
34509
34510
34513
34514
34515
34518
34519
34522
34523
34524
34525
34526
34527
34528
34530
34531
34533
34535
34537
34538
34539
34540
34549
34550
34551
34555
34556
34558
34560
34561
34564
34568
34569
34571
34574
34575
34576
34577
34578
34580
34582
34585
34586
34587
34588
34590
34595
34597
34599
34600
34603
34604
34605
34606
34609
34611
34613
34614
34617
34620
34621
34622
34625
34626
34635
34637
34639
34640
34641
34642
34643
34645
34647
34649
34650
34651
34653
34654
34660
34662
34663
34664
34665
34666
34672
34674
34676
34677
34678
34679
34684
34685
34688
34689
34691
34692
34694
34697
34698
34699
34704
34705
34707
34709
34711
34712
34713
34714
34715
34716
34719
34720
34726
34728
34729
34734
34737
34739
34742
34745
34747
34749
34750
34753
34756
34757
34759
34760
34761
34762
34763
34764
34765
34766
34767
34768
34769
34771
34772
34773
34774
34775
34777
34781
34785
34787
34790
34792
34794
34796
34797
34801
34802
34804
34805
34806
34807
34812
34813
34814
34815
34816
34819
34822
34823
34824
34828
34829
34830
34833
34838
34839
34842
34845
34847
34848
34849
34850
34852
34853
34854
34855
34856
34858
34859
34861
34862
34863
34865
34867
34871
34872
34873
34874
34875
34876
34881
34883
34884
34886
34887
34888
34889
34890
34893
34894
34895
34898
34899
34900
34901
34903
34904
34905
34906
34907
34908
34909
34911
34912
34914
34918
34921
34922
34923
34925
34927
34935
34936
34938
34939
34942
34943
34944
34946
34949
34950
34951
34954
34958
34960
34961
34962
34963
34964
34965
34967
34969
34971
34973
34975
34977
34978
34983
34985
34986
34987
34989
34992
34993
34995
34996
34997
35000
35003
35004
35008
35012
35013
35015
35016
35018
35019
35020
35021
35025
35032
35039
35040
35042
35043
35046
35047
35049
35050
35054
35056
35059
35060
35063
35064
35065
35067
35068
35070
35073
35074
35075
35077
35078
35079
35083
35084
35085
35088
35096
35097
35100
35101
35102
35103
35105
35107
35108
35109
35111
35112
35116
35117
35121
35123
35124
35125
35126
35129
35131
35135
35137
35138
35139
35140
35142
35143
35144
35146
35147
35148
35149
35150
35151
35152
35155
35157
35158
35159
35162
35163
35168
35171
35172
35173
35174
35175
35177
35178
35179
35185
35186
35187
35188
35189
35191
35192
35193
35194
35199
35200
35201
35202
35204
35206
35209
35212
35213
35214
35217
35221
35222
35223
35224
35225
35228
35230
35232
35233
35235
35236
35237
35239
35243
35245
35246
35247
35248
35249
35253
35254
35258
35260
35262
35265
35266
35268
35272
35273
35274
35277
35280
35283
35284
35285
35287
35288
35293
35297
35299
35301
35303
35304
35306
35310
35312
35315
35316
35317
35318
35320
35321
35329
35330
35334
35336
35338
35340
35341
35342
35344
35348
35351
35353
35356
35361
35370
35374
35378
35380
35381
35382
35383
35387
35391
35393
35394
35395
35397
35398
35399
35405
35406
35408
35409
35410
35412
35413
35416
35420
35421
35422
35423
35427
35430
35431
35432
35433
35434
35435
35438
35444
35445
35447
35449
35451
35452
35453
35454
35455
35461
35464
35468
35469
35471
35472
35473
35475
35476
35477
35481
35483
35484
35489
35491
35493
35504
35505
35506
35508
35513
35514
35517
35518
35522
35524
35528
35529
35530
35534
35538
35539
35540
35549
35551
35552
35555
35557
35559
35561
35563
35569
35571
35578
35579
35581
35587
35589
35592
35594
35595
35596
35597
35610
35611
35613
35616
35617
35619
35623
35624
35631
35633
35637
35640
35642
35644
35649
35650
35653
35654
35655
35658
35659
35661
35662
35666
35667
35668
35670
35673
35678
35682
35686
35689
35690
35692
35695
35696
35697
35700
35708
35709
35715
35717
35721
35722
35723
35733
35736
35737
35741
35742
35744
35745
35746
35747
35749
35753
35754
35760
35763
35765
35766
35767
35769
35770
35772
35773
35776
35777
35778
35779
35780
35782
35783
35784
35785
35787
35788
35790
35791
35792
35795
35796
35801
35803
35806
35807
35808
35809
35810
35812
35813
35814
35815
35817
35819
35820
35823
35826
35827
35828
35829
35830
35831
35832
35834
35835
35836
35839
35840
35841
35846
35847
35848
35849
35852
35853
35854
35858
35859
35860
35862
35864
35865
35868
35869
35871
35877
35879
35880
35881
35883
35884
35885
35890
35896
35898
35900
35903
35905
35906
35907
35908
35909
35912
35913
35914
35915
35918
35920
35922
35923
35927
35929
35930
35931
35934
35935
35937
35938
35940
35941
35943
35944
35945
35946
35947
35948
35949
35950
35951
35952
35953
35954
35956
35957
35958
35959
35960
35961
35963
35964
35965
35966
35967
35968
35969
35970
35974
35975
35976
35977
35978
35979
35980
35982
35983
35984
35985
35986
35987
35988
35989
35990
35991
35992
35993
35994
35995
35996
35999
36000
36001
36002
36003
36004
36005
36006
36009
36012
36014
36017
36021
36022
36023
36024
36025
36027
36028
36030
36031
36033
36034
36038
36039
36040
36042
36044
36045
36046
36050
36052
36053
36056
36057
36060
36061
36062
36063
36065
36066
36067
36070
36073
36074
36075
36077
36078
36079
36080
36081
36083
36084
36085
36087
36088
36092
36094
36095
36100
36101
36102
36104
36105
36106
36108
36110
36112
36113
36114
36115
36116
36117
36121
36124
36125
36126
36127
36131
36132
36133
36136
36138
36139
36140
36141
36142
36143
36144
36146
36149
36151
36152
36154
36159
36162
36163
36164
36165
36166
36167
36168
36169
36170
36172
36173
36175
36179
36180
36181
36182
36183
36184
36185
36186
36187
36188
36191
36192
36193
36194
36196
36199
36201
36202
36203
36207
36208
36209
36210
36211
36212
36215
36216
36218
36221
36223
36225
36226
36228
36230
36231
36232
36233
36234
36237
36238
36239
36240
36241
36242
36243
36245
36247
36249
36250
36251
36252
36254
36255
36256
36259
36260
36262
36263
36266
36267
36268
36269
36270
36271
36272
36274
36275
36276
36278
36281
36283
36284
36286
36287
36288
36291
36292
36293
36294
36296
36297
36298
36300
36302
36303
36304
36307
36308
36310
36313
36314
36315
36316
36318
36321
36322
36323
36324
36325
36327
36328
36329
36330
36332
36333
36337
36338
36340
36342
36343
36344
36345
36346
36351
36354
36355
36356
36357
36358
36360
36362
36363
36364
36366
36367
36368
36370
36371
36372
36373
36375
36376
36377
36378
36380
36381
36382
36384
36385
36389
36390
36394
36395
36396
36398
36399
36400
36406
36407
36409
36412
36413
36414
36415
36417
36418
36419
36420
36421
36423
36426
36427
36429
36431
36432
36437
36441
36443
36444
36448
36449
36450
36451
36453
36455
36456
36458
36459
36462
36464
36465
36466
36468
36470
36471
36473
36474
36476
36478
36480
36483
36485
36486
36487
36489
36490
36495
36496
36499
36500
36501
36502
36503
36506
36509
36512
36514
36518
36521
36525
36526
36527
36529
36532
36534
36535
36536
36541
36547
36549
36553
36554
36556
36558
36561
36563
36564
36567
36576
36577
36579
36580
36581
36582
36587
36588
36589
36590
36591
36593
36596
36597
36599
36600
36603
36606
36608
36610
36612
36613
36614
36618
36620
36621
36622
36625
36628
36630
36631
36634
36636
36637
36638
36639
36640
36643
36645
36646
36647
36648
36649
36651
36656
36658
36660
36661
36662
36664
36666
36667
36668
36669
36670
36671
36672
36673
36674
36677
36679
36680
36683
36684
36685
36686
36687
36688
36689
36690
36691
36692
36694
36697
36698
36700
36701
36702
36703
36704
36706
36707
36708
36711
36712
36713
36715
36716
36717
36719
36723
36725
36727
36729
36731
36732
36733
36734
36736
36738
36742
36743
36748
36749
36750
36751
36752
36753
36754
36755
36756
36759
36760
36761
36766
36769
36771
36772
36773
36774
36775
36777
36780
36783
36784
36785
36788
36789
36793
36795
36796
36798
36799
36800
36801
36804
36805
36806
36807
36808
36809
36810
36811
36814
36815
36817
36818
36819
36820
36824
36825
36828
36830
36832
36835
36838
36840
36842
36843
36844
36845
36846
36847
36848
36849
36851
36852
36854
36855
36861
36862
36864
36865
36868
36869
36875
36877
36878
36880
36881
36883
36884
36886
36887
36888
36889
36891
36892
36893
36894
36896
36897
36898
36899
36901
36903
36904
36908
36910
36911
36912
36914
36915
36916
36919
36920
36921
36922
36923
36925
36926
36927
36928
36929
36931
36935
36936
36938
36939
36940
36941
36942
36945
36946
36947
36949
36950
36952
36953
36955
36956
36957
36958
36959
36960
36961
36962
36963
36965
36966
36968
36969
36970
36971
36973
36974
36975
36976
36977
36978
36979
36980
36981
36983
36984
36985
36986
36987
36988
36989
36990
36994
36996
36997
36999
37000
37004
37005
37007
37009
37011
37012
37013
37014
37015
37016
37017
37018
37019
37021
37022
37023
37026
37027
37028
37029
37030
37031
37032
37033
37034
37035
37036
37038
37039
37040
37042
37043
37046
37048
37050
37051
37052
37053
37055
37057
37058
37059
37061
37062
37063
37064
37065
37066
37068
37070
37071
37072
37073
37078
37079
37080
37081
37082
37083
37084
37086
37087
37088
37089
37090
37091
37092
37093
37095
37096
37097
37098
37100
37101
37103
37104
37105
37108
37109
37113
37114
37115
37116
37117
37118
37119
37120
37121
37122
37123
37124
37125
37126
37127
37128
37129
37131
37132
37133
37134
37135
37137
37139
