2
3
5
19
20
22
28
32
37
39
41
44
45
46
53
54
57
62
63
64
69
72
74
75
77
78
79
81
82
84
85
87
89
90
96
98
103
106
109
111
112
113
117
123
124
125
127
129
130
133
135
136
137
138
140
141
142
143
144
145
148
155
156
157
158
159
161
163
165
170
177
179
185
197
206
207
214
216
219
230
240
241
242
255
256
260
261
284
295
298
300
310
318
319
320
327
331
332
336
338
351
352
354
355
363
368
370
377
380
383
388
395
398
401
402
411
421
424
425
427
430
434
438
446
448
454
459
463
467
468
478
485
496
497
498
499
503
510
516
518
519
524
526
528
529
535
539
542
550
551
552
564
567
568
582
590
591
593
623
625
634
637
640
644
649
657
660
668
670
674
675
676
677
679
680
681
683
684
685
686
687
688
690
691
692
696
699
700
701
702
703
705
707
708
711
712
713
714
715
716
717
718
720
722
724
725
728
729
730
731
732
734
735
736
738
740
741
744
746
747
748
749
751
755
758
759
760
762
764
767
768
769
770
773
775
777
778
779
780
782
783
784
786
787
791
796
797
798
799
801
802
803
804
806
807
808
809
810
811
812
813
814
816
817
818
819
820
824
825
827
829
830
832
833
834
835
836
837
838
839
841
842
844
845
846
849
850
851
852
853
856
858
859
862
867
869
871
873
874
875
879
882
883
884
886
888
889
890
891
892
898
900
901
903
904
905
906
908
909
911
912
919
920
922
924
925
930
931
933
934
935
937
938
939
941
942
943
944
945
947
948
950
952
953
954
955
956
957
958
962
965
966
967
968
970
971
972
973
975
976
977
978
980
981
982
984
985
986
987
988
989
990
992
993
994
999
1000
1001
1002
1007
1010
1011
1014
1015
1016
1017
1018
1019
1021
1022
1023
1024
1026
1027
1029
1030
1032
1033
1035
1037
1038
1039
1040
1044
1045
1048
1049
1050
1051
1053
1055
1056
1058
1060
1061
1062
1063
1068
1070
1071
1072
1073
1074
1075
1078
1081
1082
1083
1086
1087
1088
1093
1094
1095
1097
1098
1099
1101
1102
1106
1107
1108
1111
1113
1116
1118
1121
1122
1123
1128
1129
1131
1132
1133
1134
1135
1136
1137
1139
1140
1143
1145
1146
1147
1148
1150
1151
1152
1155
1156
1157
1161
1162
1164
1166
1169
1172
1174
1177
1178
1181
1183
1184
1185
1188
1190
1191
1194
1196
1199
1200
1201
1203
1204
1207
1209
1211
1216
1217
1218
1219
1220
1221
1223
1224
1225
1226
1228
1229
1230
1233
1235
1237
1238
1241
1244
1247
1248
1252
1253
1255
1259
1261
1262
1265
1266
1269
1271
1273
1274
1276
1277
1279
1281
1282
1283
1284
1288
1291
1294
1296
1297
1299
1300
1301
1304
1307
1310
1313
1315
1316
1317
1318
1319
1321
1323
1324
1325
1326
1327
1328
1330
1333
1338
1339
1340
1342
1343
1348
1350
1352
1356
1359
1360
1361
1364
1367
1368
1369
1370
1371
1373
1374
1375
1376
1378
1379
1380
1382
1383
1384
1385
1386
1387
1388
1390
1391
1392
1393
1394
1395
1396
1397
1400
1401
1402
1403
1406
1408
1409
1410
1415
1416
1418
1421
1426
1428
1429
1433
1434
1436
1437
1439
1445
1446
1449
1450
1451
1452
1457
1458
1459
1460
1461
1464
1465
1466
1468
1472
1475
1477
1478
1480
1485
1486
1488
1489
1490
1492
1494
1495
1497
1499
1500
1501
1503
1504
1505
1506
1507
1510
1512
1513
1514
1518
1519
1520
1522
1524
1530
1531
1532
1533
1535
1536
1537
1538
1539
1540
1543
1545
1547
1550
1551
1555
1556
1561
1563
1564
1567
1569
1570
1572
1574
1576
1577
1579
1583
1585
1586
1587
1593
1594
1599
1602
1604
1606
1608
1613
1615
1617
1619
1623
1626
1630
1634
1636
1637
1638
1646
1648
1649
1651
1652
1656
1657
1658
1662
1663
1664
1665
1668
1670
1673
1676
1678
1682
1683
1686
1690
1691
1693
1698
1702
1703
1705
1708
1709
1710
1711
1715
1717
1720
1723
1725
1726
1727
1731
1733
1734
1735
1737
1744
1746
1748
1751
1752
1753
1754
1757
1761
1765
1766
1767
1768
1770
1775
1778
1780
1781
1782
1783
1788
1789
1791
1792
1795
1797
1799
1801
1805
1806
1807
1809
1811
1813
1815
1817
1820
1821
1822
1824
1828
1829
1830
1831
1832
1834
1837
1845
1848
1852
1855
1858
1861
1864
1866
1867
1875
1878
1882
1883
1884
1887
1888
1892
1896
1897
1900
1902
1906
1907
1908
1909
1910
1911
1918
1920
1921
1922
1923
1924
1925
1927
1929
1932
1933
1937
1939
1943
1948
1950
1954
1955
1956
1958
1960
1961
1962
1963
1966
1967
1968
1973
1974
1975
1977
1978
1980
1981
1983
1984
1995
1997
2007
2010
2012
2014
2016
2018
2021
2023
2024
2025
2026
2028
2029
2032
2034
2037
2038
2042
2045
2046
2047
2051
2054
2057
2063
2064
2067
2069
2071
2074
2079
2082
2085
2086
2087
2088
2094
2096
2098
2101
2102
2104
2108
2112
2113
2114
2117
2132
2135
2137
2140
2141
2144
2145
2146
2150
2153
2161
2163
2165
2166
2167
2168
2169
2171
2172
2185
2191
2193
2198
2201
2202
2207
2208
2218
2220
2221
2223
2224
2230
2236
2237
2240
2244
2248
2252
2253
2256
2257
2258
2261
2262
2264
2267
2271
2286
2291
2293
2295
2297
2298
2302
2307
2311
2315
2317
2319
2320
2321
2323
2325
2328
2329
2331
2333
2339
2340
2341
2346
2351
2352
2356
2357
2359
2361
2362
2364
2366
2367
2368
2369
2372
2374
2375
2382
2383
2386
2387
2388
2389
2391
2393
2394
2395
2396
2397
2398
2401
2402
2404
2405
2406
2407
2408
2410
2414
2415
2416
2418
2420
2422
2424
2427
2428
2429
2432
2433
2434
2435
2438
2442
2444
2445
2447
2448
2449
2451
2452
2454
2455
2456
2457
2458
2459
2463
2469
2481
2483
2484
2485
2487
2488
2489
2490
2491
2492
2493
2494
2495
2497
2499
2501
2502
2503
2504
2505
2506
2507
2509
2513
2514
2515
2517
2518
2519
2520
2521
2522
2523
2524
2525
2526
2528
2529
2530
2531
2532
2533
2534
2535
2536
2537
2538
2540
2541
2542
2543
2544
2545
2546
2547
2548
2549
2550
2551
2552
2553
2554
2555
2556
2557
2558
2559
2560
2561
2562
2563
2564
2565
2566
2567
2568
2569
2570
2571
2573
2574
2575
2576
2577
2579
2581
2582
2583
2584
2585
2586
2587
2589
2590
2591
2592
2595
2596
2597
2598
2599
2601
2602
2604
2607
2608
2610
2611
2612
2613
2614
2615
2616
2617
2618
2619
2620
2621
2622
2623
2624
2626
2627
2628
2629
2630
2631
2633
2634
2635
2636
2637
2639
2640
2641
2643
2644
2645
2649
2650
2651
2652
2653
2654
2655
2656
2657
2658
2659
2660
2661
2662
2663
2664
2666
2667
2668
2669
2670
2671
2672
2674
2675
2676
2677
2678
2679
2680
2681
2682
2684
2685
2686
2687
2689
2690
2691
2692
2693
2696
2697
2698
2699
2700
2701
2702
2703
2705
2706
2709
2710
2711
2712
2714
2716
2717
2718
2720
2721
2723
2724
2725
2727
2728
2729
2730
2731
2733
2734
2736
2738
2739
2740
2741
2742
2743
2744
2745
2746
2748
2749
2751
2753
2755
2756
2758
2760
2761
2762
2764
2765
2766
2768
2770
2771
2772
2773
2776
2777
2778
2780
2781
2783
2784
2786
2788
2789
2791
2792
2793
2794
2795
2799
2800
2801
2802
2803
2804
2805
2807
2809
2810
2811
2812
2813
2815
2816
2818
2819
2821
2822
2824
2825
2826
2827
2828
2830
2832
2833
2836
2837
2842
2844
2845
2849
2850
2852
2854
2855
2856
2859
2861
2863
2864
2866
2867
2868
2870
2871
2873
2874
2875
2876
2879
2881
2884
2885
2886
2888
2890
2893
2897
2898
2899
2900
2902
2904
2907
2911
2912
2914
2915
2917
2918
2919
2920
2922
2923
2925
2928
2931
2932
2933
2935
2937
2938
2939
2940
2941
2942
2947
2948
2949
2951
2952
2953
2954
2956
2957
2959
2960
2962
2965
2968
2970
2973
2974
2975
2979
2980
2981
2982
2983
2984
2986
2988
2989
2991
2992
2993
2995
2996
2998
2999
3000
3003
3005
3007
3011
3013
3015
3016
3017
3018
3020
3021
3022
3023
3025
3027
3028
3029
3030
3032
3033
3037
3038
3046
3047
3048
3050
3052
3053
3056
3061
3063
3067
3070
3071
3074
3076
3077
3078
3082
3083
3088
3090
3094
3095
3098
3099
3101
3102
3103
3104
3106
3107
3108
3110
3111
3115
3118
3121
3122
3123
3124
3125
3126
3127
3128
3132
3134
3138
3144
3146
3148
3149
3151
3152
3153
3154
3155
3157
3158
3162
3164
3167
3171
3172
3174
3176
3177
3178
3179
3183
3186
3187
3190
3192
3195
3198
3202
3204
3207
3210
3211
3213
3214
3217
3218
3219
3220
3229
3230
3232
3236
3241
3243
3245
3248
3249
3250
3252
3253
3254
3256
3257
3262
3264
3265
3266
3271
3273
3274
3275
3277
3278
3279
3280
3282
3285
3286
3287
3290
3291
3295
3296
3297
3298
3299
3301
3302
3303
3304
3307
3309
3311
3312
3315
3316
3317
3319
3321
3322
3323
3325
3329
3331
3332
3333
3337
3340
3341
3343
3344
3346
3347
3349
3351
3355
3357
3360
3361
3362
3365
3366
3368
3369
3370
3371
3373
3376
3377
3379
3380
3382
3383
3384
3385
3387
3388
3389
3393
3395
3396
3397
3398
3399
3401
3404
3405
3406
3409
3413
3414
3416
3417
3418
3419
3421
3422
3424
3425
3426
3427
3428
3429
3430
3434
3435
3436
3437
3438
3439
3441
3442
3444
3445
3446
3448
3450
3451
3453
3454
3457
3458
3460
3461
3462
3463
3465
3466
3467
3468
3470
3472
3473
3474
3475
3477
3482
3483
3484
3485
3492
3493
3494
3496
3497
3500
3501
3502
3503
3505
3506
3507
3508
3509
3510
3512
3513
3516
3521
3523
3524
3530
3531
3532
3535
3536
3537
3539
3540
3542
3543
3544
3545
3546
3548
3549
3553
3555
3556
3557
3558
3559
3560
3561
3564
3566
3568
3570
3574
3577
3578
3581
3582
3583
3584
3586
3587
3588
3591
3592
3593
3594
3595
3599
3600
3602
3603
3604
3606
3609
3610
3612
3613
3614
3616
3617
3618
3622
3623
3625
3626
3627
3628
3629
3634
3635
3636
3637
3640
3642
3643
3647
3649
3650
3652
3653
3654
3655
3656
3657
3658
3660
3662
3665
3666
3667
3672
3673
3674
3675
3676
3677
3678
3680
3682
3687
3688
3690
3691
3692
3693
3694
3695
3696
3698
3699
3700
3703
3705
3707
3708
3709
3710
3711
3713
3714
3716
3717
3719
3733
3734
3736
3738
3740
3745
3747
3751
3752
3758
3767
3768
3769
3770
3771
3772
3775
3777
3778
3779
3781
3786
3788
3789
3790
3792
3793
3795
3798
3801
3805
3808
3812
3813
3816
3819
3827
3828
3829
3830
3835
3838
3839
3840
3841
3843
3844
3845
3847
3849
3850
3851
3854
3855
3856
3858
3859
3860
3861
3865
3872
3873
3874
3875
3876
3878
3879
3881
3882
3884
3886
3891
3893
3897
3899
3900
3903
3904
3906
3907
3912
3916
3920
3923
3924
3925
3928
3930
3933
3944
3945
3946
3961
3963
3964
3968
3971
3976
3977
3986
3988
3990
3992
3993
3995
3997
4002
4004
4005
4010
4021
4023
4026
4027
4033
4035
4041
4045
4046
4049
4054
4058
4063
4064
4069
4070
4077
4081
4083
4084
4088
4091
4094
4097
4102
4104
4108
4111
4112
4116
4127
4136
4137
4138
4140
4141
4147
4148
4151
4154
4156
4157
4161
4163
4165
4171
4172
4175
4178
4180
4182
4202
4213
4218
4220
4222
4225
4227
4230
4231
4232
4233
4235
4239
4240
4241
4243
4248
4249
4250
4270
4275
4276
4284
4286
4291
4297
4300
4303
4307
4316
4317
4324
4326
4332
4334
4337
4339
4341
4343
4347
4349
4355
4357
4358
4365
4367
4368
4370
4371
4379
4383
4384
4388
4389
4390
4391
4392
4393
4394
4395
4397
4398
4399
4400
4401
4402
4403
4404
4405
4406
4407
4408
4410
4411
4413
4414
4415
4416
4417
4418
4419
4420
4421
4422
4423
4424
4425
4427
4430
4431
4433
4436
4438
4439
4441
4442
4443
4444
4445
4446
4447
4448
4449
4451
4452
4454
4457
4458
4461
4462
4464
4465
4466
4469
4470
4471
4472
4473
4474
4475
4476
4478
4480
4481
4482
4483
4484
4485
4486
4487
4488
4489
4490
4492
4493
4497
4498
4500
4503
4504
4505
4507
4510
4511
4512
4513
4514
4515
4516
4517
4518
4519
4521
4523
4524
4525
4526
4527
4529
4530
4531
4532
4533
4534
4537
4538
4541
4544
4545
4546
4547
4549
4550
4551
4553
4554
4555
4556
4557
4559
4560
4561
4562
4565
4566
4567
4569
4572
4574
4576
4577
4579
4580
4581
4582
4584
4585
4586
4588
4593
4596
4598
4599
4601
4602
4603
4604
4605
4606
4607
4608
4610
4611
4612
4613
4617
4618
4619
4621
4622
4623
4625
4627
4628
4631
4633
4634
4635
4637
4639
4640
4641
4642
4644
4645
4647
4648
4650
4651
4652
4653
4654
4656
4658
4659
4662
4663
4664
4670
4671
4672
4673
4676
4678
4679
4680
4682
4684
4685
4686
4691
4693
4694
4698
4699
4700
4701
4702
4704
4705
4707
4709
4710
4713
4714
4715
4716
4717
4718
4721
4723
4725
4726
4727
4728
4730
4731
4732
4733
4735
4737
4740
4744
4746
4751
4753
4755
4757
4758
4759
4761
4765
4766
4767
4768
4769
4775
4776
4777
4778
4780
4783
4786
4787
4788
4789
4792
4793
4795
4797
4798
4800
4801
4802
4803
4805
4806
4807
4809
4810
4811
4812
4814
4815
4817
4819
4825
4827
4828
4830
4831
4832
4834
4835
4837
4838
4839
4840
4843
4844
4845
4846
4848
4850
4854
4855
4858
4859
4860
4862
4863
4864
4866
4870
4871
4873
4874
4875
4876
4877
4878
4881
4883
4886
4891
4892
4895
4896
4899
4902
4904
4905
4908
4910
4911
4913
4914
4915
4917
4918
4921
4923
4925
4927
4931
4933
4934
4935
4937
4941
4942
4943
4946
4948
4949
4951
4953
4957
4958
4959
4963
4964
4966
4967
4970
4972
4973
4975
4977
4978
4980
4981
4982
4986
4987
4988
4989
4991
4995
4999
5000
5001
5002
5005
5008
5009
5012
5014
5015
5017
5019
5021
5023
5024
5026
5029
5030
5032
5033
5035
5038
5039
5040
5041
5043
5044
5045
5047
5048
5049
5052
5054
5055
5057
5059
5062
5064
5066
5070
5072
5073
5074
5075
5078
5079
5080
5081
5082
5083
5084
5089
5090
5091
5096
5097
5100
5101
5102
5104
5105
5106
5107
5110
5114
5116
5117
5124
5128
5130
5132
5136
5141
5142
5145
5147
5148
5149
5150
5151
5153
5157
5158
5159
5160
5162
5164
5165
5169
5170
5171
5172
5173
5174
5175
5177
5178
5179
5180
5181
5184
5185
5188
5189
5190
5191
5192
5195
5196
5200
5201
5202
5203
5204
5205
5206
5208
5209
5211
5213
5215
5217
5218
5220
5221
5222
5226
5227
5229
5231
5233
5236
5239
5244
5245
5246
5247
5249
5251
5254
5255
5261
5264
5265
5266
5269
5271
5272
5273
5274
5275
5276
5277
5278
5279
5281
5282
5283
5286
5287
5288
5289
5290
5293
5294
5296
5297
5300
5301
5302
5303
5304
5306
5311
5312
5313
5317
5321
5324
5327
5330
5331
5334
5337
5341
5342
5343
5350
5351
5352
5355
5356
5358
5360
5362
5365
5367
5368
5371
5375
5376
5378
5379
5386
5387
5389
5390
5395
5396
5397
5398
5400
5404
5407
5411
5412
5414
5415
5416
5417
5423
5424
5429
5430
5434
5437
5438
5439
5440
5443
5446
5448
5450
5451
5453
5455
5459
5460
5461
5465
5470
5473
5474
5475
5476
5477
5479
5480
5481
5482
5487
5488
5490
5491
5493
5497
5502
5504
5505
5509
5510
5511
5512
5518
5521
5522
5523
5526
5527
5534
5535
5539
5541
5542
5543
5546
5548
5553
5554
5555
5556
5558
5559
5560
5561
5562
5566
5568
5569
5571
5572
5574
5576
5578
5580
5586
5588
5589
5595
5596
5597
5600
5601
5604
5608
5622
5624
5626
5628
5630
5632
5636
5637
5642
5647
5648
5651
5654
5658
5659
5661
5662
5664
5665
5669
5670
5671
5674
5677
5678
5681
5682
5683
5685
5687
5689
5690
5692
5695
5702
5705
5706
5709
5710
5711
5712
5719
5721
5723
5724
5726
5729
5730
5732
5735
5737
5738
5739
5740
5743
5745
5746
5747
5751
5752
5754
5755
5759
5760
5761
5764
5769
5771
5775
5777
5781
5793
5801
5802
5808
5809
5810
5811
5816
5818
5822
5823
5826
5827
5830
5832
5834
5837
5841
5843
5845
5847
5849
5853
5855
5860
5861
5863
5864
5867
5870
5875
5876
5877
5879
5880
5882
5883
5885
5886
5890
5892
5897
5899
5900
5903
5905
5918
5922
5925
5926
5928
5933
5934
5935
5937
5944
5945
5947
5950
5951
5953
5955
5956
5958
5961
5962
5964
5966
5968
5969
5970
5972
5974
5975
5977
5983
5984
5987
5992
5993
5994
5997
5999
6000
6002
6003
6006
6009
6011
6012
6015
6016
6017
6021
6023
6026
6028
6029
6031
6033
6034
6047
6048
6053
6055
6058
6060
6061
6064
6065
6066
6070
6071
6073
6074
6075
6079
6081
6084
6088
6090
6095
6096
6097
6098
6099
6100
6101
6102
6106
6107
6108
6110
6111
6112
6115
6116
6118
6121
6122
6124
6126
6127
6130
6131
6134
6135
6136
6138
6139
6141
6142
6143
6144
6147
6148
6149
6150
6156
6157
6158
6159
6162
6165
6167
6169
6171
6174
6175
6189
6194
6198
6200
6201
6202
6203
6204
6205
6207
6208
6209
6212
6213
6215
6216
6218
6219
6220
6221
6223
6224
6225
6226
6227
6228
6229
6231
6232
6234
6235
6237
6238
6240
6241
6242
6243
6244
6246
6248
6249
6250
6251
6252
6253
6254
6255
6256
6258
6259
6260
6261
6262
6263
6264
6265
6267
6268
6270
6272
6273
6274
6275
6276
6277
6278
6279
6280
6281
6282
6283
6284
6285
6286
6287
6288
6289
6291
6293
6294
6295
6296
6297
6298
6301
6302
6303
6304
6308
6309
6310
6311
6312
6313
6315
6316
6318
6319
6321
6322
6323
6325
6326
6327
6328
6329
6330
6331
6332
6333
6334
6337
6338
6340
6341
6342
6343
6344
6345
6347
6348
6349
6350
6351
6353
6354
6355
6356
6359
6360
6363
6364
6365
6366
6367
6369
6370
6372
6373
6375
6377
6378
6381
6382
6384
6386
6390
6391
6392
6393
6395
6396
6397
6398
6399
6401
6403
6404
6406
6407
6410
6413
6414
6415
6416
6417
6419
6420
6421
6424
6425
6426
6428
6430
6431
6432
6433
6434
6435
6437
6438
6440
6441
6442
6443
6444
6445
6447
6449
6451
6452
6453
6454
6456
6457
6458
6460
6461
6462
6464
6465
6466
6467
6468
6469
6470
6472
6474
6475
6476
6477
6478
6479
6481
6482
6483
6484
6485
6486
6487
6490
6492
6494
6498
6502
6503
6504
6505
6506
6508
6509
6511
6513
6514
6516
6517
6518
6519
6520
6521
6522
6523
6525
6527
6528
6529
6530
6532
6533
6534
6535
6536
6538
6539
6540
6541
6542
6543
6544
6545
6547
6548
6551
6552
6554
6555
6556
6557
6558
6559
6562
6566
6568
6569
6573
6576
6577
6579
6580
6581
6582
6584
6585
6588
6590
6592
6593
6595
6598
6600
6601
6602
6604
6606
6607
6608
6609
6611
6612
6617
6618
6620
6621
6622
6623
6624
6625
6627
6628
6629
6630
6631
6632
6633
6634
6637
6640
6642
6643
6645
6649
6651
6652
6653
6654
6655
6656
6657
6658
6661
6663
6664
6666
6667
6668
6669
6671
6673
6675
6678
6682
6687
6688
6689
6690
6691
6693
6694
6695
6696
6697
6698
6700
6701
6702
6703
6706
6707
6708
6709
6710
6712
6714
6716
6717
6720
6721
6723
6724
6725
6726
6727
6728
6729
6730
6733
6735
6736
6743
6747
6750
6752
6756
6757
6759
6761
6762
6763
6764
6766
6767
6768
6769
6770
6771
6774
6775
6777
6782
6786
6797
6798
6800
6801
6802
6805
6809
6815
6820
6822
6824
6825
6830
6831
6833
6834
6836
6837
6839
6841
6842
6843
6845
6848
6851
6852
6867
6868
6869
6878
6879
6881
6885
6886
6887
6888
6890
6891
6893
6894
6900
6903
6904
6905
6909
6912
6914
6916
6918
6919
6924
6927
6933
6935
6936
6937
6942
6944
6946
6952
6953
6954
6955
6957
6959
6962
6966
6967
6968
6969
6971
6973
6975
6976
6977
6978
6980
6982
6985
6986
6987
6988
6990
6991
6992
6993
6996
7000
7001
7002
7004
7011
7012
7013
7014
7015
7016
7021
7022
7024
7027
7029
7030
7031
7033
7035
7036
7037
7039
7040
7041
7043
7046
7048
7050
7051
7052
7053
7055
7057
7058
7060
7061
7063
7065
7071
7073
7074
7075
7076
7077
7079
7080
7084
7085
7086
7087
7093
7094
7096
7098
7099
7102
7103
7105
7106
7107
7108
7109
7111
7112
7113
7118
7120
7121
7122
7123
7127
7128
7129
7130
7131
7132
7133
7134
7135
7136
7139
7140
7141
7142
7143
7144
7148
7149
7151
7152
7153
7158
7160
7162
7164
7168
7170
7171
7173
7175
7176
7177
7178
7180
7181
7185
7187
7192
7193
7194
7196
7197
7198
7199
7200
7202
7203
7205
7206
7214
7215
7216
7217
7219
7220
7221
7224
7226
7228
7229
7231
7233
7235
7238
7240
7244
7245
7246
7248
7249
7251
7253
7254
7257
7259
7260
7262
7263
7264
7266
7267
7269
7270
7271
7273
7274
7275
7276
7279
7280
7281
7282
7283
7284
7288
7292
7295
7296
7298
7300
7301
7302
7303
7304
7306
7307
7309
7311
7312
7313
7314
7315
7318
7319
7320
7322
7323
7324
7326
7328
7330
7331
7332
7333
7336
7337
7339
7340
7342
7343
7345
7348
7349
7350
7354
7357
7358
7359
7360
7361
7363
7367
7368
7370
7371
7372
7374
7375
7376
7379
7381
7385
7386
7387
7388
7389
7390
7391
7392
7396
7398
7401
7402
7405
7408
7409
7410
7411
7412
7413
7414
7415
7416
7419
7420
7422
7423
7425
7426
7427
7428
7434
7437
7452
7465
7467
7469
7473
7477
7483
7486
7491
7492
7494
7501
7502
7503
7506
7507
7517
7521
7524
7526
7532
7537
7538
7540
7543
7544
7547
7550
7551
7565
7566
7569
7575
7579
7580
7584
7585
7586
7587
7590
7591
7596
7600
7607
7611
7613
7615
7618
7619
7624
7631
7633
7634
7635
7642
7647
7662
7668
7679
7683
7685
7690
7693
7696
7704
7722
7741
7754
7755
7762
7766
7768
7783
7791
7797
7798
7811
7814
7826
7834
7837
7845
7849
7853
7860
7862
7881
7892
7893
7894
7911
7916
7925
7927
7930
7933
7937
7939
7944
7947
7948
7952
7959
7995
8000
8013
8014
8027
8028
8032
8048
8061
8063
8064
8067
8068
8070
8072
8081
8082
8098
8102
8103
8104
8105
8108
8109
8111
8112
8113
8114
8115
8116
8117
8118
8119
8120
8121
8122
8124
8125
8128
8129
8130
8131
8132
8133
8135
8137
8138
8140
8141
8142
8143
8144
8145
8146
8148
8151
8152
8153
8155
8157
8159
8160
8161
8163
8166
8167
8170
8171
8172
8173
8175
8177
8179
8180
8181
8182
8184
8185
8186
8187
8189
8190
8192
8193
8195
8196
8197
8198
8200
8201
8202
8203
8204
8206
8207
8208
8210
8212
8214
8216
8217
8219
8220
8221
8223
8225
8226
8227
8228
8229
8231
8233
8234
8235
8237
8240
8241
8243
8244
8245
8246
8247
8248
8252
8255
8258
8261
8263
8264
8265
8266
8269
8272
8274
8275
8278
8279
8280
8284
8286
8287
8288
8292
8294
8296
8297
8301
8303
8304
8307
8309
8315
8316
8318
8319
8320
8321
8323
8324
8325
8327
8328
8332
8333
8334
8336
8337
8339
8340
8343
8344
8345
8350
8351
8353
8354
8356
8357
8358
8359
8363
8366
8367
8372
8373
8377
8378
8384
8386
8387
8390
8393
8394
8397
8399
8400
8401
8405
8408
8410
8414
8415
8417
8420
8423
8424
8425
8428
8436
8437
8442
8443
8444
8446
8451
8454
8455
8458
8460
8467
8469
8470
8476
8478
8479
8487
8488
8489
8491
8493
8494
8495
8496
8498
8499
8501
8506
8507
8509
8511
8512
8514
8515
8517
8518
8519
8520
8521
8526
8528
8529
8530
8531
8534
8537
8539
8541
8542
8544
8546
8548
8549
8550
8551
8553
8559
8563
8564
8569
8570
8574
8575
8576
8577
8578
8580
8584
8587
8590
8592
8594
8600
8602
8603
8604
8605
8606
8610
8613
8617
8619
8622
8624
8627
8630
8635
8640
8641
8644
8645
8649
8650
8651
8656
8658
8659
8660
8665
8673
8674
8675
8678
8679
8680
8681
8685
8686
8689
8691
8693
8694
8698
8699
8703
8704
8706
8707
8712
8716
8717
8719
8728
8731
8735
8737
8738
8739
8742
8743
8747
8749
8752
8753
8755
8756
8758
8759
8760
8762
8767
8769
8776
8777
8779
8783
8786
8787
8789
8792
8794
8799
8801
8803
8805
8808
8810
8811
8812
8813
8814
8819
8821
8824
8825
8826
8829
8830
8831
8839
8841
8844
8845
8851
8855
8860
8862
8864
8867
8869
8873
8884
8885
8887
8889
8891
8893
8894
8898
8900
8906
8907
8908
8911
8914
8916
8922
8923
8925
8926
8927
8928
8929
8930
8931
8932
8936
8939
8941
8948
8958
8960
8961
8964
8966
8968
8974
8978
8980
8983
8985
8987
8992
8993
8994
8995
8997
8999
9000
9002
9004
9007
9008
9013
9018
9027
9035
9036
9038
9045
9052
9054
9055
9056
9057
9061
9064
9065
9066
9069
9070
9071
9076
9090
9092
9093
9096
9097
9099
9101
9110
9114
9115
9119
9120
9125
9126
9127
9128
9131
9133
9136
9137
9140
9148
9150
9151
9157
9159
9160
9162
9165
9173
9175
9178
9179
9180
9182
9188
9189
9190
9193
9194
9195
9196
9198
9201
9203
9204
9206
9207
9210
9213
9215
9216
9220
9223
9225
9234
9235
9237
9241
9247
9248
9250
9257
9259
9260
9262
9263
9267
9273
9281
9282
9286
9290
9294
9295
9299
9301
9303
9315
9322
9324
9325
9327
9329
9334
9336
9337
9338
9345
9346
9350
9352
9358
9361
9363
9367
9372
9376
9382
9383
9384
9390
9391
9394
9395
9399
9401
9406
9408
9420
9423
9424
9425
9437
9440
9444
9447
9449
9451
9453
9456
9457
9461
9469
9471
9474
9475
9479
9483
9484
9491
9493
9495
9501
9502
9507
9511
9515
9517
9519
9526
9530
9536
9540
9541
9544
9548
9551
9553
9559
9561
9563
9564
9568
9581
9588
9594
9595
9597
9600
9602
9603
9613
9616
9623
9626
9629
9639
9640
9648
9650
9656
9661
9667
9668
9669
9672
9675
9680
9682
9686
9691
9692
9704
9707
9718
9726
9730
9732
9735
9739
9746
9747
9748
9753
9757
9761
9764
9769
9774
9775
9779
9781
9784
9785
9789
9792
9794
9800
9801
9802
9803
9804
9808
9809
9810
9811
9812
9815
9816
9819
9822
9825
9828
9829
9832
9834
9835
9836
9838
9842
9843
9848
9850
9858
9860
9864
9871
9872
9873
9875
9876
9878
9879
9880
9883
9885
9886
9887
9889
9890
9892
9893
9894
9902
9904
9907
9909
9915
9916
9917
9918
9922
9923
9924
9926
9927
9928
9929
9931
9932
9933
9937
9938
9939
9940
9942
9943
9945
9946
9948
9949
9952
9953
9954
9955
9956
9957
9960
9961
9962
9964
9965
9966
9968
9969
9970
9971
9972
9974
9976
9977
9978
9979
9980
9981
9982
9985
9986
9987
9989
9990
9992
9993
9994
9996
9997
9998
9999
10001
10002
10004
10005
10007
10009
10010
10012
10013
10014
10016
10017
10018
10019
10023
10024
10025
10026
10027
10029
10030
10032
10036
10037
10039
10040
10042
10043
10044
10045
10046
10047
10048
10049
10051
10052
10054
10055
10057
10058
10059
10061
10062
10063
10064
10065
10067
10069
10073
10074
10076
10079
10080
10081
10082
10083
10084
10085
10086
10088
10089
10091
10092
10093
10094
10095
10096
10098
10099
10102
10103
10104
10106
10107
10108
10109
10111
10112
10113
10115
10117
10118
10119
10120
10122
10123
10125
10126
10127
10128
10129
10130
10131
10132
10134
10136
10137
10138
10139
10140
10141
10142
10144
10145
10146
10147
10148
10149
10151
10152
10153
10154
10157
10158
10160
10161
10163
10164
10166
10168
10169
10170
10171
10172
10173
10177
10179
10180
10182
10183
10184
10186
10187
10188
10192
10193
10196
10197
10198
10200
10201
10203
10205
10206
10207
10208
10211
10212
10214
10216
10217
10222
10223
10226
10228
10230
10231
10238
10239
10240
10241
10244
10245
10246
10247
10249
10250
10252
10253
10254
10257
10258
10259
10263
10264
10265
10267
10268
10270
10277
10280
10281
10282
10283
10287
10293
10295
10296
10298
10299
10301
10302
10311
10312
10313
10314
10315
10316
10318
10321
10322
10323
10326
10330
10331
10332
10335
10336
10337
10339
10340
10341
10342
10343
10345
10347
10348
10349
10351
10354
10356
10361
10362
10366
10367
10368
10369
10370
10372
10374
10376
10377
10378
10381
10382
10386
10390
10393
10394
10396
10398
10401
10402
10404
10405
10408
10409
10411
10413
10418
10420
10421
10422
10423
10424
10426
10427
10429
10431
10432
10433
10438
10439
10441
10445
10446
10450
10451
10457
10458
10459
10461
10462
10463
10464
10465
10467
10468
10471
10473
10476
10477
10478
10481
10483
10484
10489
10490
10491
10499
10503
10506
10512
10516
10518
10519
10522
10523
10527
10529
10532
10534
10536
10538
10539
10541
10543
10548
10551
10554
10555
10556
10562
10566
10568
10573
10582
10583
10586
10587
10590
10592
10594
10595
10597
10600
10602
10603
10604
10605
10606
10610
10611
10618
10620
10621
10622
10623
10625
10626
10628
10629
10639
10645
10646
10650
10654
10656
10657
10658
10660
10662
10663
10664
10667
10668
10669
10671
10675
10676
10677
10678
10679
10680
10682
10685
10686
10687
10690
10692
10693
10694
10697
10698
10700
10701
10703
10704
10705
10706
10707
10708
10712
10714
10715
10716
10719
10722
10725
10727
10728
10729
10733
10734
10735
10740
10743
10745
10749
10750
10753
10755
10758
10760
10762
10765
10771
10772
10775
10778
10779
10786
10788
10789
10790
10791
10792
10793
10795
10800
10804
10805
10808
10812
10813
10814
10815
10816
10817
10819
10820
10821
10822
10826
10827
10832
10835
10836
10839
10840
10842
10844
10849
10850
10853
10854
10856
10858
10861
10862
10863
10864
10867
10869
10870
10871
10874
10878
10879
10882
10885
10887
10888
10889
10890
10891
10892
10894
10895
10898
10900
10901
10905
10907
10910
10911
10912
10914
10915
10917
10920
10921
10923
10924
10925
10926
10928
10929
10931
10934
10940
10943
10944
10946
10949
10951
10952
10953
10954
10958
10959
10960
10962
10963
10965
10970
10971
10972
10973
10976
10980
10981
10982
10983
10984
10985
10987
10988
10989
10990
10991
10994
10995
10996
10998
11002
11005
11007
11009
11012
11013
11014
11015
11016
11020
11022
11024
11027
11028
11030
11031
11033
11034
11035
11036
11037
11039
11040
11041
11042
11045
11046
11047
11050
11051
11053
11054
11062
11063
11065
11068
11070
11071
11072
11073
11074
11075
11078
11079
11080
11081
11082
11083
11084
11085
11086
11088
11089
11093
11094
11095
11097
11098
11100
11101
11102
11103
11104
11105
11106
11107
11110
11112
11115
11116
11118
11119
11120
11121
11122
11124
11126
11127
11131
11133
11135
11136
11137
11140
11141
11143
11149
11152
11159
11160
11167
11170
11172
11179
11180
11190
11195
11199
11207
11212
11214
11217
11227
11231
11233
11237
11238
11239
11240
11244
11249
11255
11256
11258
11264
11265
11266
11267
11268
11269
11270
11272
11277
11278
11279
11280
11281
11283
11285
11286
11287
11289
11294
11295
11300
11301
11303
11304
11305
11307
11308
11310
11321
11322
11325
11332
11338
11342
11347
11348
11350
11352
11358
11361
11363
11364
11370
11372
11376
11377
11379
11382
11384
11387
11394
11397
11400
11402
11403
11411
11414
11416
11418
11424
11433
11437
11438
11440
11443
11452
11454
11463
11469
11474
11475
11478
11482
11491
11494
11495
11497
11498
11503
11507
11511
11512
11518
11522
11523
11528
11529
11530
11534
11543
11545
11552
11557
11558
11560
11567
11569
11575
11576
11577
11582
11585
11592
11593
11594
11597
11598
11600
11608
11609
11610
11611
11615
11621
11622
11625
11630
11633
11635
11636
11641
11642
11650
11653
11658
11659
11661
11663
11666
11668
11673
11677
11681
11685
11686
11688
11689
11693
11694
11698
11703
11704
11715
11722
11724
11729
11730
11736
11738
11740
11743
11744
11751
11753
11755
11761
11765
11768
11771
11776
11785
11787
11800
11816
11817
11818
11819
11820
11821
11822
11823
11825
11826
11828
11829
11830
11831
11832
11833
11834
11835
11836
11837
11839
11841
11842
11844
11845
11846
11847
11848
11849
11850
11851
11852
11853
11854
11856
11857
11858
11859
11861
11862
11864
11865
11866
11867
11868
11869
11871
11874
11875
11876
11877
11878
11879
11884
11888
11889
11891
11892
11894
11895
11897
11898
11899
11900
11902
11903
11905
11907
11908
11911
11914
11915
11917
11918
11920
11921
11926
11929
11931
11932
11938
11940
11942
11943
11944
11945
11947
11948
11949
11950
11951
11953
11954
11955
11957
11958
11959
11960
11961
11963
11965
11966
11969
11972
11974
11975
11976
11977
11978
11979
11980
11981
11983
11984
11985
11986
11987
11988
11991
11992
11993
11994
12000
12003
12004
12005
12007
12008
12010
12015
12021
12024
12030
12031
12032
12033
12034
12035
12036
12037
12039
12040
12041
12042
12043
12046
12049
12051
12052
12053
12054
12059
12061
12062
12064
12065
12069
12072
12077
12080
12081
12082
12084
12085
12086
12087
12089
12093
12095
12096
12097
12098
12099
12100
12101
12103
12104
12105
12108
12109
12110
12111
12113
12116
12117
12119
12120
12122
12127
12128
12129
12131
12136
12137
12138
12144
12150
12151
12152
12158
12159
12160
12161
12166
12171
12178
12181
12186
12192
12194
12196
12197
12198
12203
12205
12207
12209
12215
12219
12220
12223
12224
12225
12226
12235
12236
12238
12239
12240
12242
12243
12245
12246
12247
12252
12255
12256
12260
12263
12265
12267
12268
12271
12273
12275
12276
12277
12278
12281
12283
12284
12286
12290
12291
12292
12294
12299
12301
12302
12304
12305
12306
12308
12314
12316
12317
12319
12320
12327
12333
12334
12336
12339
12341
12348
12349
12352
12355
12357
12361
12365
12366
12370
12372
12374
12375
12376
12377
12378
12379
12381
12382
12384
12390
12394
12395
12400
12401
12402
12403
12404
12405
12406
12407
12408
12410
12412
12416
12421
12423
12424
12429
12431
12433
12434
12436
12438
12441
12442
12443
12447
12453
12455
12457
12461
12463
12465
12467
12468
12469
12472
12473
12476
12478
12479
12481
12487
12490
12491
12495
12498
12500
12507
12508
12509
12510
12512
12516
12517
12518
12519
12521
12522
12524
12528
12529
12533
12535
12536
12538
12539
12540
12542
12543
12544
12545
12547
12548
12549
12550
12552
12553
12554
12557
12558
12559
12561
12568
12574
12575
12578
12580
12585
12587
12588
12590
12593
12594
12596
12597
12599
12600
12603
12605
12608
12613
12617
12618
12620
12628
12629
12630
12631
12632
12636
12637
12639
12641
12642
12643
12646
12650
12651
12654
12655
12657
12658
12662
12663
12666
12669
12670
12671
12672
12675
12677
12678
12679
12680
12682
12683
12685
12686
12693
12697
12702
12703
12704
12705
12706
12708
12709
12710
12711
12714
12716
12717
12718
12720
12722
12724
12727
12728
12731
12732
12735
12737
12741
12748
12749
12752
12755
12757
12758
12759
12762
12765
12766
12767
12768
12771
12772
12775
12778
12780
12784
12787
12788
12793
12795
12798
12799
12801
12804
12806
12814
12822
12824
12825
12826
12829
12832
12833
12835
12840
12841
12842
12847
12849
12853
12856
12857
12858
12859
12863
12864
12865
12868
12870
12871
12874
12875
12876
12879
12882
12885
12886
12888
12891
12894
12901
12903
12904
12907
12908
12909
12910
12916
12921
12925
12927
12929
12936
12949
12951
12960
12963
12974
12975
12977
12978
12981
12984
12987
12991
12993
12994
13000
13003
13004
13007
13008
13010
13015
13019
13020
13024
13027
13031
13032
13036
13039
13042
13044
13047
13048
13049
13050
13058
13060
13064
13067
13068
13071
13079
13084
13086
13089
13094
13096
13098
13099
13100
13103
13104
13106
13107
13108
13109
13111
13114
13115
13117
13120
13137
13139
13146
13149
13151
13154
13155
13157
13158
13161
13165
13167
13170
13171
13173
13174
13177
13180
13184
13185
13186
13187
13188
13189
13195
13196
13199
13203
13205
13221
13223
13224
13227
13230
13239
13240
13250
13254
13255
13263
13270
13271
13273
13279
13285
13287
13288
13294
13304
13308
13310
13311
13313
13314
13316
13320
13322
13325
13327
13328
13337
13345
13346
13348
13350
13354
13360
13361
13372
13381
13383
13386
13390
13393
13396
13402
13403
13404
13406
13408
13418
13424
13431
13439
13440
13441
13445
13451
13457
13459
13461
13462
13467
13469
13483
13488
13493
13494
13498
13499
13500
13502
13503
13505
13506
13507
13513
13516
13517
13518
13520
13523
13524
13526
13527
13528
13529
13530
13534
13536
13538
13543
13547
13549
13550
13551
13552
13553
13556
13557
13560
13562
13568
13569
13570
13571
13572
13577
13578
13580
13585
13586
13587
13589
13593
13596
13597
13598
13599
13600
13601
13602
13607
13616
13618
13619
13628
13629
13630
13631
13632
13635
13636
13637
13638
13640
13641
13642
13643
13645
13647
13648
13649
13651
13652
13653
13654
13655
13656
13657
13660
13661
13662
13663
13664
13665
13666
13667
13668
13669
13670
13671
13672
13673
13674
13675
13676
13678
13679
13680
13681
13682
13683
13684
13685
13686
13688
13690
13691
13692
13693
13694
13695
13696
13698
13699
13701
13703
13704
13706
13707
13708
13711
13712
13713
13714
13715
13716
13717
13718
13719
13720
13722
13723
13724
13725
13727
13728
13729
13730
13731
13732
13733
13737
13738
13739
13740
13741
13742
13743
13744
13746
13747
13749
13750
13752
13754
13755
13756
13757
13758
13760
13762
13763
13765
13766
13768
13769
13771
13773
13775
13776
13777
13778
13779
13781
13782
13783
13785
13786
13787
13790
13792
13793
13794
13795
13796
13797
13802
13803
13805
13806
13810
13812
13814
13817
13818
13819
13820
13821
13823
13824
13825
13826
13827
13828
13831
13832
13833
13834
13835
13836
13839
13840
13841
13842
13843
13845
13847
13848
13850
13851
13852
13854
13858
13859
13860
13862
13863
13864
13865
13866
13867
13868
13869
13870
13871
13872
13873
13875
13876
13877
13878
13879
13880
13881
13882
13884
13886
13888
13889
13893
13897
13900
13901
13902
13904
13906
13907
13908
13909
13910
13913
13914
13915
13916
13918
13919
13921
13924
13925
13926
13928
13929
13932
13934
13937
13938
13939
13941
13942
13946
13948
13949
13951
13953
13955
13956
13957
13960
13963
13967
13968
13969
13970
13971
13972
13973
13975
13976
13978
13979
13980
13981
13983
13984
13985
13987
13991
13994
13996
13997
14000
14001
14002
14004
14005
14008
14009
14010
14012
14013
14015
14016
14018
14021
14022
14023
14024
14025
14026
14027
14028
14030
14032
14033
14034
14036
14038
14040
14041
14042
14044
14045
14046
14049
14050
14052
14054
14056
14057
14059
14060
14061
14062
14070
14073
14077
14079
14080
14084
14085
14086
14088
14089
14091
14092
14100
14101
14103
14107
14108
14110
14112
14115
14116
14117
14118
14120
14121
14122
14123
14124
14126
14128
14131
14132
14134
14136
14137
14140
14141
14143
14144
14145
14146
14151
14153
14158
14159
14160
14163
14164
14165
14172
14175
14177
14178
14181
14182
14184
14185
14186
14190
14192
14194
14195
14200
14205
14208
14209
14215
14221
14224
14225
14227
14229
14230
14232
14234
14236
14242
14246
14248
14250
14252
14253
14256
14262
14265
14267
14269
14270
14273
14276
14280
14281
14288
14290
14292
14296
14301
14303
14304
14307
14308
14313
14316
14318
14319
14320
14326
14327
14329
14330
14332
14333
14334
14337
14338
14339
14342
14346
14347
14350
14352
14354
14355
14361
14362
14363
14371
14372
14374
14376
14378
14381
14382
14383
14385
14387
14388
14390
14392
14394
14395
14396
14398
14402
14403
14404
14408
14409
14413
14418
14419
14420
14421
14424
14425
14430
14433
14434
14437
14440
14441
14443
14444
14446
14447
14448
14449
14450
14453
14454
14457
14458
14459
14460
14466
14470
14471
14474
14475
14476
14479
14486
14488
14491
14493
14502
14504
14505
14506
14515
14517
14522
14523
14526
14527
14529
14530
14534
14536
14537
14538
14539
14540
14544
14545
14547
14548
14549
14550
14551
14552
14553
14555
14558
14560
14565
14566
14567
14570
14571
14575
14577
14578
14580
14581
14584
14586
14592
14593
14596
14598
14599
14601
14603
14604
14605
14606
14607
14608
14610
14612
14613
14615
14619
14622
14625
14626
14628
14629
14634
14635
14639
14642
14643
14645
14650
14652
14654
14656
14658
14659
14661
14665
14666
14671
14672
14673
14674
14676
14677
14678
14681
14682
14684
14686
14687
14691
14692
14693
14694
14697
14699
14701
14703
14704
14706
14707
14708
14711
14712
14713
14719
14720
14721
14722
14723
14725
14726
14730
14731
14735
14739
14741
14742
14743
14744
14747
14748
14750
14751
14752
14754
14759
14761
14764
14765
14767
14768
14769
14771
14772
14773
14776
14777
14779
14781
14782
14783
14784
14785
14786
14792
14793
14795
14796
14797
14799
14800
14802
14803
14807
14808
14809
14812
14814
14817
14819
14820
14821
14824
14826
14829
14830
14832
14833
14834
14836
14837
14838
14839
14840
14841
14844
14845
14847
14848
14849
14850
14853
14855
14856
14859
14861
14862
14865
14874
14880
14887
14892
14899
14907
14910
14913
14914
14919
14928
14933
14937
14943
14946
14952
14956
14963
14964
14968
14970
14971
14974
14976
14977
14980
14982
14984
14990
14994
14998
14999
15000
15001
15003
15004
15007
15008
15014
15015
15017
15018
15019
15021
15046
15047
15048
15061
15062
15063
15064
15070
15086
15090
15096
15097
15098
15101
15107
15118
15120
15145
15146
15152
15167
15175
15178
15183
15192
15195
15196
15202
15209
15210
15211
15213
15230
15239
15254
15257
15274
15276
15290
15299
15302
15307
15321
15324
15341
15344
15349
15355
15363
15372
15375
15376
15377
15380
15382
15389
15391
15415
15431
15433
15445
15468
15479
15485
15496
15497
15500
15503
15511
15521
15522
15530
15531
15537
15538
15539
15540
15541
15542
15543
15544
15546
15548
15549
15550
15551
15552
15553
15555
15557
15558
15559
15561
15566
15568
15569
15570
15572
15574
15575
15576
15578
15579
15580
15581
15582
15583
15584
15585
15586
15588
15589
15590
15591
15594
15595
15599
15600
15602
15603
15605
15606
15612
15613
15614
15615
15616
15618
15620
15623
15625
15626
15627
15628
15632
15634
15635
15636
15637
15640
15641
15643
15644
15647
15648
15650
15651
15653
15656
15657
15658
15659
15661
15663
15665
15666
15668
15670
15671
15672
15673
15674
15675
15676
15677
15679
15680
15682
15683
15685
15686
15687
15688
15689
15691
15692
15693
15694
15695
15696
15698
15700
15701
15702
15706
15709
15712
15714
15716
15717
15718
15720
15722
15723
15726
15728
15729
15731
15732
15735
15740
15741
15742
15743
15744
15745
15746
15747
15748
15749
15750
15751
15752
15753
15754
15755
15757
15758
15760
15761
15762
15765
15771
15773
15775
15779
15781
15783
15784
15787
15789
15791
15792
15794
15795
15796
15800
15801
15802
15806
15809
15810
15811
15812
15813
15814
15818
15819
15820
15821
15822
15823
15824
15825
15826
15828
15832
15833
15838
15841
15843
15845
15846
15854
15856
15857
15858
15861
15863
15864
15865
15869
15874
15876
15878
15879
15882
15883
15886
15888
15890
15892
15894
15896
15897
15899
15901
15906
15907
15908
15909
15911
15912
15919
15922
15923
15925
15926
15927
15929
15930
15931
15932
15934
15936
15937
15939
15940
15942
15943
15944
15945
15951
15952
15953
15954
15956
15957
15961
15963
15965
15967
15969
15972
15976
15977
15979
15980
15981
15982
15987
15991
15994
15995
15996
15998
16002
16004
16006
16008
16015
16018
16020
16024
16025
16027
16032
16033
16034
16036
16045
16046
16048
16052
16057
16063
16066
16068
16072
16073
16076
16078
16079
16082
16084
16085
16086
16092
16093
16095
16099
16100
16103
16106
16112
16115
16118
16122
16123
16126
16129
16131
16132
16137
16140
16142
16143
16145
16147
16148
16152
16154
16156
16164
16165
16167
16169
16175
16176
16177
16180
16182
16183
16186
16187
16188
16190
16191
16193
16194
16195
16197
16199
16203
16204
16205
16207
16210
16212
16214
16216
16223
16224
16228
16229
16232
16236
16238
16239
16240
16241
16242
16252
16253
16254
16256
16257
16263
16266
16268
16272
16280
16281
16284
16289
16292
16297
16301
16302
16304
16305
16310
16311
16312
16314
16315
16318
16320
16322
16323
16326
16332
16334
16341
16342
16343
16345
16350
16351
16356
16366
16371
16372
16376
16379
16380
16381
16385
16387
16389
16391
16392
16395
16400
16402
16403
16407
16411
16413
16415
16416
16417
16419
16420
16423
16425
16428
16435
16436
16438
16439
16440
16442
16443
16445
16446
16448
16449
16450
16452
16454
16459
16463
16465
16466
16473
16475
16478
16479
16482
16485
16488
16489
16492
16493
16494
16503
16506
16507
16525
16529
16532
16538
16540
16541
16542
16546
16549
16554
16555
16565
16567
16571
16576
16578
16579
16581
16584
16585
16588
16591
16593
16594
16596
16599
16602
16603
16604
16607
16609
16610
16615
16617
16619
16622
16623
16624
16631
16632
16637
16641
16643
16646
16648
16652
16653
16657
16660
16663
16665
16673
16675
16677
16683
16684
16685
16688
16692
16695
16697
16702
16704
16711
16718
16719
16727
16729
16737
16740
16741
16743
16745
16746
16747
16752
16763
16766
16770
16771
16774
16776
16780
16783
16784
16789
16790
16793
16794
16796
16797
16810
16811
16813
16815
16818
16822
16829
16830
16834
16836
16839
16848
16849
16851
16852
16853
16854
16856
16859
16863
16864
16868
16872
16881
16882
16884
16885
16889
16894
16899
16901
16902
16903
16909
16911
16912
16916
16919
16935
16937
16939
16942
16944
16949
16952
16958
16960
16964
16969
16972
16993
16995
16996
16998
17002
17004
17008
17009
17018
17019
17021
17022
17023
17025
17028
17030
17032
17041
17042
17046
17057
17062
17064
17067
17074
17077
17084
17090
17092
17095
17098
17099
17100
17107
17108
17116
17119
17121
17130
17131
17138
17140
17142
17147
17153
17154
17155
17158
17161
17169
17171
17174
17181
17184
17185
17189
17190
17195
17202
17206
17207
17208
17210
17212
17213
17217
17227
17229
17230
17232
17235
17237
17238
17239
17240
17243
17244
17250
17253
17257
17261
17263
17266
17270
17271
17274
17281
17282
17286
17289
17292
17294
17295
17298
17299
17300
17303
17305
17306
17307
17309
17310
17311
17313
17315
17318
17321
17329
17330
17333
17337
17339
17341
17342
17344
17347
17348
17349
17350
17351
17352
17357
17359
17361
17362
17365
17366
17367
17368
17369
17370
17371
17373
17374
17375
17376
17377
17378
17379
17380
17382
17384
17385
17386
17387
17388
17389
17390
17391
17392
17393
17394
17395
17396
17397
17398
17399
17400
17402
17404
17405
17406
17407
17409
17410
17411
17412
17413
17414
17415
17416
17417
17418
17420
17421
17422
17423
17425
17426
17427
17428
17429
17430
17431
17432
17433
17434
17435
17437
17438
17440
17442
17443
17444
17445
17446
17447
17449
17450
17452
17453
17454
17455
17457
17458
17460
17463
17464
17466
17468
17470
17471
17472
17474
17475
17476
17477
17478
17479
17480
17482
17483
17484
17485
17487
17489
17492
17495
17496
17497
17499
17500
17501
17504
17505
17507
17509
17510
17511
17512
17514
17515
17517
17519
17521
17522
17523
17524
17526
17528
17532
17533
17534
17535
17537
17538
17539
17540
17541
17542
17543
17545
17547
17548
17549
17553
17554
17555
17556
17557
17558
17559
17560
17561
17562
17564
17565
17566
17567
17568
17572
17573
17574
17575
17576
17577
17578
17581
17582
17583
17585
17586
17587
17589
17590
17591
17593
17594
17596
17598
17599
17600
17601
17603
17604
17605
17608
17609
17611
17614
17615
17616
17617
17620
17623
17624
17626
17629
17631
17632
17633
17640
17641
17642
17644
17648
17649
17651
17652
17653
17656
17659
17662
17663
17665
17669
17671
17674
17675
17677
17678
17680
17681
17682
17684
17686
17687
17688
17689
17692
17693
17694
17697
17698
17699
17700
17701
17702
17703
17705
17706
17708
17709
17710
17711
17715
17717
17718
17719
17721
17722
17723
17724
17726
17729
17730
17734
17737
17738
17739
17740
17744
17745
17746
17749
17750
17751
17753
17754
17755
17757
17758
17760
17763
17766
17767
17771
17773
17774
17775
17776
17779
17784
17785
17787
17789
17790
17791
17794
17797
17798
17801
17802
17804
17812
17814
17815
17816
17817
17818
17819
17824
17831
17835
17836
17837
17838
17839
17845
17846
17847
17848
17849
17850
17855
17862
17864
17866
17868
17870
17871
17872
17873
17874
17878
17879
17881
17884
17889
17890
17892
17894
17895
17898
17899
17900
17903
17904
17905
17906
17910
17911
17912
17914
17915
17917
17922
17929
17930
17932
17941
17942
17944
17948
17949
17955
17958
17966
17967
17968
17971
17972
17979
17981
17983
17986
17987
17990
17994
17995
17997
18000
18005
18006
18010
18012
18014
18016
18018
18019
18020
18023
18028
18030
18031
18032
18033
18041
18042
18043
18044
18048
18049
18051
18056
18060
18061
18063
18066
18069
18074
18076
18077
18078
18080
18084
18085
18088
18092
18095
18097
18104
18105
18109
18110
18113
18115
18116
18117
18122
18124
18125
18128
18131
18132
18133
18134
18135
18138
18142
18143
18144
18148
18152
18154
18157
18159
18163
18168
18173
18174
18175
18178
18179
18180
18186
18190
18198
18200
18205
18206
18207
18213
18215
18216
18217
18218
18221
18222
18227
18228
18231
18232
18234
18236
18237
18239
18240
18241
18244
18250
18252
18253
18254
18255
18260
18262
18266
18267
18268
18269
18270
18271
18272
18273
18274
18276
18277
18278
18280
18281
18282
18283
18284
18285
18286
18288
18291
18293
18294
18295
18296
18298
18302
18306
18309
18310
18312
18313
18314
18319
18321
18322
18326
18327
18329
18333
18334
18338
18340
18341
18342
18345
18346
18347
18348
18349
18350
18351
18353
18356
18357
18362
18371
18373
18375
18376
18377
18382
18385
18386
18387
18388
18390
18391
18392
18393
18396
18398
18400
18401
18404
18409
18411
18412
18413
18414
18415
18417
18418
18420
18421
18426
18427
18429
18430
18433
18436
18437
18438
18440
18442
18444
18448
18449
18452
18453
18454
18456
18458
18459
18460
18462
18465
18466
18469
18470
18472
18473
18474
18477
18478
18479
18480
18481
18483
18484
18485
18487
18488
18490
18491
18494
18495
18496
18498
18499
18500
18501
18505
18507
18509
18511
18513
18514
18516
18521
18524
18525
18526
18527
18528
18529
18530
18531
18532
18533
18535
18538
18540
18542
18543
18544
18546
18547
18548
18549
18550
18551
18552
18553
18554
18555
18556
18557
18558
18559
18561
18562
18564
18565
18566
18567
18568
18569
18570
18573
18577
18579
18584
18588
18594
18595
18597
18599
18605
18607
18608
18609
18611
18615
18624
18627
18632
18634
18637
18639
18640
18643
18645
18649
18656
18657
18659
18660
18661
18667
18678
18679
18680
18682
18685
18686
18687
18688
18690
18694
18695
18696
18697
18698
18705
18706
18713
18714
18715
18716
18718
18725
18727
18728
18731
18732
18733
18734
18737
18738
18741
18746
18749
18753
18754
18766
18768
18776
18777
18781
18784
18786
18789
18790
18791
18792
18794
18800
18810
18812
18815
18821
18825
18826
18827
18828
18829
18830
18831
18832
18834
18845
18860
18870
18885
18897
18916
18925
18927
18935
18937
18939
18944
18945
18947
18950
18952
18956
18957
18958
18962
18963
18968
18972
18976
18980
18989
18997
19000
19010
19013
19019
19025
19036
19037
19038
19039
19040
19042
19050
19052
19053
19057
19058
19069
19078
19079
19085
19091
19094
19098
19099
19105
19109
19114
19120
19121
19122
19125
19126
19132
19138
19143
19145
19147
19152
19153
19154
19155
19159
19161
19178
19190
19194
19196
19197
19199
19203
19205
19206
19210
19211
19214
19224
19226
19227
19239
19244
19245
19246
19247
19248
19249
19250
19251
19252
19253
19254
19255
19256
19257
19258
19259
19260
19261
19262
19263
19264
19267
19269
19272
19274
19275
19276
19277
19278
19280
19281
19282
19283
19284
19285
19286
19289
19290
19291
19292
19294
19295
19297
19299
19300
19301
19302
19303
19305
19307
19310
19312
19313
19314
19316
19317
19318
19319
19321
19322
19324
19326
19327
19328
19332
19333
19337
19338
19339
19341
19343
19345
19347
19348
19349
19354
19355
19357
19358
19359
19360
19361
19362
19363
19364
19366
19367
19370
19371
19372
19373
19375
19377
19378
19380
19381
19382
19383
19384
19386
19388
19391
19393
19397
19398
19401
19402
19405
19406
19408
19409
19410
19411
19412
19414
19415
19418
19420
19421
19422
19423
19425
19426
19428
19430
19431
19432
19436
19441
19443
19446
19447
19449
19450
19451
19458
19460
19461
19462
19463
19464
19465
19466
19468
19469
19470
19474
19475
19476
19480
19481
19488
19489
19490
19493
19496
19497
19500
19504
19505
19509
19510
19511
19512
19513
19514
19515
19517
19519
19523
19525
19526
19527
19531
19532
19533
19534
19536
19538
19540
19541
19542
19543
19549
19553
19555
19556
19558
19563
19564
19565
19566
19567
19571
19572
19574
19576
19577
19578
19579
19580
19581
19584
19587
19588
19589
19590
19591
19593
19598
19607
19609
19610
19613
19614
19620
19621
19622
19623
19624
19625
19627
19630
19631
19636
19637
19638
19640
19641
19642
19643
19646
19648
19653
19655
19657
19658
19659
19661
19663
19664
19666
19667
19668
19669
19670
19671
19672
19673
19675
19679
19681
19684
19686
19690
19691
19693
19694
19695
19698
19700
19701
19702
19703
19704
19705
19712
19714
19716
19722
19725
19729
19730
19731
19732
19734
19735
19738
19739
19741
19742
19744
19745
19746
19748
19749
19752
19753
19755
19761
19762
19764
19766
19769
19770
19774
19776
19777
19779
19780
19781
19782
19783
19787
19791
19793
19795
19796
19798
19800
19802
19804
19807
19810
19813
19816
19817
19822
19829
19833
19836
19837
19838
19840
19843
19845
19846
19847
19848
19849
19858
19862
19863
19864
19865
19869
19870
19873
19877
19881
19882
19885
19887
19888
19889
19891
19892
19893
19894
19895
19896
19897
19900
19902
19903
19904
19907
19908
19911
19913
19915
19918
19919
19920
19921
19922
19923
19925
19927
19929
19931
19933
19934
19935
19937
19938
19940
19943
19944
19945
19946
19948
19949
19950
19951
19956
19957
19960
19963
19966
19968
19970
19973
19974
19977
19980
19981
19985
19986
19987
19989
19997
20001
20002
20005
20006
20007
20010
20011
20013
20015
20016
20019
20020
20021
20022
20027
20029
20032
20033
20035
20040
20045
20047
20048
20049
20050
20052
20055
20056
20058
20062
20063
20064
20066
20067
20069
20072
20073
20074
20076
20077
20083
20085
20086
20090
20097
20099
20102
20103
20104
20105
20106
20108
20109
20110
20111
20112
20114
20121
20122
20125
20126
20129
20132
20133
20136
20138
20139
20140
20141
20142
20146
20150
20153
20157
20160
20161
20162
20163
20166
20169
20170
20173
20176
20181
20183
20185
20186
20187
20190
20191
20193
20194
20195
20200
20202
20204
20206
20207
20208
20211
20212
20216
20218
20221
20229
20232
20235
20242
20243
20246
20253
20254
20255
20256
20260
20261
20268
20271
20277
20279
20282
20287
20290
20293
20295
20296
20298
20299
20300
20302
20307
20310
20316
20317
20318
20331
20332
20335
20336
20340
20346
20355
20363
20366
20368
20373
20377
20378
20379
20388
20389
20391
20392
20396
20397
20402
20404
20412
20414
20422
20424
20428
20431
20432
20433
20437
20439
20442
20447
20448
20452
20457
20459
20460
20461
20464
20467
20473
20476
20478
20480
20482
20484
20486
20487
20488
20503
20504
20507
20512
20514
20518
20522
20525
20526
20527
20528
20529
20531
20533
20536
20539
20541
20544
20548
20550
20551
20564
20565
20571
20577
20582
20585
20586
20588
20593
20595
20598
20599
20601
20605
20606
20608
20611
20615
20616
20620
20626
20627
20629
20630
20636
20637
20638
20643
20644
20649
20653
20658
20665
20666
20671
20672
20673
20674
20676
20677
20678
20681
20682
20683
20686
20695
20704
20707
20709
20710
20714
20720
20732
20734
20735
20738
20739
20742
20745
20747
20748
20750
20760
20761
20762
20765
20767
20770
20773
20781
20782
20784
20785
20790
20791
20796
20808
20811
20813
20814
20822
20823
20828
20830
20834
20836
20842
20843
20850
20852
20853
20856
20860
20861
20865
20867
20868
20873
20877
20881
20882
20883
20884
20888
20892
20898
20899
20905
20908
20911
20916
20917
20921
20923
20926
20927
20931
20935
20940
20943
20944
20945
20946
20947
20949
20951
20952
20953
20954
20955
20957
20958
20960
20961
20964
20967
20969
20970
20971
20974
20979
20980
20984
20985
20988
20990
20991
20995
20997
20998
21000
21002
21006
21008
21010
21012
21014
21015
21017
21019
21020
21021
21025
21029
21034
21035
21040
21044
21048
21049
21050
21054
21055
21057
21058
21059
21060
21061
21062
21063
21064
21065
21068
21069
21071
21073
21075
21076
21078
21079
21080
21081
21082
21084
21085
21087
21088
21089
21090
21091
21092
21095
21096
21097
21098
21099
21100
21102
21103
21104
21105
21106
21107
21108
21109
21110
21112
21113
21114
21116
21118
21119
21120
21121
21122
21123
21124
21126
21128
21129
21130
21131
21132
21133
21136
21137
21139
21140
21141
21143
21144
21145
21147
21148
21149
21150
21151
21152
21154
21155
21158
21159
21160
21161
21162
21166
21167
21168
21169
21170
21171
21172
21174
21175
21177
21178
21182
21183
21184
21185
21186
21189
21190
21193
21194
21196
21197
21201
21203
21205
21206
21207
21209
21210
21211
21212
21214
21215
21218
21220
21222
21223
21224
21225
21226
21228
21229
21230
21232
21233
21236
21237
21238
21239
21240
21241
21242
21243
21246
21247
21248
21249
21250
21251
21252
21253
21255
21256
21257
21260
21262
21263
21265
21267
21268
21270
21271
21272
21273
21276
21278
21280
21281
21282
21284
21286
21288
21289
21290
21291
21292
21293
21294
21295
21297
21298
21299
21300
21301
21304
21305
21306
21307
21308
21309
21310
21314
21316
21317
21318
21325
21326
21327
21328
21330
21331
21334
21336
21337
21338
21340
21343
21344
21346
21349
21350
21352
21353
21354
21358
21359
21360
21361
21365
21366
21367
21368
21369
21370
21373
21377
21379
21381
21382
21383
21384
21385
21386
21389
21391
21392
21394
21396
21397
21399
21400
21402
21403
21406
21407
21408
21411
21412
21413
21414
21417
21419
21421
21422
21424
21425
21426
21427
21428
21429
21430
21431
21432
21433
21434
21435
21436
21437
21438
21441
21444
21446
21450
21453
21454
21455
21456
21460
21462
21465
21468
21472
21473
21474
21475
21477
21478
21479
21482
21483
21485
21487
21488
21489
21490
21492
21493
21495
21496
21498
21499
21505
21507
21508
21509
21510
21511
21513
21514
21516
21518
21519
21520
21526
21529
21531
21532
21534
21535
21536
21538
21540
21543
21545
21546
21548
21550
21551
21553
21554
21556
21559
21560
21562
21564
21568
21573
21574
21581
21582
21584
21585
21586
21592
21593
21599
21603
21606
21607
21610
21612
21613
21615
21617
21618
21620
21623
21624
21625
21628
21630
21631
21632
21633
21634
21635
21638
21640
21642
21643
21644
21650
21652
21653
21655
21659
21664
21665
21668
21672
21674
21678
21680
21681
21683
21687
21691
21692
21693
21694
21697
21698
21700
21701
21704
21706
21708
21709
21713
21719
21721
21722
21724
21725
21728
21732
21734
21736
21737
21742
21744
21745
21748
21749
21750
21754
21759
21760
21761
21762
21765
21766
21769
21770
21773
21774
21777
21778
21779
21782
21785
21786
21789
21790
21792
21798
21800
21801
21802
21805
21806
21808
21809
21811
21812
21813
21816
21818
21819
21821
21822
21823
21826
21827
21829
21830
21831
21834
21835
21836
21838
21839
21841
21844
21845
21846
21847
21848
21852
21854
21855
21857
21858
21860
21863
21864
21866
21871
21872
21874
21875
21876
21877
21878
21880
21882
21884
21885
21886
21887
21894
21895
21899
21900
21906
21907
21909
21911
21913
21914
21916
21918
21919
21920
21921
21923
21929
21931
21932
21933
21939
21940
21944
21945
21946
21948
21950
21954
21955
21958
21959
21961
21963
21964
21966
21967
21968
21970
21972
21975
21976
21981
21984
21987
21988
21991
21992
21993
21994
21995
21997
22000
22002
22004
22006
22007
22008
22009
22011
22012
22014
22016
22018
22020
22021
22024
22027
22029
22031
22032
22033
22036
22037
22043
22045
22047
22052
22054
22057
22064
22065
22066
22067
22068
22071
22078
22079
22080
22084
22088
22089
22090
22091
22093
22094
22100
22101
22102
22105
22107
22109
22110
22113
22114
22115
22117
22118
22123
22125
22127
22128
22129
22130
22131
22132
22137
22138
22141
22143
22144
22146
22147
22148
22151
22155
22158
22159
22160
22162
22163
22165
22169
22170
22174
22176
22179
22180
22182
22183
22184
22185
22187
22188
22189
22191
22192
22193
22194
22195
22197
22199
22200
22201
22202
22204
22205
22207
22208
22210
22212
22213
22214
22215
22216
22217
22218
22219
22220
22223
22226
22227
22228
22229
22230
22231
22233
22234
22235
22239
22240
22242
22243
22244
22245
22246
22247
22248
22252
22254
22258
22261
22262
22263
22264
22266
22267
22268
22269
22270
22272
22274
22275
22277
22278
22279
22280
22282
22283
22284
22286
22288
22304
22312
22322
22325
22332
22338
22339
22340
22341
22346
22351
22363
22371
22372
22373
22384
22392
22400
22401
22408
22410
22418
22419
22425
22428
22430
22433
22442
22446
22449
22452
22456
22465
22469
22476
22480
22490
22491
22498
22500
22503
22504
22508
22510
22514
22524
22527
22536
22545
22548
22557
22570
22580
22588
22590
22597
22611
22615
22620
22622
22630
22631
22640
22658
22668
22683
22697
22698
22702
22707
22709
22718
22719
22726
22727
22748
22750
22764
22769
22772
22774
22775
22778
22793
22802
22803
22812
22822
22827
22835
22836
22840
22848
22857
22864
22872
22883
22908
22909
22913
22917
22920
22927
22938
22958
22959
22964
22965
22967
22968
22970
22971
22974
22975
22976
22979
22980
22981
22982
22983
22984
22985
22986
22988
22989
22991
22995
22997
23000
23001
23003
23004
23005
23006
23007
23010
23011
23014
23015
23016
23017
23018
23021
23022
23023
23024
23026
23030
23032
23033
23034
23036
23037
23038
23039
23041
23042
23046
23047
23050
23051
23053
23055
23057
23059
23062
23064
23065
23066
23067
23070
23071
23072
23074
23075
23076
23080
23082
23084
23085
23086
23088
23089
23091
23093
23095
23099
23101
23102
23103
23104
23105
23107
23108
23111
23120
23121
23122
23124
23125
23126
23127
23128
23129
23130
23134
23135
23136
23138
23142
23144
23146
23147
23148
23149
23150
23152
23154
23157
23159
23160
23161
23162
23163
23164
23167
23172
23173
23174
23176
23178
23179
23182
23183
23185
23189
23190
23192
23193
23199
23201
23203
23206
23207
23209
23211
23215
23216
23217
23218
23219
23222
23223
23224
23229
23232
23233
23236
23237
23239
23240
23242
23243
23244
23245
23246
23247
23248
23250
23251
23252
23256
23257
23261
23262
23263
23266
23267
23268
23269
23271
23273
23276
23277
23278
23283
23285
23286
23288
23290
23291
23292
23293
23296
23297
23302
23303
23304
23307
23312
23313
23315
23316
23318
23322
23332
23334
23335
23338
23339
23343
23345
23346
23347
23351
23352
23353
23355
23358
23359
23361
23362
23363
23365
23366
23367
23368
23369
23371
23372
23375
23377
23380
23381
23385
23386
23388
23392
23393
23395
23396
23397
23398
23399
23400
23402
23404
23405
23407
23409
23410
23412
23414
23415
23416
23418
23420
23423
23424
23427
23430
23433
23434
23436
23440
23443
23444
23445
23446
23448
23455
23456
23459
23461
23462
23464
23467
23468
23473
23476
23477
23478
23480
23485
23486
23487
23490
23491
23492
23493
23494
23495
23498
23501
23503
23505
23507
23508
23509
23512
23513
23515
23517
23521
23523
23525
23526
23530
23531
23532
23536
23541
23543
23544
23546
23551
23554
23555
23557
23558
23560
23561
23563
23564
23565
23566
23570
23572
23573
23576
23578
23579
23581
23584
23586
23587
23591
23595
23598
23601
23602
23603
23604
23605
23607
23610
23611
23614
23617
23619
23621
23622
23632
23633
23636
23637
23642
23648
23649
23650
23652
23654
23656
23657
23660
23663
23665
23666
23670
23671
23675
23676
23679
23680
23681
23682
23684
23686
23688
23694
23695
23700
23701
23702
23712
23713
23714
23717
23725
23729
23730
23733
23734
23735
23736
23738
23739
23741
23742
23745
23750
23752
23753
23754
23761
23762
23764
23770
23772
23777
23778
23781
23794
23797
23802
23803
23806
23808
23809
23811
23813
23816
23819
23820
23821
23823
23835
23836
23843
23844
23848
23851
23854
23855
23856
23858
23861
23863
23864
23867
23870
23871
23874
23876
23877
23879
23882
23883
23888
23891
23893
23899
23901
23905
23907
23917
23918
23919
23921
23922
23925
23926
23938
23941
23946
23949
23951
23954
23957
23960
23962
23965
23966
23970
23974
23978
23979
23982
23984
23985
23987
23991
23992
23993
23995
23997
23998
23999
24006
24007
24009
24013
24015
24017
24018
24019
24021
24023
24025
24029
24030
24031
24034
24035
24042
24043
24045
24046
24048
24050
24051
24055
24058
24059
24064
24074
24075
24077
24078
24083
24091
24093
24097
24101
24102
24103
24104
24106
24111
24112
24114
24115
24123
24126
24128
24141
24148
24150
24152
24155
24162
24175
24178
24179
24181
24187
24188
24189
24190
24192
24194
24196
24198
24200
24201
24202
24206
24212
24213
24215
24217
24219
24221
24222
24224
24230
24236
24239
24245
24250
24253
24257
24258
24259
24262
24263
24264
24268
24272
24279
24281
24294
24296
24299
24302
24305
24307
24309
24313
24314
24317
24318
24322
24323
24330
24331
24339
24340
24342
24346
24347
24357
24363
24366
24370
24371
24372
24373
24376
24382
24386
24388
24392
24394
24396
24399
24400
24403
24405
24409
24418
24423
24424
24433
24436
24437
24442
24447
24452
24453
24454
24455
24456
24469
24470
24475
24480
24494
24496
24499
24505
24506
24510
24513
24514
24517
24519
24525
24526
24529
24542
24546
24547
24549
24551
24554
24560
24563
24579
24585
24591
24593
24602
24604
24609
24613
24617
24618
24623
24624
24626
24628
24630
24631
24634
24635
24636
24640
24641
24644
24645
24646
24654
24655
24660
24661
24664
24665
24666
24667
24668
24671
24672
24675
24678
24679
24681
24684
24685
24686
24690
24691
24692
24694
24695
24698
24699
24700
24702
24704
24705
24706
24710
24714
24719
24720
24722
24723
24726
24727
24728
24729
24731
24734
24735
24736
24737
24739
24741
24742
24743
24745
24749
24753
24758
24759
24767
24771
24772
24773
24774
24775
24777
24778
24779
24781
24782
24783
24787
24788
24789
24790
24793
24795
24796
24797
24798
24799
24800
24802
24804
24807
24808
24809
24810
24812
24813
24814
24816
24817
24818
24820
24821
24822
24825
24826
24827
24830
24832
24834
24835
24837
24838
24839
24840
24842
24843
24844
24845
24846
24848
24849
24850
24852
24853
24854
24855
24857
24858
24860
24861
24863
24866
24867
24868
24870
24872
24873
24874
24876
24877
24878
24879
24880
24881
24882
24883
24885
24886
24887
24888
24889
24891
24892
24894
24896
24899
24900
24903
24904
24905
24907
24908
24910
24912
24913
24915
24917
24918
24919
24920
24921
24923
24925
24928
24930
24931
24934
24935
24937
24939
24940
24942
24943
24944
24947
24948
24950
24951
24952
24954
24958
24959
24960
24961
24963
24964
24965
24966
24968
24969
24970
24971
24973
24974
24975
24976
24977
24980
24981
24982
24984
24985
24986
24987
24989
24990
24991
24994
24995
24996
25002
25003
25004
25005
25006
25007
25008
25009
25011
25012
25013
25014
25015
25017
25020
25021
25022
25027
25028
25031
25033
25035
25036
25039
25041
25042
25043
25044
25046
25048
25049
25050
25052
25054
25055
25056
25057
25058
25059
25060
25061
25065
25066
25070
25073
25075
25079
25081
25084
25086
25087
25088
25090
25091
25093
25095
25096
25097
25098
25103
25105
25106
25108
25109
25110
25113
25114
25117
25121
25125
25126
25127
25128
25129
25130
25131
25132
25133
25135
25136
25137
25138
25139
25140
25142
25143
25145
25152
25154
25155
25162
25163
25165
25166
25167
25168
25169
25173
25174
25176
25178
25179
25180
25181
25182
25183
25185
25186
25187
25188
25190
25192
25194
25195
25196
25198
25199
25200
25201
25202
25203
25206
25207
25212
25215
25217
25218
25220
25222
25223
25226
25230
25233
25234
25236
25240
25243
25244
25245
25246
25247
25249
25250
25251
25253
25257
25259
25260
25264
25265
25268
25270
25271
25272
25273
25274
25275
25276
25277
25278
25279
25281
25282
25283
25287
25291
25295
25298
25299
25300
25302
25303
25306
25309
25311
25313
25317
25319
25320
25321
25322
25323
25324
25326
25329
25330
25332
25336
25338
25339
25340
25345
25347
25352
25354
25357
25362
25363
25364
25369
25372
25377
25378
25386
25387
25389
25390
25394
25395
25403
25404
25406
25407
25410
25411
25413
25418
25422
25423
25428
25433
25434
25437
25438
25440
25441
25446
25449
25451
25458
25460
25461
25463
25464
25468
25472
25474
25477
25478
25479
25480
25481
25489
25495
25496
25506
25510
25512
25514
25515
25518
25524
25527
25528
25529
25532
25533
25534
25537
25538
25541
25542
25545
25549
25552
25553
25559
25560
25561
25562
25565
25566
25569
25570
25571
25572
25576
25582
25583
25584
25585
25591
25593
25595
25596
25601
25602
25603
25605
25607
25608
25609
25612
25614
25616
25618
25619
25621
25622
25628
25630
25631
25632
25634
25635
25636
25637
25641
25645
25646
25648
25649
25654
25655
25658
25659
25660
25663
25664
25667
25668
25669
25672
25674
25679
25682
25683
25688
25689
25690
25692
25695
25696
25697
25698
25699
25701
25702
25704
25705
25706
25707
25709
25710
25713
25714
25719
25720
25723
25726
25729
25734
25738
25741
25743
25746
25747
25750
25751
25757
25761
25762
25763
25767
25768
25769
25771
25772
25774
25775
25776
25779
25781
25787
25792
25793
25794
25798
25799
25800
25801
25802
25803
25805
25807
25813
25814
25815
25816
25818
25819
25820
25821
25824
25826
25828
25829
25832
25833
25836
25837
25839
25843
25844
25845
25847
25848
25849
25850
25853
25855
25858
25859
25860
25862
25863
25864
25865
25866
25868
25871
25875
25876
25877
25880
25881
25882
25883
25884
25885
25886
25887
25888
25890
25894
25898
25902
25903
25905
25906
25909
25913
25915
25918
25922
25924
25926
25927
25928
25929
25931
25934
25936
25939
25940
25941
25942
25944
25945
25946
25949
25952
25953
25954
25956
25957
25958
25959
25960
25961
25962
25965
25966
25968
25969
25971
25975
25976
25978
25980
25982
25983
25985
25986
25987
25989
25991
25992
25993
25994
25995
25997
25999
26004
26005
26006
26009
26011
26017
26020
26022
26025
26027
26036
26039
26041
26042
26045
26048
26051
26052
26053
26055
26060
26061
26065
26073
26076
26082
26091
26094
26098
26099
26108
26110
26112
26114
26115
26116
26118
26119
26123
26125
26126
26127
26128
26132
26133
26134
26135
26139
26141
26142
26143
26145
26150
26156
26157
26159
26160
26162
26163
26168
26177
26181
26183
26188
26195
26201
26203
26205
26211
26212
26217
26224
26227
26229
26243
26244
26256
26262
26266
26270
26274
26288
26289
26291
26303
26311
26312
26317
26323
26325
26343
26350
26352
26354
26355
26367
26368
26369
26386
26392
26400
26401
26408
26419
26420
26423
26427
26429
26433
26437
26440
26451
26457
26463
26464
26478
26480
26486
26492
26495
26503
26517
26524
26527
26529
26530
26531
26537
26554
26559
26571
26572
26575
26580
26581
26588
26591
26592
26629
26631
26660
26661
26668
26669
26672
26674
26676
26677
26678
26679
26680
26682
26684
26685
26687
26688
26689
26690
26691
26692
26693
26695
26696
26698
26699
26700
26701
26702
26703
26705
26706
26708
26709
26711
26712
26713
26714
26715
26716
26717
26718
26719
26720
26721
26722
26723
26724
26725
26727
26729
26730
26731
26733
26734
26735
26736
26738
26740
26747
26748
26751
26752
26754
26755
26756
26757
26760
26761
26763
26770
26771
26773
26774
26776
26778
26779
26780
26782
26785
26786
26787
26793
26794
26797
26798
26800
26801
26802
26804
26805
26807
26808
26809
26811
26812
26813
26814
26815
26816
26817
26818
26819
26820
26821
26822
26823
26825
26826
26828
26831
26832
26834
26835
26839
26840
26841
26844
26846
26847
26848
26850
26853
26854
26855
26856
26857
26858
26860
26861
26862
26863
26866
26869
26870
26871
26874
26875
26876
26877
26878
26880
26881
26882
26883
26886
26888
26890
26892
26893
26894
26896
26898
26899
26900
26901
26902
26903
26904
26906
26909
26910
26913
26915
26917
26918
26920
26921
26923
26925
26927
26928
26929
26932
26933
26934
26936
26937
26938
26939
26940
26943
26947
26948
26952
26953
26954
26955
26956
26957
26960
26961
26966
26967
26969
26970
26975
26976
26977
26978
26980
26981
26983
26984
26986
26987
26990
26993
26995
26996
26998
26999
27000
27005
27006
27009
27010
27017
27019
27020
27022
27023
27024
27025
27026
27027
27028
27029
27031
27032
27038
27039
27040
27042
27044
27046
27047
27048
27049
27050
27051
27053
27059
27061
27062
27063
27064
27065
27066
27069
27070
27071
27073
27074
27076
27077
27079
27080
27082
27084
27086
27087
27092
27094
27095
27096
27098
27099
27100
27101
27103
27107
27109
27111
27112
27114
27116
27118
27121
27123
27125
27126
27130
27133
27135
27136
27137
27140
27141
27143
27147
27150
27151
27152
27154
27155
27158
27160
27161
27162
27163
27164
27165
27167
27168
27175
27176
27178
27179
27181
27183
27184
27185
27188
27189
27198
27199
27200
27201
27202
27205
27209
27214
27215
27216
27217
27221
27222
27223
27224
27225
27226
27228
27229
27230
27232
27234
27236
27237
27238
27244
27245
27246
27247
27249
27250
27251
27256
27257
27260
27262
27264
27266
27269
27270
27271
27272
27274
27275
27277
27282
27284
27285
27286
27288
27289
27290
27292
27294
27296
27298
27301
27305
27309
27311
27312
27313
27317
27319
27322
27324
27325
27326
27328
27330
27331
27332
27334
27337
27338
27339
27340
27341
27346
27347
27351
27353
27354
27356
27357
27358
27361
27363
27364
27366
27368
27370
27373
27374
27376
27378
27380
27381
27384
27386
27389
27391
27393
27394
27396
27400
27401
27403
27404
27405
27406
27408
27412
27414
27417
27422
27423
27426
27431
27432
27434
27439
27440
27441
27443
27444
27447
27449
27452
27455
27456
27457
27459
27460
27464
27466
27468
27470
27473
27477
27478
27480
27486
27490
27492
27496
27497
27499
27502
27503
27505
27508
27509
27510
27511
27512
27514
27516
27517
27518
27519
27520
27521
27522
27524
27528
27530
27531
27533
27536
27537
27538
27542
27544
27545
27546
27552
27553
27557
27558
27559
27561
27562
27565
27567
27568
27570
27572
27575
27576
27577
27578
27584
27585
27586
27588
27590
27591
27592
27593
27595
27597
27601
27604
27607
27609
27613
27614
27615
27616
27619
27621
27622
27626
27627
27631
27632
27633
27636
27638
27639
27640
27643
27646
27648
27649
27651
27655
27661
27662
27663
27664
27665
27668
27669
27671
27677
27678
27680
27681
27684
27685
27688
27689
27690
27692
27696
27697
27698
27706
27707
27708
27709
27712
27713
27715
27717
27720
27721
27722
27723
27724
27725
27726
27727
27733
27735
27739
27745
27751
27752
27756
27757
27758
27759
27760
27761
27762
27763
27764
27765
27766
27768
27771
27774
27780
27781
27783
27785
27786
27792
27793
27796
27800
27802
27803
27804
27807
27810
27811
27817
27825
27828
27840
27846
27849
27856
27857
27859
27861
27871
27872
27876
27880
27882
27887
27889
27895
27896
27898
27900
27902
27903
27904
27906
27908
27910
27914
27915
27917
27918
27921
27931
27932
27935
27936
27937
27942
27943
27944
27946
27952
27953
27955
27956
27965
27969
27973
27974
27976
27979
27983
27989
27991
27993
27995
28005
28010
28012
28014
28017
28019
28023
28024
28026
28027
28029
28031
28036
28039
28044
28045
28048
28049
28050
28053
28055
28056
28061
28065
28067
28071
28076
28077
28082
28086
28087
28089
28091
28092
28093
28094
28102
28106
28107
28110
28111
28114
28121
28123
28125
28126
28131
28132
28137
28138
28142
28144
28145
28148
28151
28154
28156
28159
28161
28163
28164
28165
28166
28167
28168
28169
28170
28172
28173
28175
28180
28181
28183
28187
28191
28198
28199
28200
28201
28205
28206
28208
28211
28212
28216
28221
28224
28227
28228
28231
28233
28236
28237
28240
28242
28245
28247
28249
28253
28256
28258
28262
28264
28265
28271
28272
28274
28280
28281
28283
28289
28295
28300
28301
28305
28306
28309
28317
28325
28326
28327
28332
28333
28334
28337
28338
28344
28349
28350
28351
28352
28353
28354
28355
28356
28359
28363
28364
28372
28373
28374
28375
28381
28382
28383
28384
28385
28386
28387
28388
28389
28390
28391
28392
28395
28399
28404
28405
28408
28412
28413
28414
28416
28418
28419
28420
28421
28424
28426
28430
28432
28434
28436
28438
28439
28440
28441
28442
28443
28445
28448
28449
28450
28453
28455
28457
28459
28471
28472
28474
28475
28476
28482
28484
28485
28486
28487
28488
28489
28493
28496
28497
28499
28501
28503
28504
28505
28507
28508
28510
28511
28513
28516
28517
28518
28519
28520
28521
28524
28526
28527
28528
28530
28531
28533
28536
28537
28538
28539
28540
28542
28544
28546
28547
28548
28549
28550
28551
28552
28553
28554
28555
28557
28558
28559
28560
28561
28564
28565
28566
28567
28568
28569
28571
28572
28573
28574
28576
28577
28578
28580
28583
28584
28586
28589
28590
28592
28593
28594
28595
28599
28600
28602
28603
28605
28607
28609
28610
28612
28613
28614
28615
28616
28618
28621
28622
28628
28629
28631
28632
28633
28634
28635
28638
28639
28640
28642
28646
28648
28649
28651
28652
28653
28655
28656
28657
28658
28661
28662
28664
28665
28666
28667
28668
28669
28670
28673
28674
28676
28677
28680
28683
28686
28687
28689
28690
28693
28696
28697
28698
28699
28700
28701
28702
28703
28704
28707
28709
28710
28711
28714
28715
28716
28718
28719
28721
28722
28724
28725
28726
28727
28728
28729
28731
28733
28734
28735
28736
28737
28740
28742
28743
28744
28745
28746
28747
28748
28749
28753
28755
28756
28757
28758
28762
28763
28771
28772
28773
28774
28776
28778
28780
28781
28782
28784
28786
28795
28796
28798
28800
28804
28805
28810
28811
28812
28814
28816
28818
28819
28820
28822
28823
28824
28827
28828
28829
28831
28835
28837
28840
28841
28843
28844
28847
28848
28850
28852
28853
28854
28856
28857
28859
28860
28861
28863
28864
28865
28866
28867
28872
28881
28884
28887
28888
28889
28895
28896
28900
28901
28902
28904
28907
28909
28910
28911
28912
28913
28914
28915
28916
28917
28918
28919
28921
28924
28926
28927
28928
28929
28931
28932
28933
28934
28935
28936
28939
28941
28942
28943
28947
28948
28950
28954
28955
28956
28957
28958
28960
28961
28963
28964
28968
28971
28972
28975
28978
28979
28980
28981
28982
28984
28986
28987
28990
28992
28996
28998
29002
29007
29008
29009
29013
29014
29016
29019
29020
29021
29023
29028
29031
29032
29034
29036
29040
29041
29042
29045
29046
29047
29050
29051
29052
29053
29056
29058
29059
29061
29067
29070
29071
29075
29078
29080
29082
29086
29091
29093
29097
29098
29099
29100
29102
29106
29109
29111
29115
29119
29121
29123
29125
29126
29128
29131
29132
29134
29135
29136
29138
29148
29152
29153
29155
29157
29160
29162
29164
29165
29166
29170
29171
29172
29173
29174
29175
29176
29180
29185
29186
29189
29193
29196
29199
29202
29203
29207
29208
29210
29211
29213
29218
29219
29221
29222
29223
29224
29227
29228
29229
29230
29231
29232
29234
29237
29238
29239
29241
29246
29247
29250
29251
29252
29258
29260
29261
29263
29264
29266
29267
29273
29274
29275
29276
29277
29282
29284
29287
29288
29290
29292
29294
29295
29297
29298
29299
29300
29302
29306
29307
29313
29314
29315
29317
29320
29321
29322
29323
29327
29332
29333
29335
29339
29342
29343
29344
29349
29352
29355
29356
29357
29360
29362
29363
29364
29365
29368
29369
29370
29371
29373
29374
29376
29377
29378
29380
29381
29382
29383
29384
29386
29387
29390
29391
29395
29400
29404
29405
29409
29410
29413
29415
29416
29417
29418
29420
29421
29422
29423
29424
29426
29427
29428
29434
29435
29437
29440
29442
29445
29446
29448
29453
29455
29456
29457
29458
29460
29461
29462
29464
29465
29466
29468
29471
29474
29475
29477
29480
29482
29483
29485
29488
29491
29492
29495
29499
29502
29504
29510
29511
29513
29515
29516
29517
29519
29521
29522
29528
29529
29530
29532
29533
29535
29536
29538
29540
29542
29543
29544
29546
29551
29552
29554
29555
29556
29558
29559
29564
29566
29568
29569
29571
29572
29575
29576
29577
29579
29580
29581
29585
29587
29588
29589
29590
29591
29598
29599
29600
29601
29602
29604
29605
29606
29607
29608
29610
29611
29612
29613
29614
29619
29620
29621
29626
29627
29629
29630
29634
29635
29638
29639
29640
29642
29643
29651
29653
29655
29656
29657
29658
29659
29660
29663
29664
29665
29667
29668
29670
29672
29673
29675
29676
29678
29682
29683
29685
29686
29688
29689
29690
29691
29692
29693
29694
29695
29696
29697
29699
29700
29701
29703
29704
29705
29706
29707
29709
29710
29711
29713
29714
29715
29716
29741
29742
29744
29746
29749
29750
29754
29760
29766
29767
29768
29770
29774
29775
29776
29778
29780
29784
29791
29795
29802
29803
29808
29809
29813
29818
29819
29829
29832
29835
29837
29840
29841
29844
29852
29854
29856
29857
29858
29859
29863
29864
29868
29869
29870
29873
29874
29875
29884
29913
29918
29919
29926
29929
29946
29947
29964
29969
29970
29973
29974
29991
29992
29993
30008
30019
30031
30034
30042
30052
30056
30058
30064
30067
30073
30080
30082
30086
30088
30089
30095
30098
30110
30114
30115
30117
30129
30132
30133
30139
30146
30155
30157
30161
30166
30177
30180
30181
30189
30192
30194
30200
30210
30217
30221
30231
30233
30240
30241
30246
30248
30250
30261
30263
30271
30274
30275
30279
30287
30289
30292
30300
30306
30314
30335
30341
30348
30356
30358
30366
30381
30382
30386
30388
30389
30390
30392
30393
30394
30395
30398
30399
30401
30404
30405
30406
30407
30408
30409
30410
30411
30412
30413
30414
30415
30416
30419
30420
30421
30423
30424
30425
30426
30428
30429
30430
30432
30434
30435
30436
30437
30438
30439
30440
30441
30443
30444
30445
30446
30447
30450
30451
30452
30454
30455
30456
30457
30458
30459
30460
30464
30465
30466
30474
30476
30477
30479
30480
30481
30482
30485
30489
30490
30491
30492
30493
30494
30495
30497
30500
30501
30502
30503
30504
30507
30508
30509
30510
30511
30512
30513
30514
30515
30516
30518
30519
30523
30524
30525
30527
30528
30530
30531
30532
30533
30536
30538
30539
30540
30542
30544
30545
30547
30548
30549
30550
30551
30552
30553
30554
30556
30557
30559
30561
30562
30564
30565
30568
30570
30572
30575
30576
30577
30578
30579
30580
30582
30584
30585
30587
30588
30589
30593
30595
30596
30599
30600
30602
30606
30607
30608
30609
30610
30611
30613
30616
30618
30620
30622
30623
30624
30625
30626
30628
30629
30632
30633
30634
30635
30636
30637
30638
30639
30641
30643
30644
30645
30646
30648
30649
30654
30655
30656
30657
30659
30661
30662
30663
30665
30669
30670
30672
30674
30675
30676
30677
30678
30679
30680
30681
30682
30684
30685
30686
30687
30689
30691
30692
30694
30695
30697
30698
30699
30700
30704
30705
30707
30708
30709
30710
30712
30713
30714
30717
30719
30720
30722
30724
30730
30731
30734
30735
30737
30738
30742
30744
30746
30748
30749
30752
30754
30756
30757
30760
30762
30763
30766
30771
30773
30774
30775
30778
30779
30780
30781
30782
30784
30785
30786
30787
30788
30789
30791
30792
30793
30794
30795
30796
30799
30800
30803
30804
30805
30807
30808
30809
30813
30821
30822
30823
30824
30825
30826
30827
30832
30833
30835
30836
30838
30840
30841
30842
30844
30846
30847
30850
30851
30852
30856
30858
30859
30860
30861
30862
30863
30864
30868
30869
30873
30874
30876
30879
30880
30881
30882
30884
30885
30886
30887
30888
30889
30890
30891
30892
30895
30897
30899
30901
30903
30906
30907
30908
30910
30911
30912
30914
30917
30918
30919
30920
30923
30924
30925
30926
30927
30929
30930
30935
30936
30941
30942
30946
30948
30949
30950
30951
30953
30954
30956
30957
30958
30959
30960
30961
30962
30963
30964
30965
30970
30971
30973
30974
30976
30977
30978
30979
30980
30982
30983
30984
30985
30988
30989
30991
30992
30995
30998
30999
31001
31002
31003
31006
31011
31012
31013
31014
31015
31018
31019
31020
31022
31023
31025
31027
31028
31031
31032
31033
31034
31035
31036
31037
31038
31039
31042
31044
31045
31046
31048
31049
31050
31053
31055
31057
31058
31059
31060
31061
31064
31065
31066
31070
31071
31073
31075
31076
31077
31078
31079
31080
31081
31082
31084
31085
31087
31089
31091
31092
31093
31095
31097
31098
31099
31103
31104
31105
31108
31110
31114
31115
31117
31118
31122
31125
31127
31128
31130
31134
31135
31136
31138
31139
31140
31141
31142
31144
31145
31148
31153
31157
31158
31159
31160
31161
31162
31164
31168
31170
31172
31173
31178
31179
31180
31181
31183
31184
31186
31189
31190
31191
31192
31198
31199
31200
31202
31204
31206
31208
31209
31211
31212
31213
31215
31216
31218
31219
31221
31222
31227
31228
31231
31232
31234
31235
31239
31240
31244
31245
31246
31247
31248
31250
31251
31254
31256
31257
31258
31261
31262
31263
31264
31267
31268
31269
31270
31271
31272
31273
31274
31278
31279
31280
31281
31282
31286
31287
31288
31289
31290
31291
31292
31295
31296
31301
31302
31304
31305
31307
31308
31311
31316
31318
31319
31321
31323
31325
31326
31329
31332
31334
31336
31341
31342
31344
31346
31349
31353
31354
31356
31357
31359
31361
31364
31370
31371
31374
31375
31376
31379
31382
31385
31386
31388
31390
31391
31393
31394
31395
31398
31406
31407
31410
31411
31415
31417
31421
31423
31427
31428
31429
31435
31436
31437
31438
31439
31440
31442
31444
31445
31447
31448
31449
31453
31456
31458
31459
31461
31462
31463
31465
31466
31470
31473
31474
31476
31478
31479
31482
31485
31488
31490
31492
31494
31495
31499
31500
31503
31509
31510
31513
31514
31516
31521
31524
31525
31527
31528
31530
31531
31534
31539
31540
31541
31542
31543
31547
31548
31551
31552
31554
31558
31561
31562
31564
31566
31567
31571
31573
31574
31578
31580
31590
31592
31593
31595
31602
31603
31604
31607
31612
31615
31616
31618
31619
31620
31623
31626
31628
31629
31630
31631
31642
31645
31649
31651
31656
31658
31664
31666
31667
31668
31673
31678
31679
31680
31683
31685
31687
31690
31691
31692
31693
31697
31698
31699
31707
31712
31721
31724
31727
31728
31733
31736
31737
31738
31740
31743
31745
31749
31750
31751
31757
31758
31759
31766
31767
31768
31769
31775
31777
31779
31783
31791
31796
31800
31801
31802
31806
31808
31809
31810
31813
31814
31816
31824
31825
31828
31835
31837
31838
31841
31845
31846
31849
31850
31851
31852
31853
31862
31864
31865
31872
31873
31874
31879
31880
31881
31882
31883
31884
31886
31887
31890
31895
31896
31897
31904
31913
31915
31916
31918
31924
31926
31927
31928
31930
31932
31935
31939
31941
31943
31947
31948
31953
31956
31958
31970
31973
31975
31976
31979
31981
31982
31987
31991
31994
31996
31998
31999
32002
32003
32006
32007
32008
32009
32010
32011
32012
32014
32023
32026
32027
32029
32031
32032
32038
32039
32040
32041
32042
32043
32045
32051
32052
32053
32054
32057
32063
32064
32066
32067
32068
32069
32073
32075
32076
32082
32084
32085
32086
32088
32089
32092
32093
32094
32095
32096
32097
32100
32103
32104
32105
32106
32107
32108
32110
32112
32113
32118
32119
32120
32126
32127
32129
32130
32133
32137
32138
32140
32142
32143
32144
32145
32147
32148
32150
32151
32155
32156
32157
32158
32159
32161
32163
32164
32165
32166
32168
32169
32170
32171
32173
32175
32176
32182
32189
32190
32193
32196
32198
32199
32200
32201
32202
32204
32205
32206
32207
32208
32210
32213
32214
32215
32216
32217
32218
32220
32221
32222
32223
32224
32225
32226
32227
32228
32229
32230
32231
32232
32233
32234
32235
32236
32237
32238
32240
32241
32243
32244
32245
32246
32247
32248
32250
32253
32254
32255
32256
32257
32258
32260
32262
32263
32264
32265
32270
32271
32272
32273
32274
32275
32276
32277
32278
32281
32282
32283
32284
32285
32286
32287
32288
32289
32291
32293
32294
32295
32296
32297
32298
32300
32302
32303
32304
32306
32307
32308
32309
32310
32311
32312
32313
32314
32315
32316
32317
32318
32319
32320
32322
32324
32326
32328
32330
32331
32332
32333
32335
32336
32337
32338
32340
32342
32343
32345
32346
32347
32348
32349
32351
32353
32354
32355
32356
32357
32360
32362
32363
32364
32365
32366
32367
32368
32370
32372
32373
32375
32376
32377
32378
32379
32380
32381
32382
32384
32388
32389
32390
32391
32393
32394
32395
32396
32397
32398
32399
32400
32401
32403
32404
32406
32407
32408
32409
32410
32411
32412
32413
32414
32416
32418
32420
32422
32423
32427
32428
32429
32430
32432
32433
32434
32435
32436
32437
32438
32439
32440
32441
32442
32443
32444
32445
32446
32447
32449
32450
32452
32453
32454
32456
32457
32459
32460
32465
32467
32468
32471
32472
32473
32474
32480
32484
32485
32488
32491
32496
32498
32501
32502
32503
32506
32507
32509
32512
32513
32515
32518
32521
32522
32525
32526
32527
32528
32530
32531
32533
32534
32536
32538
32539
32540
32541
32542
32543
32544
32545
32547
32548
32549
32550
32553
32554
32555
32556
32557
32558
32559
32560
32561
32563
32564
32566
32567
32571
32572
32573
32575
32577
32578
32579
32580
32583
32586
32588
32591
32592
32593
32595
32596
32597
32598
32602
32603
32604
32605
32606
32607
32610
32612
32613
32614
32615
32616
32618
32619
32621
32623
32625
32627
32629
32630
32631
32634
32635
32637
32640
32641
32645
32646
32647
32649
32650
32651
32652
32653
32654
32655
32657
32658
32661
32662
32665
32667
32669
32670
32671
32673
32674
32675
32676
32677
32678
32682
32685
32686
32688
32691
32692
32695
32696
32698
32700
32702
32703
32704
32705
32706
32710
32711
32713
32714
32715
32716
32719
32722
32723
32724
32727
32730
32734
32735
32738
32740
32742
32744
32745
32746
32748
32750
32751
32754
32757
32759
32760
32761
32763
32764
32765
32768
32769
32772
32773
32775
32776
32780
32783
32785
32786
32788
32790
32792
32794
32795
32796
32797
32799
32801
32804
32806
32808
32813
32817
32820
32821
32823
32825
32826
32829
32832
32833
32834
32835
32838
32839
32846
32850
32851
32858
32866
32867
32869
32873
32874
32875
32876
32880
32883
32885
32886
32889
32891
32892
32898
32899
32902
32904
32905
32907
32909
32912
32916
32924
32925
32926
32930
32931
32932
32934
32940
32941
32943
32945
32946
32948
32952
32953
32954
32955
32957
32958
32960
32961
32962
32965
32966
32968
32969
32970
32973
32974
32975
32983
32984
32987
32988
32989
32990
32994
32996
32997
32998
32999
33000
33002
33007
33009
33010
33011
33013
33014
33019
33020
33021
33022
33023
33024
33025
33027
33029
33031
33032
33035
33037
33041
33044
33046
33048
33049
33051
33052
33053
33054
33056
33057
33058
33059
33061
33063
33065
33070
33072
33073
33074
33075
33076
33077
33079
33082
33085
33088
33090
33091
33092
33095
33096
33097
33100
33101
33106
33107
33109
33110
33118
33119
33122
33124
33131
33133
33134
33135
33136
33137
33138
33139
33140
33142
33146
33147
33148
33150
33151
33152
33154
33156
33158
33160
33162
33163
33165
33166
33169
33170
33171
33172
33174
33175
33176
33177
33178
33179
33180
33182
33183
33184
33185
33189
33191
33192
33194
33196
33197
33198
33199
33201
33202
33203
33204
33205
33206
33207
33208
33209
33211
33212
33215
33216
33217
33222
33224
33226
33227
33229
33231
33232
33236
33238
33241
33243
33244
33245
33246
33247
33249
33252
33254
33255
33256
33257
33259
33260
33261
33262
33265
33267
33268
33269
33270
33271
33272
33273
33274
33275
33277
33279
33282
33283
33285
33286
33289
33290
33292
33293
33294
33295
33296
33297
33301
33302
33304
33305
33306
33307
33308
33309
33311
33312
33314
33315
33316
33321
33325
33326
33327
33329
33331
33334
33335
33336
33338
33339
33340
33341
33343
33344
33345
33346
33347
33349
33352
33353
33354
33356
33357
33359
33362
33363
33364
33365
33366
33367
33368
33369
33370
33372
33373
33377
33378
33379
33380
33381
33383
33384
33385
33386
33387
33388
33389
33390
33391
33394
33396
33399
33401
33403
33405
33406
33407
33408
33410
33411
33412
33413
33414
33415
33417
33420
33421
33423
33425
33426
33427
33429
33432
33433
33434
33435
33437
33439
33445
33447
33450
33452
33454
33455
33463
33465
33467
33471
33482
33488
33489
33490
33501
33503
33505
33508
33516
33528
33537
33539
33542
33544
33546
33549
33550
33551
33552
33554
33555
33561
33562
33563
33567
33568
33569
33571
33572
33573
33574
33577
33578
33581
33584
33585
33587
33588
33589
33591
33596
33598
33609
33611
33615
33623
33628
33633
33635
33640
33643
33645
33647
33652
33656
33659
33672
33687
33688
33701
33705
33707
33712
33718
33720
33723
33752
33764
33766
33777
33782
33788
33789
33793
33796
33800
33801
33803
33805
33807
33814
33821
33824
33827
33836
33843
33844
33851
33853
33855
33861
33869
33892
33893
33894
33895
33907
33914
33917
33919
33923
33928
33929
33932
33935
33936
33942
33945
33953
33957
33958
33960
33961
33968
33988
33989
33991
33996
33998
34001
34011
34014
34018
34020
34024
34028
34029
34035
34042
34048
34049
34050
34057
34062
34065
34067
34069
34070
34085
34091
34094
34095
34099
34100
34101
34103
34106
34107
34108
34109
34110
34111
34112
34113
34114
34115
34117
34118
34121
34122
34123
34124
34125
34127
34128
34129
34130
34133
34134
34135
34136
34137
34138
34139
34140
34142
34144
34145
34146
34147
34148
34150
34151
34152
34153
34154
34155
34156
34157
34158
34159
34160
34161
34163
34164
34165
34166
34167
34168
34169
34172
34174
34175
34176
34179
34182
34184
34186
34188
34189
34190
34191
34193
34195
34196
34198
34199
34200
34204
34205
34208
34211
34212
34213
34214
34215
34219
34222
34223
34224
34227
34228
34230
34231
34232
34233
34235
34236
34237
34238
34239
34240
34241
34244
34246
34247
34248
34249
34250
34252
34253
34254
34255
34256
34257
34258
34259
34260
34261
34262
34263
34267
34268
34269
34270
34272
34273
34274
34276
34277
34278
34279
34280
34282
34284
34285
34286
34288
34290
34291
34292
34293
34294
34296
34297
34298
34299
34300
34301
34302
34303
34304
34305
34306
34307
34308
34310
34311
34313
34314
34315
34318
34319
34320
34321
34322
34323
34324
34325
34326
34327
34330
34331
34332
34333
34337
34339
34340
34341
34342
34343
34344
34345
34346
34348
34349
34353
34354
34356
34357
34359
34360
34362
34364
34365
34366
34367
34368
34370
34371
34372
34373
34375
34376
34378
34379
34380
34381
34382
34383
34385
34387
34388
34390
34391
34392
34393
34394
34395
34397
34399
34400
34401
34403
34406
34408
34410
34411
34412
34413
34414
34417
34418
34419
34420
34421
34423
34424
34425
34426
34427
34428
34430
34431
34432
34434
34435
34436
34438
34439
34441
34443
34444
34445
34446
34449
34450
34451
34452
34453
34460
34461
34464
34465
34466
34467
34470
34471
34472
34474
34476
34477
34478
34481
34483
34486
34487
34488
34489
34490
34491
34493
34494
34496
34498
34501
34502
34503
34505
34506
34507
34508
34509
34510
34513
34514
34515
34517
34518
34519
34520
34521
34523
34524
34526
34527
34528
34529
34531
34532
34535
34536
34537
34538
34539
34540
34541
34542
34547
34549
34551
34552
34554
34555
34556
34557
34558
34560
34562
34566
34569
34570
34571
34572
34574
34576
34581
34582
34585
34586
34587
34588
34589
34590
34591
34592
34594
34595
34596
34598
34602
34603
34604
34605
34606
34607
34608
34609
34610
34611
34612
34613
34615
34616
34617
34619
34620
34621
34623
34624
34625
34626
34628
34629
34630
34632
34633
34636
34637
34639
34640
34643
34645
34646
34647
34648
34649
34651
34653
34654
34655
34660
34662
34663
34664
34665
34670
34672
34673
34675
34676
34678
34679
34684
34685
34687
34688
34689
34691
34692
34693
34694
34697
34698
34699
34702
34703
34704
34705
34709
34710
34711
34713
34714
34715
34716
34717
34718
34725
34726
34728
34732
34733
34734
34735
34736
34737
34738
34740
34742
34743
34745
34747
34749
34750
34752
34753
34756
34757
34758
34759
34760
34761
34762
34763
34764
34767
34768
34771
34775
34778
34779
34780
34781
34782
34784
34785
34789
34792
34794
34796
34797
34798
34799
34800
34801
34803
34807
34809
34811
34812
34813
34815
34816
34817
34818
34819
34822
34824
34826
34827
34829
34830
34834
34836
34838
34842
34843
34847
34850
34851
34852
34853
34854
34855
34856
34859
34860
34862
34863
34864
34866
34867
34868
34871
34873
34875
34876
34877
34878
34881
34882
34884
34887
34888
34892
34894
34895
34896
34898
34900
34901
34903
34905
34907
34908
34909
34911
34912
34913
34914
34918
34922
34923
34925
34927
34928
34929
34930
34931
34932
34933
34936
34937
34938
34939
34941
34944
34945
34946
34948
34950
34952
34953
34955
34956
34961
34962
34963
34964
34965
34966
34970
34971
34972
34974
34976
34978
34981
34985
34987
34988
34989
34992
34993
34995
34997
34998
34999
35000
35002
35003
35004
35006
35009
35010
35015
35016
35019
35021
35022
35024
35025
35029
35030
35033
35034
35035
35036
35037
35038
35040
35042
35043
35044
35045
35046
35047
35049
35050
35056
35059
35060
35063
35064
35065
35067
35068
35069
35074
35077
35079
35080
35085
35086
35088
35089
35090
35091
35092
35093
35094
35096
35097
35099
35101
35102
35103
35104
35105
35107
35108
35110
35112
35113
35114
35115
35116
35117
35119
35120
35122
35124
35126
35127
35129
35131
35132
35133
35135
35137
35138
35139
35140
35141
35142
35144
35146
35148
35149
35150
35152
35153
35155
35156
35158
35159
35161
35162
35165
35166
35167
35170
35171
35173
35175
35176
35177
35179
35180
35182
35184
35185
35186
35187
35188
35190
35191
35192
35194
35199
35200
35202
35206
35208
35209
35210
35211
35214
35216
35217
35218
35220
35221
35222
35224
35225
35231
35233
35234
35235
35237
35239
35243
35245
35246
35247
35248
35249
35250
35256
35258
35259
35260
35264
35265
35266
35269
35276
35277
35280
35282
35285
35288
35289
35291
35293
35294
35297
35298
35300
35301
35302
35303
35304
35307
35308
35309
35314
35315
35316
35317
35318
35320
35321
35323
35326
35328
35330
35331
35332
35336
35338
35340
35342
35344
35347
35348
35353
35359
35361
35363
35365
35366
35368
35370
35374
35378
35380
35381
35387
35389
35394
35397
35399
35401
35405
35406
35407
35412
35413
35415
35420
35421
35422
35423
35426
35430
35433
35436
35438
35439
35440
35441
35445
35447
35450
35451
35452
35454
35459
35461
35463
35464
35465
35471
35472
35473
35476
35480
35481
35482
35483
35487
35489
35490
35493
35494
35499
35500
35505
35510
35511
35513
35514
35516
35521
35522
35523
35528
35529
35532
35533
35535
35539
35542
35546
35547
35548
35549
35551
35559
35563
35565
35572
35573
35576
35577
35578
35581
35588
35589
35590
35591
35593
35594
35595
35596
35597
35600
35601
35603
35604
35607
35608
35611
35612
35615
35616
35617
35622
35625
35626
35627
35628
35629
35632
35634
35635
35637
35640
35641
35644
35646
35650
35652
35655
35656
35658
35661
35663
35664
35665
35667
35668
35670
35673
35675
35678
35680
35685
35686
35687
35688
35689
35690
35692
35693
35704
35707
35708
35709
35710
35711
35712
35715
35720
35723
35724
35725
35726
35729
35734
35737
35740
35746
35750
35753
35754
35755
35760
35761
35767
35772
35773
35775
35776
35777
35778
35780
35781
35782
35783
35784
35785
35787
35790
35792
35796
35797
35798
35799
35801
35802
35803
35806
35807
35808
35809
35810
35811
35813
35814
35816
35817
35818
35820
35821
35827
35830
35832
35833
35835
35836
35841
35842
35843
35844
35845
35846
35847
35848
35850
35851
35853
35854
35855
35856
35857
35858
35859
35861
35862
35864
35866
35869
35870
35871
35873
35874
35876
35877
35879
35880
35883
35884
35885
35886
35887
35891
35893
35894
35895
35896
35897
35898
35899
35900
35902
35903
35904
35905
35907
35908
35909
35912
35913
35914
35915
35916
35917
35918
35919
35920
35921
35923
35924
35925
35927
35929
35931
35932
35933
35934
35935
35936
35937
35938
35940
35941
35943
35944
35945
35946
35947
35948
35949
35952
35953
35954
35955
35956
35958
35960
35963
35964
35967
35968
35969
35970
35971
35972
35973
35974
35975
35976
35977
35978
35979
35980
35982
35983
35984
35985
35987
35988
35991
35992
35993
35995
35996
35997
35999
36000
36001
36002
36003
36004
36005
36006
36007
36008
36009
36010
36011
36012
36014
36017
36020
36021
36022
36024
36025
36027
36028
36030
36031
36032
36033
36034
36035
36037
36038
36039
36042
36044
36045
36046
36047
36049
36050
36051
36052
36053
36056
36057
36059
36060
36061
36062
36063
36065
36066
36067
36069
36070
36071
36072
36074
36075
36078
36080
36081
36084
36087
36088
36089
36090
36092
36093
36094
36095
36097
36102
36103
36104
36106
36107
36108
36109
36110
36111
36112
36113
36114
36115
36117
36118
36119
36120
36122
36123
36124
36126
36127
36128
36130
36131
36132
36134
36135
36136
36137
36138
36140
36142
36143
36144
36145
36146
36147
36149
36150
36152
36153
36154
36155
36156
36157
36159
36162
36163
36164
36165
36169
36170
36171
36172
36173
36174
36175
36177
36179
36182
36183
36185
36186
36190
36191
36193
36194
36197
36198
36199
36200
36202
36203
36205
36206
36207
36209
36210
36211
36212
36214
36216
36219
36221
36222
36223
36225
36226
36227
36229
36231
36232
36233
36237
36238
36239
36240
36241
36242
36244
36247
36248
36249
36251
36252
36254
36255
36256
36257
36259
36260
36263
36264
36265
36267
36268
36269
36270
36271
36272
36275
36276
36277
36278
36279
36280
36281
36282
36283
36284
36285
36286
36287
36288
36289
36292
36293
36294
36296
36297
36298
36299
36300
36302
36305
36306
36308
36310
36311
36314
36315
36316
36318
36319
36320
36321
36323
36324
36325
36327
36328
36329
36330
36332
36333
36335
36336
36337
36338
36339
36341
36342
36343
36344
36345
36349
36351
36352
36354
36356
36358
36359
36361
36362
36364
36366
36368
36369
36370
36373
36376
36377
36380
36381
36385
36386
36387
36389
36390
36391
36393
36394
36395
36396
36399
36400
36401
36402
36406
36407
36408
36409
36410
36411
36412
36414
36416
36417
36418
36420
36421
36422
36424
36425
36427
36428
36429
36431
36433
36434
36437
36439
36442
36443
36444
36445
36447
36448
36449
36455
36456
36458
36461
36462
36463
36464
36465
36467
36468
36469
36470
36471
36474
36475
36478
36479
36481
36483
36486
36487
36489
36494
36497
36498
36499
36501
36502
36504
36506
36508
36510
36511
36514
36515
36516
36517
36518
36522
36526
36527
36528
36529
36530
36532
36534
36536
36541
36544
36545
36546
36548
36549
36551
36552
36553
36554
36555
36556
36557
36560
36563
36564
36565
36566
36570
36571
36574
36575
36576
36577
36578
36579
36580
36581
36583
36585
36588
36589
36591
36592
36593
36594
36596
36597
36598
36599
36600
36603
36605
36606
36608
36610
36613
36614
36616
36617
36618
36620
36621
36622
36623
36625
36630
36632
36634
36636
36637
36645
36651
36655
36656
36657
36658
36661
36662
36665
36666
36668
36669
36670
36671
36674
36679
36680
36681
36682
36683
36684
36685
36686
36690
36692
36693
36695
36697
36698
36701
36702
36703
36704
36705
36706
36710
36712
36713
36714
36715
36717
36718
36720
36725
36727
36728
36729
36731
36732
36733
36734
36736
36737
36738
36741
36743
36745
36747
36749
36750
36751
36752
36754
36755
36756
36758
36760
36761
36763
36764
36766
36767
36768
36769
36770
36771
36772
36773
36774
36775
36777
36780
36784
36787
36788
36789
36792
36795
36796
36798
36799
36800
36801
36802
36804
36805
36806
36808
36809
36813
36814
36815
36818
36820
36821
36823
36824
36828
36829
36830
36832
36833
36835
36836
36837
36838
36839
36840
36842
36843
36844
36846
36847
36850
36851
36852
36855
36856
36860
36861
36862
36863
36864
36865
36867
36868
36870
36876
36878
36880
36881
36883
36884
36885
36886
36887
36888
36889
36890
36892
36893
36895
36896
36897
36898
36899
36900
36902
36903
36906
36908
36910
36911
36914
36918
36919
36920
36921
36922
36923
36924
36926
36927
36930
36931
36932
36935
36936
36938
36940
36941
36942
36945
36947
36949
36950
36952
36955
36956
36957
36958
36959
36960
36961
36962
36963
36968
36969
36970
36972
36974
36975
36977
36979
36980
36981
36982
36983
36984
36985
36986
36987
36988
36989
36991
36993
36994
36995
36996
36997
36998
36999
37000
37001
37003
37005
37007
37010
37011
37013
37015
37018
37019
37021
37026
37027
37028
37029
37030
37033
37035
37036
37038
37040
37041
37044
37047
37048
37049
37050
37052
37055
37056
37057
37058
37060
37062
37063
37064
37065
37066
37068
37069
37070
37071
37077
37078
37079
37080
37081
37082
37083
37085
37086
37087
37088
37089
37091
37092
37093
37095
37096
37097
37098
37099
37100
37101
37102
37103
37104
37105
37106
37108
37110
37111
37112
37113
37114
37115
37116
37117
37118
37119
37122
37123
37124
37125
37126
37127
37128
37129
37130
37131
37132
37133
37138
37139
