1
2
4
9
13
19
20
24
32
39
41
42
52
54
56
57
59
63
67
70
74
75
77
79
80
81
84
90
91
96
97
103
104
112
113
115
116
121
123
124
125
126
127
129
130
133
135
138
139
141
143
144
145
147
150
158
159
162
163
165
173
177
185
200
206
207
214
216
217
221
226
227
229
230
234
246
255
258
259
260
275
293
296
297
309
317
319
321
332
336
338
340
345
346
356
357
358
364
368
369
370
371
380
382
388
396
398
401
402
415
419
420
425
427
434
435
438
442
453
455
457
464
469
471
475
480
481
482
483
485
487
489
490
499
506
508
510
513
523
524
526
535
539
543
556
559
565
573
580
595
602
604
608
618
623
636
644
645
649
651
659
660
668
670
676
678
680
681
682
683
684
686
687
689
690
691
694
695
696
697
698
699
701
703
704
707
708
709
710
711
712
713
714
716
717
718
719
720
721
722
723
724
725
727
729
731
732
733
735
736
740
741
742
744
746
747
750
753
754
755
756
757
758
759
760
762
763
765
766
767
768
769
770
771
772
773
774
775
776
778
779
780
782
783
784
785
786
787
788
789
790
792
793
794
795
796
797
798
799
801
802
803
805
808
810
812
813
814
815
816
818
819
820
821
824
827
828
829
830
831
832
833
834
836
838
842
843
845
846
850
851
853
855
858
859
861
862
866
873
879
880
882
884
885
886
888
890
891
892
895
897
898
899
900
901
903
904
906
908
909
910
912
914
915
922
923
925
929
930
933
935
938
939
943
944
945
948
950
952
956
957
958
959
960
962
966
967
968
971
972
975
977
979
980
981
982
984
985
986
987
991
992
994
997
999
1001
1002
1003
1004
1007
1009
1011
1013
1017
1018
1019
1021
1026
1030
1032
1035
1037
1038
1040
1044
1048
1050
1051
1055
1056
1059
1060
1061
1063
1064
1067
1069
1071
1074
1076
1079
1082
1083
1084
1086
1087
1088
1089
1091
1092
1093
1096
1097
1098
1099
1100
1103
1105
1106
1108
1109
1111
1113
1114
1116
1120
1121
1122
1123
1124
1126
1128
1129
1131
1133
1134
1135
1136
1137
1140
1143
1145
1146
1148
1149
1150
1152
1153
1156
1159
1160
1162
1164
1166
1168
1169
1171
1174
1175
1177
1178
1180
1182
1183
1184
1186
1187
1188
1191
1192
1194
1196
1199
1200
1204
1205
1207
1208
1209
1210
1216
1217
1219
1220
1221
1223
1225
1228
1230
1231
1232
1234
1236
1237
1241
1242
1248
1249
1250
1252
1253
1255
1256
1257
1260
1261
1263
1265
1266
1268
1270
1271
1272
1274
1276
1277
1279
1281
1282
1283
1286
1288
1291
1293
1296
1299
1300
1301
1303
1304
1308
1310
1312
1316
1317
1323
1324
1326
1327
1330
1332
1333
1334
1335
1337
1338
1340
1341
1343
1349
1350
1352
1353
1355
1358
1359
1361
1362
1364
1367
1369
1370
1371
1373
1375
1376
1377
1380
1381
1382
1383
1384
1385
1386
1388
1393
1395
1396
1397
1400
1402
1403
1404
1408
1409
1410
1414
1416
1420
1422
1425
1427
1428
1433
1434
1436
1437
1441
1444
1445
1446
1447
1448
1449
1450
1451
1452
1455
1457
1458
1459
1460
1461
1466
1468
1471
1472
1474
1475
1476
1477
1478
1479
1480
1481
1483
1486
1488
1490
1492
1494
1495
1497
1499
1501
1504
1507
1512
1513
1515
1516
1519
1521
1524
1525
1532
1533
1535
1536
1539
1541
1548
1550
1551
1553
1555
1556
1558
1559
1560
1561
1563
1566
1567
1569
1570
1572
1574
1580
1583
1584
1586
1587
1590
1593
1595
1598
1599
1609
1610
1614
1615
1616
1617
1621
1623
1624
1625
1627
1629
1634
1636
1637
1638
1640
1642
1648
1649
1651
1653
1654
1659
1662
1664
1665
1671
1673
1680
1682
1683
1686
1687
1690
1698
1700
1701
1703
1709
1713
1715
1716
1717
1720
1722
1723
1726
1728
1729
1731
1736
1740
1744
1745
1751
1752
1754
1757
1759
1760
1761
1763
1765
1766
1768
1770
1773
1775
1778
1785
1787
1788
1790
1791
1793
1795
1797
1798
1804
1808
1809
1811
1813
1815
1818
1819
1821
1822
1823
1827
1828
1829
1830
1832
1833
1834
1835
1839
1845
1847
1848
1851
1855
1858
1859
1860
1862
1863
1866
1867
1868
1875
1877
1878
1883
1884
1891
1892
1894
1896
1900
1904
1908
1910
1911
1914
1915
1916
1919
1927
1929
1933
1935
1938
1939
1940
1944
1945
1946
1947
1949
1956
1957
1961
1962
1965
1966
1967
1971
1972
1973
1975
1977
1978
1980
1981
1985
1986
1988
1990
1995
1997
2003
2006
2010
2011
2012
2015
2016
2017
2018
2023
2025
2026
2027
2028
2033
2034
2038
2041
2045
2046
2047
2056
2057
2061
2062
2063
2065
2067
2070
2071
2073
2077
2079
2082
2085
2087
2088
2092
2096
2099
2101
2104
2105
2108
2112
2113
2120
2130
2132
2137
2139
2140
2141
2144
2146
2147
2150
2151
2157
2160
2161
2163
2165
2168
2169
2171
2172
2174
2185
2187
2189
2191
2193
2195
2197
2198
2201
2202
2206
2208
2211
2212
2218
2221
2223
2224
2225
2233
2235
2239
2244
2245
2246
2247
2251
2255
2256
2257
2258
2260
2261
2264
2266
2267
2273
2276
2280
2285
2288
2290
2294
2297
2298
2301
2303
2307
2308
2311
2314
2315
2319
2320
2321
2323
2325
2327
2328
2329
2331
2334
2339
2341
2346
2350
2351
2352
2355
2356
2357
2358
2360
2361
2363
2365
2372
2373
2374
2375
2376
2380
2381
2382
2383
2387
2388
2390
2391
2394
2395
2397
2398
2399
2401
2402
2403
2404
2406
2407
2408
2410
2415
2416
2420
2421
2422
2423
2424
2427
2428
2430
2436
2437
2438
2442
2443
2444
2445
2447
2448
2449
2451
2453
2454
2455
2456
2457
2459
2461
2465
2469
2476
2481
2483
2484
2486
2487
2488
2489
2490
2491
2492
2493
2494
2495
2496
2497
2498
2499
2500
2501
2502
2503
2504
2505
2506
2508
2509
2510
2511
2512
2514
2515
2516
2517
2518
2519
2520
2521
2523
2524
2525
2526
2527
2528
2529
2530
2532
2533
2534
2535
2536
2537
2538
2539
2541
2542
2543
2544
2545
2546
2547
2548
2549
2550
2551
2552
2553
2554
2556
2557
2559
2561
2562
2564
2565
2566
2567
2568
2569
2570
2571
2573
2574
2575
2577
2578
2579
2581
2582
2583
2585
2586
2588
2589
2591
2594
2596
2598
2599
2601
2602
2604
2607
2608
2610
2611
2612
2613
2614
2615
2616
2617
2618
2620
2623
2624
2625
2626
2627
2628
2629
2631
2632
2633
2634
2635
2636
2637
2639
2641
2642
2643
2644
2646
2647
2648
2649
2651
2652
2653
2654
2655
2656
2658
2661
2663
2665
2666
2668
2669
2670
2671
2672
2674
2675
2676
2677
2678
2679
2682
2684
2685
2686
2689
2690
2691
2692
2693
2694
2695
2696
2697
2698
2699
2700
2701
2702
2703
2704
2707
2708
2710
2711
2716
2718
2720
2721
2722
2723
2724
2725
2726
2729
2730
2733
2734
2735
2736
2737
2738
2740
2742
2743
2744
2745
2746
2747
2751
2754
2755
2756
2758
2759
2760
2761
2762
2763
2764
2765
2766
2770
2772
2773
2776
2779
2781
2783
2784
2786
2791
2795
2798
2799
2800
2802
2803
2806
2809
2811
2813
2815
2816
2818
2819
2821
2822
2825
2826
2827
2829
2830
2831
2832
2833
2836
2837
2838
2839
2841
2842
2843
2844
2845
2849
2850
2852
2853
2855
2858
2859
2860
2861
2865
2866
2868
2870
2871
2873
2874
2876
2879
2880
2883
2884
2885
2886
2888
2890
2894
2897
2898
2899
2901
2902
2903
2904
2906
2907
2908
2909
2910
2911
2913
2914
2915
2917
2919
2920
2922
2923
2925
2926
2928
2933
2935
2938
2939
2940
2941
2942
2943
2944
2946
2947
2948
2949
2950
2953
2954
2956
2957
2958
2959
2962
2963
2965
2968
2970
2973
2974
2975
2976
2977
2979
2980
2981
2982
2984
2986
2987
2988
2989
2990
2991
2992
2996
2998
2999
3001
3003
3010
3011
3012
3013
3016
3017
3018
3020
3022
3028
3029
3030
3032
3033
3036
3038
3039
3042
3046
3048
3049
3051
3052
3055
3057
3063
3066
3073
3076
3082
3083
3086
3088
3090
3091
3092
3093
3094
3095
3098
3099
3102
3103
3106
3107
3108
3110
3114
3115
3116
3119
3120
3121
3123
3125
3127
3131
3134
3136
3138
3139
3141
3144
3147
3148
3149
3152
3154
3155
3158
3159
3162
3164
3165
3171
3173
3174
3175
3177
3179
3184
3186
3188
3189
3190
3193
3194
3195
3197
3200
3204
3206
3207
3208
3211
3213
3219
3220
3222
3229
3230
3232
3234
3236
3238
3239
3240
3241
3244
3245
3248
3249
3250
3252
3253
3254
3256
3261
3262
3263
3265
3266
3269
3272
3274
3276
3277
3278
3280
3282
3284
3286
3287
3288
3289
3291
3295
3297
3299
3301
3303
3304
3305
3306
3307
3310
3312
3315
3316
3317
3318
3319
3320
3322
3324
3325
3329
3331
3332
3334
3335
3336
3337
3338
3339
3341
3343
3345
3349
3350
3351
3352
3353
3354
3356
3357
3360
3361
3362
3365
3366
3370
3371
3378
3379
3380
3381
3382
3384
3385
3388
3389
3393
3394
3395
3397
3398
3399
3400
3404
3405
3406
3407
3413
3414
3416
3417
3419
3420
3421
3422
3423
3424
3425
3426
3427
3428
3430
3433
3434
3435
3436
3438
3439
3442
3446
3447
3448
3450
3451
3457
3459
3460
3461
3463
3466
3467
3470
3472
3473
3474
3477
3478
3481
3482
3483
3484
3485
3486
3487
3488
3492
3493
3494
3496
3497
3500
3501
3503
3504
3506
3509
3512
3513
3514
3515
3517
3518
3519
3521
3524
3529
3530
3531
3532
3534
3535
3536
3537
3539
3542
3544
3545
3546
3548
3549
3550
3552
3555
3556
3557
3559
3560
3561
3564
3565
3566
3567
3568
3569
3570
3571
3574
3581
3582
3583
3584
3585
3586
3588
3589
3592
3593
3595
3597
3599
3600
3602
3603
3604
3606
3609
3612
3614
3615
3616
3617
3618
3619
3621
3622
3623
3625
3626
3628
3629
3630
3631
3632
3634
3635
3636
3637
3638
3641
3642
3643
3644
3645
3650
3653
3654
3655
3656
3657
3658
3659
3660
3661
3662
3665
3667
3670
3671
3672
3673
3674
3675
3676
3678
3679
3680
3682
3683
3685
3686
3688
3690
3691
3693
3694
3695
3696
3698
3699
3700
3701
3703
3705
3706
3707
3708
3709
3710
3711
3713
3714
3716
3726
3729
3734
3742
3746
3753
3758
3763
3767
3768
3769
3770
3771
3772
3773
3776
3781
3782
3785
3786
3788
3789
3790
3792
3793
3795
3798
3800
3803
3804
3806
3808
3810
3811
3816
3820
3824
3826
3828
3829
3830
3831
3835
3837
3838
3839
3840
3841
3842
3844
3850
3852
3855
3856
3858
3859
3860
3861
3872
3873
3874
3875
3876
3877
3878
3879
3881
3882
3885
3886
3887
3890
3898
3899
3902
3903
3910
3916
3917
3918
3920
3921
3925
3927
3932
3933
3940
3947
3952
3953
3954
3959
3966
3969
3970
3972
3974
3975
3976
3978
3979
3983
3984
3985
3986
3993
3995
3998
4000
4015
4020
4023
4031
4033
4040
4041
4042
4046
4050
4054
4059
4060
4062
4063
4069
4070
4071
4075
4077
4079
4080
4081
4083
4084
4086
4088
4094
4097
4102
4106
4109
4110
4112
4116
4117
4122
4127
4129
4131
4132
4141
4143
4145
4148
4152
4156
4157
4160
4165
4167
4177
4179
4180
4181
4182
4183
4194
4196
4198
4199
4202
4204
4211
4212
4213
4219
4222
4225
4231
4233
4234
4235
4238
4240
4247
4249
4250
4251
4257
4259
4260
4262
4264
4266
4270
4273
4276
4282
4284
4286
4287
4291
4292
4296
4300
4305
4306
4308
4316
4323
4334
4337
4339
4341
4345
4347
4349
4351
4354
4355
4356
4357
4359
4360
4365
4368
4373
4381
4382
4384
4389
4390
4391
4392
4393
4394
4395
4396
4397
4398
4399
4400
4401
4403
4404
4406
4408
4409
4410
4412
4413
4414
4415
4416
4417
4418
4419
4420
4421
4422
4423
4424
4425
4426
4428
4429
4430
4431
4434
4435
4436
4438
4439
4441
4442
4443
4444
4445
4447
4448
4449
4451
4452
4455
4456
4457
4458
4459
4461
4462
4463
4465
4466
4469
4471
4472
4473
4476
4480
4482
4483
4485
4487
4488
4489
4490
4491
4492
4493
4495
4496
4497
4498
4500
4502
4503
4504
4505
4506
4509
4510
4511
4512
4514
4515
4516
4517
4518
4519
4520
4521
4523
4524
4525
4526
4527
4528
4530
4533
4534
4535
4536
4537
4538
4540
4541
4544
4547
4548
4549
4550
4551
4553
4554
4556
4557
4558
4559
4563
4565
4568
4569
4570
4573
4574
4575
4576
4577
4579
4580
4582
4587
4588
4590
4593
4594
4598
4600
4602
4603
4604
4606
4608
4612
4613
4618
4620
4621
4622
4623
4624
4626
4627
4628
4629
4630
4632
4633
4637
4640
4641
4643
4646
4647
4648
4650
4652
4653
4654
4655
4656
4659
4661
4662
4663
4664
4665
4669
4670
4671
4672
4673
4674
4675
4676
4677
4678
4679
4681
4683
4685
4686
4687
4688
4689
4691
4692
4696
4698
4699
4700
4701
4703
4705
4707
4709
4710
4714
4715
4719
4721
4723
4726
4730
4731
4733
4738
4739
4740
4742
4744
4746
4748
4751
4754
4758
4759
4762
4765
4767
4769
4772
4774
4777
4779
4780
4784
4785
4786
4787
4791
4792
4795
4796
4797
4798
4799
4800
4801
4803
4805
4807
4808
4810
4812
4814
4815
4817
4819
4820
4823
4824
4825
4827
4829
4830
4832
4833
4837
4838
4839
4840
4846
4848
4849
4850
4852
4855
4856
4858
4859
4860
4865
4866
4871
4872
4873
4874
4875
4876
4878
4880
4881
4882
4883
4884
4886
4890
4891
4892
4896
4897
4898
4908
4910
4913
4914
4915
4917
4921
4922
4923
4925
4927
4929
4931
4935
4937
4938
4944
4945
4946
4948
4950
4951
4955
4959
4961
4963
4966
4967
4970
4972
4974
4975
4977
4979
4980
4982
4986
4987
4988
4989
4990
4993
4995
4996
4997
5000
5001
5002
5005
5007
5008
5009
5010
5011
5013
5014
5018
5021
5022
5024
5025
5026
5028
5030
5032
5033
5034
5035
5039
5040
5042
5044
5045
5046
5048
5050
5051
5052
5053
5055
5062
5063
5064
5065
5066
5069
5070
5072
5078
5081
5082
5084
5086
5087
5088
5089
5090
5093
5094
5095
5096
5097
5100
5101
5102
5103
5104
5106
5107
5109
5111
5112
5116
5117
5118
5119
5120
5121
5122
5124
5125
5130
5131
5132
5140
5141
5142
5144
5146
5147
5148
5150
5155
5159
5160
5162
5163
5165
5166
5168
5169
5174
5175
5176
5177
5179
5182
5186
5188
5189
5190
5191
5192
5195
5196
5197
5201
5202
5203
5206
5208
5209
5211
5213
5215
5218
5220
5221
5224
5226
5227
5228
5229
5230
5231
5232
5233
5234
5235
5236
5237
5238
5239
5243
5244
5247
5249
5250
5252
5254
5255
5257
5259
5261
5264
5265
5267
5268
5269
5270
5273
5274
5275
5277
5278
5280
5281
5282
5283
5286
5287
5288
5289
5290
5292
5293
5294
5296
5297
5298
5300
5303
5304
5306
5307
5309
5312
5314
5317
5320
5324
5325
5327
5329
5330
5331
5332
5334
5335
5338
5339
5340
5342
5343
5344
5345
5348
5350
5356
5362
5363
5365
5367
5370
5376
5378
5379
5380
5384
5386
5387
5390
5392
5394
5396
5397
5398
5399
5400
5401
5402
5404
5405
5406
5411
5412
5415
5419
5422
5423
5429
5430
5433
5434
5437
5439
5440
5443
5446
5450
5451
5455
5457
5461
5462
5463
5464
5465
5471
5473
5474
5475
5476
5477
5478
5479
5481
5488
5495
5499
5500
5501
5504
5505
5511
5512
5515
5518
5519
5520
5521
5522
5523
5524
5525
5527
5530
5531
5532
5533
5534
5535
5541
5544
5546
5549
5551
5552
5553
5554
5556
5560
5562
5563
5567
5570
5571
5572
5576
5578
5580
5583
5591
5594
5596
5597
5601
5602
5604
5606
5608
5609
5611
5614
5619
5620
5621
5622
5624
5628
5630
5632
5636
5642
5644
5645
5651
5653
5654
5660
5666
5668
5669
5670
5671
5672
5675
5677
5680
5681
5682
5683
5687
5688
5692
5694
5695
5702
5703
5704
5705
5709
5710
5712
5718
5722
5723
5726
5728
5730
5733
5737
5739
5740
5742
5743
5745
5746
5752
5756
5760
5761
5764
5766
5768
5769
5771
5772
5775
5778
5780
5781
5786
5788
5790
5792
5793
5799
5800
5802
5803
5804
5807
5809
5815
5818
5819
5820
5822
5824
5826
5829
5830
5834
5837
5841
5842
5843
5844
5851
5853
5855
5857
5858
5861
5866
5867
5871
5875
5877
5879
5880
5881
5882
5884
5886
5888
5889
5895
5898
5899
5902
5903
5906
5909
5912
5915
5922
5923
5924
5925
5926
5927
5929
5930
5934
5935
5937
5941
5943
5951
5953
5955
5956
5958
5960
5961
5965
5966
5968
5969
5970
5972
5974
5977
5978
5981
5982
5983
5989
5993
5997
5999
6001
6003
6004
6011
6020
6021
6022
6025
6026
6028
6031
6032
6034
6039
6041
6043
6048
6054
6055
6060
6063
6064
6065
6066
6067
6069
6070
6071
6072
6075
6077
6079
6084
6088
6089
6090
6091
6092
6095
6096
6098
6099
6100
6101
6102
6103
6105
6106
6108
6109
6111
6115
6117
6118
6119
6120
6121
6122
6124
6127
6129
6130
6136
6137
6140
6142
6146
6147
6148
6150
6151
6152
6155
6156
6157
6158
6159
6161
6162
6164
6165
6167
6169
6171
6172
6173
6175
6176
6179
6183
6188
6189
6190
6193
6195
6198
6199
6201
6202
6203
6204
6205
6207
6208
6209
6210
6212
6213
6215
6217
6218
6219
6220
6221
6223
6224
6225
6226
6227
6228
6229
6230
6231
6232
6234
6235
6236
6238
6239
6240
6241
6242
6243
6244
6245
6246
6247
6248
6249
6250
6251
6252
6253
6254
6255
6256
6257
6258
6260
6262
6263
6264
6265
6266
6267
6268
6270
6271
6272
6273
6274
6275
6276
6277
6278
6279
6280
6281
6283
6284
6285
6287
6288
6290
6291
6292
6293
6295
6296
6298
6299
6302
6303
6304
6305
6308
6309
6310
6311
6312
6313
6314
6315
6316
6318
6321
6322
6323
6324
6325
6326
6327
6328
6329
6330
6331
6332
6333
6334
6335
6337
6338
6340
6341
6342
6343
6344
6345
6347
6348
6349
6350
6351
6352
6353
6354
6355
6356
6357
6358
6359
6360
6362
6363
6366
6367
6368
6369
6370
6371
6372
6374
6375
6377
6379
6380
6382
6383
6384
6386
6390
6391
6392
6393
6395
6396
6398
6399
6400
6401
6403
6404
6405
6406
6407
6408
6409
6410
6411
6413
6414
6415
6416
6417
6418
6420
6423
6424
6425
6426
6427
6428
6429
6430
6431
6432
6433
6434
6435
6436
6437
6438
6439
6440
6441
6442
6443
6444
6445
6446
6448
6449
6450
6451
6452
6454
6456
6458
6460
6461
6462
6465
6466
6467
6468
6469
6470
6472
6473
6474
6475
6476
6477
6478
6479
6482
6485
6486
6487
6488
6489
6490
6491
6493
6495
6496
6498
6499
6500
6502
6503
6505
6508
6509
6511
6513
6514
6516
6518
6520
6523
6524
6525
6526
6527
6529
6530
6532
6533
6534
6535
6536
6538
6539
6540
6541
6542
6543
6544
6545
6546
6547
6551
6553
6554
6555
6556
6557
6558
6559
6563
6564
6566
6568
6569
6570
6571
6572
6573
6575
6579
6581
6582
6584
6585
6586
6587
6588
6590
6591
6592
6593
6595
6597
6599
6600
6602
6603
6604
6605
6608
6609
6611
6612
6613
6618
6619
6620
6621
6622
6623
6624
6625
6626
6627
6628
6629
6630
6631
6633
6634
6636
6637
6638
6640
6641
6642
6645
6647
6648
6650
6652
6654
6655
6656
6658
6660
6661
6663
6664
6668
6672
6673
6674
6675
6678
6680
6684
6685
6687
6689
6693
6694
6695
6700
6701
6703
6704
6706
6707
6710
6711
6712
6713
6715
6716
6717
6721
6723
6724
6726
6729
6730
6731
6732
6735
6736
6739
6740
6744
6747
6749
6750
6752
6754
6756
6759
6762
6764
6765
6766
6768
6769
6775
6777
6782
6784
6786
6788
6789
6790
6795
6796
6797
6800
6806
6807
6808
6812
6813
6816
6817
6818
6820
6822
6824
6825
6829
6830
6832
6834
6835
6836
6837
6839
6841
6842
6843
6844
6845
6848
6852
6855
6863
6864
6868
6869
6871
6873
6875
6880
6881
6882
6888
6889
6891
6893
6894
6896
6897
6904
6905
6906
6907
6909
6911
6913
6914
6916
6918
6919
6921
6924
6925
6930
6933
6939
6943
6944
6947
6950
6952
6953
6954
6955
6956
6957
6958
6959
6961
6962
6963
6964
6966
6967
6968
6970
6971
6973
6975
6976
6978
6979
6982
6983
6986
6989
6992
6996
6997
6998
6999
7000
7001
7002
7003
7004
7005
7008
7009
7011
7012
7013
7015
7016
7025
7026
7029
7030
7031
7035
7036
7037
7039
7041
7044
7046
7047
7048
7051
7053
7055
7056
7058
7059
7060
7063
7065
7073
7075
7076
7077
7079
7080
7081
7083
7086
7087
7088
7089
7090
7092
7093
7094
7095
7097
7098
7099
7100
7101
7102
7103
7106
7107
7108
7110
7111
7112
7113
7118
7119
7120
7123
7125
7126
7128
7130
7131
7133
7134
7135
7136
7137
7138
7139
7140
7141
7143
7147
7148
7149
7150
7151
7152
7153
7156
7159
7164
7167
7168
7170
7171
7174
7175
7177
7180
7181
7185
7188
7191
7193
7194
7196
7197
7199
7200
7201
7205
7206
7207
7209
7210
7211
7214
7215
7216
7217
7223
7224
7225
7226
7227
7228
7229
7231
7233
7234
7235
7237
7238
7243
7244
7245
7246
7248
7249
7251
7253
7254
7256
7258
7259
7264
7267
7269
7270
7271
7272
7273
7274
7275
7276
7278
7279
7281
7284
7285
7287
7288
7291
7295
7296
7298
7299
7301
7302
7303
7306
7312
7314
7316
7317
7318
7321
7322
7323
7324
7326
7327
7328
7331
7332
7333
7336
7337
7339
7340
7343
7345
7346
7347
7348
7351
7352
7354
7357
7358
7364
7367
7369
7370
7371
7372
7374
7375
7379
7380
7381
7386
7387
7388
7389
7391
7393
7396
7398
7401
7402
7404
7405
7407
7408
7410
7411
7412
7413
7414
7416
7417
7419
7422
7423
7425
7427
7433
7448
7465
7466
7470
7471
7477
7482
7483
7489
7491
7495
7506
7516
7518
7524
7525
7529
7539
7541
7542
7543
7544
7545
7547
7548
7551
7552
7553
7554
7563
7565
7570
7572
7573
7575
7578
7582
7586
7588
7590
7592
7598
7607
7621
7625
7634
7642
7645
7647
7655
7658
7660
7662
7664
7668
7683
7685
7689
7690
7710
7712
7719
7720
7729
7747
7749
7750
7768
7777
7782
7807
7808
7810
7811
7814
7820
7826
7829
7838
7846
7854
7855
7862
7863
7867
7868
7871
7875
7879
7884
7892
7893
7894
7908
7909
7916
7919
7927
7930
7936
7937
7938
7939
7940
7947
7952
7967
7973
7978
7983
7987
7993
7996
8003
8008
8011
8029
8036
8048
8051
8052
8059
8064
8070
8072
8077
8086
8096
8102
8103
8106
8107
8109
8110
8111
8112
8113
8115
8116
8118
8119
8120
8122
8124
8125
8126
8128
8129
8130
8133
8135
8137
8139
8141
8142
8144
8146
8148
8149
8150
8151
8152
8153
8156
8158
8160
8161
8162
8163
8164
8167
8170
8174
8175
8176
8185
8186
8187
8189
8190
8192
8194
8197
8198
8200
8201
8207
8208
8209
8210
8211
8212
8216
8217
8218
8220
8223
8225
8228
8229
8230
8231
8233
8235
8237
8239
8240
8242
8243
8244
8245
8246
8248
8252
8254
8255
8258
8259
8264
8265
8266
8269
8271
8273
8275
8278
8280
8281
8286
8289
8290
8295
8298
8301
8302
8303
8304
8306
8307
8308
8309
8311
8314
8315
8316
8318
8320
8323
8324
8325
8326
8327
8329
8330
8331
8335
8339
8340
8341
8343
8344
8345
8350
8351
8352
8354
8355
8357
8359
8360
8366
8367
8368
8370
8374
8377
8378
8380
8382
8383
8384
8385
8386
8390
8392
8393
8394
8399
8400
8402
8403
8404
8405
8406
8407
8413
8415
8417
8419
8420
8422
8423
8424
8425
8427
8428
8435
8436
8437
8440
8441
8442
8443
8444
8447
8449
8451
8452
8454
8455
8460
8462
8465
8466
8467
8469
8470
8471
8472
8473
8478
8481
8483
8488
8489
8490
8494
8495
8499
8502
8504
8506
8507
8512
8515
8516
8517
8521
8522
8523
8524
8525
8526
8529
8534
8537
8538
8539
8540
8541
8543
8544
8546
8549
8551
8553
8556
8557
8559
8561
8563
8564
8573
8574
8578
8580
8582
8584
8585
8590
8591
8592
8595
8597
8602
8603
8604
8605
8606
8608
8611
8612
8614
8616
8617
8622
8624
8625
8626
8628
8629
8633
8635
8636
8637
8640
8642
8645
8646
8647
8649
8650
8651
8652
8653
8654
8656
8658
8660
8667
8673
8675
8678
8680
8681
8683
8685
8687
8690
8691
8693
8694
8696
8698
8700
8701
8704
8705
8706
8708
8711
8712
8714
8717
8719
8720
8725
8726
8728
8729
8731
8743
8744
8747
8749
8751
8752
8753
8754
8755
8758
8759
8762
8763
8765
8766
8768
8771
8772
8776
8777
8778
8779
8780
8784
8786
8790
8791
8795
8796
8799
8801
8802
8803
8804
8806
8810
8814
8818
8819
8823
8825
8826
8828
8830
8831
8832
8833
8836
8837
8839
8844
8851
8852
8853
8854
8856
8861
8864
8869
8870
8871
8873
8874
8875
8876
8877
8883
8889
8890
8893
8894
8900
8902
8903
8904
8905
8906
8907
8908
8911
8912
8915
8916
8917
8918
8919
8920
8922
8923
8925
8927
8929
8931
8932
8933
8935
8936
8941
8943
8944
8948
8950
8953
8957
8960
8961
8962
8964
8966
8967
8968
8978
8983
8985
8988
8989
8991
8992
8994
8995
8997
8998
9000
9002
9004
9005
9007
9008
9017
9018
9020
9021
9022
9024
9027
9042
9043
9044
9045
9049
9051
9053
9054
9055
9057
9058
9061
9062
9066
9068
9073
9075
9076
9079
9081
9085
9087
9090
9093
9095
9098
9101
9107
9113
9114
9115
9122
9126
9129
9130
9136
9137
9139
9143
9144
9147
9148
9151
9153
9154
9157
9158
9159
9160
9162
9165
9167
9173
9175
9180
9181
9188
9189
9190
9191
9192
9193
9197
9201
9208
9213
9215
9219
9222
9223
9224
9225
9235
9236
9237
9239
9240
9249
9250
9262
9267
9268
9270
9276
9279
9283
9288
9296
9300
9306
9312
9313
9315
9317
9318
9324
9325
9328
9332
9333
9334
9336
9338
9340
9342
9343
9344
9346
9348
9350
9352
9356
9358
9361
9365
9367
9368
9369
9371
9372
9376
9380
9381
9383
9393
9395
9396
9402
9403
9405
9406
9409
9412
9416
9425
9428
9431
9440
9444
9447
9451
9452
9453
9457
9458
9460
9461
9463
9465
9466
9471
9475
9478
9483
9485
9491
9492
9498
9506
9507
9509
9513
9516
9517
9530
9531
9534
9539
9540
9544
9549
9551
9552
9553
9561
9566
9575
9581
9588
9589
9591
9592
9593
9596
9597
9599
9602
9603
9604
9605
9613
9614
9617
9624
9629
9630
9631
9640
9643
9644
9646
9649
9651
9654
9663
9665
9666
9667
9672
9674
9678
9680
9682
9683
9685
9686
9687
9691
9692
9693
9695
9697
9704
9707
9711
9717
9722
9724
9726
9729
9731
9741
9743
9748
9751
9753
9754
9755
9756
9757
9759
9767
9770
9773
9774
9779
9783
9784
9785
9791
9795
9799
9800
9802
9803
9807
9809
9810
9811
9812
9815
9816
9822
9825
9827
9829
9831
9832
9833
9835
9837
9838
9841
9842
9843
9844
9846
9848
9850
9855
9856
9858
9860
9864
9866
9869
9870
9871
9872
9878
9879
9883
9884
9886
9887
9889
9890
9893
9909
9912
9915
9916
9917
9918
9919
9920
9921
9922
9923
9924
9925
9926
9927
9928
9929
9931
9932
9933
9934
9937
9938
9939
9940
9941
9942
9943
9946
9948
9949
9950
9951
9952
9953
9954
9955
9956
9957
9960
9961
9962
9963
9964
9965
9966
9967
9968
9970
9972
9973
9974
9977
9978
9979
9982
9984
9986
9987
9989
9990
9991
9992
9993
9994
9995
9996
9997
9998
9999
10001
10002
10003
10006
10007
10009
10010
10011
10012
10014
10016
10017
10018
10019
10020
10022
10024
10025
10026
10027
10029
10030
10032
10033
10035
10036
10038
10040
10041
10043
10044
10045
10046
10047
10048
10049
10051
10052
10054
10055
10056
10057
10058
10059
10061
10062
10063
10064
10065
10067
10069
10070
10071
10072
10074
10076
10079
10081
10082
10083
10086
10087
10089
10090
10091
10092
10093
10095
10096
10098
10100
10102
10103
10104
10105
10107
10108
10112
10113
10114
10116
10117
10118
10119
10120
10121
10122
10123
10124
10125
10126
10127
10128
10129
10130
10133
10134
10135
10136
10137
10138
10139
10140
10141
10142
10144
10146
10147
10148
10149
10150
10151
10154
10158
10159
10161
10162
10166
10167
10171
10172
10175
10176
10177
10179
10180
10183
10184
10186
10188
10190
10192
10193
10198
10201
10204
10208
10210
10211
10212
10214
10215
10217
10218
10219
10223
10225
10228
10231
10234
10235
10237
10239
10240
10243
10244
10246
10247
10249
10250
10253
10254
10257
10258
10259
10260
10264
10265
10269
10270
10271
10272
10275
10277
10278
10280
10281
10282
10283
10284
10286
10287
10289
10290
10291
10293
10295
10296
10298
10307
10314
10315
10318
10319
10322
10325
10326
10330
10331
10332
10335
10337
10339
10340
10341
10342
10343
10344
10347
10348
10351
10354
10356
10363
10365
10366
10367
10368
10369
10370
10371
10372
10374
10377
10378
10380
10382
10388
10389
10390
10392
10401
10402
10403
10404
10407
10408
10409
10412
10413
10414
10416
10418
10420
10424
10426
10430
10431
10432
10439
10440
10441
10444
10445
10446
10450
10452
10453
10458
10459
10463
10464
10466
10467
10468
10471
10475
10476
10479
10480
10481
10482
10483
10484
10489
10490
10491
10493
10494
10496
10508
10510
10513
10522
10525
10527
10529
10531
10534
10536
10538
10539
10548
10551
10555
10556
10562
10572
10579
10582
10589
10590
10591
10592
10593
10595
10601
10602
10604
10605
10606
10607
10608
10610
10611
10614
10616
10618
10620
10621
10622
10623
10625
10628
10631
10632
10645
10646
10647
10650
10652
10654
10656
10660
10664
10667
10669
10671
10673
10676
10677
10678
10680
10681
10682
10689
10690
10693
10696
10697
10699
10703
10704
10706
10708
10714
10715
10716
10717
10718
10725
10729
10730
10733
10734
10735
10738
10740
10743
10744
10745
10746
10747
10748
10749
10750
10752
10753
10754
10755
10756
10760
10762
10764
10765
10766
10769
10770
10771
10772
10773
10774
10778
10779
10781
10783
10784
10786
10787
10788
10789
10790
10792
10793
10797
10798
10801
10808
10810
10811
10813
10816
10817
10823
10824
10826
10828
10832
10834
10836
10842
10843
10845
10846
10847
10849
10850
10851
10852
10853
10854
10856
10857
10860
10863
10864
10865
10866
10867
10878
10880
10881
10882
10884
10885
10886
10887
10889
10890
10891
10892
10893
10894
10895
10896
10898
10900
10901
10905
10910
10912
10914
10917
10918
10919
10921
10922
10924
10925
10929
10930
10931
10934
10937
10940
10943
10944
10945
10947
10952
10954
10956
10957
10958
10959
10960
10961
10962
10963
10965
10967
10968
10973
10975
10976
10978
10981
10982
10983
10984
10985
10986
10987
10989
10990
10991
10993
10994
10998
10999
11001
11002
11005
11009
11010
11016
11017
11027
11028
11031
11032
11033
11034
11035
11038
11040
11042
11045
11046
11047
11049
11050
11051
11055
11056
11057
11062
11065
11066
11068
11071
11072
11075
11078
11082
11084
11085
11086
11088
11089
11093
11095
11097
11098
11100
11101
11102
11103
11104
11105
11107
11110
11112
11115
11116
11118
11119
11121
11122
11124
11125
11126
11127
11130
11131
11133
11134
11136
11137
11139
11140
11141
11143
11144
11147
11150
11157
11161
11179
11180
11190
11195
11198
11200
11202
11207
11208
11217
11218
11222
11231
11232
11233
11234
11237
11238
11243
11244
11246
11250
11252
11253
11254
11255
11256
11258
11260
11261
11265
11266
11267
11268
11271
11272
11278
11279
11281
11282
11283
11286
11287
11288
11289
11294
11300
11303
11304
11305
11310
11312
11321
11327
11333
11340
11345
11348
11349
11350
11351
11355
11356
11358
11361
11362
11374
11380
11387
11389
11392
11394
11397
11400
11402
11403
11409
11411
11418
11420
11423
11428
11429
11430
11432
11433
11436
11461
11463
11464
11469
11482
11487
11488
11490
11491
11495
11497
11498
11499
11501
11503
11511
11516
11517
11521
11522
11524
11525
11528
11545
11548
11551
11552
11557
11563
11566
11576
11577
11584
11586
11589
11596
11598
11604
11605
11607
11608
11609
11621
11622
11627
11635
11639
11640
11641
11647
11648
11650
11659
11663
11666
11668
11675
11682
11687
11692
11698
11703
11707
11708
11720
11723
11725
11729
11730
11733
11743
11744
11758
11759
11762
11766
11778
11783
11786
11789
11792
11796
11800
11802
11805
11810
11816
11818
11819
11820
11822
11823
11824
11825
11826
11827
11828
11829
11830
11831
11832
11833
11834
11835
11837
11838
11839
11840
11841
11842
11844
11845
11846
11847
11848
11849
11850
11851
11853
11854
11855
11856
11858
11860
11862
11863
11864
11865
11866
11867
11869
11870
11873
11874
11875
11877
11880
11881
11884
11885
11886
11889
11890
11894
11898
11900
11901
11904
11906
11909
11910
11913
11915
11917
11927
11928
11930
11932
11933
11937
11944
11945
11946
11949
11952
11953
11957
11959
11960
11961
11962
11963
11965
11966
11969
11970
11972
11973
11974
11975
11977
11978
11979
11983
11984
11985
11986
11987
11988
11989
11992
12000
12001
12004
12005
12007
12011
12014
12015
12016
12018
12022
12023
12025
12028
12030
12031
12034
12035
12036
12037
12039
12040
12041
12043
12044
12061
12062
12066
12067
12069
12070
12071
12072
12073
12077
12078
12080
12081
12082
12083
12087
12093
12094
12098
12099
12100
12102
12104
12106
12108
12111
12114
12115
12116
12119
12123
12124
12127
12129
12130
12133
12136
12137
12138
12140
12142
12146
12151
12153
12156
12158
12161
12163
12167
12168
12169
12170
12174
12182
12183
12187
12190
12191
12197
12202
12203
12204
12205
12207
12208
12211
12213
12215
12218
12220
12221
12222
12223
12225
12229
12230
12233
12235
12236
12239
12240
12245
12247
12251
12254
12255
12256
12258
12260
12262
12263
12265
12266
12268
12269
12273
12274
12275
12277
12282
12284
12287
12288
12289
12291
12293
12294
12303
12304
12306
12308
12311
12313
12314
12316
12319
12320
12321
12322
12323
12324
12326
12329
12330
12336
12342
12346
12347
12349
12361
12363
12365
12372
12373
12376
12378
12379
12381
12382
12385
12387
12390
12391
12394
12395
12396
12397
12400
12403
12405
12408
12409
12412
12413
12414
12416
12420
12421
12428
12429
12430
12433
12435
12437
12438
12439
12442
12454
12456
12461
12464
12465
12466
12468
12469
12472
12474
12475
12476
12477
12479
12485
12486
12490
12491
12495
12498
12500
12501
12503
12504
12507
12509
12510
12512
12516
12517
12518
12519
12520
12522
12523
12524
12527
12528
12529
12531
12532
12533
12535
12544
12545
12550
12551
12552
12553
12555
12558
12570
12575
12576
12578
12583
12585
12587
12588
12590
12593
12594
12596
12597
12598
12600
12601
12602
12604
12607
12608
12610
12615
12618
12619
12620
12622
12623
12625
12628
12632
12633
12634
12636
12637
12639
12641
12644
12645
12649
12650
12651
12652
12653
12654
12655
12656
12657
12660
12661
12662
12663
12664
12666
12668
12671
12675
12677
12678
12682
12683
12687
12689
12692
12693
12697
12698
12699
12701
12706
12710
12711
12713
12717
12718
12719
12721
12728
12729
12731
12735
12736
12737
12738
12741
12745
12747
12748
12749
12750
12755
12756
12757
12759
12762
12766
12771
12773
12775
12779
12780
12781
12786
12790
12795
12798
12799
12804
12805
12806
12807
12808
12815
12817
12818
12821
12824
12826
12827
12829
12830
12832
12835
12840
12841
12842
12851
12855
12862
12865
12867
12870
12871
12872
12874
12875
12878
12879
12883
12888
12889
12894
12899
12901
12902
12903
12904
12907
12908
12909
12911
12930
12937
12938
12939
12940
12943
12946
12951
12955
12957
12963
12965
12966
12970
12971
12973
12977
12980
12981
12988
13000
13007
13008
13010
13018
13022
13024
13025
13029
13034
13036
13038
13042
13043
13046
13047
13049
13050
13053
13056
13058
13059
13060
13072
13076
13079
13084
13088
13090
13096
13097
13098
13099
13100
13103
13104
13106
13108
13109
13112
13113
13117
13119
13120
13122
13123
13124
13130
13133
13137
13138
13139
13143
13145
13146
13152
13154
13156
13158
13163
13165
13166
13167
13168
13170
13171
13174
13177
13179
13180
13182
13183
13187
13189
13191
13192
13195
13196
13201
13205
13206
13208
13213
13215
13218
13221
13223
13227
13229
13230
13232
13238
13240
13246
13250
13252
13254
13263
13275
13277
13286
13288
13303
13306
13310
13311
13312
13314
13316
13317
13320
13325
13327
13328
13331
13332
13336
13338
13343
13349
13350
13352
13361
13362
13371
13372
13373
13375
13378
13379
13382
13386
13388
13389
13390
13394
13396
13409
13416
13418
13421
13432
13439
13442
13444
13445
13448
13449
13453
13459
13460
13461
13462
13467
13469
13471
13481
13483
13485
13486
13488
13489
13490
13492
13493
13494
13498
13499
13504
13509
13510
13512
13513
13515
13516
13518
13519
13522
13523
13524
13525
13527
13529
13530
13533
13536
13537
13538
13539
13542
13543
13547
13548
13549
13550
13551
13552
13556
13558
13560
13562
13563
13567
13570
13571
13575
13577
13580
13584
13585
13586
13587
13591
13593
13595
13598
13599
13603
13604
13605
13616
13618
13619
13622
13628
13629
13630
13631
13635
13636
13637
13640
13641
13642
13643
13644
13645
13646
13647
13648
13649
13651
13652
13653
13654
13655
13656
13657
13660
13661
13662
13663
13665
13668
13670
13671
13672
13673
13674
13675
13676
13677
13678
13679
13680
13682
13683
13684
13685
13686
13688
13689
13690
13692
13693
13695
13696
13698
13700
13701
13703
13704
13705
13707
13708
13709
13710
13711
13712
13713
13714
13715
13716
13717
13718
13719
13721
13722
13723
13724
13725
13726
13727
13728
13730
13731
13732
13733
13735
13736
13737
13738
13739
13740
13741
13742
13743
13744
13745
13746
13747
13749
13750
13752
13753
13754
13756
13757
13758
13759
13760
13761
13762
13765
13766
13768
13769
13773
13775
13777
13778
13779
13781
13783
13784
13786
13787
13788
13789
13790
13793
13794
13795
13796
13797
13798
13799
13800
13801
13802
13803
13805
13806
13807
13808
13809
13810
13811
13812
13814
13816
13818
13820
13821
13822
13824
13825
13826
13827
13828
13830
13831
13833
13834
13835
13839
13840
13841
13842
13843
13845
13848
13849
13850
13852
13853
13854
13858
13860
13861
13862
13863
13864
13865
13866
13867
13868
13870
13871
13872
13873
13875
13876
13878
13880
13881
13882
13884
13885
13886
13889
13891
13895
13897
13898
13900
13901
13906
13907
13908
13909
13910
13911
13913
13915
13918
13919
13921
13924
13925
13926
13927
13928
13932
13933
13936
13937
13939
13940
13942
13945
13947
13955
13957
13958
13960
13961
13962
13963
13964
13966
13967
13968
13972
13973
13975
13978
13979
13981
13983
13984
13986
13987
13988
13989
13990
13991
13994
13995
13996
13997
13999
14001
14003
14004
14010
14012
14015
14016
14018
14020
14023
14024
14025
14027
14028
14030
14032
14035
14036
14037
14039
14040
14045
14046
14047
14049
14051
14052
14053
14055
14056
14057
14059
14061
14062
14065
14067
14068
14069
14070
14071
14073
14075
14077
14078
14079
14080
14081
14082
14084
14085
14086
14088
14089
14091
14092
14098
14101
14102
14104
14107
14108
14112
14115
14118
14120
14122
14123
14125
14127
14128
14131
14134
14135
14140
14143
14145
14146
14152
14158
14160
14161
14164
14165
14167
14172
14173
14174
14175
14177
14178
14180
14182
14184
14189
14190
14192
14197
14200
14203
14205
14206
14212
14223
14229
14231
14237
14241
14243
14246
14248
14250
14253
14255
14258
14260
14261
14262
14265
14266
14269
14270
14273
14276
14279
14280
14281
14287
14292
14293
14294
14296
14297
14303
14304
14306
14307
14308
14309
14313
14314
14316
14321
14337
14338
14345
14346
14347
14348
14352
14354
14355
14361
14367
14368
14369
14371
14374
14378
14382
14385
14387
14388
14390
14391
14394
14396
14397
14400
14401
14402
14403
14404
14406
14410
14413
14414
14416
14418
14419
14420
14422
14424
14425
14426
14428
14429
14430
14432
14433
14434
14435
14436
14439
14441
14442
14443
14447
14450
14454
14457
14459
14461
14462
14466
14467
14468
14471
14476
14479
14482
14483
14484
14485
14488
14491
14499
14502
14503
14504
14505
14506
14507
14508
14509
14511
14512
14513
14515
14517
14518
14519
14522
14524
14526
14527
14530
14531
14534
14535
14536
14538
14539
14540
14545
14546
14547
14548
14550
14553
14555
14556
14558
14559
14562
14563
14564
14565
14566
14567
14568
14569
14570
14571
14572
14576
14577
14581
14583
14584
14587
14588
14592
14596
14599
14600
14601
14602
14603
14604
14605
14606
14608
14609
14612
14614
14615
14616
14619
14623
14624
14625
14627
14629
14630
14631
14632
14633
14634
14635
14636
14637
14639
14646
14648
14656
14657
14659
14661
14662
14666
14667
14668
14672
14673
14676
14677
14678
14679
14682
14686
14690
14691
14695
14697
14698
14699
14700
14701
14703
14708
14710
14712
14715
14718
14723
14725
14726
14729
14730
14731
14734
14735
14738
14739
14741
14742
14743
14744
14745
14746
14748
14751
14752
14756
14758
14759
14760
14761
14762
14763
14764
14765
14767
14768
14771
14773
14774
14776
14779
14782
14784
14785
14789
14791
14792
14795
14796
14797
14798
14799
14800
14803
14807
14808
14809
14810
14815
14817
14818
14819
14820
14821
14824
14826
14827
14829
14830
14832
14833
14834
14835
14836
14837
14838
14840
14841
14842
14843
14844
14845
14847
14848
14849
14850
14855
14861
14867
14876
14877
14895
14896
14897
14899
14908
14910
14911
14912
14914
14915
14918
14919
14935
14940
14942
14946
14952
14968
14972
14973
14974
14975
14980
14982
14985
14986
14989
14997
14999
15001
15002
15014
15019
15021
15024
15035
15038
15041
15046
15048
15059
15062
15063
15067
15072
15077
15083
15086
15088
15094
15095
15106
15112
15118
15121
15144
15153
15159
15162
15175
15178
15196
15197
15200
15208
15211
15239
15248
15250
15254
15256
15259
15261
15266
15276
15283
15290
15298
15303
15305
15315
15320
15321
15324
15334
15344
15359
15368
15375
15382
15385
15388
15389
15396
15402
15418
15420
15421
15430
15431
15433
15434
15436
15437
15448
15450
15458
15470
15482
15489
15493
15495
15503
15520
15521
15522
15524
15526
15531
15532
15535
15537
15538
15539
15540
15542
15543
15545
15546
15547
15549
15550
15551
15555
15556
15559
15561
15562
15563
15564
15565
15566
15567
15569
15570
15571
15572
15573
15576
15577
15578
15580
15581
15583
15585
15586
15587
15588
15589
15590
15593
15594
15595
15600
15603
15604
15609
15612
15613
15614
15615
15618
15619
15622
15623
15624
15625
15628
15629
15630
15631
15634
15635
15636
15643
15644
15645
15647
15651
15656
15657
15658
15659
15660
15663
15666
15667
15668
15669
15671
15674
15675
15676
15677
15679
15680
15681
15685
15686
15688
15692
15694
15695
15696
15698
15700
15701
15702
15704
15705
15706
15707
15708
15709
15712
15713
15714
15716
15717
15718
15723
15727
15728
15729
15732
15734
15735
15736
15737
15738
15739
15746
15748
15749
15751
15753
15756
15760
15761
15762
15765
15767
15773
15775
15776
15778
15779
15780
15781
15783
15786
15788
15789
15790
15791
15793
15794
15795
15796
15797
15801
15806
15809
15811
15812
15814
15815
15817
15818
15821
15822
15823
15825
15827
15828
15830
15833
15834
15835
15836
15838
15841
15842
15843
15845
15846
15847
15850
15851
15852
15853
15856
15858
15862
15863
15864
15867
15869
15871
15875
15878
15882
15883
15884
15888
15890
15896
15897
15898
15899
15901
15903
15906
15907
15917
15918
15919
15922
15925
15927
15928
15930
15931
15933
15934
15935
15939
15941
15943
15949
15952
15954
15956
15957
15960
15965
15968
15969
15972
15973
15975
15977
15984
15987
15988
15990
15994
15995
15996
15998
16002
16003
16004
16005
16006
16008
16009
16013
16017
16018
16020
16022
16023
16024
16026
16030
16031
16034
16036
16038
16042
16047
16050
16053
16055
16056
16059
16063
16064
16065
16066
16067
16069
16070
16073
16076
16077
16079
16080
16082
16084
16086
16089
16090
16094
16095
16097
16098
16099
16100
16101
16102
16103
16104
16105
16106
16109
16114
16117
16118
16120
16121
16125
16126
16128
16130
16132
16135
16137
16138
16146
16147
16151
16152
16153
16155
16156
16158
16165
16166
16169
16170
16171
16173
16175
16177
16179
16180
16182
16183
16186
16187
16189
16191
16192
16193
16199
16205
16209
16221
16222
16224
16226
16231
16233
16236
16238
16239
16241
16242
16246
16247
16248
16249
16252
16254
16257
16258
16259
16263
16266
16268
16278
16283
16284
16285
16290
16293
16297
16299
16301
16302
16306
16307
16308
16310
16314
16316
16317
16318
16321
16322
16326
16328
16331
16332
16334
16335
16336
16339
16342
16343
16344
16345
16346
16347
16349
16350
16351
16353
16357
16360
16368
16372
16378
16380
16381
16382
16388
16389
16390
16391
16392
16395
16396
16400
16401
16402
16405
16407
16408
16409
16410
16412
16413
16414
16415
16416
16417
16419
16421
16422
16423
16424
16425
16426
16428
16430
16431
16435
16436
16438
16439
16440
16442
16446
16449
16450
16451
16460
16462
16466
16469
16474
16476
16480
16483
16485
16489
16493
16497
16498
16499
16502
16509
16515
16518
16520
16521
16527
16532
16534
16538
16539
16541
16546
16547
16548
16549
16551
16556
16559
16562
16563
16565
16570
16571
16572
16578
16579
16581
16582
16583
16588
16591
16592
16593
16601
16602
16603
16605
16607
16608
16609
16612
16615
16616
16617
16619
16620
16623
16626
16629
16639
16644
16646
16649
16651
16653
16654
16655
16656
16660
16662
16665
16667
16669
16674
16675
16676
16677
16684
16687
16695
16707
16711
16712
16714
16715
16717
16725
16726
16731
16734
16739
16742
16745
16747
16748
16750
16752
16756
16760
16762
16764
16766
16771
16774
16776
16781
16782
16784
16789
16791
16792
16794
16795
16800
16813
16814
16818
16819
16823
16829
16832
16834
16835
16836
16837
16851
16856
16859
16863
16868
16871
16872
16877
16879
16881
16882
16884
16890
16891
16896
16901
16902
16903
16911
16914
16918
16920
16923
16929
16930
16935
16937
16940
16941
16943
16946
16953
16959
16962
16967
16968
16972
16973
16978
16979
16982
16985
16991
16999
17003
17004
17008
17017
17018
17019
17021
17025
17026
17027
17030
17032
17034
17035
17039
17041
17045
17047
17048
17049
17053
17054
17056
17062
17063
17068
17070
17074
17079
17081
17082
17084
17085
17092
17095
17098
17103
17104
17108
17110
17114
17116
17117
17118
17120
17122
17126
17135
17138
17140
17142
17147
17154
17155
17159
17161
17163
17171
17181
17185
17187
17190
17192
17197
17198
17200
17202
17207
17211
17212
17213
17215
17217
17218
17229
17230
17231
17233
17239
17240
17243
17244
17247
17249
17250
17253
17257
17261
17262
17263
17264
17266
17268
17270
17271
17273
17274
17276
17281
17282
17283
17285
17286
17291
17292
17293
17294
17295
17296
17298
17299
17300
17301
17305
17306
17307
17310
17311
17313
17315
17317
17318
17319
17326
17330
17332
17335
17336
17337
17339
17340
17342
17343
17344
17345
17347
17348
17349
17350
17351
17352
17355
17356
17357
17359
17360
17361
17362
17363
17365
17366
17367
17369
17370
17371
17373
17374
17375
17376
17377
17378
17380
17381
17382
17383
17384
17385
17386
17388
17389
17390
17394
17395
17396
17397
17398
17399
17400
17402
17405
17406
17407
17408
17409
17411
17412
17414
17415
17417
17418
17419
17420
17421
17422
17423
17425
17427
17430
17432
17433
17434
17435
17436
17437
17438
17440
17442
17443
17444
17446
17447
17448
17451
17452
17453
17454
17455
17457
17458
17460
17463
17464
17466
17468
17470
17471
17472
17474
17476
17477
17479
17480
17482
17483
17485
17486
17487
17489
17490
17491
17492
17493
17494
17495
17497
17498
17499
17504
17508
17509
17510
17511
17512
17514
17517
17519
17520
17521
17522
17523
17524
17526
17527
17528
17530
17532
17533
17534
17535
17536
17537
17538
17539
17540
17541
17542
17543
17544
17545
17546
17548
17549
17551
17553
17554
17556
17557
17562
17564
17566
17567
17568
17569
17572
17575
17576
17577
17578
17579
17580
17581
17583
17584
17585
17587
17589
17591
17592
17593
17594
17595
17596
17598
17600
17601
17603
17605
17607
17609
17611
17612
17613
17614
17616
17617
17620
17622
17624
17628
17629
17631
17632
17635
17639
17640
17641
17642
17643
17644
17645
17648
17649
17651
17653
17655
17656
17657
17661
17662
17665
17667
17669
17671
17674
17675
17677
17678
17681
17683
17685
17686
17687
17689
17690
17691
17693
17694
17698
17700
17701
17702
17703
17705
17706
17708
17710
17711
17714
17716
17717
17718
17719
17720
17721
17722
17723
17724
17726
17728
17729
17735
17738
17739
17740
17741
17742
17744
17746
17749
17750
17751
17752
17753
17754
17755
17758
17760
17763
17764
17765
17767
17768
17769
17770
17771
17773
17775
17779
17781
17782
17783
17784
17786
17788
17789
17792
17793
17795
17796
17797
17798
17799
17800
17802
17805
17806
17807
17810
17813
17814
17816
17817
17818
17819
17820
17822
17826
17830
17831
17832
17833
17834
17835
17836
17840
17842
17844
17845
17848
17850
17855
17857
17859
17862
17866
17869
17871
17872
17874
17878
17885
17887
17889
17894
17896
17898
17901
17903
17904
17906
17910
17913
17914
17917
17919
17921
17925
17928
17930
17932
17934
17938
17941
17942
17944
17948
17949
17950
17954
17955
17958
17960
17961
17964
17965
17967
17974
17975
17976
17978
17979
17980
17983
17987
17990
17992
17994
18000
18002
18010
18011
18018
18020
18021
18023
18031
18033
18041
18043
18048
18049
18051
18052
18053
18054
18055
18056
18060
18064
18066
18067
18069
18075
18076
18078
18079
18085
18086
18088
18090
18091
18092
18094
18095
18097
18099
18103
18105
18106
18108
18109
18110
18112
18113
18116
18117
18118
18119
18122
18124
18127
18128
18131
18132
18133
18134
18135
18138
18142
18143
18144
18146
18147
18150
18151
18152
18153
18154
18155
18157
18158
18162
18163
18164
18166
18168
18171
18173
18174
18175
18176
18177
18178
18180
18181
18184
18186
18188
18190
18193
18194
18196
18199
18200
18202
18207
18208
18211
18212
18213
18215
18216
18218
18219
18220
18221
18222
18226
18230
18232
18233
18234
18236
18241
18243
18245
18247
18248
18249
18250
18251
18253
18254
18255
18260
18261
18262
18263
18264
18265
18268
18269
18270
18272
18273
18274
18277
18278
18280
18281
18282
18284
18285
18286
18291
18295
18298
18302
18304
18305
18306
18310
18311
18312
18313
18315
18316
18318
18322
18323
18326
18328
18329
18330
18333
18336
18339
18341
18343
18344
18345
18346
18348
18350
18353
18357
18358
18359
18362
18365
18366
18368
18371
18373
18374
18375
18376
18377
18379
18386
18387
18388
18390
18391
18392
18393
18395
18396
18398
18401
18405
18409
18411
18412
18413
18414
18417
18418
18419
18420
18421
18423
18424
18425
18426
18428
18429
18430
18432
18433
18436
18437
18438
18439
18444
18445
18447
18448
18451
18452
18453
18454
18455
18456
18457
18458
18460
18462
18465
18468
18470
18471
18473
18474
18477
18478
18479
18480
18482
18485
18486
18490
18492
18493
18496
18499
18500
18501
18502
18503
18505
18506
18507
18508
18509
18511
18513
18514
18515
18516
18521
18522
18524
18527
18529
18530
18531
18532
18533
18534
18538
18539
18540
18543
18544
18547
18548
18549
18550
18551
18552
18554
18555
18556
18557
18558
18559
18561
18564
18565
18567
18568
18569
18570
18576
18577
18578
18579
18581
18583
18590
18591
18594
18596
18599
18600
18601
18607
18608
18610
18611
18613
18624
18635
18638
18639
18642
18645
18648
18652
18659
18663
18664
18666
18668
18672
18673
18675
18680
18682
18683
18685
18687
18692
18693
18694
18696
18698
18699
18700
18705
18709
18713
18714
18715
18716
18720
18722
18728
18729
18732
18734
18735
18740
18746
18749
18753
18764
18770
18776
18784
18788
18789
18794
18802
18804
18817
18822
18826
18828
18835
18839
18849
18851
18852
18861
18865
18866
18870
18873
18877
18885
18889
18896
18897
18904
18908
18910
18916
18924
18925
18939
18944
18951
18953
18956
18962
18966
18968
18971
18973
18975
18980
18981
18997
19004
19013
19018
19022
19023
19024
19032
19039
19042
19043
19045
19050
19058
19061
19065
19069
19074
19075
19079
19081
19088
19091
19094
19096
19099
19105
19106
19109
19116
19120
19125
19126
19132
19135
19137
19139
19141
19143
19144
19145
19146
19152
19157
19158
19169
19172
19175
19179
19182
19194
19197
19218
19220
19229
19230
19235
19239
19240
19244
19245
19247
19249
19250
19251
19252
19254
19255
19256
19257
19258
19259
19260
19261
19262
19263
19264
19265
19267
19268
19271
19272
19274
19275
19277
19279
19280
19281
19282
19284
19286
19288
19290
19291
19292
19294
19295
19296
19297
19299
19301
19303
19304
19307
19312
19314
19316
19317
19318
19320
19322
19323
19326
19327
19328
19330
19332
19334
19337
19338
19339
19340
19342
19343
19344
19345
19347
19348
19349
19350
19351
19354
19355
19358
19359
19360
19361
19362
19363
19365
19367
19369
19371
19372
19376
19377
19378
19380
19381
19382
19383
19384
19385
19386
19388
19389
19393
19394
19395
19396
19400
19401
19403
19406
19407
19408
19411
19412
19413
19415
19416
19420
19421
19423
19428
19432
19433
19436
19439
19449
19450
19453
19455
19457
19458
19459
19460
19462
19463
19464
19466
19471
19474
19476
19479
19480
19481
19486
19488
19489
19492
19493
19494
19499
19500
19503
19504
19506
19507
19508
19509
19510
19511
19514
19515
19518
19521
19523
19524
19526
19527
19529
19532
19535
19536
19538
19539
19543
19544
19545
19547
19549
19550
19551
19555
19556
19557
19558
19559
19560
19564
19565
19570
19571
19572
19573
19574
19576
19579
19581
19584
19586
19587
19589
19591
19592
19594
19598
19599
19601
19605
19606
19611
19612
19614
19615
19616
19617
19620
19621
19625
19627
19628
19631
19632
19633
19635
19637
19638
19641
19642
19644
19646
19649
19651
19652
19653
19655
19656
19657
19658
19662
19663
19664
19667
19668
19669
19670
19671
19673
19675
19676
19679
19680
19686
19691
19693
19695
19696
19699
19700
19701
19702
19703
19704
19705
19707
19708
19709
19715
19716
19717
19718
19719
19723
19726
19727
19729
19730
19731
19732
19734
19736
19741
19742
19743
19746
19748
19750
19751
19752
19755
19758
19760
19764
19767
19768
19770
19774
19777
19779
19780
19781
19783
19784
19786
19787
19792
19793
19794
19795
19796
19797
19798
19800
19801
19804
19807
19808
19812
19818
19820
19822
19823
19825
19828
19829
19832
19833
19834
19835
19836
19837
19838
19840
19842
19844
19848
19849
19850
19852
19857
19858
19861
19864
19866
19867
19869
19873
19877
19878
19882
19886
19891
19894
19896
19897
19898
19900
19901
19903
19904
19906
19908
19911
19912
19915
19918
19920
19922
19926
19927
19928
19934
19937
19938
19940
19942
19945
19946
19950
19951
19953
19956
19957
19959
19960
19961
19962
19965
19966
19967
19968
19970
19971
19973
19974
19980
19986
19991
19997
19999
20002
20004
20005
20006
20009
20011
20013
20015
20016
20017
20018
20019
20020
20024
20027
20028
20030
20031
20032
20033
20037
20042
20043
20044
20047
20048
20049
20050
20051
20052
20054
20058
20059
20062
20064
20066
20067
20069
20071
20072
20073
20074
20076
20080
20082
20084
20085
20086
20088
20089
20090
20092
20099
20103
20106
20110
20111
20112
20119
20122
20124
20125
20128
20129
20132
20133
20134
20137
20138
20139
20141
20142
20144
20145
20146
20147
20148
20149
20150
20153
20155
20160
20167
20169
20171
20176
20177
20184
20185
20186
20188
20190
20193
20194
20195
20196
20197
20199
20200
20201
20203
20204
20207
20208
20211
20212
20216
20218
20219
20221
20222
20227
20229
20232
20234
20235
20236
20239
20242
20243
20244
20249
20250
20251
20252
20253
20254
20256
20257
20260
20266
20268
20270
20277
20279
20282
20290
20292
20293
20296
20297
20299
20300
20302
20305
20306
20307
20315
20316
20321
20323
20328
20331
20332
20335
20337
20339
20341
20343
20346
20350
20353
20362
20364
20365
20366
20374
20377
20379
20381
20391
20392
20404
20408
20409
20411
20415
20417
20418
20419
20420
20421
20427
20428
20431
20433
20436
20437
20441
20447
20448
20450
20452
20453
20459
20460
20461
20462
20464
20466
20469
20470
20475
20478
20480
20488
20503
20504
20507
20508
20513
20521
20522
20524
20525
20526
20527
20530
20536
20538
20541
20543
20544
20545
20547
20548
20551
20556
20561
20565
20573
20582
20585
20586
20588
20591
20593
20595
20596
20598
20602
20605
20607
20609
20610
20611
20614
20616
20617
20620
20621
20627
20632
20633
20634
20636
20638
20652
20655
20657
20658
20665
20667
20668
20669
20672
20673
20674
20678
20682
20683
20684
20686
20688
20697
20706
20711
20716
20726
20731
20732
20733
20735
20738
20739
20740
20742
20748
20751
20753
20755
20757
20759
20761
20762
20764
20767
20770
20771
20776
20777
20779
20781
20788
20791
20794
20795
20797
20798
20799
20803
20808
20809
20811
20817
20822
20824
20828
20830
20837
20852
20856
20858
20859
20866
20867
20868
20872
20873
20877
20879
20883
20885
20893
20897
20898
20899
20901
20903
20905
20907
20908
20909
20911
20913
20916
20917
20922
20925
20926
20927
20928
20932
20933
20935
20942
20952
20954
20955
20957
20958
20961
20964
20967
20969
20970
20971
20973
20974
20976
20977
20978
20979
20980
20985
20986
20987
20988
20990
20992
20993
20996
20998
21000
21002
21003
21004
21005
21006
21013
21014
21015
21018
21019
21021
21023
21025
21026
21027
21029
21031
21033
21042
21043
21044
21046
21047
21049
21054
21056
21057
21058
21059
21060
21061
21063
21065
21068
21069
21071
21074
21075
21076
21077
21078
21079
21080
21081
21082
21083
21084
21085
21088
21089
21090
21091
21094
21095
21096
21097
21098
21099
21100
21102
21103
21104
21105
21106
21107
21108
21109
21110
21111
21112
21113
21116
21117
21118
21120
21122
21123
21124
21126
21127
21129
21130
21131
21132
21135
21136
21137
21138
21139
21140
21141
21143
21144
21145
21147
21149
21151
21152
21155
21156
21157
21158
21159
21161
21162
21164
21166
21168
21169
21170
21171
21172
21174
21175
21178
21180
21182
21184
21186
21187
21188
21189
21190
21191
21193
21194
21196
21198
21199
21200
21201
21203
21204
21205
21206
21207
21209
21211
21212
21213
21214
21216
21218
21221
21222
21223
21224
21225
21226
21228
21229
21231
21233
21236
21238
21239
21240
21241
21242
21244
21246
21247
21248
21249
21251
21255
21256
21257
21259
21260
21262
21266
21267
21268
21269
21270
21271
21273
21274
21276
21279
21281
21282
21286
21287
21290
21291
21292
21293
21294
21295
21296
21297
21298
21299
21300
21303
21305
21306
21307
21308
21309
21310
21313
21314
21316
21317
21318
21319
21320
21321
21325
21328
21329
21330
21334
21335
21336
21337
21338
21341
21343
21346
21349
21350
21353
21354
21355
21356
21358
21359
21360
21361
21364
21365
21366
21367
21369
21370
21373
21375
21379
21380
21381
21382
21386
21389
21391
21392
21395
21396
21397
21399
21400
21401
21403
21406
21407
21408
21409
21411
21412
21414
21415
21416
21419
21420
21422
21424
21425
21426
21429
21436
21437
21438
21439
21440
21442
21443
21444
21446
21447
21453
21454
21456
21458
21460
21461
21462
21463
21464
21465
21467
21468
21472
21473
21474
21477
21478
21479
21481
21484
21485
21487
21489
21493
21495
21496
21497
21498
21499
21500
21501
21503
21505
21510
21512
21514
21516
21517
21519
21522
21523
21524
21526
21529
21530
21531
21532
21540
21542
21543
21545
21546
21548
21550
21551
21553
21554
21556
21557
21558
21559
21562
21563
21564
21573
21579
21580
21581
21582
21583
21586
21588
21589
21592
21598
21599
21602
21603
21604
21605
21606
21608
21611
21612
21613
21614
21615
21617
21618
21621
21622
21624
21625
21631
21633
21639
21640
21644
21650
21652
21653
21655
21657
21658
21659
21664
21666
21668
21669
21671
21674
21676
21678
21679
21680
21681
21685
21690
21693
21695
21697
21704
21705
21707
21708
21709
21710
21712
21715
21719
21720
21724
21725
21727
21732
21734
21737
21742
21744
21747
21749
21751
21752
21756
21758
21759
21765
21766
21767
21769
21773
21774
21775
21776
21777
21781
21782
21783
21784
21788
21791
21792
21796
21800
21802
21806
21809
21810
21812
21814
21815
21817
21818
21819
21820
21822
21823
21824
21825
21826
21827
21831
21832
21836
21838
21846
21847
21848
21849
21852
21855
21856
21857
21858
21860
21861
21864
21867
21869
21871
21873
21876
21877
21878
21882
21885
21886
21887
21888
21889
21893
21895
21896
21898
21899
21902
21907
21909
21916
21917
21919
21921
21924
21925
21927
21932
21933
21934
21935
21936
21938
21939
21944
21950
21954
21955
21958
21959
21960
21962
21963
21964
21966
21967
21972
21974
21975
21976
21981
21982
21983
21984
21985
21986
21988
21989
21991
21992
21993
21994
21995
21996
21997
21999
22000
22004
22005
22006
22008
22009
22012
22015
22016
22019
22020
22025
22026
22027
22028
22029
22030
22031
22032
22033
22034
22035
22036
22037
22040
22045
22047
22049
22050
22052
22057
22058
22062
22064
22067
22069
22071
22072
22078
22079
22080
22082
22084
22087
22088
22089
22090
22091
22093
22094
22096
22099
22101
22102
22105
22107
22109
22110
22112
22113
22114
22115
22118
22119
22122
22123
22125
22127
22128
22129
22130
22131
22133
22135
22136
22137
22138
22139
22140
22141
22143
22144
22149
22151
22153
22154
22157
22158
22159
22163
22166
22168
22169
22170
22171
22172
22173
22176
22177
22178
22179
22180
22183
22187
22190
22191
22192
22193
22195
22196
22199
22201
22202
22203
22204
22207
22210
22211
22212
22213
22214
22215
22217
22219
22220
22222
22223
22224
22225
22227
22228
22230
22231
22232
22234
22235
22237
22239
22241
22242
22243
22244
22245
22247
22248
22249
22250
22252
22254
22257
22258
22259
22261
22262
22263
22264
22266
22267
22268
22269
22270
22272
22275
22276
22277
22278
22281
22282
22283
22284
22293
22294
22303
22313
22314
22321
22323
22328
22335
22348
22367
22368
22369
22372
22380
22394
22398
22399
22400
22402
22407
22410
22419
22420
22426
22427
22429
22437
22442
22447
22449
22451
22456
22460
22463
22467
22469
22470
22474
22490
22491
22498
22500
22503
22504
22513
22520
22527
22545
22562
22568
22572
22581
22584
22588
22604
22605
22606
22610
22620
22624
22637
22639
22651
22652
22654
22658
22664
22666
22667
22670
22671
22679
22685
22704
22718
22726
22735
22749
22764
22769
22775
22783
22789
22794
22805
22811
22813
22815
22817
22819
22830
22836
22837
22846
22847
22851
22857
22861
22862
22867
22872
22885
22896
22901
22903
22916
22918
22942
22958
22960
22961
22963
22965
22967
22968
22969
22970
22971
22973
22975
22976
22977
22979
22980
22981
22984
22985
22986
22988
22989
22991
22992
22993
22994
22995
22997
22998
22999
23000
23002
23003
23004
23006
23007
23009
23011
23012
23013
23014
23015
23016
23017
23018
23019
23021
23022
23025
23029
23030
23033
23034
23038
23040
23042
23044
23046
23050
23053
23054
23056
23058
23059
23061
23062
23063
23064
23071
23073
23075
23076
23077
23078
23079
23081
23082
23083
23084
23085
23086
23087
23088
23089
23091
23096
23099
23100
23101
23102
23103
23106
23108
23110
23111
23115
23116
23117
23118
23119
23120
23121
23122
23123
23124
23125
23127
23128
23130
23132
23133
23134
23135
23136
23137
23138
23142
23143
23144
23145
23146
23147
23148
23149
23156
23161
23163
23165
23167
23168
23169
23170
23171
23172
23174
23175
23176
23178
23180
23181
23183
23185
23188
23189
23190
23191
23193
23195
23202
23203
23206
23207
23208
23209
23210
23216
23217
23222
23223
23225
23228
23229
23232
23233
23238
23240
23241
23245
23246
23249
23250
23251
23253
23254
23255
23256
23257
23258
23260
23261
23263
23268
23269
23270
23271
23275
23276
23279
23283
23286
23293
23296
23297
23298
23299
23300
23303
23304
23305
23308
23309
23310
23311
23312
23313
23314
23316
23317
23318
23321
23324
23327
23328
23329
23331
23335
23336
23338
23339
23346
23347
23351
23352
23354
23355
23356
23357
23358
23363
23365
23367
23370
23371
23372
23374
23375
23376
23377
23378
23381
23382
23385
23387
23388
23389
23391
23393
23395
23396
23397
23400
23402
23405
23406
23407
23409
23414
23415
23417
23418
23419
23423
23424
23426
23427
23428
23429
23430
23432
23433
23434
23436
23440
23441
23444
23445
23448
23450
23453
23455
23458
23461
23462
23463
23464
23469
23474
23478
23479
23480
23483
23486
23488
23491
23493
23495
23497
23500
23501
23503
23505
23507
23511
23512
23513
23514
23517
23518
23521
23522
23526
23530
23532
23534
23536
23537
23538
23541
23542
23545
23550
23551
23555
23556
23557
23560
23563
23565
23567
23570
23571
23572
23576
23578
23581
23583
23587
23596
23598
23600
23605
23607
23608
23609
23610
23611
23613
23614
23616
23617
23618
23621
23622
23623
23625
23629
23632
23633
23636
23638
23642
23645
23650
23652
23654
23656
23657
23659
23660
23662
23664
23665
23666
23667
23668
23670
23674
23675
23676
23678
23680
23682
23687
23688
23690
23692
23694
23696
23698
23700
23701
23702
23703
23706
23707
23711
23712
23713
23715
23719
23720
23723
23724
23725
23726
23729
23730
23731
23738
23740
23741
23742
23746
23748
23750
23751
23756
23758
23761
23762
23763
23765
23766
23767
23771
23772
23778
23780
23781
23782
23786
23791
23797
23798
23800
23803
23804
23816
23820
23825
23828
23835
23836
23837
23839
23842
23844
23845
23846
23847
23848
23849
23851
23853
23854
23856
23859
23860
23864
23867
23870
23871
23872
23874
23875
23877
23881
23901
23905
23910
23913
23921
23922
23926
23931
23933
23936
23937
23943
23946
23948
23949
23950
23954
23956
23957
23961
23962
23963
23966
23968
23969
23970
23974
23979
23986
23990
23991
23993
23994
23998
24006
24007
24010
24011
24015
24016
24017
24018
24021
24022
24023
24030
24031
24033
24035
24045
24049
24051
24057
24059
24070
24071
24072
24077
24079
24080
24081
24083
24085
24087
24088
24093
24096
24097
24103
24104
24105
24119
24123
24124
24126
24130
24132
24136
24138
24141
24143
24145
24146
24147
24155
24159
24167
24173
24174
24175
24176
24183
24187
24188
24189
24190
24200
24201
24202
24210
24211
24213
24214
24215
24217
24221
24228
24231
24232
24239
24240
24242
24250
24251
24257
24259
24262
24265
24270
24272
24275
24277
24285
24288
24296
24299
24300
24302
24309
24312
24313
24317
24318
24327
24330
24331
24336
24339
24341
24346
24347
24350
24351
24358
24363
24365
24368
24369
24371
24372
24373
24375
24377
24380
24381
24382
24393
24397
24404
24411
24417
24419
24422
24424
24426
24428
24431
24434
24438
24440
24443
24445
24447
24449
24452
24453
24455
24456
24463
24469
24470
24471
24476
24478
24481
24485
24486
24490
24492
24494
24495
24496
24499
24502
24503
24505
24506
24513
24514
24520
24523
24525
24528
24530
24531
24536
24538
24539
24544
24547
24548
24551
24554
24558
24559
24560
24563
24568
24575
24582
24585
24586
24587
24591
24593
24595
24602
24606
24608
24610
24612
24613
24622
24623
24624
24625
24629
24630
24632
24635
24636
24638
24639
24641
24644
24645
24651
24659
24660
24661
24664
24666
24667
24668
24671
24672
24673
24675
24677
24678
24679
24681
24686
24689
24691
24692
24699
24700
24703
24704
24705
24706
24707
24713
24714
24716
24720
24722
24727
24728
24729
24730
24731
24732
24733
24734
24735
24739
24740
24741
24742
24743
24749
24761
24766
24770
24771
24772
24773
24774
24776
24777
24779
24781
24782
24783
24784
24785
24786
24787
24789
24790
24791
24793
24794
24795
24796
24797
24798
24799
24801
24802
24804
24805
24806
24808
24809
24810
24812
24813
24814
24816
24817
24818
24819
24820
24822
24823
24824
24826
24827
24830
24834
24835
24836
24837
24838
24840
24843
24846
24847
24848
24849
24850
24851
24852
24853
24854
24855
24857
24858
24860
24861
24862
24863
24865
24866
24868
24869
24870
24872
24873
24874
24875
24876
24878
24879
24880
24881
24882
24885
24886
24888
24891
24895
24897
24899
24900
24901
24904
24905
24907
24908
24909
24910
24911
24912
24913
24914
24915
24917
24918
24919
24920
24921
24923
24925
24926
24928
24929
24931
24932
24934
24937
24938
24939
24940
24942
24943
24945
24947
24949
24950
24951
24952
24954
24956
24959
24960
24961
24962
24963
24966
24968
24969
24971
24972
24973
24974
24975
24976
24977
24978
24979
24980
24981
24983
24984
24985
24986
24987
24988
24990
24991
24995
24996
24997
24998
25000
25001
25002
25003
25004
25005
25006
25013
25014
25015
25016
25020
25021
25022
25023
25026
25028
25031
25033
25037
25039
25040
25042
25044
25047
25048
25049
25051
25053
25054
25056
25057
25060
25063
25066
25068
25070
25079
25081
25082
25084
25086
25088
25090
25091
25095
25096
25097
25100
25105
25106
25107
25108
25109
25110
25113
25114
25117
25120
25121
25122
25123
25125
25126
25127
25128
25129
25130
25131
25133
25134
25136
25138
25139
25143
25144
25147
25149
25152
25154
25155
25157
25162
25164
25167
25169
25170
25171
25172
25174
25176
25178
25179
25180
25181
25182
25185
25186
25188
25191
25193
25195
25199
25202
25203
25206
25207
25212
25213
25216
25219
25221
25226
25227
25228
25229
25230
25234
25238
25239
25243
25249
25254
25256
25259
25260
25264
25265
25266
25268
25270
25273
25274
25276
25278
25282
25283
25284
25285
25287
25295
25296
25300
25304
25306
25309
25314
25316
25317
25319
25320
25321
25323
25324
25326
25327
25328
25330
25332
25334
25337
25338
25343
25344
25345
25347
25352
25353
25360
25361
25362
25363
25367
25371
25372
25376
25378
25386
25387
25389
25394
25395
25399
25401
25404
25406
25407
25410
25411
25412
25414
25418
25422
25424
25437
25438
25439
25440
25441
25443
25448
25451
25458
25460
25462
25463
25464
25469
25472
25475
25478
25479
25480
25481
25482
25488
25491
25494
25495
25496
25498
25499
25500
25502
25503
25504
25506
25513
25514
25515
25516
25518
25520
25523
25524
25526
25527
25529
25532
25534
25536
25537
25539
25540
25541
25544
25545
25546
25555
25560
25561
25562
25569
25570
25571
25572
25575
25576
25579
25581
25582
25583
25584
25585
25594
25595
25596
25599
25600
25601
25603
25606
25608
25609
25615
25618
25621
25623
25624
25625
25626
25631
25632
25635
25639
25641
25643
25644
25645
25646
25649
25652
25657
25661
25662
25664
25668
25669
25671
25676
25677
25678
25679
25681
25688
25689
25690
25692
25696
25700
25702
25706
25707
25709
25710
25711
25712
25718
25720
25723
25726
25730
25734
25735
25738
25741
25742
25743
25744
25745
25746
25748
25749
25750
25751
25756
25757
25759
25761
25763
25764
25767
25768
25771
25772
25773
25774
25775
25776
25778
25780
25781
25784
25788
25789
25792
25794
25796
25797
25798
25799
25801
25803
25804
25805
25807
25813
25815
25816
25819
25823
25824
25826
25828
25829
25832
25833
25834
25836
25837
25839
25840
25841
25843
25844
25845
25846
25849
25850
25851
25852
25855
25858
25861
25862
25863
25865
25867
25868
25869
25872
25873
25875
25876
25877
25878
25879
25881
25884
25886
25887
25888
25890
25891
25896
25897
25898
25901
25902
25903
25906
25907
25912
25915
25917
25918
25919
25920
25921
25923
25924
25925
25926
25927
25928
25934
25935
25937
25938
25939
25940
25941
25942
25944
25946
25950
25952
25953
25955
25956
25957
25958
25959
25960
25961
25962
25963
25964
25967
25968
25972
25974
25975
25976
25978
25980
25982
25983
25985
25986
25989
25990
25991
25992
25995
25997
25999
26001
26002
26003
26007
26010
26022
26030
26031
26033
26035
26037
26039
26041
26046
26048
26050
26052
26055
26057
26061
26064
26068
26070
26073
26074
26080
26082
26086
26090
26098
26107
26108
26110
26111
26113
26118
26120
26121
26123
26124
26130
26138
26139
26141
26142
26143
26144
26146
26153
26156
26160
26161
26162
26163
26166
26168
26170
26172
26192
26202
26204
26205
26210
26212
26214
26217
26220
26224
26230
26235
26245
26253
26266
26289
26292
26293
26294
26296
26306
26316
26338
26344
26350
26360
26363
26367
26369
26372
26378
26381
26383
26385
26390
26396
26399
26406
26408
26440
26450
26451
26457
26464
26465
26468
26478
26486
26496
26507
26514
26519
26522
26524
26527
26537
26542
26545
26549
26554
26578
26579
26586
26587
26588
26592
26600
26602
26604
26609
26618
26620
26629
26631
26632
26641
26642
26649
26652
26655
26666
26667
26668
26672
26674
26675
26676
26677
26678
26679
26680
26681
26682
26683
26684
26685
26689
26690
26691
26692
26693
26694
26695
26697
26698
26699
26700
26702
26703
26705
26708
26709
26710
26711
26712
26713
26714
26716
26718
26720
26721
26723
26724
26725
26726
26727
26729
26731
26735
26736
26737
26738
26740
26742
26744
26745
26746
26747
26751
26753
26755
26756
26762
26765
26766
26767
26771
26772
26773
26777
26778
26779
26786
26788
26789
26790
26791
26793
26795
26796
26797
26798
26799
26800
26801
26803
26804
26805
26806
26807
26808
26814
26816
26817
26818
26819
26822
26823
26824
26826
26828
26829
26830
26831
26833
26835
26839
26840
26843
26846
26847
26848
26850
26851
26855
26856
26859
26860
26861
26862
26864
26865
26866
26867
26869
26870
26871
26873
26874
26875
26876
26878
26879
26880
26881
26884
26888
26890
26891
26892
26893
26895
26898
26899
26900
26902
26904
26910
26912
26916
26918
26920
26921
26923
26924
26925
26926
26927
26928
26929
26932
26937
26938
26939
26941
26943
26949
26951
26954
26956
26957
26960
26961
26962
26963
26965
26967
26969
26971
26975
26977
26978
26979
26980
26981
26982
26983
26985
26986
26988
26989
26992
26993
26994
26999
27000
27001
27005
27006
27007
27010
27011
27014
27015
27016
27017
27022
27023
27024
27025
27026
27027
27030
27032
27037
27039
27040
27043
27044
27049
27053
27055
27058
27059
27060
27061
27063
27065
27066
27067
27069
27071
27072
27077
27079
27085
27086
27091
27092
27093
27095
27096
27099
27100
27101
27103
27104
27105
27107
27110
27111
27112
27114
27116
27119
27120
27121
27123
27124
27125
27127
27129
27130
27133
27137
27140
27141
27144
27146
27147
27148
27154
27157
27160
27162
27164
27166
27169
27173
27174
27175
27176
27177
27178
27180
27183
27184
27185
27188
27189
27192
27195
27197
27200
27205
27208
27209
27210
27213
27215
27216
27219
27220
27221
27222
27226
27228
27231
27232
27234
27235
27237
27239
27240
27243
27247
27248
27250
27251
27253
27256
27257
27258
27259
27261
27263
27264
27266
27268
27269
27271
27274
27275
27277
27279
27280
27281
27284
27285
27286
27288
27290
27291
27292
27295
27297
27298
27303
27304
27305
27306
27309
27310
27312
27313
27314
27317
27319
27321
27323
27324
27325
27326
27328
27329
27331
27332
27334
27335
27337
27339
27340
27343
27346
27347
27348
27349
27351
27354
27356
27360
27361
27365
27366
27368
27371
27373
27374
27375
27379
27381
27382
27384
27385
27386
27388
27390
27391
27392
27393
27398
27400
27401
27402
27405
27406
27407
27408
27409
27413
27414
27415
27416
27423
27425
27426
27427
27432
27434
27436
27438
27439
27440
27441
27442
27443
27444
27447
27448
27450
27453
27454
27455
27456
27458
27459
27460
27463
27464
27465
27466
27468
27470
27472
27473
27476
27477
27484
27485
27486
27488
27490
27492
27496
27497
27499
27505
27506
27507
27510
27511
27512
27514
27516
27518
27530
27532
27533
27534
27535
27537
27538
27541
27542
27549
27550
27552
27553
27557
27558
27561
27563
27565
27566
27567
27568
27569
27570
27573
27574
27575
27577
27578
27581
27583
27587
27591
27593
27597
27601
27604
27608
27611
27613
27614
27615
27621
27622
27623
27628
27629
27631
27632
27633
27635
27637
27638
27639
27640
27641
27645
27646
27651
27655
27657
27658
27660
27661
27662
27663
27674
27678
27679
27682
27684
27685
27688
27692
27693
27696
27697
27698
27699
27700
27703
27707
27708
27713
27714
27715
27717
27718
27725
27726
27727
27730
27733
27735
27737
27744
27745
27751
27755
27759
27760
27761
27764
27766
27771
27773
27778
27783
27785
27786
27789
27793
27794
27795
27796
27799
27805
27807
27811
27817
27819
27820
27826
27832
27836
27837
27839
27847
27849
27850
27853
27859
27864
27865
27871
27876
27879
27880
27881
27882
27883
27885
27887
27888
27889
27898
27900
27903
27904
27906
27908
27910
27912
27916
27918
27921
27925
27926
27928
27931
27935
27936
27938
27941
27942
27945
27950
27952
27953
27954
27956
27959
27961
27964
27965
27966
27969
27971
27973
27974
27976
27979
27984
27986
27992
27993
27995
28001
28003
28006
28009
28010
28013
28014
28016
28019
28021
28023
28026
28027
28030
28031
28036
28043
28045
28048
28052
28053
28054
28055
28059
28065
28067
28068
28071
28072
28076
28077
28082
28086
28087
28088
28093
28096
28101
28102
28103
28106
28108
28110
28114
28115
28123
28125
28128
28131
28134
28135
28136
28137
28142
28143
28144
28146
28150
28153
28158
28159
28160
28161
28164
28165
28167
28168
28170
28172
28178
28179
28189
28192
28195
28199
28203
28206
28211
28213
28219
28222
28227
28228
28232
28236
28239
28240
28242
28245
28246
28251
28252
28258
28261
28265
28268
28274
28277
28280
28281
28284
28286
28289
28292
28295
28296
28300
28301
28302
28312
28316
28321
28324
28325
28328
28330
28334
28337
28338
28339
28349
28350
28353
28354
28355
28358
28360
28361
28362
28364
28367
28370
28371
28373
28374
28379
28380
28381
28382
28384
28385
28386
28389
28392
28393
28394
28398
28401
28404
28405
28406
28408
28410
28412
28414
28416
28420
28421
28422
28423
28424
28425
28427
28428
28431
28433
28434
28437
28440
28441
28442
28443
28445
28446
28447
28453
28455
28456
28457
28459
28460
28461
28463
28464
28466
28472
28474
28475
28482
28483
28484
28485
28486
28487
28488
28489
28490
28491
28493
28496
28498
28500
28501
28503
28504
28507
28508
28509
28510
28511
28512
28513
28515
28516
28518
28519
28520
28522
28523
28524
28526
28527
28528
28530
28531
28532
28533
28534
28535
28536
28537
28538
28539
28540
28541
28542
28544
28547
28548
28549
28550
28551
28552
28554
28557
28559
28560
28561
28563
28564
28566
28567
28568
28569
28570
28571
28572
28573
28574
28575
28576
28577
28578
28579
28580
28583
28584
28586
28588
28589
28591
28592
28593
28594
28595
28596
28597
28599
28600
28602
28605
28606
28607
28608
28610
28611
28612
28613
28614
28615
28616
28617
28618
28620
28621
28622
28624
28625
28626
28627
28628
28629
28631
28633
28635
28637
28638
28639
28641
28642
28643
28646
28648
28649
28650
28651
28652
28653
28654
28656
28657
28658
28659
28661
28663
28664
28666
28668
28669
28670
28672
28673
28674
28675
28676
28677
28679
28681
28683
28685
28686
28687
28688
28690
28693
28694
28695
28696
28697
28699
28700
28701
28703
28706
28707
28708
28709
28714
28716
28717
28719
28720
28721
28722
28723
28724
28726
28727
28729
28731
28732
28733
28734
28735
28736
28737
28740
28741
28742
28744
28745
28746
28747
28749
28753
28754
28756
28758
28759
28760
28763
28765
28766
28767
28768
28770
28771
28774
28777
28780
28781
28782
28783
28784
28786
28787
28788
28793
28794
28795
28796
28798
28799
28801
28802
28803
28805
28807
28809
28810
28817
28819
28820
28822
28823
28824
28826
28828
28829
28831
28833
28835
28837
28839
28840
28842
28843
28846
28850
28852
28856
28857
28864
28865
28866
28871
28872
28878
28880
28881
28882
28883
28884
28888
28895
28896
28901
28902
28904
28908
28909
28910
28913
28914
28915
28916
28917
28921
28924
28925
28926
28927
28929
28931
28932
28935
28936
28937
28938
28939
28940
28941
28942
28946
28948
28952
28955
28956
28957
28960
28963
28964
28966
28968
28970
28971
28972
28974
28975
28976
28977
28978
28981
28982
28987
28988
28989
28992
28993
28997
28998
28999
29000
29001
29009
29012
29014
29016
29018
29020
29021
29023
29028
29031
29034
29036
29038
29040
29046
29048
29051
29055
29059
29061
29063
29066
29068
29073
29082
29086
29087
29088
29092
29097
29099
29100
29102
29104
29106
29109
29113
29115
29117
29118
29121
29125
29128
29129
29136
29147
29148
29149
29151
29152
29153
29154
29162
29163
29165
29168
29170
29171
29172
29175
29176
29177
29181
29188
29189
29190
29192
29193
29194
29195
29199
29200
29202
29208
29209
29210
29211
29212
29213
29216
29217
29218
29221
29223
29225
29226
29228
29229
29230
29232
29236
29237
29238
29240
29241
29243
29244
29246
29248
29249
29251
29252
29253
29254
29255
29257
29261
29262
29264
29266
29267
29269
29272
29276
29277
29280
29284
29286
29287
29288
29292
29294
29297
29299
29300
29301
29306
29308
29309
29310
29313
29315
29316
29317
29320
29321
29322
29323
29327
29329
29330
29331
29332
29333
29335
29340
29345
29346
29349
29351
29356
29359
29362
29363
29365
29370
29372
29373
29374
29376
29377
29378
29379
29381
29382
29383
29386
29387
29390
29393
29394
29395
29398
29400
29402
29404
29406
29407
29408
29409
29411
29412
29413
29416
29417
29419
29420
29422
29423
29424
29426
29427
29428
29430
29432
29433
29434
29436
29437
29443
29444
29446
29448
29449
29452
29453
29455
29456
29457
29459
29460
29461
29462
29464
29465
29471
29475
29478
29481
29483
29486
29487
29491
29492
29493
29494
29495
29499
29502
29504
29507
29508
29510
29512
29513
29516
29517
29524
29526
29527
29528
29529
29530
29532
29533
29535
29537
29538
29540
29542
29543
29544
29546
29547
29549
29551
29553
29554
29555
29556
29559
29563
29564
29566
29568
29569
29571
29572
29575
29576
29579
29581
29582
29584
29586
29587
29589
29590
29591
29594
29597
29598
29599
29600
29607
29608
29611
29612
29614
29615
29616
29617
29618
29620
29621
29622
29624
29628
29629
29630
29632
29633
29634
29635
29636
29638
29640
29641
29642
29643
29645
29648
29650
29651
29652
29654
29655
29656
29658
29659
29660
29663
29665
29668
29670
29673
29674
29675
29676
29677
29678
29680
29682
29683
29685
29687
29689
29690
29694
29695
29696
29697
29698
29699
29700
29703
29704
29705
29706
29707
29709
29710
29711
29713
29714
29715
29718
29727
29731
29732
29741
29747
29750
29751
29752
29755
29765
29766
29769
29770
29774
29777
29778
29779
29784
29787
29791
29796
29802
29803
29804
29808
29809
29815
29829
29836
29837
29839
29844
29845
29848
29849
29852
29855
29856
29857
29858
29860
29867
29869
29870
29871
29877
29880
29884
29888
29891
29897
29900
29902
29904
29918
29919
29925
29926
29939
29947
29949
29973
29974
29990
29992
30002
30016
30030
30031
30034
30038
30039
30049
30052
30064
30067
30068
30073
30079
30081
30082
30086
30098
30105
30106
30110
30113
30122
30129
30130
30131
30137
30139
30163
30164
30165
30166
30171
30174
30178
30179
30181
30192
30193
30200
30210
30214
30215
30222
30239
30243
30247
30254
30256
30258
30264
30270
30274
30285
30289
30290
30294
30304
30306
30309
30311
30314
30322
30331
30341
30345
30348
30350
30352
30355
30356
30366
30382
30386
30387
30388
30389
30390
30391
30392
30393
30394
30395
30396
30397
30398
30399
30400
30401
30402
30403
30404
30405
30407
30408
30409
30411
30412
30413
30414
30416
30418
30419
30420
30423
30424
30425
30426
30428
30430
30432
30434
30437
30439
30440
30441
30443
30444
30445
30447
30448
30449
30450
30452
30454
30456
30459
30460
30462
30463
30465
30466
30468
30469
30470
30471
30473
30474
30476
30477
30478
30479
30481
30482
30484
30485
30486
30487
30489
30490
30491
30492
30493
30494
30495
30497
30498
30499
30501
30502
30503
30506
30509
30510
30511
30512
30513
30514
30515
30519
30521
30523
30525
30527
30528
30530
30532
30533
30534
30535
30536
30537
30538
30540
30542
30543
30544
30545
30547
30548
30549
30550
30551
30552
30553
30555
30558
30561
30562
30564
30565
30566
30567
30568
30570
30573
30574
30575
30576
30577
30578
30579
30580
30581
30585
30586
30587
30588
30590
30591
30592
30595
30596
30598
30600
30602
30604
30605
30606
30607
30608
30609
30610
30611
30612
30613
30616
30617
30619
30620
30622
30623
30625
30626
30627
30628
30631
30634
30637
30639
30641
30643
30644
30646
30647
30649
30650
30651
30652
30654
30656
30657
30661
30662
30663
30665
30666
30667
30669
30670
30671
30674
30676
30677
30678
30679
30681
30684
30686
30689
30690
30691
30694
30695
30696
30697
30698
30699
30702
30703
30706
30707
30710
30711
30712
30713
30714
30715
30716
30717
30718
30719
30720
30721
30722
30723
30724
30725
30726
30730
30731
30732
30733
30734
30735
30736
30738
30739
30741
30743
30746
30748
30749
30756
30757
30758
30760
30762
30763
30764
30765
30766
30767
30772
30773
30775
30776
30778
30779
30780
30783
30784
30785
30786
30788
30789
30791
30793
30794
30796
30797
30798
30799
30800
30802
30803
30805
30806
30807
30809
30813
30814
30815
30816
30818
30821
30822
30823
30825
30826
30827
30828
30830
30831
30832
30833
30835
30837
30840
30842
30843
30846
30848
30849
30853
30854
30855
30857
30858
30859
30860
30862
30864
30865
30868
30869
30871
30873
30874
30876
30878
30879
30880
30881
30882
30883
30884
30885
30886
30889
30890
30892
30894
30895
30896
30897
30899
30900
30902
30904
30907
30908
30909
30911
30915
30917
30919
30923
30926
30927
30928
30929
30931
30932
30933
30935
30938
30940
30941
30942
30943
30945
30946
30947
30948
30949
30951
30954
30956
30957
30958
30960
30962
30963
30964
30965
30966
30971
30974
30977
30981
30982
30983
30989
30990
30991
30992
30993
30998
31000
31001
31002
31003
31004
31008
31009
31011
31012
31014
31015
31016
31017
31018
31019
31021
31022
31023
31025
31026
31029
31031
31032
31033
31034
31038
31039
31040
31042
31044
31045
31046
31047
31048
31049
31050
31051
31052
31053
31056
31059
31060
31061
31062
31064
31065
31066
31070
31071
31075
31078
31079
31080
31082
31084
31085
31086
31087
31088
31090
31091
31093
31095
31098
31099
31101
31102
31104
31105
31106
31108
31110
31113
31115
31116
31117
31118
31120
31121
31122
31124
31127
31128
31129
31130
31131
31133
31134
31135
31140
31141
31142
31145
31148
31149
31153
31157
31158
31159
31161
31162
31164
31167
31169
31170
31171
31172
31173
31178
31180
31181
31182
31183
31184
31186
31190
31191
31192
31196
31197
31198
31199
31200
31206
31207
31208
31209
31212
31213
31214
31216
31217
31218
31219
31220
31221
31222
31224
31225
31227
31229
31230
31231
31232
31234
31236
31239
31240
31242
31244
31247
31248
31249
31250
31251
31255
31258
31259
31261
31263
31264
31266
31267
31270
31271
31272
31273
31274
31275
31276
31278
31279
31281
31282
31283
31284
31286
31287
31289
31290
31291
31292
31296
31298
31300
31301
31302
31304
31305
31307
31310
31311
31316
31317
31318
31321
31322
31323
31327
31332
31333
31335
31336
31337
31338
31343
31344
31345
31346
31348
31350
31352
31353
31354
31359
31363
31364
31367
31370
31371
31374
31376
31377
31379
31380
31385
31386
31388
31390
31391
31393
31396
31398
31399
31401
31402
31406
31408
31409
31410
31411
31412
31413
31419
31421
31422
31423
31426
31427
31431
31433
31434
31435
31437
31438
31439
31440
31441
31443
31447
31448
31449
31451
31455
31456
31458
31459
31461
31463
31465
31466
31468
31471
31472
31473
31474
31476
31477
31478
31479
31480
31481
31482
31483
31485
31487
31496
31497
31499
31500
31501
31503
31506
31507
31508
31510
31516
31519
31521
31523
31525
31528
31529
31531
31533
31534
31540
31544
31551
31554
31558
31559
31566
31570
31574
31575
31579
31584
31586
31590
31592
31594
31597
31598
31599
31600
31602
31603
31606
31609
31612
31616
31617
31618
31619
31621
31622
31624
31630
31631
31633
31635
31643
31645
31647
31649
31651
31657
31658
31660
31662
31665
31666
31668
31670
31676
31677
31678
31679
31680
31681
31682
31684
31685
31686
31687
31688
31691
31693
31695
31705
31707
31709
31710
31712
31713
31724
31727
31736
31737
31738
31739
31740
31741
31744
31745
31750
31754
31755
31756
31757
31758
31759
31766
31767
31768
31769
31771
31776
31779
31780
31790
31793
31796
31797
31799
31800
31801
31803
31806
31807
31810
31813
31824
31825
31826
31829
31831
31835
31837
31846
31849
31854
31858
31859
31863
31865
31868
31873
31875
31879
31880
31881
31882
31884
31886
31889
31890
31891
31892
31897
31899
31901
31903
31904
31906
31909
31912
31913
31914
31915
31918
31924
31926
31927
31932
31934
31935
31937
31941
31942
31944
31946
31950
31951
31952
31953
31955
31956
31958
31959
31960
31967
31968
31973
31975
31976
31977
31979
31987
31988
31995
31996
31997
31998
32000
32003
32004
32009
32010
32011
32012
32013
32014
32023
32026
32027
32028
32030
32031
32032
32035
32038
32040
32042
32045
32051
32053
32056
32058
32059
32060
32066
32067
32068
32069
32070
32073
32074
32075
32079
32080
32081
32086
32087
32089
32091
32092
32094
32095
32099
32100
32103
32104
32106
32107
32108
32112
32115
32116
32118
32119
32120
32124
32128
32129
32130
32133
32134
32135
32137
32141
32142
32145
32147
32148
32150
32151
32152
32153
32154
32155
32156
32157
32163
32165
32167
32169
32170
32171
32173
32174
32181
32186
32190
32191
32192
32193
32194
32195
32196
32199
32200
32201
32202
32204
32205
32206
32207
32208
32209
32210
32211
32212
32213
32215
32217
32218
32220
32221
32223
32224
32225
32226
32227
32229
32230
32231
32232
32233
32234
32235
32236
32237
32238
32240
32242
32244
32245
32246
32247
32248
32249
32250
32251
32252
32254
32255
32256
32258
32259
32261
32262
32263
32264
32265
32266
32268
32270
32271
32272
32273
32274
32275
32276
32277
32278
32279
32280
32281
32282
32283
32285
32286
32287
32288
32289
32291
32293
32294
32295
32296
32297
32298
32300
32302
32303
32304
32305
32307
32308
32309
32310
32311
32312
32313
32314
32316
32317
32319
32320
32323
32324
32325
32327
32328
32329
32330
32331
32332
32335
32336
32338
32341
32342
32343
32345
32346
32348
32349
32350
32351
32353
32355
32356
32357
32358
32359
32360
32362
32363
32364
32365
32366
32367
32368
32370
32371
32372
32375
32376
32379
32380
32381
32382
32384
32386
32387
32388
32389
32390
32391
32392
32393
32394
32396
32397
32398
32399
32400
32401
32402
32403
32404
32407
32408
32409
32410
32411
32412
32413
32414
32415
32418
32419
32420
32422
32423
32424
32426
32427
32428
32429
32430
32431
32432
32433
32434
32435
32436
32438
32439
32441
32443
32446
32447
32448
32449
32450
32451
32452
32453
32454
32456
32457
32458
32459
32460
32461
32463
32465
32466
32468
32469
32471
32472
32474
32477
32479
32480
32483
32484
32485
32486
32488
32491
32494
32495
32496
32498
32499
32500
32501
32502
32503
32507
32509
32511
32512
32515
32517
32519
32520
32521
32522
32524
32525
32527
32528
32529
32531
32532
32533
32534
32536
32537
32538
32539
32540
32541
32542
32543
32544
32545
32546
32548
32549
32550
32551
32553
32554
32555
32556
32557
32560
32561
32564
32566
32567
32569
32570
32571
32573
32574
32575
32577
32579
32580
32581
32582
32583
32585
32586
32588
32591
32592
32593
32594
32595
32597
32598
32599
32600
32602
32603
32604
32606
32607
32608
32609
32610
32614
32615
32616
32619
32620
32621
32623
32624
32625
32626
32627
32628
32629
32631
32635
32637
32639
32640
32641
32642
32649
32650
32651
32652
32654
32657
32658
32659
32660
32661
32662
32666
32671
32672
32673
32676
32677
32678
32680
32681
32682
32683
32684
32685
32686
32688
32691
32692
32696
32698
32701
32702
32705
32706
32708
32710
32711
32712
32713
32715
32716
32717
32718
32719
32720
32721
32722
32723
32726
32727
32730
32731
32732
32735
32737
32742
32745
32747
32748
32749
32750
32752
32754
32760
32764
32765
32767
32768
32769
32770
32771
32772
32773
32774
32775
32776
32777
32778
32790
32793
32795
32796
32797
32798
32799
32800
32801
32804
32805
32806
32808
32810
32811
32813
32815
32816
32818
32822
32827
32831
32832
32835
32837
32838
32839
32840
32841
32842
32843
32846
32849
32850
32852
32862
32866
32874
32876
32877
32879
32882
32883
32885
32886
32888
32889
32891
32892
32894
32896
32897
32898
32901
32902
32903
32905
32907
32909
32910
32913
32914
32919
32920
32922
32923
32924
32925
32926
32927
32930
32934
32938
32942
32944
32948
32952
32955
32956
32957
32958
32960
32961
32964
32965
32966
32968
32970
32974
32975
32976
32978
32980
32981
32986
32988
32989
32990
32991
32992
32993
32994
32996
32998
32999
33000
33002
33003
33006
33008
33009
33011
33013
33014
33015
33016
33017
33018
33019
33021
33023
33024
33028
33029
33030
33031
33032
33033
33034
33035
33037
33041
33044
33046
33048
33049
33051
33057
33058
33062
33063
33066
33069
33070
33071
33072
33073
33074
33075
33076
33077
33079
33081
33082
33083
33084
33085
33087
33088
33090
33091
33092
33093
33095
33096
33097
33099
33100
33101
33104
33105
33106
33108
33109
33110
33116
33117
33118
33119
33121
33122
33123
33126
33127
33130
33131
33132
33133
33134
33136
33137
33138
33139
33140
33141
33142
33146
33148
33149
33151
33154
33156
33158
33160
33162
33163
33166
33168
33169
33170
33171
33172
33173
33174
33175
33178
33179
33180
33182
33183
33184
33185
33189
33191
33192
33195
33196
33198
33199
33200
33203
33204
33205
33206
33208
33209
33210
33213
33214
33215
33217
33218
33219
33220
33222
33224
33225
33226
33228
33229
33230
33231
33233
33236
33238
33239
33241
33242
33243
33244
33246
33247
33248
33249
33251
33254
33256
33258
33260
33261
33262
33265
33268
33270
33271
33272
33273
33274
33277
33278
33279
33281
33282
33283
33284
33286
33287
33290
33292
33293
33295
33296
33297
33298
33300
33301
33304
33305
33309
33311
33312
33313
33314
33316
33317
33318
33319
33320
33321
33324
33325
33326
33328
33329
33330
33334
33337
33338
33341
33342
33343
33344
33346
33348
33349
33350
33352
33354
33355
33356
33357
33359
33362
33363
33365
33367
33368
33369
33370
33371
33372
33373
33374
33376
33377
33378
33381
33382
33384
33385
33386
33387
33388
33389
33394
33396
33398
33399
33400
33402
33403
33404
33405
33406
33407
33408
33409
33410
33411
33412
33413
33414
33415
33417
33419
33420
33421
33424
33425
33427
33428
33429
33430
33431
33432
33435
33437
33441
33444
33446
33447
33452
33454
33455
33457
33463
33464
33465
33466
33467
33468
33469
33475
33476
33483
33484
33485
33486
33488
33489
33496
33503
33504
33507
33510
33514
33517
33518
33520
33521
33522
33531
33532
33539
33544
33547
33548
33549
33550
33551
33554
33556
33567
33568
33570
33571
33573
33574
33577
33581
33583
33584
33587
33588
33589
33591
33594
33598
33599
33600
33605
33625
33637
33642
33650
33656
33661
33662
33666
33671
33674
33683
33684
33686
33688
33692
33703
33704
33707
33719
33722
33729
33744
33750
33752
33753
33755
33768
33782
33784
33785
33789
33796
33800
33803
33806
33810
33812
33814
33817
33820
33821
33824
33827
33830
33831
33836
33845
33849
33851
33868
33869
33875
33884
33886
33892
33893
33895
33906
33914
33916
33919
33920
33923
33924
33925
33934
33935
33937
33947
33950
33952
33958
33959
33961
33965
33973
33974
33987
33988
33991
34001
34004
34014
34016
34024
34028
34032
34034
34050
34058
34059
34062
34065
34069
34070
34080
34082
34084
34096
34100
34101
34102
34104
34105
34106
34107
34108
34110
34111
34112
34114
34115
34116
34117
34118
34119
34121
34122
34123
34125
34126
34127
34128
34130
34133
34136
34137
34138
34139
34140
34141
34142
34144
34147
34148
34149
34151
34152
34153
34155
34156
34157
34158
34159
34160
34161
34163
34164
34166
34170
34171
34172
34175
34178
34180
34183
34184
34188
34189
34190
34191
34192
34193
34194
34196
34197
34198
34199
34200
34201
34202
34204
34205
34207
34208
34210
34211
34212
34214
34215
34216
34217
34219
34221
34223
34225
34227
34228
34230
34231
34232
34233
34235
34237
34238
34239
34240
34241
34242
34244
34245
34247
34250
34251
34253
34256
34258
34259
34260
34261
34262
34263
34265
34266
34267
34268
34270
34271
34272
34273
34275
34276
34278
34281
34282
34284
34285
34286
34287
34288
34289
34291
34292
34293
34296
34297
34298
34299
34301
34302
34305
34306
34308
34309
34310
34312
34313
34314
34315
34316
34318
34319
34320
34321
34322
34323
34324
34325
34326
34327
34329
34330
34333
34334
34337
34339
34343
34345
34348
34349
34352
34353
34354
34358
34359
34362
34364
34365
34366
34367
34368
34370
34371
34372
34373
34375
34376
34377
34379
34381
34382
34383
34384
34385
34387
34388
34390
34391
34392
34393
34395
34397
34398
34399
34400
34401
34403
34405
34408
34411
34413
34414
34415
34417
34418
34420
34421
34422
34424
34425
34426
34427
34430
34431
34433
34434
34435
34436
34437
34439
34440
34442
34443
34444
34445
34446
34450
34452
34454
34455
34458
34460
34461
34464
34465
34468
34469
34470
34471
34472
34474
34475
34476
34477
34479
34480
34481
34482
34486
34487
34489
34491
34493
34494
34497
34498
34499
34500
34501
34505
34507
34508
34509
34513
34514
34515
34517
34519
34520
34521
34522
34523
34524
34525
34527
34529
34531
34535
34536
34537
34538
34539
34540
34542
34543
34544
34546
34547
34549
34551
34552
34554
34555
34556
34557
34560
34561
34562
34568
34569
34570
34571
34572
34573
34574
34576
34579
34582
34583
34584
34585
34587
34588
34589
34590
34592
34594
34595
34596
34597
34598
34601
34602
34603
34604
34606
34607
34611
34616
34617
34621
34623
34624
34625
34628
34629
34630
34631
34632
34633
34637
34640
34642
34643
34647
34648
34649
34653
34654
34655
34657
34661
34662
34663
34665
34670
34672
34673
34674
34675
34676
34678
34679
34681
34682
34683
34684
34685
34689
34691
34692
34694
34698
34704
34706
34707
34709
34710
34711
34712
34713
34715
34717
34718
34719
34720
34723
34724
34725
34726
34728
34729
34731
34732
34734
34737
34738
34740
34741
34742
34744
34745
34747
34748
34749
34750
34751
34752
34753
34754
34756
34758
34759
34761
34762
34763
34764
34765
34766
34767
34769
34771
34774
34775
34776
34777
34778
34779
34781
34782
34784
34785
34790
34791
34793
34794
34796
34797
34798
34799
34801
34802
34804
34806
34807
34812
34813
34815
34816
34817
34819
34820
34822
34823
34824
34825
34826
34827
34828
34829
34830
34832
34833
34834
34837
34838
34841
34842
34844
34845
34847
34848
34849
34850
34851
34852
34853
34855
34856
34859
34860
34862
34863
34864
34866
34867
34870
34872
34873
34874
34875
34876
34877
34878
34880
34881
34883
34884
34886
34887
34888
34889
34890
34891
34892
34893
34894
34895
34897
34898
34901
34903
34904
34905
34906
34908
34909
34910
34911
34912
34913
34914
34916
34918
34920
34921
34923
34927
34929
34931
34933
34937
34939
34940
34942
34945
34946
34949
34950
34951
34954
34955
34956
34957
34960
34961
34962
34963
34964
34965
34966
34968
34972
34975
34976
34977
34978
34980
34981
34983
34984
34985
34986
34988
34989
34991
34992
34993
34994
34995
34996
34997
34998
35000
35001
35002
35003
35004
35006
35008
35009
35011
35013
35015
35017
35018
35019
35020
35021
35025
35029
35031
35034
35038
35041
35042
35043
35044
35046
35047
35048
35049
35050
35052
35053
35054
35056
35057
35059
35060
35061
35062
35064
35065
35066
35067
35068
35071
35072
35073
35074
35077
35078
35079
35081
35084
35088
35089
35090
35091
35094
35096
35097
35099
35100
35103
35104
35107
35108
35110
35111
35112
35113
35116
35117
35119
35120
35121
35123
35124
35125
35126
35133
35135
35136
35137
35138
35139
35141
35143
35144
35148
35149
35151
35152
35153
35155
35158
35160
35161
35165
35167
35171
35172
35173
35176
35177
35179
35182
35183
35185
35187
35188
35189
35192
35194
35196
35197
35199
35200
35201
35202
35204
35206
35208
35210
35211
35213
35216
35217
35218
35221
35222
35223
35225
35226
35227
35229
35230
35231
35232
35233
35235
35236
35237
35239
35245
35246
35248
35249
35252
35260
35261
35264
35267
35268
35270
35274
35275
35279
35281
35282
35284
35285
35287
35288
35289
35292
35293
35294
35295
35297
35304
35308
35309
35311
35314
35315
35316
35317
35321
35322
35323
35324
35325
35326
35328
35330
35332
35336
35338
35339
35340
35341
35342
35344
35348
35356
35357
35363
35371
35372
35373
35374
35376
35378
35380
35381
35382
35383
35386
35387
35388
35389
35390
35392
35393
35394
35396
35399
35401
35404
35405
35406
35407
35410
35412
35413
35415
35418
35419
35423
35424
35425
35426
35427
35428
35429
35430
35434
35437
35438
35440
35441
35442
35445
35447
35448
35449
35450
35451
35457
35459
35461
35464
35465
35466
35470
35471
35472
35473
35476
35479
35481
35482
35483
35484
35489
35490
35491
35493
35495
35496
35498
35499
35500
35506
35507
35508
35511
35512
35513
35514
35519
35521
35524
35527
35528
35529
35530
35531
35538
35539
35540
35542
35544
35549
35551
35552
35554
35556
35559
35560
35561
35563
35564
35565
35566
35567
35569
35570
35571
35573
35576
35577
35578
35579
35581
35582
35584
35587
35589
35590
35594
35595
35597
35599
35600
35604
35607
35609
35612
35613
35617
35618
35619
35621
35622
35626
35627
35628
35629
35632
35635
35636
35638
35639
35640
35643
35644
35645
35647
35649
35651
35654
35656
35657
35658
35661
35664
35665
35666
35667
35670
35673
35678
35679
35681
35686
35687
35689
35693
35696
35699
35700
35701
35702
35706
35708
35709
35710
35713
35720
35723
35724
35725
35728
35729
35730
35733
35737
35740
35742
35743
35745
35746
35749
35753
35754
35757
35758
35762
35764
35765
35767
35768
35772
35773
35776
35777
35778
35780
35781
35783
35784
35786
35787
35788
35790
35791
35793
35796
35798
35801
35802
35804
35807
35808
35809
35810
35811
35813
35814
35817
35819
35820
35822
35823
35824
35825
35826
35827
35830
35832
35833
35834
35835
35836
35837
35838
35839
35840
35841
35842
35843
35845
35847
35848
35849
35852
35854
35855
35856
35857
35858
35859
35861
35862
35864
35866
35868
35869
35870
35871
35873
35875
35876
35877
35881
35882
35883
35884
35885
35887
35888
35889
35890
35895
35899
35900
35903
35904
35907
35909
35910
35912
35913
35914
35915
35916
35917
35918
35919
35920
35921
35924
35926
35927
35929
35931
35932
35935
35936
35937
35938
35939
35940
35941
35942
35943
35944
35945
35946
35947
35948
35949
35950
35951
35952
35954
35955
35958
35959
35960
35962
35963
35964
35965
35966
35968
35969
35970
35971
35972
35973
35975
35976
35977
35978
35979
35980
35982
35983
35984
35985
35986
35987
35988
35991
35992
35993
35995
35997
35999
36000
36002
36003
36004
36005
36007
36008
36009
36010
36011
36012
36014
36015
36016
36017
36018
36020
36021
36022
36023
36024
36025
36027
36028
36030
36032
36033
36034
36036
36037
36038
36039
36040
36041
36042
36043
36044
36045
36046
36047
36049
36050
36052
36053
36054
36056
36057
36058
36059
36060
36062
36063
36065
36067
36068
36069
36070
36071
36072
36073
36074
36076
36077
36078
36079
36080
36081
36085
36086
36089
36090
36091
36092
36093
36094
36095
36096
36097
36098
36100
36102
36103
36104
36105
36107
36108
36109
36110
36111
36112
36113
36115
36116
36117
36118
36119
36120
36122
36123
36124
36125
36126
36127
36128
36129
36131
36132
36134
36136
36137
36138
36139
36140
36141
36142
36143
36144
36145
36146
36147
36149
36150
36152
36153
36154
36155
36156
36157
36159
36160
36161
36162
36164
36165
36166
36168
36169
36170
36171
36172
36173
36174
36175
36177
36178
36179
36182
36184
36186
36188
36189
36191
36192
36194
36195
36196
36197
36198
36199
36200
36201
36202
36203
36204
36205
36207
36209
36212
36214
36215
36216
36218
36219
36220
36221
36222
36223
36226
36227
36229
36232
36237
36238
36239
36242
36243
36247
36248
36251
36252
36254
36255
36256
36258
36259
36260
36262
36265
36267
36268
36269
36271
36272
36274
36275
36276
36277
36278
36281
36283
36284
36285
36286
36287
36288
36289
36291
36292
36293
36294
36297
36298
36300
36302
36304
36305
36306
36307
36308
36309
36311
36312
36313
36314
36316
36317
36319
36320
36321
36322
36323
36324
36325
36326
36327
36328
36329
36330
36332
36333
36335
36336
36337
36338
36339
36340
36341
36343
36344
36345
36346
36349
36352
36354
36355
36360
36361
36364
36365
36366
36367
36368
36370
36372
36373
36374
36375
36376
36380
36382
36385
36386
36387
36388
36389
36394
36395
36396
36397
36398
36399
36400
36404
36406
36407
36408
36409
36411
36416
36418
36420
36421
36425
36426
36427
36428
36429
36430
36432
36434
36435
36436
36437
36438
36444
36445
36446
36447
36448
36449
36451
36453
36456
36457
36459
36460
36461
36462
36464
36465
36466
36468
36470
36471
36473
36474
36476
36478
36479
36480
36494
36499
36504
36510
36514
36517
36518
36519
36521
36524
36526
36528
36532
36536
36537
36541
36545
36546
36548
36549
36552
36553
36554
36556
36557
36560
36561
36564
36565
36567
36571
36575
36576
36577
36580
36584
36587
36588
36590
36598
36599
36600
36603
36604
36605
36608
36610
36616
36617
36618
36619
36620
36621
36622
36623
36625
36630
36631
36633
36644
36645
36646
36648
36653
36654
36655
36656
36658
36662
36666
36667
36669
36670
36671
36672
36674
36676
36679
36680
36681
36682
36683
36684
36685
36686
36687
36688
36689
36690
36691
36692
36695
36697
36700
36701
36702
36703
36704
36705
36707
36708
36710
36712
36713
36714
36715
36717
36718
36719
36720
36723
36724
36725
36726
36727
36728
36731
36733
36734
36736
36738
36742
36743
36744
36748
36750
36751
36753
36756
36757
36758
36759
36760
36763
36764
36766
36771
36772
36773
36774
36775
36777
36780
36782
36783
36784
36785
36786
36787
36788
36789
36791
36796
36798
36800
36802
36804
36805
36806
36807
36809
36811
36813
36814
36815
36818
36820
36823
36824
36825
36828
36831
36832
36834
36835
36836
36840
36842
36843
36844
36845
36846
36847
36848
36849
36851
36852
36853
36855
36856
36857
36860
36861
36862
36864
36865
36869
36870
36872
36875
36876
36877
36878
36880
36882
36883
36885
36886
36887
36888
36889
36890
36892
36893
36896
36897
36898
36899
36900
36903
36906
36908
36910
36911
36912
36913
36915
36917
36918
36919
36920
36923
36924
36927
36928
36931
36932
36936
36938
36940
36941
36942
36944
36945
36946
36947
36950
36952
36955
36957
36958
36959
36961
36962
36963
36965
36966
36968
36969
36970
36971
36974
36975
36976
36979
36981
36982
36983
36986
36988
36989
36991
36992
36993
36994
36995
36996
37000
37003
37004
37006
37007
37009
37010
37012
37013
37015
37017
37018
37019
37021
37023
37025
37026
37027
37028
37030
37032
37033
37034
37035
37036
37038
37039
37040
37041
37042
37044
37045
37046
37047
37048
37049
37050
37051
37052
37055
37056
37057
37058
37060
37061
37062
37063
37064
37066
37069
37070
37071
37073
37075
37076
37077
37079
37081
37083
37084
37085
37087
37088
37091
37092
37093
37097
37098
37100
37101
37102
37103
37104
37106
37108
37110
37111
37112
37113
37114
37115
37116
37117
37118
37120
37121
37122
37123
37124
37125
37126
37127
37128
37129
37130
37131
37132
37133
37134
37135
37137
37138
37139
