0
2
3
4
5
9
16
17
24
26
28
37
40
45
54
59
62
63
75
78
79
81
82
83
88
90
92
100
101
102
103
105
106
110
114
116
118
121
123
125
126
128
129
135
136
137
138
142
143
144
146
160
162
167
168
172
183
192
195
197
200
202
214
229
239
245
246
261
264
265
281
287
290
299
305
320
326
336
344
345
349
352
355
359
368
369
370
372
376
380
388
396
401
418
419
427
434
435
438
442
453
464
469
484
485
488
491
496
498
499
505
508
509
513
517
519
521
522
529
533
535
539
552
559
562
565
591
601
619
623
625
627
632
637
642
645
647
654
658
662
663
670
671
674
675
677
678
679
680
681
682
683
684
685
686
687
689
691
692
694
695
696
697
698
700
701
703
704
705
706
709
710
711
712
713
714
716
718
719
720
722
723
724
725
727
728
729
730
731
732
735
738
739
740
741
742
744
747
748
750
751
755
756
757
758
759
762
764
767
768
769
770
772
773
775
776
778
780
782
783
784
785
787
788
789
790
791
793
794
795
796
797
798
799
800
801
802
803
804
807
808
810
811
812
814
816
817
818
819
821
826
830
833
835
836
837
838
839
840
842
843
844
845
851
852
854
858
859
860
862
863
865
866
867
870
875
877
878
879
881
882
883
884
888
891
892
893
894
895
898
903
904
905
906
909
910
916
920
921
923
926
927
928
930
931
932
933
935
938
939
941
942
943
944
945
947
949
950
951
956
957
958
959
961
963
964
967
969
970
971
973
976
977
982
984
985
986
987
989
990
991
992
994
995
996
999
1000
1001
1006
1009
1011
1013
1015
1018
1020
1021
1026
1032
1033
1036
1039
1043
1044
1046
1047
1050
1051
1053
1055
1060
1062
1063
1067
1071
1074
1075
1079
1080
1081
1082
1084
1086
1087
1089
1091
1093
1095
1097
1098
1105
1107
1108
1109
1110
1111
1112
1113
1114
1116
1118
1119
1120
1121
1123
1125
1127
1129
1131
1132
1133
1134
1135
1136
1139
1142
1143
1146
1147
1148
1149
1150
1153
1155
1161
1162
1164
1168
1169
1172
1174
1176
1177
1178
1183
1184
1185
1187
1188
1190
1191
1193
1200
1203
1207
1210
1211
1213
1215
1217
1219
1220
1221
1224
1228
1237
1238
1239
1241
1246
1250
1252
1253
1257
1258
1261
1262
1263
1264
1265
1266
1268
1273
1275
1280
1284
1287
1288
1292
1299
1300
1303
1309
1310
1318
1319
1320
1323
1325
1330
1331
1335
1336
1338
1340
1342
1343
1345
1346
1348
1349
1350
1351
1352
1356
1359
1366
1368
1369
1373
1375
1376
1379
1380
1386
1387
1388
1391
1393
1397
1398
1401
1403
1407
1410
1411
1415
1416
1418
1419
1420
1424
1429
1433
1434
1436
1437
1441
1446
1448
1449
1450
1455
1457
1458
1459
1461
1462
1464
1465
1466
1469
1472
1475
1478
1480
1484
1488
1489
1490
1494
1495
1498
1499
1501
1503
1504
1507
1512
1513
1517
1518
1519
1520
1523
1524
1526
1530
1531
1532
1533
1535
1536
1538
1539
1540
1541
1543
1550
1551
1553
1554
1555
1558
1559
1560
1561
1564
1567
1568
1569
1572
1574
1576
1577
1579
1580
1583
1584
1585
1586
1588
1589
1590
1591
1592
1593
1596
1599
1600
1605
1606
1613
1615
1616
1623
1630
1632
1633
1634
1636
1637
1642
1648
1649
1653
1654
1656
1662
1664
1665
1673
1675
1678
1679
1682
1685
1686
1687
1688
1692
1693
1694
1695
1697
1699
1701
1702
1705
1711
1713
1715
1716
1720
1722
1723
1725
1726
1728
1729
1730
1732
1734
1735
1743
1745
1748
1751
1753
1754
1757
1761
1765
1767
1768
1769
1770
1782
1785
1787
1788
1789
1790
1796
1797
1798
1799
1807
1809
1817
1819
1820
1827
1833
1839
1842
1845
1846
1847
1849
1851
1852
1853
1874
1880
1882
1883
1884
1887
1897
1900
1904
1906
1908
1909
1910
1911
1912
1918
1920
1924
1927
1930
1933
1934
1937
1939
1942
1944
1948
1954
1961
1967
1971
1974
1975
1976
1977
1978
1980
1987
1991
1994
1995
1997
1998
2002
2003
2007
2011
2012
2016
2021
2023
2025
2027
2029
2031
2032
2038
2040
2041
2043
2045
2046
2047
2052
2056
2057
2058
2063
2065
2067
2079
2085
2087
2104
2108
2111
2112
2115
2120
2136
2137
2139
2141
2145
2146
2150
2157
2158
2161
2162
2165
2168
2169
2170
2171
2172
2178
2182
2183
2198
2205
2208
2211
2220
2223
2224
2225
2236
2237
2238
2239
2240
2241
2244
2247
2249
2252
2254
2258
2261
2265
2276
2279
2282
2283
2286
2288
2290
2294
2295
2297
2299
2302
2307
2309
2310
2311
2327
2328
2331
2332
2346
2347
2348
2352
2353
2355
2356
2359
2367
2373
2375
2379
2381
2382
2383
2387
2388
2390
2391
2392
2394
2395
2397
2401
2405
2406
2407
2408
2413
2415
2418
2420
2421
2422
2425
2428
2431
2432
2436
2442
2443
2444
2451
2455
2457
2458
2459
2461
2473
2475
2476
2480
2481
2484
2485
2486
2487
2488
2489
2490
2493
2494
2495
2497
2498
2499
2501
2502
2503
2504
2505
2506
2509
2510
2512
2513
2514
2515
2518
2520
2521
2522
2524
2525
2526
2527
2528
2529
2530
2532
2534
2535
2536
2537
2538
2541
2542
2544
2548
2549
2550
2551
2552
2553
2556
2558
2559
2560
2561
2562
2564
2565
2566
2567
2568
2569
2570
2571
2573
2574
2575
2576
2577
2578
2579
2580
2581
2582
2583
2584
2585
2586
2588
2589
2590
2591
2592
2596
2597
2598
2599
2601
2602
2604
2607
2608
2609
2611
2612
2613
2614
2615
2616
2617
2618
2620
2621
2623
2624
2627
2628
2630
2631
2633
2634
2636
2637
2639
2640
2641
2642
2643
2644
2645
2646
2647
2648
2651
2652
2653
2654
2655
2656
2658
2659
2660
2661
2663
2664
2665
2666
2667
2668
2670
2672
2675
2678
2680
2681
2682
2684
2685
2686
2687
2689
2690
2692
2693
2695
2696
2698
2699
2700
2701
2704
2706
2710
2711
2713
2714
2715
2717
2718
2719
2720
2721
2723
2724
2725
2726
2727
2728
2729
2731
2734
2736
2737
2738
2739
2741
2742
2744
2746
2747
2752
2753
2756
2759
2760
2762
2763
2765
2766
2767
2768
2769
2773
2776
2777
2778
2779
2780
2781
2782
2784
2785
2788
2792
2793
2795
2797
2799
2800
2803
2805
2807
2809
2812
2813
2815
2816
2818
2821
2822
2824
2825
2826
2829
2830
2831
2832
2833
2838
2839
2841
2842
2843
2848
2849
2850
2852
2854
2855
2857
2858
2859
2860
2861
2865
2867
2868
2870
2874
2876
2882
2883
2884
2886
2887
2888
2890
2892
2893
2894
2895
2897
2898
2901
2902
2903
2904
2908
2909
2910
2911
2914
2915
2919
2920
2922
2928
2929
2930
2933
2935
2937
2938
2940
2942
2943
2944
2945
2946
2947
2948
2949
2954
2956
2959
2962
2968
2970
2973
2974
2975
2976
2980
2981
2982
2983
2984
2986
2989
2990
2991
2992
2993
2994
2995
2996
2998
2999
3000
3001
3002
3003
3004
3006
3008
3010
3011
3013
3016
3017
3018
3019
3022
3023
3029
3030
3031
3033
3035
3036
3037
3038
3039
3040
3042
3047
3050
3052
3053
3055
3060
3061
3063
3066
3068
3069
3070
3076
3083
3085
3088
3092
3094
3096
3099
3100
3101
3102
3103
3104
3106
3107
3108
3112
3115
3119
3120
3121
3122
3123
3126
3127
3128
3134
3138
3141
3151
3152
3154
3158
3159
3164
3166
3167
3168
3171
3172
3173
3174
3175
3177
3178
3179
3182
3184
3185
3187
3189
3190
3191
3192
3194
3195
3197
3200
3204
3206
3208
3213
3217
3219
3221
3222
3223
3228
3231
3232
3234
3236
3239
3240
3241
3242
3243
3244
3251
3252
3254
3257
3258
3261
3262
3264
3265
3266
3267
3268
3276
3277
3278
3282
3286
3287
3288
3290
3291
3292
3293
3294
3297
3298
3299
3300
3301
3302
3305
3307
3310
3315
3317
3318
3319
3322
3328
3329
3330
3332
3335
3337
3340
3341
3343
3344
3345
3347
3358
3359
3360
3361
3362
3365
3368
3369
3370
3378
3379
3380
3381
3382
3383
3384
3385
3386
3387
3388
3389
3390
3392
3393
3396
3397
3398
3399
3401
3402
3403
3405
3406
3407
3413
3414
3415
3419
3421
3422
3423
3424
3425
3426
3427
3430
3435
3436
3439
3440
3442
3446
3450
3454
3457
3458
3459
3461
3463
3464
3466
3467
3468
3477
3481
3482
3484
3485
3486
3487
3488
3489
3493
3494
3496
3498
3501
3502
3506
3509
3512
3514
3515
3517
3519
3520
3521
3523
3526
3530
3531
3532
3535
3536
3537
3538
3539
3540
3542
3544
3545
3555
3557
3558
3559
3561
3565
3566
3568
3570
3571
3573
3577
3578
3579
3581
3582
3584
3586
3587
3591
3595
3597
3599
3600
3602
3604
3606
3612
3613
3614
3617
3618
3621
3622
3623
3625
3626
3627
3629
3631
3634
3635
3637
3640
3642
3643
3644
3647
3650
3652
3653
3654
3655
3656
3657
3658
3659
3660
3661
3665
3666
3667
3669
3672
3673
3674
3675
3676
3678
3679
3680
3682
3688
3690
3691
3692
3694
3695
3698
3699
3700
3701
3702
3703
3705
3707
3710
3713
3716
3719
3724
3734
3736
3738
3740
3744
3751
3757
3767
3768
3776
3777
3782
3784
3787
3789
3791
3792
3793
3795
3798
3802
3804
3805
3810
3811
3813
3814
3815
3816
3817
3818
3819
3820
3822
3824
3825
3826
3827
3828
3829
3830
3832
3834
3839
3840
3842
3846
3847
3850
3851
3855
3857
3858
3859
3860
3861
3865
3866
3872
3873
3875
3876
3877
3879
3882
3884
3890
3893
3898
3899
3903
3904
3906
3910
3911
3917
3920
3927
3928
3943
3944
3945
3952
3954
3958
3966
3968
3970
3971
3972
3976
3978
3988
3989
4002
4005
4006
4007
4029
4033
4035
4041
4054
4063
4068
4070
4074
4075
4077
4079
4086
4088
4090
4091
4093
4094
4102
4117
4120
4126
4132
4141
4142
4144
4148
4156
4163
4165
4169
4172
4180
4185
4194
4196
4199
4205
4207
4209
4211
4213
4215
4217
4220
4230
4232
4233
4235
4239
4242
4243
4249
4262
4264
4270
4279
4286
4288
4291
4302
4303
4311
4316
4317
4330
4332
4334
4337
4338
4339
4342
4343
4345
4350
4357
4359
4360
4361
4363
4365
4369
4371
4373
4388
4389
4390
4391
4392
4393
4394
4395
4396
4397
4398
4399
4400
4401
4402
4404
4405
4406
4409
4410
4411
4412
4413
4414
4415
4417
4419
4421
4423
4424
4425
4426
4427
4428
4429
4430
4431
4433
4436
4437
4439
4441
4442
4443
4444
4445
4446
4447
4449
4450
4451
4452
4453
4456
4457
4458
4460
4461
4464
4465
4466
4468
4469
4470
4471
4472
4473
4474
4475
4476
4477
4481
4483
4484
4485
4487
4488
4489
4490
4492
4493
4495
4497
4498
4499
4500
4501
4502
4505
4507
4509
4510
4513
4514
4515
4517
4519
4520
4523
4524
4525
4526
4527
4528
4530
4532
4534
4535
4536
4538
4542
4544
4547
4548
4549
4550
4552
4553
4554
4556
4557
4558
4560
4562
4564
4565
4566
4568
4571
4572
4575
4577
4579
4583
4584
4585
4586
4589
4593
4594
4595
4597
4599
4600
4602
4606
4607
4608
4609
4610
4611
4612
4613
4616
4618
4619
4623
4624
4626
4631
4635
4636
4641
4642
4648
4649
4651
4654
4657
4659
4665
4670
4672
4673
4675
4676
4680
4683
4684
4685
4686
4688
4691
4693
4694
4697
4698
4700
4701
4703
4706
4709
4710
4713
4715
4718
4720
4721
4722
4723
4724
4725
4726
4728
4729
4730
4734
4738
4740
4743
4746
4748
4749
4757
4758
4764
4765
4767
4769
4771
4773
4774
4775
4779
4780
4781
4784
4787
4790
4791
4792
4796
4797
4798
4800
4801
4802
4804
4805
4806
4807
4808
4809
4811
4812
4814
4815
4816
4819
4822
4823
4824
4825
4826
4827
4832
4835
4836
4837
4839
4843
4845
4849
4850
4851
4853
4859
4860
4861
4863
4864
4866
4867
4870
4872
4873
4875
4876
4877
4878
4879
4880
4881
4883
4888
4891
4892
4898
4899
4900
4901
4902
4904
4905
4908
4910
4911
4921
4924
4925
4926
4928
4930
4931
4933
4934
4935
4936
4937
4940
4942
4944
4947
4948
4950
4951
4953
4959
4963
4966
4967
4970
4972
4973
4974
4975
4976
4977
4980
4982
4984
4985
4991
4995
5000
5001
5005
5008
5010
5014
5017
5020
5022
5023
5027
5029
5033
5035
5036
5037
5038
5040
5041
5044
5045
5047
5048
5049
5050
5052
5054
5057
5061
5062
5063
5064
5066
5068
5069
5072
5076
5079
5081
5083
5084
5088
5089
5091
5092
5094
5097
5100
5101
5102
5107
5110
5112
5114
5115
5116
5117
5118
5122
5126
5127
5128
5130
5135
5136
5139
5140
5141
5147
5149
5150
5152
5153
5155
5157
5158
5160
5163
5164
5165
5169
5170
5171
5172
5175
5176
5177
5179
5181
5185
5186
5189
5190
5191
5192
5194
5197
5199
5200
5202
5203
5204
5206
5208
5209
5211
5212
5214
5215
5221
5226
5227
5230
5231
5233
5234
5237
5238
5242
5243
5245
5247
5250
5252
5253
5254
5255
5258
5260
5261
5265
5266
5269
5270
5273
5275
5276
5279
5281
5282
5283
5286
5288
5290
5293
5294
5295
5297
5298
5300
5301
5304
5306
5307
5309
5313
5316
5319
5322
5323
5329
5330
5331
5332
5337
5340
5343
5351
5352
5355
5356
5358
5360
5365
5366
5367
5370
5372
5379
5380
5385
5387
5389
5390
5391
5392
5394
5396
5397
5400
5401
5403
5404
5405
5406
5407
5408
5409
5410
5412
5413
5417
5419
5422
5423
5429
5430
5431
5434
5437
5438
5439
5440
5444
5445
5446
5450
5451
5454
5459
5460
5461
5465
5466
5467
5470
5473
5474
5476
5479
5480
5481
5484
5487
5490
5491
5493
5494
5495
5496
5497
5499
5500
5509
5512
5515
5518
5519
5520
5523
5525
5526
5528
5532
5534
5535
5536
5538
5542
5544
5545
5546
5547
5548
5550
5553
5556
5560
5561
5562
5565
5569
5572
5574
5575
5581
5585
5588
5590
5592
5596
5597
5598
5599
5600
5601
5602
5606
5609
5610
5611
5619
5622
5630
5632
5636
5639
5645
5647
5651
5653
5655
5660
5662
5664
5667
5668
5669
5671
5672
5675
5676
5677
5680
5681
5684
5685
5687
5688
5689
5690
5691
5692
5694
5695
5702
5703
5705
5709
5711
5712
5715
5717
5725
5726
5730
5731
5737
5738
5740
5741
5743
5746
5747
5748
5751
5752
5756
5759
5760
5761
5763
5764
5769
5770
5771
5774
5775
5777
5781
5785
5787
5789
5790
5792
5799
5801
5802
5804
5810
5815
5816
5818
5820
5822
5826
5827
5829
5834
5839
5841
5850
5851
5853
5857
5858
5864
5867
5877
5879
5881
5882
5883
5885
5886
5888
5889
5895
5897
5899
5901
5902
5911
5918
5920
5923
5924
5932
5940
5945
5951
5952
5953
5954
5957
5960
5963
5965
5966
5971
5972
5974
5975
5979
5981
5984
5989
5991
5993
5996
5997
5998
5999
6000
6001
6007
6011
6013
6016
6017
6021
6033
6039
6040
6041
6042
6043
6053
6055
6058
6062
6064
6065
6069
6070
6071
6073
6077
6081
6086
6087
6088
6089
6090
6092
6094
6095
6096
6097
6098
6099
6100
6101
6102
6103
6105
6108
6110
6111
6116
6119
6120
6124
6126
6128
6129
6132
6134
6136
6137
6140
6143
6148
6152
6156
6157
6158
6159
6161
6162
6163
6164
6165
6169
6170
6171
6172
6173
6175
6176
6179
6185
6188
6190
6191
6193
6201
6202
6203
6204
6205
6206
6207
6208
6210
6211
6212
6213
6215
6216
6217
6218
6219
6220
6225
6226
6227
6228
6229
6231
6232
6233
6234
6236
6238
6239
6240
6241
6242
6243
6244
6245
6246
6248
6249
6251
6252
6253
6254
6255
6256
6257
6258
6259
6260
6262
6263
6264
6265
6266
6267
6268
6270
6271
6273
6274
6275
6276
6277
6278
6280
6283
6284
6285
6286
6287
6288
6289
6290
6291
6292
6293
6295
6296
6297
6299
6300
6301
6302
6303
6304
6305
6306
6310
6311
6312
6313
6315
6316
6318
6319
6320
6321
6322
6324
6325
6327
6328
6330
6333
6334
6335
6337
6338
6340
6341
6342
6345
6347
6348
6349
6350
6352
6353
6354
6355
6356
6357
6358
6359
6362
6363
6365
6366
6367
6369
6370
6371
6373
6375
6377
6378
6379
6380
6381
6382
6384
6385
6386
6389
6390
6391
6392
6393
6394
6395
6396
6398
6401
6402
6403
6404
6405
6407
6408
6409
6411
6412
6413
6414
6415
6417
6420
6423
6425
6426
6429
6430
6431
6432
6433
6434
6435
6436
6437
6438
6439
6440
6442
6443
6444
6445
6447
6448
6449
6450
6451
6452
6454
6455
6456
6457
6458
6460
6461
6467
6469
6470
6472
6473
6474
6475
6476
6478
6479
6480
6481
6484
6486
6487
6488
6490
6493
6495
6496
6498
6500
6501
6504
6507
6509
6511
6513
6514
6515
6517
6519
6520
6521
6524
6525
6526
6527
6529
6530
6533
6535
6536
6537
6538
6539
6540
6543
6544
6545
6546
6547
6548
6550
6551
6554
6556
6557
6558
6559
6560
6562
6563
6564
6566
6568
6569
6570
6571
6572
6573
6575
6576
6578
6579
6581
6582
6584
6585
6587
6591
6594
6595
6597
6598
6600
6601
6602
6604
6605
6607
6608
6609
6611
6612
6615
6616
6617
6618
6619
6620
6621
6622
6624
6625
6628
6629
6631
6633
6634
6636
6637
6639
6642
6644
6645
6647
6648
6649
6655
6656
6658
6659
6663
6664
6666
6667
6671
6672
6673
6674
6675
6678
6682
6688
6689
6692
6693
6694
6695
6698
6699
6700
6701
6702
6703
6704
6705
6706
6707
6708
6710
6712
6713
6717
6718
6720
6723
6724
6725
6729
6730
6732
6733
6734
6736
6741
6742
6743
6744
6746
6747
6748
6749
6750
6751
6752
6754
6756
6758
6759
6761
6762
6763
6764
6766
6768
6775
6777
6782
6783
6784
6786
6787
6790
6791
6792
6793
6795
6797
6799
6802
6807
6808
6809
6813
6815
6818
6820
6822
6825
6827
6828
6829
6830
6832
6833
6834
6835
6837
6839
6841
6848
6852
6854
6860
6862
6863
6864
6868
6872
6874
6878
6879
6881
6885
6889
6893
6894
6896
6904
6905
6906
6907
6909
6911
6913
6914
6915
6916
6918
6919
6920
6923
6924
6926
6933
6936
6937
6939
6940
6943
6944
6945
6946
6948
6950
6955
6956
6957
6962
6964
6965
6966
6967
6968
6969
6970
6971
6972
6974
6975
6976
6979
6980
6982
6983
6987
6989
6990
6992
6996
6997
6999
7000
7001
7004
7005
7006
7008
7009
7011
7012
7013
7015
7016
7017
7019
7020
7021
7022
7026
7029
7030
7031
7032
7036
7039
7040
7042
7043
7046
7048
7049
7050
7051
7052
7058
7059
7060
7063
7064
7065
7067
7069
7071
7072
7075
7076
7079
7080
7081
7090
7092
7093
7094
7098
7099
7102
7103
7104
7105
7106
7109
7110
7112
7116
7118
7119
7120
7127
7130
7131
7134
7135
7136
7137
7138
7139
7140
7143
7147
7148
7150
7152
7153
7156
7160
7162
7164
7171
7173
7174
7175
7177
7180
7181
7182
7184
7186
7187
7191
7194
7198
7201
7202
7203
7204
7205
7206
7208
7209
7210
7211
7215
7217
7220
7222
7228
7229
7230
7231
7232
7233
7235
7242
7244
7245
7246
7248
7249
7251
7252
7254
7258
7259
7260
7262
7264
7267
7269
7270
7271
7272
7273
7275
7276
7279
7280
7281
7282
7284
7286
7291
7295
7296
7301
7303
7306
7307
7308
7314
7315
7316
7317
7318
7320
7322
7324
7326
7327
7328
7331
7332
7334
7335
7336
7337
7338
7339
7341
7343
7345
7348
7349
7351
7354
7356
7357
7358
7364
7366
7367
7369
7371
7372
7376
7380
7381
7384
7386
7387
7388
7389
7390
7391
7395
7396
7398
7401
7402
7404
7405
7406
7408
7412
7413
7416
7417
7419
7420
7421
7422
7423
7425
7426
7427
7434
7435
7438
7445
7451
7452
7454
7470
7471
7476
7478
7480
7484
7500
7503
7508
7509
7518
7525
7528
7529
7530
7533
7536
7538
7540
7542
7544
7545
7550
7554
7560
7563
7572
7573
7574
7576
7580
7583
7586
7588
7592
7594
7596
7598
7600
7611
7613
7620
7625
7635
7644
7655
7660
7664
7668
7670
7676
7693
7710
7718
7722
7749
7750
7760
7764
7784
7789
7796
7797
7801
7808
7820
7823
7826
7836
7838
7839
7845
7846
7847
7853
7855
7868
7870
7874
7879
7881
7892
7912
7923
7925
7926
7927
7935
7936
7937
7940
7949
7952
7957
7960
7961
7967
7978
8012
8013
8047
8063
8072
8076
8077
8084
8086
8102
8104
8107
8108
8109
8110
8111
8112
8114
8115
8116
8117
8118
8119
8120
8121
8123
8124
8125
8126
8127
8129
8132
8133
8135
8136
8138
8139
8141
8142
8143
8144
8145
8146
8147
8150
8151
8153
8154
8156
8159
8161
8163
8165
8167
8168
8173
8177
8179
8180
8184
8186
8187
8191
8192
8194
8195
8196
8197
8199
8201
8203
8204
8206
8207
8208
8212
8213
8214
8216
8217
8219
8223
8226
8228
8230
8232
8233
8235
8237
8239
8240
8241
8243
8246
8248
8249
8251
8252
8253
8254
8258
8261
8262
8263
8264
8265
8266
8267
8268
8270
8271
8272
8273
8279
8280
8281
8284
8286
8287
8288
8290
8291
8292
8294
8295
8298
8302
8307
8312
8314
8316
8317
8320
8321
8322
8323
8325
8328
8329
8332
8336
8337
8340
8342
8343
8345
8347
8349
8350
8352
8354
8356
8359
8361
8365
8366
8369
8370
8371
8373
8377
8378
8379
8381
8384
8386
8387
8388
8390
8393
8394
8395
8397
8398
8399
8400
8401
8405
8409
8413
8415
8420
8423
8424
8426
8427
8429
8430
8431
8434
8435
8436
8439
8440
8441
8442
8445
8446
8447
8450
8454
8456
8458
8460
8461
8467
8469
8470
8473
8478
8479
8481
8485
8488
8491
8496
8497
8501
8502
8503
8505
8507
8511
8515
8519
8521
8522
8525
8526
8528
8529
8530
8536
8537
8539
8541
8544
8549
8551
8553
8558
8559
8562
8563
8571
8572
8578
8580
8582
8584
8586
8589
8590
8592
8593
8597
8605
8606
8613
8619
8622
8629
8634
8635
8638
8644
8645
8649
8651
8657
8658
8660
8662
8667
8669
8683
8689
8690
8691
8694
8696
8698
8701
8702
8704
8705
8711
8714
8716
8724
8725
8726
8733
8738
8745
8746
8747
8749
8751
8752
8753
8756
8758
8759
8763
8764
8766
8773
8783
8784
8786
8787
8793
8794
8797
8798
8802
8803
8805
8806
8807
8808
8809
8814
8818
8824
8826
8830
8831
8834
8838
8844
8845
8848
8852
8855
8857
8862
8866
8869
8870
8873
8877
8879
8883
8885
8886
8889
8890
8893
8898
8900
8905
8906
8911
8916
8922
8923
8929
8934
8935
8936
8940
8941
8945
8946
8951
8955
8961
8964
8968
8969
8972
8979
8981
8982
8983
8984
8985
8988
8989
8995
8998
9000
9002
9004
9007
9014
9021
9027
9030
9034
9040
9043
9044
9045
9048
9051
9059
9065
9066
9068
9071
9073
9074
9077
9081
9084
9093
9097
9098
9101
9102
9103
9104
9107
9110
9113
9114
9121
9129
9130
9135
9137
9143
9150
9151
9153
9154
9160
9164
9171
9174
9179
9182
9186
9187
9189
9190
9194
9195
9196
9201
9203
9204
9210
9211
9213
9215
9216
9218
9233
9235
9237
9239
9241
9246
9247
9248
9249
9250
9260
9261
9274
9277
9278
9279
9282
9283
9284
9286
9297
9299
9315
9316
9318
9319
9325
9328
9333
9334
9335
9337
9339
9340
9344
9351
9358
9359
9362
9364
9365
9368
9373
9375
9376
9377
9384
9389
9391
9395
9399
9401
9406
9414
9417
9419
9420
9423
9424
9425
9426
9434
9440
9442
9444
9446
9449
9451
9453
9456
9458
9460
9461
9464
9472
9475
9478
9480
9481
9482
9484
9485
9486
9491
9501
9502
9506
9512
9513
9515
9524
9528
9536
9541
9544
9560
9569
9574
9579
9581
9589
9591
9593
9595
9596
9597
9598
9600
9606
9610
9611
9613
9619
9624
9629
9639
9657
9661
9664
9667
9672
9673
9676
9677
9680
9683
9686
9689
9691
9693
9694
9701
9704
9705
9723
9730
9735
9747
9754
9769
9774
9778
9779
9780
9785
9788
9790
9795
9798
9799
9802
9803
9809
9810
9811
9812
9815
9816
9818
9819
9822
9825
9829
9830
9833
9835
9838
9839
9843
9845
9846
9849
9856
9857
9858
9859
9861
9862
9866
9871
9872
9877
9878
9879
9880
9881
9883
9884
9887
9889
9892
9893
9897
9900
9902
9904
9909
9914
9915
9916
9917
9918
9919
9921
9922
9923
9924
9926
9927
9928
9929
9931
9933
9934
9935
9937
9938
9942
9943
9944
9945
9946
9948
9954
9956
9957
9958
9959
9960
9962
9963
9965
9966
9967
9968
9969
9970
9972
9973
9974
9975
9976
9977
9978
9979
9980
9981
9982
9984
9985
9986
9988
9989
9990
9991
9992
9993
9995
9996
9998
9999
10001
10002
10004
10005
10006
10007
10009
10011
10012
10013
10014
10016
10017
10018
10019
10022
10023
10024
10025
10026
10027
10029
10030
10032
10033
10035
10040
10042
10043
10044
10045
10046
10048
10049
10050
10051
10053
10055
10057
10061
10062
10064
10065
10067
10069
10071
10072
10074
10076
10077
10078
10079
10080
10081
10082
10083
10085
10086
10087
10088
10089
10091
10092
10093
10094
10095
10096
10098
10102
10103
10104
10105
10106
10107
10109
10110
10112
10113
10114
10117
10120
10123
10125
10126
10128
10129
10134
10136
10137
10139
10140
10143
10145
10146
10149
10150
10152
10154
10156
10157
10158
10161
10162
10163
10164
10165
10166
10167
10168
10172
10174
10175
10181
10186
10188
10190
10192
10193
10195
10196
10200
10201
10203
10204
10205
10207
10211
10212
10213
10214
10215
10216
10220
10221
10223
10225
10226
10228
10233
10235
10237
10241
10243
10244
10246
10249
10250
10252
10253
10254
10258
10259
10260
10261
10263
10264
10269
10270
10272
10273
10276
10277
10280
10282
10283
10284
10286
10289
10292
10296
10298
10300
10302
10304
10305
10311
10312
10313
10314
10315
10316
10318
10320
10321
10322
10324
10325
10326
10327
10330
10331
10332
10334
10335
10337
10339
10340
10342
10343
10345
10346
10347
10349
10351
10355
10358
10362
10363
10365
10366
10367
10369
10370
10371
10372
10377
10378
10379
10380
10381
10382
10385
10387
10389
10390
10394
10396
10398
10403
10404
10408
10409
10411
10413
10414
10416
10417
10420
10422
10424
10426
10427
10430
10431
10432
10435
10437
10439
10441
10442
10443
10444
10445
10446
10450
10451
10461
10463
10465
10466
10468
10470
10472
10474
10475
10478
10479
10480
10482
10484
10489
10491
10496
10497
10501
10506
10507
10508
10510
10511
10513
10515
10516
10527
10529
10534
10536
10545
10546
10547
10548
10549
10550
10551
10555
10556
10558
10562
10566
10567
10568
10582
10583
10585
10587
10590
10594
10595
10596
10597
10603
10607
10609
10611
10618
10623
10626
10628
10629
10635
10640
10648
10654
10656
10657
10659
10660
10662
10664
10667
10668
10670
10673
10675
10676
10680
10681
10682
10684
10685
10688
10689
10690
10693
10694
10696
10697
10704
10706
10714
10715
10718
10719
10722
10723
10725
10727
10729
10731
10732
10733
10734
10736
10740
10752
10756
10760
10765
10766
10771
10772
10774
10775
10777
10778
10779
10782
10785
10788
10803
10808
10812
10813
10816
10817
10821
10824
10825
10826
10827
10829
10830
10832
10833
10835
10840
10843
10844
10845
10846
10849
10850
10851
10853
10854
10856
10863
10864
10867
10878
10883
10884
10885
10889
10892
10894
10895
10896
10898
10901
10903
10905
10909
10910
10912
10913
10914
10915
10919
10920
10921
10924
10925
10928
10932
10934
10935
10940
10945
10947
10949
10958
10959
10960
10961
10963
10965
10967
10968
10970
10972
10973
10976
10977
10983
10985
10986
10987
10988
10989
10990
10991
10994
10996
10997
10998
11001
11005
11006
11007
11009
11010
11013
11016
11018
11021
11027
11029
11030
11032
11033
11034
11039
11045
11049
11053
11057
11058
11061
11062
11063
11065
11067
11068
11070
11071
11072
11075
11077
11084
11085
11086
11087
11093
11094
11098
11100
11101
11102
11103
11104
11105
11106
11112
11116
11119
11122
11124
11126
11127
11133
11135
11136
11137
11138
11139
11140
11141
11143
11144
11151
11152
11153
11161
11163
11168
11171
11172
11178
11179
11186
11192
11196
11198
11199
11212
11217
11221
11222
11225
11226
11234
11238
11242
11243
11244
11245
11250
11253
11254
11255
11256
11257
11258
11261
11263
11267
11268
11275
11277
11278
11279
11286
11287
11288
11293
11294
11300
11301
11302
11304
11307
11309
11310
11312
11325
11356
11358
11374
11380
11382
11390
11398
11400
11403
11404
11414
11415
11416
11427
11430
11435
11438
11442
11447
11448
11465
11469
11485
11494
11496
11504
11511
11520
11522
11525
11528
11530
11553
11560
11563
11567
11569
11576
11584
11591
11596
11599
11600
11601
11605
11611
11630
11641
11642
11650
11653
11659
11661
11663
11665
11668
11670
11671
11676
11679
11696
11701
11707
11711
11723
11725
11731
11757
11758
11762
11764
11767
11771
11778
11785
11789
11796
11802
11810
11816
11817
11819
11820
11821
11822
11823
11824
11825
11826
11829
11830
11831
11832
11835
11836
11838
11839
11843
11844
11845
11849
11851
11852
11853
11856
11857
11859
11860
11861
11864
11865
11866
11867
11868
11870
11873
11875
11877
11880
11884
11886
11888
11889
11892
11893
11894
11895
11897
11898
11899
11900
11901
11903
11904
11905
11906
11908
11909
11910
11913
11914
11915
11917
11918
11919
11922
11923
11924
11925
11926
11927
11928
11929
11931
11934
11935
11936
11939
11942
11943
11944
11945
11947
11948
11949
11951
11953
11955
11957
11958
11959
11960
11961
11962
11963
11966
11967
11969
11972
11973
11974
11975
11977
11978
11979
11981
11983
11985
11986
11987
11989
11990
11991
11992
11993
11994
11998
12000
12002
12004
12005
12007
12010
12014
12016
12019
12020
12021
12025
12028
12030
12032
12034
12037
12038
12039
12040
12042
12043
12046
12049
12051
12058
12059
12060
12065
12069
12070
12072
12074
12075
12076
12080
12081
12083
12085
12086
12089
12090
12091
12093
12096
12097
12098
12099
12104
12106
12107
12108
12110
12119
12121
12126
12127
12128
12129
12131
12133
12136
12137
12139
12141
12143
12144
12148
12150
12151
12152
12157
12158
12159
12166
12171
12173
12174
12178
12179
12182
12184
12185
12188
12190
12192
12193
12194
12195
12197
12199
12203
12207
12211
12213
12214
12218
12219
12220
12223
12226
12227
12228
12229
12230
12233
12235
12237
12239
12240
12243
12247
12252
12253
12254
12255
12257
12258
12263
12264
12265
12270
12272
12273
12279
12280
12281
12288
12290
12294
12301
12302
12304
12305
12306
12307
12308
12311
12313
12314
12317
12319
12320
12322
12323
12324
12325
12329
12331
12333
12335
12336
12339
12341
12342
12349
12351
12353
12355
12358
12360
12361
12365
12372
12373
12374
12376
12378
12379
12380
12383
12387
12388
12391
12398
12400
12401
12403
12408
12410
12412
12414
12415
12417
12418
12419
12430
12434
12436
12438
12439
12441
12446
12453
12455
12457
12461
12463
12464
12467
12472
12473
12476
12477
12478
12480
12481
12484
12487
12490
12492
12494
12500
12501
12503
12505
12509
12510
12512
12514
12515
12517
12518
12521
12522
12525
12526
12528
12530
12533
12535
12537
12538
12539
12542
12545
12550
12552
12558
12559
12564
12565
12568
12570
12571
12572
12573
12574
12575
12577
12578
12580
12581
12583
12587
12590
12592
12596
12599
12600
12601
12602
12603
12606
12607
12614
12617
12620
12621
12622
12627
12628
12630
12631
12632
12633
12636
12637
12638
12639
12644
12645
12646
12649
12650
12652
12655
12656
12659
12662
12671
12673
12674
12677
12678
12680
12681
12682
12683
12694
12697
12700
12702
12704
12705
12706
12709
12710
12711
12712
12714
12716
12718
12719
12722
12723
12724
12725
12729
12732
12735
12739
12741
12745
12747
12748
12749
12752
12755
12757
12758
12759
12760
12762
12763
12765
12766
12767
12768
12769
12771
12777
12779
12780
12783
12791
12793
12798
12800
12801
12802
12803
12804
12805
12812
12813
12814
12815
12818
12820
12821
12822
12824
12825
12827
12829
12832
12834
12835
12836
12837
12840
12843
12845
12847
12848
12851
12853
12854
12855
12857
12862
12864
12867
12868
12870
12871
12874
12876
12878
12887
12888
12889
12896
12899
12901
12903
12904
12909
12910
12916
12917
12923
12924
12925
12929
12940
12942
12944
12946
12949
12950
12951
12955
12959
12963
12964
12966
12973
12980
12981
12983
12984
12990
13000
13010
13014
13017
13020
13021
13023
13024
13025
13026
13032
13036
13038
13039
13044
13047
13052
13054
13064
13065
13066
13076
13077
13079
13083
13084
13087
13088
13090
13091
13092
13095
13096
13097
13098
13099
13103
13106
13108
13109
13110
13111
13113
13115
13116
13120
13122
13123
13135
13137
13139
13158
13167
13168
13171
13173
13174
13180
13181
13188
13189
13190
13192
13194
13197
13198
13205
13209
13215
13221
13225
13226
13227
13240
13245
13246
13250
13254
13255
13258
13259
13267
13268
13271
13275
13278
13279
13286
13287
13288
13303
13305
13308
13310
13311
13313
13314
13316
13317
13333
13335
13338
13341
13344
13348
13354
13365
13371
13372
13375
13377
13386
13389
13390
13395
13396
13397
13401
13402
13405
13406
13408
13409
13414
13418
13424
13425
13426
13431
13434
13437
13440
13441
13447
13449
13453
13457
13458
13459
13461
13467
13468
13471
13473
13478
13483
13493
13494
13496
13497
13498
13499
13500
13501
13511
13512
13515
13516
13519
13523
13524
13525
13526
13529
13530
13531
13533
13536
13537
13539
13543
13548
13551
13552
13554
13555
13557
13564
13570
13571
13572
13574
13575
13580
13582
13585
13586
13587
13593
13595
13596
13597
13598
13600
13601
13603
13616
13618
13619
13622
13623
13625
13627
13629
13630
13631
13632
13633
13636
13637
13638
13640
13641
13643
13645
13646
13647
13648
13649
13651
13652
13653
13654
13655
13656
13657
13658
13660
13661
13662
13663
13664
13665
13666
13667
13668
13670
13671
13672
13673
13674
13678
13680
13683
13684
13686
13688
13690
13692
13693
13695
13698
13699
13700
13701
13702
13703
13704
13706
13707
13708
13709
13710
13711
13712
13713
13714
13715
13716
13717
13719
13720
13721
13723
13724
13726
13727
13730
13731
13732
13733
13736
13738
13740
13741
13743
13745
13746
13747
13749
13750
13752
13756
13757
13758
13762
13763
13764
13765
13766
13768
13770
13775
13778
13779
13781
13782
13783
13784
13786
13787
13788
13790
13793
13794
13795
13796
13798
13800
13801
13805
13807
13808
13809
13810
13811
13812
13814
13815
13818
13820
13821
13826
13827
13828
13831
13832
13833
13834
13835
13836
13837
13839
13840
13842
13843
13844
13845
13846
13848
13850
13851
13853
13858
13859
13860
13861
13862
13863
13864
13865
13866
13867
13868
13869
13870
13871
13872
13873
13875
13876
13877
13878
13879
13881
13882
13883
13884
13885
13886
13888
13889
13890
13891
13893
13895
13897
13900
13901
13902
13904
13906
13907
13909
13915
13916
13918
13921
13922
13926
13928
13930
13932
13935
13936
13937
13939
13945
13946
13948
13954
13955
13958
13960
13961
13963
13964
13967
13968
13970
13971
13972
13977
13978
13979
13980
13981
13983
13984
13985
13986
13987
13991
13992
13994
13996
13997
14000
14001
14003
14004
14006
14008
14009
14012
14013
14015
14016
14020
14021
14025
14026
14028
14030
14032
14036
14037
14038
14039
14040
14041
14043
14044
14045
14046
14048
14049
14055
14056
14057
14059
14060
14061
14063
14064
14065
14070
14074
14075
14077
14079
14080
14083
14085
14089
14091
14092
14096
14099
14101
14102
14103
14108
14110
14112
14116
14117
14118
14122
14123
14125
14126
14128
14132
14133
14134
14135
14137
14143
14144
14145
14150
14151
14152
14153
14158
14160
14164
14165
14166
14167
14172
14174
14175
14177
14178
14180
14182
14184
14185
14187
14190
14191
14192
14194
14199
14205
14210
14211
14212
14213
14215
14218
14220
14230
14236
14242
14243
14244
14250
14252
14254
14257
14262
14263
14266
14269
14275
14276
14277
14280
14282
14285
14290
14291
14296
14297
14303
14306
14307
14309
14314
14316
14317
14321
14323
14329
14331
14334
14335
14337
14338
14340
14342
14349
14351
14352
14362
14364
14365
14368
14371
14372
14374
14378
14382
14385
14387
14388
14390
14391
14396
14398
14399
14401
14403
14406
14410
14414
14415
14417
14418
14420
14424
14426
14427
14429
14430
14431
14432
14435
14436
14438
14439
14440
14443
14444
14449
14450
14452
14454
14457
14458
14459
14460
14461
14462
14463
14464
14465
14468
14471
14474
14475
14476
14477
14479
14480
14483
14484
14487
14491
14493
14499
14502
14503
14504
14506
14507
14513
14520
14521
14522
14527
14530
14531
14534
14535
14536
14537
14538
14539
14540
14541
14544
14546
14547
14548
14549
14550
14551
14552
14556
14557
14558
14561
14562
14564
14565
14566
14567
14568
14569
14570
14575
14576
14577
14578
14579
14581
14583
14584
14586
14590
14592
14593
14595
14598
14599
14602
14604
14606
14608
14609
14610
14612
14613
14615
14619
14626
14627
14628
14631
14632
14634
14637
14639
14640
14643
14646
14647
14648
14650
14654
14659
14661
14662
14663
14666
14668
14672
14673
14674
14676
14677
14678
14679
14682
14686
14687
14689
14690
14692
14694
14697
14699
14700
14701
14702
14703
14706
14707
14708
14712
14713
14716
14718
14719
14720
14723
14724
14726
14727
14730
14731
14734
14735
14739
14741
14742
14744
14746
14754
14757
14759
14760
14761
14764
14768
14772
14773
14776
14777
14779
14780
14782
14784
14785
14786
14791
14792
14795
14797
14799
14800
14803
14806
14808
14809
14815
14816
14817
14818
14819
14821
14824
14826
14829
14830
14832
14833
14834
14836
14842
14843
14844
14845
14847
14848
14850
14855
14858
14861
14862
14868
14873
14879
14882
14886
14891
14893
14894
14898
14899
14909
14919
14947
14956
14959
14970
14983
14989
14997
14999
15001
15002
15013
15014
15015
15033
15041
15046
15068
15082
15087
15094
15096
15101
15137
15160
15175
15181
15183
15225
15226
15228
15230
15233
15252
15253
15254
15259
15277
15290
15291
15296
15302
15304
15322
15327
15344
15349
15355
15364
15377
15385
15397
15400
15405
15406
15412
15421
15424
15430
15431
15441
15443
15445
15454
15460
15467
15475
15487
15490
15498
15502
15509
15513
15519
15524
15528
15530
15531
15532
15534
15536
15537
15539
15540
15541
15542
15543
15544
15545
15546
15547
15548
15550
15552
15553
15555
15556
15557
15559
15560
15562
15563
15565
15566
15567
15568
15569
15571
15572
15573
15574
15576
15578
15579
15580
15581
15582
15587
15588
15590
15591
15594
15597
15601
15602
15603
15605
15606
15613
15614
15617
15618
15619
15620
15622
15623
15624
15625
15626
15627
15628
15629
15631
15634
15635
15637
15640
15641
15642
15643
15644
15645
15646
15647
15648
15650
15652
15654
15656
15657
15660
15661
15663
15666
15667
15668
15669
15672
15674
15676
15677
15679
15680
15681
15686
15688
15689
15692
15695
15697
15700
15701
15704
15705
15706
15707
15708
15709
15711
15712
15718
15719
15721
15723
15724
15729
15731
15732
15733
15734
15739
15740
15743
15744
15745
15746
15748
15751
15752
15756
15760
15762
15765
15766
15768
15774
15776
15778
15779
15780
15781
15782
15787
15788
15789
15790
15792
15793
15795
15798
15801
15803
15805
15812
15813
15815
15818
15820
15821
15822
15826
15828
15830
15835
15836
15839
15841
15842
15843
15848
15851
15857
15858
15865
15866
15867
15868
15869
15870
15873
15882
15883
15885
15886
15888
15891
15893
15895
15896
15897
15904
15906
15907
15909
15910
15911
15915
15920
15921
15925
15927
15929
15930
15932
15934
15935
15937
15938
15940
15941
15942
15943
15947
15949
15950
15951
15953
15954
15956
15957
15958
15963
15965
15967
15968
15969
15971
15977
15979
15982
15983
15987
15989
15993
15995
15999
16000
16002
16005
16006
16007
16009
16014
16017
16020
16021
16022
16029
16033
16034
16039
16041
16045
16048
16050
16051
16054
16058
16063
16066
16068
16069
16071
16073
16075
16077
16079
16082
16083
16084
16085
16086
16089
16090
16097
16098
16100
16106
16108
16109
16114
16118
16122
16124
16127
16128
16129
16130
16133
16135
16138
16145
16146
16147
16148
16154
16156
16163
16164
16166
16169
16176
16179
16180
16182
16183
16186
16187
16188
16189
16194
16196
16197
16201
16203
16208
16213
16220
16222
16224
16228
16229
16231
16234
16237
16239
16242
16243
16245
16254
16255
16259
16268
16269
16270
16271
16272
16273
16278
16284
16285
16286
16292
16300
16301
16302
16303
16305
16306
16311
16313
16317
16324
16325
16326
16327
16332
16334
16335
16341
16342
16344
16350
16351
16356
16358
16362
16363
16368
16369
16371
16376
16381
16382
16383
16385
16386
16389
16391
16392
16396
16402
16403
16407
16411
16412
16414
16416
16418
16419
16421
16425
16428
16430
16432
16435
16436
16441
16442
16443
16448
16449
16451
16455
16459
16466
16467
16471
16476
16479
16482
16485
16488
16489
16493
16495
16496
16500
16509
16511
16512
16513
16515
16518
16526
16527
16529
16535
16537
16538
16539
16543
16546
16549
16553
16563
16565
16567
16571
16572
16573
16576
16578
16579
16582
16583
16585
16586
16587
16591
16599
16602
16603
16604
16605
16606
16613
16615
16617
16623
16629
16634
16637
16638
16642
16643
16652
16653
16656
16663
16667
16677
16693
16694
16701
16705
16718
16721
16722
16741
16742
16745
16746
16751
16753
16755
16760
16761
16762
16763
16772
16773
16786
16787
16789
16795
16800
16801
16809
16810
16814
16817
16819
16824
16827
16829
16830
16834
16836
16841
16842
16851
16852
16853
16854
16858
16868
16872
16873
16881
16884
16889
16894
16895
16897
16901
16902
16906
16911
16916
16919
16923
16943
16947
16952
16953
16958
16959
16972
16973
16981
16989
16991
17000
17002
17009
17017
17021
17023
17026
17028
17030
17034
17037
17039
17043
17045
17047
17057
17061
17079
17087
17089
17091
17092
17096
17103
17104
17107
17114
17120
17131
17135
17138
17140
17141
17143
17147
17151
17153
17159
17163
17164
17167
17172
17181
17187
17197
17198
17200
17202
17203
17206
17208
17211
17212
17213
17215
17216
17220
17225
17231
17232
17234
17236
17237
17238
17239
17243
17244
17245
17247
17249
17250
17253
17258
17259
17261
17263
17264
17266
17268
17269
17271
17273
17277
17279
17281
17284
17285
17286
17291
17292
17293
17294
17297
17299
17302
17303
17305
17307
17309
17310
17312
17315
17317
17320
17321
17322
17324
17330
17333
17334
17336
17340
17342
17343
17345
17346
17349
17351
17352
17354
17356
17357
17358
17359
17361
17362
17365
17366
17368
17369
17370
17371
17373
17374
17375
17376
17378
17379
17380
17381
17382
17383
17384
17386
17387
17388
17390
17394
17396
17397
17398
17399
17400
17401
17402
17406
17408
17409
17413
17414
17415
17417
17418
17420
17422
17423
17424
17425
17426
17428
17430
17431
17433
17434
17435
17437
17438
17440
17441
17442
17444
17445
17446
17447
17451
17452
17453
17454
17457
17458
17460
17461
17463
17466
17467
17468
17469
17470
17472
17474
17476
17479
17484
17485
17486
17487
17489
17492
17493
17495
17497
17498
17499
17500
17504
17506
17509
17511
17512
17515
17517
17519
17522
17524
17528
17529
17532
17533
17535
17536
17538
17540
17541
17542
17545
17548
17549
17550
17552
17553
17555
17556
17557
17558
17561
17562
17564
17566
17568
17571
17572
17573
17574
17576
17579
17580
17582
17583
17585
17586
17587
17589
17592
17593
17594
17595
17596
17597
17602
17603
17608
17609
17611
17612
17614
17615
17616
17620
17621
17623
17624
17626
17627
17629
17630
17632
17633
17639
17640
17644
17645
17646
17648
17649
17650
17653
17656
17659
17661
17664
17668
17669
17671
17672
17677
17678
17680
17681
17682
17685
17687
17688
17689
17692
17693
17695
17697
17698
17700
17705
17706
17708
17709
17711
17714
17715
17717
17718
17720
17721
17722
17724
17726
17727
17729
17732
17739
17740
17742
17744
17746
17748
17751
17752
17753
17754
17758
17760
17762
17763
17765
17767
17769
17771
17773
17774
17775
17776
17779
17783
17784
17787
17788
17789
17790
17792
17797
17798
17799
17800
17801
17802
17803
17805
17806
17807
17808
17812
17813
17815
17816
17817
17821
17825
17826
17829
17831
17832
17835
17836
17837
17840
17845
17848
17849
17850
17851
17852
17859
17864
17866
17867
17872
17874
17878
17879
17881
17883
17887
17889
17892
17894
17895
17896
17901
17903
17904
17905
17906
17908
17909
17914
17917
17919
17922
17926
17927
17929
17931
17936
17938
17940
17948
17951
17953
17954
17955
17956
17966
17971
17973
17976
17983
17984
17987
17990
18005
18008
18011
18018
18021
18027
18028
18029
18030
18035
18043
18044
18046
18051
18055
18057
18058
18066
18067
18068
18069
18071
18074
18076
18078
18079
18084
18085
18086
18088
18089
18091
18092
18094
18096
18100
18102
18104
18113
18121
18122
18124
18131
18132
18134
18136
18138
18142
18143
18144
18146
18150
18151
18152
18155
18157
18158
18159
18163
18168
18171
18172
18173
18175
18178
18180
18181
18183
18184
18191
18193
18197
18199
18201
18207
18209
18214
18218
18220
18221
18222
18224
18225
18228
18229
18231
18234
18236
18241
18252
18253
18254
18260
18261
18262
18267
18270
18272
18273
18275
18278
18280
18281
18282
18285
18286
18290
18291
18292
18293
18294
18295
18298
18302
18306
18307
18309
18310
18311
18313
18314
18316
18318
18319
18320
18322
18323
18328
18330
18334
18338
18342
18343
18346
18348
18349
18350
18353
18356
18358
18362
18368
18370
18374
18375
18377
18380
18386
18387
18389
18390
18391
18392
18393
18395
18396
18398
18400
18401
18403
18404
18405
18409
18410
18411
18414
18415
18418
18424
18426
18427
18428
18429
18430
18433
18434
18437
18439
18440
18441
18442
18445
18450
18451
18452
18453
18455
18456
18458
18460
18462
18466
18468
18473
18475
18476
18480
18481
18484
18490
18491
18492
18493
18494
18496
18498
18499
18500
18503
18508
18509
18510
18511
18513
18514
18519
18520
18521
18522
18523
18527
18528
18529
18533
18534
18535
18538
18540
18543
18544
18546
18547
18548
18549
18550
18551
18552
18554
18556
18557
18558
18561
18563
18564
18565
18566
18567
18568
18569
18572
18573
18575
18576
18577
18583
18587
18591
18592
18596
18600
18602
18614
18617
18624
18626
18632
18647
18648
18658
18660
18666
18668
18670
18681
18682
18684
18685
18686
18693
18700
18702
18704
18708
18711
18712
18713
18714
18715
18716
18717
18718
18722
18723
18728
18729
18731
18732
18734
18740
18755
18779
18786
18787
18791
18799
18831
18832
18854
18855
18875
18876
18878
18889
18897
18898
18914
18915
18931
18939
18940
18942
18947
18957
18966
18976
18987
18988
18995
18997
19000
19019
19028
19036
19039
19048
19050
19051
19057
19058
19068
19072
19076
19078
19079
19095
19103
19108
19113
19120
19122
19129
19142
19148
19150
19151
19158
19175
19190
19201
19214
19234
19240
19244
19246
19247
19248
19251
19252
19254
19256
19257
19258
19260
19261
19263
19264
19266
19267
19271
19272
19273
19275
19276
19277
19280
19281
19284
19285
19288
19289
19292
19294
19295
19296
19298
19299
19301
19302
19303
19307
19308
19309
19312
19315
19317
19319
19322
19323
19325
19326
19328
19330
19332
19333
19339
19342
19343
19344
19345
19350
19352
19354
19355
19356
19357
19358
19359
19361
19364
19365
19366
19367
19368
19371
19372
19373
19376
19377
19380
19381
19383
19384
19385
19386
19387
19390
19393
19394
19396
19397
19398
19400
19403
19404
19405
19406
19407
19408
19410
19411
19413
19414
19417
19418
19420
19422
19423
19426
19427
19428
19429
19430
19432
19433
19435
19438
19440
19444
19448
19450
19452
19453
19457
19458
19460
19462
19463
19464
19465
19466
19467
19469
19471
19475
19476
19477
19479
19480
19481
19482
19484
19485
19489
19493
19494
19498
19499
19501
19502
19503
19504
19506
19507
19508
19509
19510
19511
19515
19516
19524
19526
19527
19528
19529
19532
19536
19537
19541
19542
19544
19547
19554
19555
19557
19558
19559
19564
19566
19568
19569
19571
19577
19578
19579
19582
19584
19585
19588
19599
19600
19602
19610
19611
19615
19616
19620
19624
19625
19631
19632
19636
19637
19641
19644
19649
19651
19652
19653
19654
19657
19658
19663
19664
19667
19668
19669
19670
19671
19672
19675
19678
19679
19680
19681
19683
19686
19688
19689
19690
19691
19692
19693
19694
19695
19699
19700
19701
19702
19704
19706
19713
19715
19716
19717
19718
19720
19722
19723
19726
19732
19734
19735
19737
19739
19741
19745
19746
19748
19750
19753
19755
19757
19758
19761
19770
19775
19777
19780
19781
19787
19790
19791
19792
19793
19795
19798
19800
19804
19806
19807
19808
19809
19810
19811
19812
19814
19815
19819
19822
19823
19825
19828
19829
19830
19833
19834
19836
19838
19840
19841
19842
19844
19848
19849
19852
19856
19857
19861
19864
19865
19866
19867
19869
19870
19876
19882
19885
19886
19889
19891
19893
19894
19895
19896
19898
19899
19901
19902
19903
19908
19909
19911
19913
19916
19918
19919
19921
19923
19925
19928
19929
19933
19935
19938
19940
19942
19943
19944
19945
19946
19947
19948
19949
19950
19951
19952
19955
19956
19957
19958
19961
19965
19967
19968
19969
19970
19973
19974
19978
19980
19981
19985
19986
19991
19993
19995
19998
19999
20002
20003
20004
20005
20006
20009
20011
20014
20015
20016
20017
20018
20019
20020
20025
20027
20028
20030
20031
20032
20040
20042
20045
20046
20047
20048
20049
20052
20053
20055
20058
20059
20062
20064
20066
20068
20069
20070
20074
20077
20082
20083
20084
20088
20090
20092
20094
20095
20097
20099
20103
20105
20106
20107
20109
20120
20124
20125
20128
20129
20131
20132
20134
20137
20140
20141
20142
20144
20147
20153
20161
20162
20163
20165
20169
20176
20177
20180
20186
20187
20190
20192
20193
20194
20199
20200
20207
20208
20209
20211
20212
20213
20218
20219
20221
20226
20227
20233
20235
20243
20244
20248
20249
20250
20252
20253
20254
20257
20258
20260
20262
20265
20267
20268
20269
20270
20273
20277
20279
20286
20290
20295
20296
20301
20307
20313
20316
20321
20323
20329
20331
20332
20333
20336
20337
20339
20346
20350
20357
20358
20363
20365
20366
20367
20368
20374
20375
20380
20387
20389
20391
20392
20397
20398
20400
20402
20404
20409
20420
20423
20427
20433
20438
20447
20452
20455
20458
20459
20461
20465
20470
20472
20475
20480
20482
20488
20491
20493
20495
20496
20504
20509
20514
20518
20522
20524
20525
20526
20530
20531
20533
20535
20541
20542
20544
20550
20551
20557
20561
20565
20577
20579
20582
20585
20588
20589
20591
20595
20599
20600
20601
20602
20611
20612
20613
20615
20616
20617
20618
20621
20623
20626
20627
20633
20637
20638
20643
20644
20649
20654
20657
20658
20659
20660
20664
20665
20669
20671
20672
20677
20678
20683
20688
20697
20699
20703
20707
20714
20716
20717
20721
20723
20733
20734
20736
20737
20738
20741
20742
20744
20745
20759
20767
20770
20772
20773
20781
20782
20785
20790
20793
20799
20803
20804
20807
20809
20818
20821
20822
20830
20840
20844
20845
20849
20852
20856
20857
20861
20872
20873
20874
20886
20897
20898
20903
20907
20920
20921
20924
20925
20926
20927
20929
20930
20933
20940
20945
20952
20954
20957
20958
20961
20964
20966
20967
20969
20972
20973
20977
20979
20980
20984
20985
20991
20992
20997
20998
20999
21002
21005
21006
21008
21009
21010
21013
21014
21015
21017
21019
21021
21025
21027
21029
21031
21037
21040
21043
21044
21047
21048
21052
21053
21054
21056
21057
21058
21059
21061
21063
21065
21068
21069
21071
21072
21073
21074
21075
21079
21082
21084
21085
21086
21088
21089
21090
21091
21092
21093
21096
21098
21099
21100
21101
21102
21103
21104
21107
21108
21110
21111
21112
21114
21115
21116
21117
21118
21119
21120
21121
21122
21123
21126
21127
21128
21129
21130
21131
21132
21134
21135
21137
21140
21141
21142
21143
21144
21145
21146
21147
21149
21151
21152
21154
21155
21158
21159
21160
21161
21165
21166
21168
21169
21171
21172
21174
21175
21176
21177
21178
21179
21182
21184
21185
21186
21187
21189
21190
21192
21196
21200
21201
21203
21204
21205
21206
21207
21209
21211
21212
21213
21214
21215
21217
21218
21220
21221
21222
21223
21224
21225
21229
21233
21234
21236
21237
21238
21239
21242
21246
21248
21249
21250
21251
21252
21255
21256
21257
21259
21262
21263
21265
21268
21270
21271
21272
21274
21276
21280
21281
21282
21286
21288
21289
21290
21291
21293
21295
21296
21297
21298
21299
21300
21301
21303
21304
21308
21309
21310
21312
21314
21315
21316
21317
21318
21319
21320
21323
21325
21327
21328
21329
21330
21332
21333
21335
21337
21338
21343
21344
21350
21353
21354
21356
21363
21365
21366
21367
21369
21370
21372
21375
21377
21379
21382
21384
21386
21388
21391
21392
21395
21396
21398
21399
21400
21401
21402
21403
21406
21411
21412
21415
21416
21419
21422
21424
21425
21427
21428
21429
21431
21435
21440
21441
21444
21445
21447
21450
21452
21453
21454
21455
21457
21458
21460
21462
21465
21466
21468
21470
21472
21473
21474
21475
21478
21479
21481
21484
21485
21487
21488
21489
21490
21492
21495
21497
21500
21503
21505
21508
21509
21510
21512
21515
21519
21529
21530
21535
21540
21544
21546
21547
21549
21550
21551
21553
21554
21556
21558
21559
21561
21562
21564
21571
21573
21574
21581
21583
21585
21586
21588
21591
21592
21595
21599
21600
21602
21603
21608
21612
21617
21618
21619
21620
21625
21628
21631
21633
21639
21643
21644
21645
21647
21648
21652
21655
21658
21659
21669
21674
21676
21680
21685
21686
21691
21693
21696
21697
21700
21701
21704
21711
21716
21720
21721
21723
21724
21737
21738
21739
21744
21747
21749
21756
21757
21759
21762
21765
21768
21770
21774
21775
21777
21778
21780
21781
21782
21784
21798
21799
21800
21801
21802
21805
21806
21808
21810
21811
21813
21815
21816
21818
21819
21821
21823
21824
21826
21827
21831
21832
21833
21835
21836
21838
21845
21846
21847
21848
21852
21854
21856
21858
21860
21861
21864
21865
21866
21867
21868
21871
21872
21873
21874
21875
21881
21882
21885
21887
21889
21891
21892
21894
21895
21896
21898
21899
21902
21904
21907
21909
21911
21915
21917
21919
21922
21924
21932
21933
21942
21944
21948
21949
21950
21954
21955
21958
21959
21963
21964
21966
21968
21969
21970
21971
21974
21975
21976
21980
21982
21983
21984
21987
21988
21990
21991
21992
21993
21994
21995
21996
21997
22000
22002
22003
22004
22005
22006
22009
22010
22017
22020
22027
22029
22032
22033
22034
22035
22036
22037
22038
22040
22041
22042
22043
22044
22047
22052
22054
22056
22058
22059
22061
22062
22066
22067
22070
22075
22076
22077
22084
22087
22088
22089
22093
22094
22096
22100
22101
22102
22105
22106
22107
22110
22112
22114
22118
22122
22123
22125
22126
22127
22129
22130
22131
22132
22134
22140
22141
22143
22144
22146
22148
22149
22151
22155
22158
22160
22162
22163
22166
22168
22169
22170
22172
22174
22176
22180
22182
22183
22184
22185
22187
22191
22192
22194
22195
22199
22201
22202
22203
22204
22206
22207
22209
22210
22212
22213
22214
22219
22220
22223
22225
22227
22228
22231
22232
22236
22237
22238
22240
22242
22244
22246
22247
22249
22254
22257
22258
22261
22262
22263
22264
22266
22268
22269
22271
22272
22273
22274
22275
22276
22277
22278
22282
22283
22286
22293
22295
22310
22313
22318
22323
22327
22342
22348
22363
22373
22374
22376
22381
22382
22383
22384
22386
22398
22402
22409
22411
22419
22420
22424
22428
22429
22430
22435
22437
22441
22442
22446
22458
22466
22476
22481
22490
22491
22498
22510
22522
22523
22524
22526
22534
22546
22584
22619
22630
22652
22653
22661
22664
22682
22685
22696
22700
22703
22722
22725
22726
22743
22749
22751
22763
22766
22772
22779
22782
22786
22792
22796
22819
22848
22878
22879
22908
22942
22960
22961
22962
22963
22966
22968
22969
22970
22972
22973
22974
22975
22976
22979
22980
22981
22984
22985
22987
22989
22990
22994
22997
22998
22999
23000
23002
23006
23008
23009
23010
23011
23012
23015
23017
23019
23020
23024
23025
23028
23030
23033
23034
23035
23036
23037
23038
23040
23041
23042
23043
23044
23045
23046
23047
23052
23053
23054
23056
23057
23058
23060
23062
23064
23068
23072
23073
23075
23076
23077
23078
23081
23082
23084
23086
23090
23091
23095
23096
23097
23100
23105
23106
23107
23108
23112
23114
23117
23118
23120
23121
23122
23124
23125
23127
23129
23134
23135
23136
23140
23142
23146
23148
23151
23152
23159
23160
23161
23162
23163
23167
23168
23174
23176
23177
23178
23180
23185
23186
23187
23188
23189
23190
23191
23193
23195
23196
23200
23201
23202
23206
23208
23209
23210
23212
23214
23215
23217
23218
23221
23222
23223
23226
23227
23231
23234
23237
23240
23244
23249
23250
23262
23266
23267
23269
23270
23271
23272
23273
23274
23276
23278
23282
23283
23284
23285
23290
23296
23301
23303
23304
23305
23310
23311
23313
23316
23319
23324
23329
23332
23333
23334
23338
23339
23340
23345
23346
23348
23349
23352
23355
23358
23359
23360
23361
23363
23364
23365
23366
23368
23369
23370
23371
23372
23375
23376
23377
23379
23380
23381
23382
23384
23389
23393
23396
23397
23398
23399
23403
23405
23406
23407
23409
23411
23412
23416
23417
23420
23423
23430
23434
23436
23437
23440
23443
23444
23445
23446
23448
23458
23461
23462
23463
23466
23467
23469
23471
23472
23474
23477
23478
23479
23480
23481
23483
23484
23485
23491
23495
23496
23498
23501
23505
23507
23510
23511
23514
23518
23523
23534
23536
23537
23541
23542
23543
23544
23546
23550
23560
23563
23564
23566
23567
23571
23573
23578
23580
23582
23583
23586
23587
23589
23594
23595
23598
23600
23603
23604
23605
23608
23610
23611
23613
23614
23615
23616
23617
23622
23626
23628
23629
23630
23631
23633
23636
23639
23642
23645
23647
23650
23652
23654
23656
23657
23659
23660
23663
23664
23670
23675
23676
23682
23684
23686
23687
23689
23690
23692
23695
23696
23700
23701
23702
23704
23705
23707
23708
23709
23713
23714
23720
23721
23722
23723
23725
23728
23729
23732
23735
23739
23741
23745
23748
23749
23752
23755
23756
23759
23762
23773
23778
23781
23783
23787
23789
23791
23793
23796
23797
23799
23800
23803
23804
23805
23808
23811
23813
23814
23817
23824
23825
23827
23830
23839
23840
23843
23844
23847
23848
23850
23851
23852
23853
23855
23856
23859
23862
23863
23864
23869
23871
23873
23874
23877
23880
23883
23886
23888
23891
23899
23900
23909
23918
23921
23922
23926
23931
23933
23935
23937
23941
23943
23946
23954
23959
23964
23965
23966
23970
23973
23974
23976
23977
23978
23980
23982
23984
23985
23987
23993
23995
23997
23999
24006
24007
24010
24016
24017
24019
24020
24026
24040
24043
24044
24045
24049
24051
24054
24055
24060
24064
24069
24070
24071
24078
24079
24080
24088
24091
24093
24094
24097
24101
24103
24105
24112
24113
24114
24117
24127
24128
24130
24133
24138
24142
24145
24146
24150
24160
24162
24166
24168
24171
24179
24181
24184
24188
24194
24195
24196
24200
24204
24206
24212
24217
24218
24221
24223
24228
24236
24237
24245
24247
24252
24255
24257
24258
24262
24264
24270
24271
24279
24281
24282
24285
24296
24300
24303
24305
24307
24309
24310
24311
24312
24313
24317
24318
24320
24321
24325
24329
24330
24336
24338
24340
24342
24347
24350
24351
24357
24362
24363
24369
24372
24380
24382
24386
24391
24392
24395
24396
24397
24398
24407
24409
24413
24437
24445
24447
24450
24451
24452
24453
24454
24455
24462
24464
24469
24470
24471
24472
24481
24483
24490
24491
24498
24502
24506
24513
24521
24522
24523
24528
24531
24536
24537
24539
24544
24550
24551
24554
24563
24567
24572
24573
24578
24581
24587
24597
24603
24604
24610
24611
24613
24626
24629
24631
24632
24634
24635
24641
24645
24647
24648
24650
24656
24661
24664
24666
24667
24671
24672
24675
24677
24678
24679
24680
24681
24683
24685
24687
24690
24692
24696
24699
24700
24702
24704
24706
24707
24712
24713
24714
24716
24718
24719
24722
24724
24727
24728
24731
24735
24741
24745
24746
24747
24748
24752
24758
24761
24769
24770
24771
24772
24773
24774
24779
24781
24783
24787
24788
24790
24791
24793
24794
24795
24796
24797
24798
24799
24800
24802
24803
24804
24808
24810
24812
24814
24816
24817
24818
24819
24822
24823
24824
24827
24828
24830
24831
24832
24835
24837
24838
24840
24841
24843
24846
24848
24849
24850
24851
24853
24854
24857
24860
24863
24865
24869
24870
24872
24874
24877
24878
24879
24880
24882
24883
24885
24886
24889
24891
24892
24896
24898
24899
24900
24904
24908
24910
24911
24912
24914
24915
24919
24920
24925
24928
24932
24934
24935
24936
24937
24943
24944
24945
24947
24949
24951
24952
24953
24956
24959
24960
24963
24965
24967
24969
24970
24971
24973
24975
24977
24978
24980
24981
24982
24984
24985
24986
24987
24989
24992
24993
24994
24995
24996
24997
24999
25000
25001
25003
25005
25007
25009
25010
25012
25013
25014
25015
25017
25020
25021
25022
25023
25024
25028
25029
25030
25033
25035
25041
25042
25043
25044
25045
25048
25049
25052
25055
25057
25058
25059
25060
25061
25064
25067
25068
25070
25071
25072
25074
25079
25081
25084
25089
25091
25095
25096
25097
25099
25102
25103
25108
25110
25115
25116
25121
25125
25126
25129
25130
25133
25134
25137
25138
25142
25143
25145
25146
25147
25148
25149
25151
25152
25154
25155
25156
25158
25164
25165
25167
25168
25169
25170
25172
25173
25175
25179
25180
25181
25182
25186
25188
25191
25192
25193
25198
25199
25201
25202
25203
25204
25207
25212
25213
25215
25217
25218
25221
25222
25226
25227
25228
25230
25231
25232
25243
25245
25249
25254
25255
25257
25258
25259
25260
25264
25265
25267
25270
25271
25274
25277
25278
25280
25282
25285
25287
25292
25293
25294
25295
25296
25302
25305
25306
25308
25313
25316
25318
25320
25322
25328
25331
25332
25336
25340
25341
25344
25345
25347
25357
25359
25362
25365
25367
25368
25375
25376
25378
25383
25385
25395
25399
25404
25406
25407
25409
25411
25415
25416
25420
25422
25434
25437
25438
25439
25441
25443
25446
25449
25451
25454
25463
25466
25468
25470
25471
25473
25474
25478
25479
25481
25486
25489
25490
25491
25494
25495
25497
25498
25506
25513
25515
25516
25518
25520
25523
25524
25525
25527
25531
25533
25535
25537
25538
25540
25545
25546
25548
25550
25552
25557
25560
25562
25563
25566
25567
25568
25570
25571
25572
25573
25574
25583
25585
25593
25595
25603
25606
25611
25613
25621
25624
25628
25631
25633
25635
25644
25648
25649
25650
25656
25660
25661
25662
25663
25664
25669
25672
25673
25674
25678
25679
25680
25681
25689
25690
25691
25692
25700
25701
25702
25703
25704
25705
25706
25707
25708
25709
25710
25714
25715
25723
25726
25730
25734
25735
25738
25741
25745
25749
25750
25751
25756
25757
25761
25765
25766
25767
25769
25770
25772
25776
25781
25786
25789
25790
25794
25796
25801
25803
25805
25807
25808
25811
25812
25815
25816
25818
25819
25823
25824
25826
25828
25829
25832
25833
25834
25836
25837
25841
25843
25844
25845
25847
25851
25854
25858
25861
25865
25866
25867
25871
25872
25873
25876
25877
25878
25881
25884
25886
25889
25894
25897
25898
25899
25900
25905
25906
25907
25908
25909
25911
25913
25914
25918
25919
25920
25921
25922
25926
25927
25928
25931
25933
25938
25939
25940
25941
25942
25944
25945
25949
25950
25952
25954
25955
25956
25957
25958
25959
25961
25962
25963
25964
25966
25968
25969
25971
25972
25975
25976
25978
25980
25982
25983
25985
25987
25989
25990
25991
25992
25993
25996
25997
26000
26001
26004
26007
26009
26015
26019
26022
26024
26028
26029
26030
26031
26032
26039
26043
26046
26054
26056
26057
26061
26062
26068
26070
26074
26088
26094
26095
26097
26098
26099
26106
26110
26112
26115
26121
26122
26130
26135
26137
26139
26140
26143
26145
26158
26159
26160
26163
26168
26177
26181
26187
26189
26196
26208
26212
26219
26232
26244
26248
26258
26260
26263
26272
26275
26288
26291
26325
26327
26335
26336
26344
26361
26367
26368
26375
26376
26394
26397
26432
26451
26468
26479
26483
26492
26497
26500
26519
26521
26531
26533
26536
26547
26548
26550
26556
26562
26584
26588
26596
26630
26631
26632
26649
26657
26668
26672
26673
26674
26676
26677
26678
26679
26680
26682
26683
26684
26685
26686
26687
26689
26690
26691
26692
26693
26694
26695
26699
26700
26701
26702
26703
26704
26705
26708
26709
26710
26711
26712
26714
26715
26717
26718
26719
26720
26722
26724
26725
26727
26729
26730
26731
26733
26735
26736
26737
26738
26739
26742
26746
26747
26748
26751
26752
26754
26756
26757
26758
26760
26762
26764
26767
26769
26770
26771
26773
26774
26776
26777
26779
26780
26782
26783
26784
26785
26786
26787
26790
26791
26792
26793
26794
26795
26798
26799
26800
26801
26804
26805
26806
26807
26808
26813
26814
26816
26818
26821
26822
26828
26831
26832
26833
26834
26835
26836
26837
26839
26840
26842
26844
26845
26846
26848
26849
26850
26851
26853
26854
26857
26858
26860
26861
26863
26864
26866
26869
26871
26874
26876
26877
26879
26881
26885
26886
26888
26890
26891
26892
26893
26894
26895
26896
26898
26899
26900
26902
26904
26905
26908
26909
26914
26915
26917
26918
26920
26921
26923
26924
26927
26928
26930
26931
26932
26933
26934
26935
26936
26943
26944
26949
26952
26954
26956
26957
26958
26959
26960
26962
26964
26965
26968
26969
26970
26973
26975
26977
26980
26981
26982
26983
26984
26985
26987
26990
26992
26993
26996
26997
26998
27003
27004
27005
27006
27007
27010
27011
27012
27013
27015
27018
27021
27022
27028
27034
27035
27036
27037
27042
27050
27052
27057
27058
27059
27060
27063
27069
27070
27071
27074
27076
27077
27078
27079
27080
27081
27082
27083
27084
27085
27086
27087
27089
27090
27091
27092
27095
27096
27098
27099
27100
27103
27104
27105
27107
27108
27111
27118
27119
27121
27122
27123
27125
27127
27128
27129
27130
27141
27142
27145
27147
27150
27155
27156
27158
27159
27160
27163
27166
27170
27171
27172
27174
27176
27178
27179
27183
27185
27187
27188
27193
27197
27203
27205
27208
27209
27212
27213
27216
27217
27218
27219
27220
27221
27222
27223
27224
27226
27228
27230
27232
27234
27235
27239
27240
27241
27242
27250
27251
27252
27260
27261
27262
27264
27265
27266
27270
27273
27274
27277
27280
27281
27285
27286
27287
27288
27292
27293
27294
27295
27297
27298
27302
27303
27304
27305
27306
27308
27310
27312
27314
27317
27319
27323
27324
27327
27328
27329
27331
27332
27336
27337
27338
27339
27340
27341
27342
27346
27347
27350
27353
27354
27355
27357
27358
27362
27364
27366
27367
27371
27372
27373
27374
27376
27379
27386
27387
27389
27394
27396
27397
27400
27401
27404
27406
27413
27414
27415
27417
27418
27421
27422
27423
27425
27426
27427
27428
27431
27433
27434
27437
27439
27443
27447
27448
27449
27455
27456
27457
27459
27460
27462
27463
27466
27468
27470
27473
27474
27475
27478
27480
27481
27486
27487
27490
27492
27495
27498
27500
27501
27503
27507
27508
27510
27511
27513
27514
27515
27518
27522
27523
27527
27533
27534
27537
27539
27540
27543
27545
27555
27557
27558
27560
27561
27565
27566
27567
27569
27570
27572
27574
27576
27577
27578
27580
27582
27584
27585
27587
27591
27592
27593
27597
27600
27601
27602
27605
27608
27612
27613
27614
27615
27616
27619
27621
27625
27631
27632
27633
27634
27636
27639
27640
27644
27645
27646
27649
27655
27656
27660
27661
27663
27665
27668
27671
27672
27673
27674
27676
27680
27682
27685
27691
27692
27703
27707
27709
27714
27719
27720
27723
27724
27729
27730
27734
27735
27740
27743
27745
27749
27751
27754
27759
27760
27761
27763
27764
27768
27770
27771
27773
27774
27777
27781
27785
27788
27796
27815
27817
27820
27822
27824
27828
27829
27830
27831
27832
27833
27834
27837
27859
27863
27864
27871
27873
27875
27879
27880
27887
27888
27895
27902
27903
27904
27905
27908
27919
27923
27925
27928
27935
27938
27939
27943
27945
27946
27947
27949
27950
27953
27957
27959
27961
27969
27971
27972
27973
27976
27978
27979
27980
27984
27988
27989
27991
27993
27995
27999
28002
28006
28007
28010
28013
28014
28019
28022
28023
28024
28033
28034
28035
28043
28044
28045
28048
28052
28054
28055
28061
28071
28077
28082
28083
28087
28089
28099
28100
28104
28106
28108
28110
28111
28114
28116
28117
28118
28124
28131
28135
28137
28140
28141
28142
28144
28145
28148
28151
28154
28159
28161
28163
28166
28167
28168
28169
28172
28175
28176
28189
28193
28199
28200
28203
28212
28214
28218
28221
28223
28226
28227
28233
28242
28244
28245
28246
28249
28251
28253
28254
28258
28260
28261
28262
28263
28268
28269
28271
28272
28273
28274
28278
28280
28284
28289
28290
28292
28295
28296
28300
28317
28318
28319
28325
28326
28328
28335
28339
28342
28347
28349
28352
28353
28354
28355
28357
28359
28361
28362
28373
28380
28382
28385
28386
28387
28389
28392
28395
28396
28399
28400
28401
28402
28403
28407
28408
28412
28413
28416
28418
28419
28420
28421
28423
28427
28429
28433
28436
28442
28445
28447
28451
28453
28455
28457
28459
28460
28463
28466
28468
28473
28475
28481
28482
28484
28485
28486
28487
28488
28489
28493
28496
28499
28501
28503
28508
28509
28513
28516
28517
28518
28519
28520
28522
28524
28526
28527
28528
28530
28531
28532
28533
28534
28535
28536
28537
28538
28539
28540
28541
28544
28546
28547
28548
28551
28554
28556
28557
28558
28559
28560
28561
28562
28563
28564
28566
28567
28568
28569
28571
28572
28573
28574
28576
28577
28578
28579
28580
28583
28586
28589
28590
28591
28594
28595
28596
28597
28598
28599
28600
28602
28603
28607
28610
28612
28614
28617
28618
28621
28622
28624
28625
28626
28627
28628
28629
28630
28631
28633
28634
28635
28637
28638
28639
28640
28641
28642
28643
28644
28646
28648
28649
28650
28651
28653
28654
28656
28657
28658
28660
28661
28662
28663
28664
28666
28667
28668
28670
28672
28674
28676
28677
28678
28679
28680
28681
28683
28684
28685
28686
28687
28688
28689
28691
28693
28695
28697
28698
28699
28700
28704
28706
28708
28709
28710
28713
28714
28715
28716
28717
28718
28719
28721
28722
28724
28725
28727
28729
28733
28735
28736
28737
28738
28742
28743
28745
28746
28747
28751
28752
28753
28756
28757
28758
28760
28763
28764
28766
28771
28772
28774
28782
28784
28786
28788
28790
28792
28793
28794
28795
28800
28802
28803
28806
28810
28819
28820
28823
28824
28825
28828
28831
28834
28835
28836
28837
28839
28840
28843
28844
28850
28851
28852
28853
28856
28857
28859
28862
28863
28866
28868
28869
28870
28871
28872
28874
28876
28880
28881
28882
28885
28886
28888
28891
28893
28894
28895
28896
28899
28900
28901
28902
28905
28907
28909
28911
28912
28913
28915
28916
28918
28920
28921
28923
28925
28926
28928
28931
28932
28934
28936
28937
28939
28940
28941
28943
28944
28945
28947
28951
28952
28954
28957
28958
28959
28962
28963
28964
28967
28968
28971
28974
28979
28981
28984
28985
28987
28990
28991
28992
28996
28998
28999
29001
29005
29008
29009
29013
29016
29019
29020
29021
29028
29031
29034
29036
29037
29039
29040
29042
29043
29044
29045
29046
29048
29052
29053
29055
29059
29061
29071
29072
29080
29083
29085
29087
29088
29090
29092
29094
29097
29099
29101
29102
29104
29108
29109
29113
29120
29121
29124
29125
29126
29132
29133
29136
29137
29139
29149
29152
29155
29162
29163
29164
29165
29168
29169
29170
29171
29172
29184
29185
29190
29195
29197
29199
29202
29208
29209
29210
29211
29218
29219
29221
29224
29226
29228
29229
29230
29233
29238
29240
29241
29242
29246
29247
29248
29249
29254
29255
29256
29258
29259
29263
29266
29273
29274
29275
29276
29285
29289
29292
29295
29296
29297
29299
29302
29303
29304
29306
29307
29310
29314
29315
29316
29317
29319
29320
29322
29327
29335
29343
29345
29347
29349
29351
29352
29354
29355
29357
29358
29359
29361
29362
29363
29367
29372
29373
29374
29376
29377
29378
29382
29383
29384
29387
29395
29396
29409
29411
29412
29415
29416
29417
29419
29420
29423
29426
29427
29428
29431
29432
29433
29436
29437
29440
29443
29444
29448
29450
29454
29455
29459
29460
29461
29464
29465
29471
29472
29474
29475
29476
29480
29482
29484
29487
29490
29491
29492
29494
29495
29496
29499
29500
29501
29504
29506
29510
29512
29515
29516
29517
29521
29522
29527
29529
29531
29533
29534
29535
29537
29542
29543
29546
29551
29553
29554
29555
29557
29558
29559
29561
29563
29566
29568
29569
29570
29572
29575
29576
29579
29580
29582
29583
29586
29590
29591
29593
29597
29600
29601
29602
29603
29604
29607
29611
29612
29615
29617
29620
29621
29626
29627
29628
29629
29630
29632
29633
29635
29638
29640
29641
29642
29643
29647
29649
29650
29651
29652
29653
29655
29656
29662
29663
29664
29665
29668
29670
29672
29675
29676
29677
29680
29683
29685
29686
29688
29689
29690
29691
29693
29694
29695
29696
29697
29699
29700
29701
29703
29704
29707
29710
29712
29714
29715
29731
29732
29736
29739
29752
29754
29765
29771
29774
29775
29781
29782
29801
29806
29811
29812
29815
29816
29818
29824
29828
29832
29834
29842
29843
29847
29853
29855
29856
29857
29860
29863
29864
29867
29884
29894
29905
29914
29918
29919
29922
29926
29928
29936
29952
29962
29991
29992
29998
30002
30003
30007
30009
30015
30031
30042
30050
30058
30061
30064
30067
30071
30087
30108
30110
30116
30122
30123
30132
30139
30154
30163
30164
30165
30171
30182
30187
30188
30200
30203
30205
30207
30211
30215
30217
30225
30235
30236
30237
30241
30247
30268
30270
30279
30285
30286
30287
30291
30292
30298
30305
30310
30314
30328
30330
30362
30372
30377
30380
30381
30382
30383
30387
30391
30392
30395
30396
30397
30398
30399
30400
30401
30402
30403
30405
30406
30407
30409
30410
30411
30412
30413
30414
30415
30416
30418
30419
30422
30423
30424
30425
30426
30427
30428
30429
30430
30431
30434
30436
30437
30438
30439
30440
30442
30443
30445
30446
30447
30448
30449
30450
30452
30453
30454
30456
30461
30462
30465
30466
30468
30469
30470
30471
30472
30474
30475
30479
30480
30481
30482
30483
30484
30486
30487
30488
30490
30491
30492
30493
30495
30496
30498
30499
30501
30503
30505
30506
30508
30509
30510
30511
30512
30514
30515
30516
30517
30518
30519
30521
30522
30523
30527
30529
30530
30532
30533
30534
30535
30536
30539
30542
30543
30544
30545
30547
30548
30549
30550
30551
30552
30553
30554
30558
30559
30560
30562
30563
30564
30567
30568
30570
30571
30574
30576
30577
30578
30579
30580
30582
30584
30588
30589
30590
30592
30593
30594
30597
30598
30599
30600
30602
30604
30605
30606
30607
30608
30609
30612
30613
30615
30616
30618
30619
30622
30623
30625
30626
30627
30628
30629
30630
30633
30634
30635
30637
30638
30642
30643
30645
30646
30647
30648
30649
30650
30651
30655
30657
30662
30664
30666
30667
30668
30669
30671
30672
30674
30676
30677
30678
30679
30686
30689
30693
30694
30697
30698
30699
30700
30701
30703
30704
30706
30707
30708
30709
30710
30712
30713
30714
30715
30717
30718
30719
30720
30721
30725
30731
30732
30733
30734
30736
30738
30740
30741
30744
30746
30747
30748
30750
30751
30752
30763
30767
30770
30773
30775
30776
30779
30781
30783
30785
30790
30791
30792
30793
30794
30796
30797
30799
30800
30803
30805
30806
30807
30809
30810
30812
30814
30817
30818
30821
30822
30823
30825
30826
30830
30832
30833
30835
30839
30841
30843
30844
30846
30847
30851
30852
30855
30857
30858
30860
30861
30862
30864
30865
30868
30870
30872
30874
30880
30881
30883
30884
30886
30887
30889
30890
30892
30893
30895
30896
30899
30902
30905
30906
30910
30911
30912
30915
30917
30919
30921
30922
30923
30924
30925
30929
30931
30932
30933
30934
30935
30936
30937
30938
30940
30941
30942
30944
30946
30949
30951
30952
30953
30955
30958
30964
30965
30969
30970
30972
30973
30974
30975
30977
30978
30980
30985
30988
30991
30992
30993
30998
30999
31001
31002
31004
31005
31006
31011
31012
31014
31015
31017
31020
31021
31023
31025
31028
31031
31033
31036
31037
31038
31040
31045
31046
31047
31050
31053
31055
31057
31059
31060
31061
31062
31065
31070
31071
31074
31075
31076
31077
31078
31080
31082
31083
31084
31086
31087
31091
31092
31093
31094
31098
31099
31103
31104
31107
31108
31110
31112
31114
31115
31118
31120
31122
31124
31127
31128
31131
31132
31133
31134
31135
31137
31138
31140
31145
31146
31148
31149
31150
31157
31158
31161
31162
31165
31169
31170
31173
31176
31178
31179
31180
31181
31183
31184
31185
31189
31190
31194
31196
31200
31201
31205
31209
31211
31212
31213
31214
31217
31219
31224
31225
31226
31229
31231
31232
31234
31236
31237
31238
31239
31241
31244
31247
31248
31249
31251
31252
31253
31254
31255
31258
31259
31261
31262
31263
31264
31267
31269
31271
31273
31274
31276
31277
31283
31284
31286
31287
31288
31289
31290
31291
31292
31301
31302
31304
31305
31306
31307
31308
31311
31315
31317
31318
31319
31321
31322
31323
31327
31329
31332
31335
31336
31337
31349
31350
31351
31353
31354
31358
31359
31361
31369
31370
31371
31374
31375
31376
31383
31385
31388
31390
31391
31393
31394
31398
31399
31402
31404
31405
31406
31407
31408
31409
31411
31412
31413
31417
31419
31421
31422
31430
31432
31434
31437
31439
31441
31444
31447
31448
31456
31458
31462
31463
31465
31466
31468
31473
31474
31477
31479
31483
31485
31488
31489
31492
31494
31496
31497
31498
31500
31501
31503
31507
31510
31511
31513
31514
31517
31520
31521
31522
31525
31529
31531
31534
31536
31539
31541
31543
31551
31553
31556
31558
31559
31562
31564
31570
31573
31575
31578
31579
31580
31583
31585
31592
31594
31596
31598
31608
31612
31616
31618
31620
31621
31622
31624
31628
31636
31637
31646
31649
31655
31658
31662
31668
31670
31671
31674
31677
31678
31679
31680
31682
31683
31684
31685
31690
31691
31692
31697
31698
31701
31707
31709
31712
31714
31716
31719
31724
31728
31732
31737
31739
31740
31745
31746
31751
31752
31753
31758
31759
31762
31766
31767
31768
31769
31775
31784
31786
31791
31793
31798
31801
31805
31806
31808
31809
31810
31814
31816
31823
31824
31825
31828
31835
31837
31838
31851
31856
31860
31862
31865
31866
31870
31873
31878
31879
31880
31881
31882
31884
31889
31891
31895
31897
31900
31903
31904
31909
31911
31912
31924
31927
31935
31939
31940
31947
31948
31951
31953
31954
31959
31968
31972
31975
31978
31983
31984
31986
31987
31988
31994
31996
31998
32001
32008
32014
32022
32023
32026
32028
32032
32033
32037
32040
32043
32050
32053
32054
32059
32062
32063
32064
32068
32070
32072
32073
32075
32077
32078
32079
32081
32084
32086
32089
32092
32093
32094
32095
32096
32099
32100
32103
32105
32106
32107
32110
32111
32113
32116
32118
32119
32120
32121
32122
32123
32125
32126
32127
32128
32130
32133
32134
32138
32140
32141
32142
32146
32147
32150
32151
32155
32156
32158
32159
32161
32163
32164
32169
32170
32171
32173
32174
32177
32181
32184
32186
32187
32188
32189
32190
32191
32192
32194
32195
32196
32197
32198
32199
32200
32201
32202
32203
32204
32205
32207
32208
32213
32214
32215
32216
32218
32221
32222
32223
32224
32225
32226
32227
32229
32230
32232
32233
32235
32236
32237
32238
32239
32240
32241
32242
32243
32244
32245
32246
32247
32250
32254
32255
32257
32258
32259
32260
32262
32263
32264
32265
32266
32267
32268
32269
32272
32273
32274
32275
32276
32277
32278
32279
32281
32282
32283
32284
32285
32287
32288
32289
32290
32291
32292
32293
32294
32295
32296
32297
32298
32300
32302
32305
32306
32308
32310
32311
32313
32314
32316
32317
32319
32322
32324
32325
32326
32327
32328
32331
32333
32334
32335
32336
32338
32340
32341
32342
32343
32346
32349
32350
32353
32355
32356
32357
32358
32360
32363
32364
32365
32366
32367
32368
32371
32373
32375
32376
32377
32378
32380
32381
32382
32388
32390
32391
32393
32394
32395
32396
32397
32398
32399
32400
32401
32402
32403
32404
32405
32406
32407
32409
32410
32411
32412
32413
32414
32415
32418
32419
32420
32421
32424
32426
32427
32428
32430
32432
32434
32436
32437
32438
32439
32440
32441
32442
32443
32444
32445
32447
32448
32449
32451
32452
32457
32458
32459
32461
32464
32465
32467
32468
32469
32471
32472
32474
32477
32479
32480
32482
32485
32486
32487
32488
32489
32490
32493
32496
32498
32500
32502
32504
32505
32506
32507
32509
32512
32516
32517
32518
32522
32523
32524
32525
32526
32528
32529
32531
32533
32534
32537
32539
32540
32541
32543
32544
32545
32546
32548
32549
32552
32554
32555
32556
32557
32559
32560
32561
32563
32564
32566
32567
32568
32569
32573
32574
32575
32579
32580
32582
32583
32585
32588
32589
32592
32595
32596
32597
32598
32600
32602
32606
32607
32608
32609
32610
32611
32614
32615
32616
32618
32619
32620
32621
32622
32623
32624
32625
32626
32627
32630
32633
32634
32637
32640
32641
32642
32643
32645
32649
32652
32653
32654
32656
32658
32663
32666
32669
32672
32673
32677
32680
32681
32682
32683
32684
32685
32687
32688
32692
32693
32694
32695
32697
32700
32702
32703
32704
32705
32706
32708
32709
32712
32713
32715
32717
32718
32720
32722
32723
32725
32728
32729
32730
32731
32734
32735
32736
32738
32741
32743
32745
32746
32748
32749
32750
32751
32754
32757
32758
32760
32761
32764
32766
32768
32770
32771
32773
32775
32780
32783
32785
32788
32790
32794
32796
32797
32799
32801
32805
32806
32808
32812
32813
32814
32816
32818
32822
32827
32828
32829
32831
32833
32837
32838
32839
32842
32843
32846
32849
32850
32853
32854
32858
32861
32867
32869
32870
32871
32873
32874
32875
32876
32877
32878
32882
32883
32884
32885
32886
32892
32895
32898
32899
32901
32902
32903
32904
32905
32906
32907
32908
32910
32916
32918
32919
32920
32921
32922
32923
32924
32925
32927
32929
32932
32933
32934
32935
32937
32939
32942
32944
32945
32946
32947
32948
32949
32950
32951
32952
32953
32954
32955
32956
32960
32962
32964
32965
32969
32970
32971
32972
32975
32976
32977
32978
32980
32983
32988
32989
32990
32991
32994
32996
32998
32999
33000
33002
33003
33004
33005
33006
33011
33013
33015
33018
33019
33020
33021
33022
33023
33024
33027
33028
33029
33030
33034
33035
33041
33046
33047
33048
33049
33050
33053
33055
33057
33059
33060
33061
33063
33064
33066
33068
33069
33070
33074
33076
33077
33080
33082
33084
33090
33091
33092
33093
33096
33097
33098
33099
33100
33101
33102
33103
33105
33109
33110
33111
33113
33115
33117
33118
33124
33125
33126
33128
33130
33132
33136
33137
33139
33140
33142
33146
33147
33148
33149
33150
33151
33152
33154
33158
33162
33163
33167
33169
33170
33171
33172
33173
33175
33176
33178
33179
33182
33185
33186
33187
33188
33189
33190
33191
33192
33193
33194
33195
33196
33199
33203
33204
33205
33206
33209
33212
33213
33214
33215
33216
33217
33218
33219
33221
33222
33224
33227
33228
33229
33230
33231
33235
33236
33238
33241
33242
33243
33244
33246
33247
33249
33250
33251
33254
33255
33256
33259
33260
33261
33262
33264
33265
33268
33269
33270
33271
33272
33273
33274
33276
33279
33280
33281
33282
33283
33286
33289
33290
33292
33293
33294
33296
33297
33299
33300
33301
33302
33304
33305
33306
33307
33311
33313
33314
33317
33318
33319
33320
33321
33324
33325
33326
33327
33329
33331
33332
33333
33335
33338
33340
33341
33342
33343
33344
33345
33346
33347
33349
33350
33352
33354
33355
33356
33357
33358
33359
33360
33361
33362
33363
33364
33365
33366
33369
33370
33371
33372
33373
33374
33377
33378
33379
33381
33383
33384
33386
33387
33388
33389
33391
33392
33394
33395
33396
33397
33399
33400
33401
33402
33403
33404
33405
33406
33408
33410
33411
33412
33413
33414
33415
33416
33417
33419
33420
33423
33424
33425
33426
33428
33432
33434
33435
33436
33437
33438
33439
33443
33445
33446
33447
33451
33452
33456
33457
33458
33459
33461
33463
33465
33467
33468
33475
33482
33483
33489
33490
33495
33502
33504
33506
33508
33522
33523
33526
33527
33528
33534
33535
33537
33538
33540
33544
33549
33550
33552
33553
33554
33555
33557
33558
33559
33562
33564
33567
33568
33570
33571
33572
33574
33576
33577
33578
33581
33584
33585
33597
33602
33603
33608
33609
33611
33615
33624
33631
33632
33633
33634
33640
33656
33658
33659
33666
33685
33687
33691
33694
33699
33703
33710
33717
33719
33721
33730
33743
33753
33754
33772
33777
33783
33785
33789
33795
33800
33812
33820
33827
33829
33834
33836
33841
33843
33847
33851
33853
33861
33875
33877
33895
33907
33908
33913
33914
33921
33924
33934
33935
33940
33942
33944
33947
33948
33950
33960
33976
33991
33993
34005
34010
34020
34028
34033
34035
34051
34056
34057
34059
34062
34069
34074
34080
34082
34083
34095
34096
34097
34101
34102
34103
34104
34105
34106
34107
34108
34109
34110
34111
34112
34113
34115
34117
34118
34119
34121
34122
34123
34124
34125
34126
34127
34128
34129
34131
34132
34133
34135
34136
34137
34138
34139
34140
34141
34142
34143
34145
34146
34147
34148
34150
34151
34152
34153
34155
34157
34158
34159
34161
34162
34164
34165
34167
34168
34169
34170
34171
34173
34176
34177
34179
34180
34181
34182
34183
34184
34186
34188
34189
34190
34193
34194
34195
34196
34197
34198
34199
34201
34202
34203
34205
34206
34207
34208
34210
34211
34212
34213
34214
34215
34217
34221
34222
34223
34224
34225
34226
34227
34228
34229
34230
34231
34233
34235
34237
34239
34240
34241
34242
34243
34244
34246
34247
34248
34249
34250
34251
34252
34254
34256
34258
34259
34260
34261
34262
34264
34266
34267
34268
34270
34272
34273
34276
34277
34279
34282
34284
34285
34286
34287
34288
34290
34291
34292
34294
34295
34296
34297
34298
34299
34301
34302
34303
34304
34305
34307
34310
34312
34313
34314
34315
34316
34318
34319
34320
34321
34322
34325
34326
34327
34328
34330
34331
34333
34335
34336
34338
34340
34341
34342
34348
34349
34351
34357
34361
34362
34363
34364
34365
34366
34368
34369
34373
34375
34376
34377
34379
34380
34382
34383
34384
34385
34388
34389
34391
34392
34393
34394
34395
34396
34397
34398
34400
34404
34406
34408
34409
34411
34412
34413
34415
34418
34420
34421
34424
34425
34426
34427
34431
34432
34434
34435
34437
34438
34439
34442
34443
34444
34445
34447
34450
34452
34454
34455
34456
34457
34458
34460
34465
34466
34467
34470
34474
34479
34480
34481
34482
34483
34486
34487
34488
34492
34493
34494
34497
34498
34499
34500
34501
34502
34503
34504
34505
34507
34510
34511
34512
34513
34514
34515
34517
34519
34520
34523
34524
34525
34526
34527
34528
34531
34533
34534
34535
34536
34537
34539
34540
34542
34543
34544
34547
34549
34550
34551
34555
34556
34557
34559
34560
34561
34563
34564
34567
34569
34570
34574
34576
34577
34582
34583
34585
34587
34588
34589
34590
34596
34598
34600
34601
34603
34604
34605
34606
34608
34609
34611
34612
34614
34615
34616
34617
34618
34619
34621
34624
34625
34629
34632
34633
34634
34635
34636
34639
34643
34645
34646
34647
34648
34649
34650
34651
34654
34655
34657
34659
34660
34661
34662
34665
34666
34667
34670
34671
34672
34675
34678
34679
34684
34685
34686
34687
34689
34690
34692
34693
34694
34695
34696
34698
34700
34702
34705
34707
34709
34713
34714
34718
34720
34721
34726
34731
34733
34737
34738
34741
34742
34745
34746
34747
34749
34750
34755
34756
34757
34758
34760
34761
34762
34764
34765
34766
34767
34768
34771
34773
34774
34775
34778
34779
34781
34782
34785
34786
34789
34790
34792
34794
34796
34799
34800
34801
34802
34803
34804
34805
34806
34807
34808
34812
34815
34816
34817
34818
34820
34822
34823
34824
34825
34826
34827
34828
34830
34832
34834
34836
34837
34839
34842
34844
34845
34846
34848
34849
34850
34851
34852
34853
34854
34859
34860
34861
34863
34865
34867
34868
34869
34871
34872
34873
34874
34875
34877
34878
34879
34881
34882
34883
34884
34885
34888
34890
34893
34894
34895
34896
34897
34901
34902
34903
34905
34906
34907
34908
34909
34911
34913
34914
34916
34921
34924
34925
34927
34930
34931
34933
34936
34938
34939
34941
34942
34946
34950
34952
34953
34955
34956
34958
34959
34960
34961
34962
34963
34964
34965
34966
34967
34976
34977
34981
34983
34985
34986
34987
34988
34989
34990
34993
34995
34997
34998
34999
35000
35002
35003
35005
35006
35008
35011
35013
35014
35016
35019
35020
35021
35024
35025
35029
35030
35032
35035
35040
35042
35047
35048
35049
35050
35052
35053
35054
35056
35057
35058
35059
35060
35061
35062
35063
35067
35068
35069
35072
35073
35075
35077
35079
35083
35084
35088
35089
35091
35092
35094
35096
35104
35105
35107
35108
35109
35110
35111
35112
35116
35118
35120
35121
35123
35126
35131
35136
35137
35138
35139
35140
35141
35143
35145
35146
35148
35151
35152
35153
35155
35158
35159
35160
35162
35167
35168
35170
35171
35172
35175
35177
35179
35182
35184
35185
35188
35189
35192
35193
35196
35197
35199
35200
35206
35209
35211
35214
35217
35218
35221
35222
35223
35224
35227
35228
35233
35235
35238
35242
35243
35247
35248
35250
35252
35253
35254
35257
35260
35262
35265
35266
35268
35269
35270
35272
35276
35277
35279
35283
35285
35287
35288
35291
35293
35294
35297
35298
35299
35301
35304
35307
35308
35309
35310
35311
35312
35315
35316
35317
35319
35321
35322
35325
35326
35330
35331
35334
35335
35336
35337
35338
35339
35341
35342
35344
35347
35349
35350
35351
35353
35354
35358
35361
35362
35370
35371
35374
35376
35377
35380
35381
35382
35383
35385
35390
35392
35397
35399
35400
35401
35402
35408
35409
35410
35412
35415
35416
35417
35418
35421
35422
35423
35424
35426
35427
35432
35433
35438
35440
35441
35442
35443
35447
35449
35451
35456
35457
35458
35459
35460
35464
35465
35471
35472
35473
35474
35475
35476
35477
35479
35481
35482
35483
35485
35486
35489
35490
35491
35492
35499
35500
35501
35504
35505
35506
35507
35509
35510
35511
35514
35515
35516
35517
35522
35524
35527
35528
35529
35530
35531
35532
35533
35536
35537
35538
35539
35541
35542
35546
35548
35549
35551
35552
35553
35555
35557
35559
35561
35563
35565
35569
35570
35572
35573
35574
35576
35577
35578
35579
35580
35581
35583
35587
35589
35591
35593
35594
35595
35596
35597
35598
35599
35600
35601
35603
35607
35609
35613
35617
35623
35624
35625
35626
35627
35629
35632
35633
35634
35639
35641
35642
35645
35646
35649
35650
35654
35655
35657
35659
35661
35662
35664
35665
35667
35668
35670
35673
35675
35677
35678
35682
35684
35688
35689
35690
35692
35693
35695
35697
35698
35699
35700
35701
35702
35703
35705
35708
35710
35711
35712
35714
35716
35717
35718
35719
35720
35722
35723
35725
35728
35729
35730
35736
35737
35739
35740
35741
35746
35749
35751
35753
35754
35757
35758
35759
35762
35765
35766
35772
35773
35775
35776
35777
35778
35781
35782
35783
35784
35785
35787
35788
35790
35791
35792
35793
35796
35801
35802
35803
35804
35806
35807
35808
35809
35811
35813
35814
35815
35816
35817
35819
35820
35821
35822
35823
35826
35827
35828
35830
35832
35833
35834
35835
35836
35838
35839
35840
35841
35843
35844
35846
35847
35848
35851
35852
35854
35855
35857
35862
35864
35867
35868
35869
35870
35872
35873
35874
35876
35877
35881
35883
35885
35888
35890
35891
35893
35894
35898
35899
35900
35901
35903
35904
35905
35906
35907
35909
35910
35912
35913
35914
35915
35916
35917
35918
35919
35921
35922
35925
35927
35928
35929
35931
35934
35935
35937
35938
35940
35941
35943
35944
35946
35947
35951
35952
35954
35955
35958
35960
35964
35967
35968
35969
35970
35972
35974
35976
35979
35980
35982
35985
35986
35987
35988
35991
35992
35993
35995
35996
35998
35999
36000
36001
36002
36003
36005
36007
36008
36009
36010
36011
36012
36014
36015
36016
36017
36022
36024
36025
36027
36028
36030
36031
36032
36033
36034
36036
36037
36039
36040
36041
36042
36044
36045
36046
36048
36052
36053
36057
36060
36062
36063
36065
36067
36068
36070
36071
36072
36073
36074
36076
36077
36078
36079
36080
36083
36085
36087
36090
36092
36093
36094
36096
36097
36098
36102
36103
36104
36105
36108
36109
36110
36111
36112
36113
36115
36117
36118
36119
36120
36121
36123
36124
36126
36127
36128
36131
36134
36135
36136
36137
36138
36139
36142
36144
36146
36148
36152
36153
36155
36157
36159
36161
36162
36166
36170
36172
36173
36174
36175
36177
36178
36179
36181
36184
36186
36187
36193
36194
36195
36196
36198
36199
36200
36202
36203
36206
36207
36209
36210
36211
36212
36214
36215
36216
36219
36221
36222
36223
36225
36226
36227
36228
36230
36231
36234
36235
36237
36238
36240
36241
36242
36244
36247
36248
36249
36250
36251
36252
36256
36257
36258
36259
36262
36263
36264
36265
36266
36267
36268
36269
36271
36272
36273
36274
36275
36278
36279
36280
36281
36284
36285
36287
36288
36290
36291
36294
36296
36297
36298
36299
36300
36302
36304
36309
36310
36311
36312
36314
36316
36318
36322
36323
36328
36329
36330
36332
36333
36334
36335
36336
36338
36339
36340
36343
36344
36345
36348
36349
36351
36354
36355
36356
36359
36360
36361
36362
36366
36367
36368
36369
36372
36373
36374
36375
36378
36379
36380
36382
36383
36386
36387
36390
36391
36392
36394
36396
36397
36402
36403
36406
36407
36409
36411
36412
36416
36418
36419
36420
36421
36422
36424
36427
36428
36429
36430
36431
36435
36437
36439
36441
36442
36444
36447
36448
36449
36453
36457
36458
36459
36461
36462
36464
36465
36466
36468
36473
36474
36479
36480
36481
36482
36483
36484
36485
36489
36491
36495
36499
36500
36501
36503
36504
36506
36508
36510
36516
36518
36520
36521
36522
36524
36527
36528
36530
36535
36536
36537
36539
36541
36542
36543
36544
36547
36548
36549
36550
36553
36554
36556
36560
36561
36564
36572
36574
36575
36576
36579
36580
36584
36589
36590
36591
36593
36598
36600
36601
36602
36605
36612
36615
36616
36617
36618
36619
36620
36621
36622
36625
36627
36630
36632
36633
36637
36638
36639
36641
36644
36645
36646
36648
36654
36655
36656
36658
36661
36664
36668
36669
36671
36673
36674
36675
36677
36678
36679
36680
36683
36684
36685
36687
36688
36690
36691
36692
36694
36697
36698
36702
36703
36704
36706
36708
36709
36710
36711
36712
36713
36714
36715
36716
36717
36720
36721
36725
36727
36730
36731
36732
36733
36734
36737
36738
36740
36741
36743
36745
36747
36749
36750
36751
36752
36755
36756
36758
36759
36760
36763
36764
36768
36770
36771
36773
36774
36775
36777
36779
36781
36784
36790
36791
36792
36800
36801
36802
36803
36804
36805
36806
36808
36809
36810
36811
36814
36815
36818
36819
36822
36823
36824
36826
36831
36832
36834
36835
36836
36837
36839
36840
36842
36843
36844
36845
36846
36848
36849
36851
36852
36853
36855
36860
36861
36862
36865
36869
36870
36871
36872
36873
36876
36877
36878
36881
36882
36883
36884
36885
36886
36887
36888
36889
36890
36892
36893
36894
36895
36896
36899
36903
36904
36906
36908
36909
36911
36912
36914
36915
36917
36918
36919
36920
36921
36922
36923
36925
36926
36927
36928
36929
36935
36936
36938
36940
36943
36945
36952
36955
36956
36957
36958
36959
36960
36961
36963
36965
36966
36968
36970
36974
36975
36977
36979
36981
36982
36983
36984
36985
36986
36987
36988
36989
36990
36991
36992
36994
36996
36997
36999
37000
37001
37003
37004
37005
37006
37007
37010
37012
37014
37015
37016
37018
37019
37025
37026
37027
37028
37029
37030
37031
37032
37033
37035
37036
37038
37039
37040
37041
37042
37043
37045
37047
37050
37051
37053
37054
37056
37057
37058
37059
37060
37061
37066
37068
37069
37070
37074
37076
37077
37079
37081
37082
37083
37084
37085
37087
37088
37091
37092
37093
37094
37096
37098
37099
37100
37101
37102
37103
37104
37105
37107
37110
37111
37112
37113
37114
37116
37117
37118
37119
37121
37122
37124
37125
37126
37127
37128
37129
37130
37131
37133
37139
