3
5
7
10
13
16
37
38
40
42
47
58
61
62
72
79
83
84
88
90
94
95
97
99
102
105
106
111
114
115
116
117
124
125
126
128
131
135
136
138
139
140
141
142
143
144
145
147
148
154
155
157
158
160
162
163
168
170
172
174
176
179
180
183
196
200
202
205
206
216
219
221
224
231
236
240
241
242
248
252
257
265
272
290
298
306
315
319
321
327
328
330
333
340
344
349
354
355
369
370
380
383
387
388
402
410
413
417
418
422
425
427
432
434
435
438
442
443
455
464
466
468
480
481
491
498
499
502
504
508
509
517
533
534
535
536
539
556
559
573
582
585
594
600
607
609
620
623
629
631
632
638
641
651
658
670
674
675
676
677
679
680
681
682
683
684
685
686
687
688
689
690
691
692
694
695
696
698
699
701
702
703
704
705
708
710
711
712
713
714
715
716
718
719
722
724
725
726
727
728
729
730
733
736
738
740
742
743
744
745
747
748
750
751
753
756
757
758
759
761
762
767
768
769
771
774
775
778
779
780
782
783
784
785
788
789
790
792
793
795
798
799
800
801
802
803
808
811
813
814
815
816
817
818
820
821
824
828
829
830
831
833
835
836
838
839
840
841
842
844
845
846
847
850
851
853
859
862
867
868
870
872
875
877
878
884
885
886
887
888
891
892
895
901
903
904
905
907
910
911
912
914
918
919
920
922
923
926
929
930
931
934
937
938
939
940
941
942
944
945
946
951
953
956
957
959
961
962
966
971
972
973
974
977
978
979
987
989
992
994
995
999
1000
1001
1002
1004
1006
1007
1008
1009
1018
1019
1020
1021
1022
1024
1026
1027
1031
1032
1033
1035
1038
1040
1042
1044
1045
1047
1053
1055
1056
1060
1061
1062
1063
1065
1066
1071
1075
1077
1078
1081
1082
1083
1086
1087
1088
1089
1091
1093
1094
1095
1096
1097
1098
1100
1101
1102
1105
1106
1108
1109
1110
1111
1113
1114
1118
1120
1121
1123
1124
1129
1130
1131
1132
1133
1140
1141
1142
1143
1147
1149
1151
1152
1154
1158
1159
1160
1162
1164
1169
1171
1172
1173
1174
1178
1182
1184
1185
1194
1198
1200
1201
1207
1208
1209
1212
1214
1218
1219
1220
1221
1223
1224
1225
1226
1228
1233
1236
1238
1239
1240
1241
1244
1249
1250
1252
1253
1255
1260
1261
1263
1265
1268
1271
1272
1273
1276
1277
1280
1282
1284
1286
1290
1291
1293
1296
1297
1298
1299
1301
1312
1314
1316
1317
1319
1320
1321
1324
1330
1331
1332
1333
1334
1335
1338
1339
1340
1343
1344
1348
1349
1352
1353
1356
1358
1359
1364
1365
1367
1368
1369
1370
1374
1375
1376
1377
1379
1381
1382
1383
1386
1388
1390
1391
1396
1398
1403
1405
1407
1408
1410
1413
1416
1418
1419
1428
1429
1434
1436
1437
1439
1440
1445
1446
1447
1448
1449
1451
1455
1456
1458
1461
1465
1466
1468
1469
1470
1472
1473
1474
1475
1477
1478
1480
1483
1484
1485
1488
1489
1494
1495
1497
1499
1500
1501
1502
1504
1506
1507
1509
1511
1512
1515
1516
1517
1519
1523
1524
1525
1526
1528
1529
1533
1535
1536
1537
1538
1540
1541
1544
1547
1549
1550
1551
1554
1555
1556
1560
1562
1566
1567
1568
1569
1570
1572
1574
1576
1579
1583
1585
1590
1591
1593
1599
1604
1606
1608
1609
1610
1612
1613
1614
1615
1619
1621
1623
1624
1625
1626
1631
1634
1636
1637
1638
1640
1641
1646
1648
1649
1653
1655
1664
1666
1668
1673
1675
1676
1683
1685
1686
1688
1690
1691
1693
1695
1699
1702
1703
1709
1713
1716
1720
1722
1725
1727
1728
1729
1732
1734
1735
1743
1744
1749
1750
1758
1759
1761
1762
1765
1766
1767
1768
1775
1776
1788
1789
1795
1797
1801
1808
1811
1813
1816
1819
1821
1824
1829
1830
1831
1832
1839
1842
1852
1853
1858
1861
1863
1866
1871
1878
1882
1884
1887
1889
1891
1892
1897
1900
1905
1908
1910
1915
1916
1918
1920
1937
1939
1943
1945
1947
1952
1954
1955
1957
1958
1961
1962
1967
1968
1972
1973
1975
1978
1980
1981
1983
1988
1992
1995
2000
2003
2007
2012
2015
2016
2021
2023
2025
2026
2028
2038
2045
2046
2047
2049
2050
2054
2055
2056
2059
2060
2062
2064
2067
2073
2077
2078
2082
2085
2087
2088
2090
2099
2100
2102
2107
2108
2111
2112
2115
2116
2127
2129
2131
2133
2137
2139
2141
2145
2146
2149
2150
2151
2152
2153
2154
2156
2161
2163
2165
2168
2169
2170
2172
2174
2181
2184
2185
2188
2193
2194
2196
2198
2201
2202
2207
2211
2212
2218
2219
2221
2223
2224
2225
2228
2230
2231
2239
2242
2244
2248
2249
2251
2252
2254
2258
2259
2264
2267
2269
2283
2284
2285
2291
2292
2294
2295
2297
2302
2307
2309
2313
2315
2318
2319
2320
2323
2325
2327
2329
2335
2337
2338
2339
2341
2343
2345
2346
2347
2351
2353
2354
2355
2356
2357
2361
2363
2365
2372
2375
2376
2379
2381
2382
2383
2384
2387
2388
2389
2390
2391
2394
2401
2402
2403
2405
2406
2407
2408
2410
2413
2416
2420
2422
2424
2427
2428
2430
2435
2437
2438
2439
2440
2442
2443
2444
2445
2447
2448
2450
2455
2456
2457
2458
2459
2461
2462
2463
2465
2470
2474
2476
2477
2480
2484
2485
2486
2487
2488
2489
2490
2491
2492
2493
2494
2495
2497
2499
2501
2502
2503
2505
2506
2507
2508
2509
2510
2512
2513
2514
2515
2517
2518
2519
2520
2521
2524
2525
2526
2528
2529
2530
2531
2532
2533
2534
2535
2536
2537
2538
2541
2542
2543
2544
2545
2546
2549
2550
2551
2552
2554
2556
2557
2558
2559
2560
2561
2562
2563
2564
2565
2566
2567
2568
2569
2570
2571
2573
2574
2576
2577
2578
2579
2580
2581
2583
2584
2585
2586
2588
2589
2590
2591
2594
2595
2596
2597
2598
2599
2601
2602
2604
2606
2607
2608
2610
2611
2612
2614
2615
2616
2617
2618
2619
2620
2621
2624
2626
2628
2629
2631
2633
2634
2636
2638
2641
2642
2643
2644
2645
2648
2649
2650
2651
2652
2653
2655
2656
2658
2660
2661
2663
2664
2668
2669
2670
2672
2674
2676
2678
2679
2680
2681
2682
2684
2686
2690
2691
2692
2693
2694
2695
2697
2698
2699
2700
2701
2706
2708
2709
2710
2711
2712
2716
2717
2719
2720
2721
2722
2723
2724
2725
2726
2729
2731
2733
2734
2737
2738
2740
2741
2742
2743
2744
2747
2748
2749
2750
2752
2755
2758
2760
2762
2763
2765
2766
2767
2768
2769
2773
2774
2775
2776
2779
2780
2781
2782
2784
2786
2793
2795
2797
2800
2802
2803
2804
2806
2816
2817
2818
2819
2820
2821
2822
2823
2824
2825
2826
2827
2829
2830
2835
2836
2837
2838
2839
2840
2842
2844
2845
2850
2852
2853
2854
2855
2858
2859
2860
2862
2864
2865
2867
2868
2869
2870
2871
2873
2874
2875
2879
2881
2883
2886
2888
2890
2891
2892
2894
2895
2897
2898
2899
2902
2904
2906
2907
2909
2910
2913
2914
2915
2916
2917
2919
2922
2923
2928
2931
2933
2935
2936
2937
2938
2940
2941
2942
2943
2944
2945
2946
2947
2949
2950
2954
2957
2959
2960
2966
2968
2969
2970
2973
2974
2975
2976
2979
2980
2981
2984
2988
2989
2990
2992
2993
2994
2995
2996
2998
2999
3001
3002
3003
3004
3005
3008
3010
3011
3013
3015
3017
3018
3019
3021
3022
3023
3029
3030
3033
3035
3037
3038
3040
3042
3043
3044
3045
3048
3049
3052
3054
3057
3058
3063
3073
3076
3078
3082
3083
3084
3085
3088
3092
3094
3099
3101
3102
3104
3105
3106
3108
3111
3116
3120
3121
3123
3124
3126
3127
3128
3129
3131
3134
3137
3138
3141
3152
3154
3156
3157
3162
3167
3169
3171
3172
3174
3175
3179
3183
3185
3186
3190
3192
3194
3195
3196
3200
3201
3204
3205
3212
3213
3214
3217
3219
3220
3222
3227
3229
3231
3236
3239
3240
3241
3242
3244
3248
3249
3250
3253
3254
3255
3257
3258
3261
3262
3264
3265
3266
3269
3271
3274
3275
3276
3277
3278
3280
3282
3283
3284
3286
3288
3290
3291
3294
3295
3296
3298
3299
3301
3303
3304
3305
3306
3307
3312
3315
3316
3317
3319
3321
3322
3323
3325
3332
3334
3337
3338
3346
3349
3351
3354
3356
3357
3359
3362
3365
3376
3379
3380
3383
3384
3385
3388
3389
3392
3393
3394
3395
3396
3397
3398
3399
3404
3405
3406
3407
3408
3410
3414
3416
3418
3421
3422
3423
3424
3425
3426
3427
3429
3430
3436
3437
3439
3441
3442
3444
3445
3446
3448
3450
3452
3453
3455
3457
3459
3461
3462
3463
3464
3466
3467
3471
3473
3477
3482
3483
3484
3485
3486
3488
3489
3490
3494
3496
3497
3498
3500
3501
3502
3506
3509
3513
3514
3516
3517
3518
3519
3521
3526
3529
3530
3531
3532
3534
3535
3536
3537
3539
3540
3542
3544
3545
3546
3548
3549
3550
3553
3554
3555
3556
3557
3558
3559
3561
3562
3565
3566
3567
3570
3571
3573
3578
3579
3581
3583
3586
3588
3592
3600
3602
3605
3606
3607
3608
3610
3611
3612
3614
3615
3617
3618
3620
3622
3623
3624
3626
3629
3631
3634
3637
3639
3642
3643
3644
3647
3650
3652
3655
3657
3658
3659
3660
3661
3662
3665
3666
3669
3670
3672
3673
3674
3675
3677
3682
3684
3685
3687
3688
3690
3691
3694
3695
3696
3698
3699
3700
3702
3703
3705
3707
3708
3709
3711
3712
3713
3722
3728
3743
3751
3752
3753
3758
3761
3766
3768
3772
3775
3776
3777
3778
3781
3785
3786
3792
3793
3798
3801
3803
3804
3807
3814
3826
3827
3829
3831
3836
3837
3838
3839
3840
3844
3849
3850
3851
3858
3859
3861
3864
3866
3871
3872
3873
3875
3876
3879
3884
3890
3897
3899
3900
3910
3914
3920
3921
3925
3929
3930
3935
3941
3947
3948
3953
3954
3959
3961
3962
3969
3977
3978
3979
3982
3983
3991
4002
4012
4020
4031
4036
4063
4069
4075
4084
4086
4090
4094
4095
4097
4100
4106
4110
4112
4113
4115
4117
4123
4128
4131
4132
4135
4137
4139
4141
4148
4151
4152
4156
4157
4162
4167
4172
4176
4178
4186
4191
4194
4217
4218
4221
4226
4228
4230
4238
4240
4247
4253
4258
4266
4268
4271
4275
4287
4291
4294
4296
4297
4300
4302
4305
4308
4315
4316
4318
4319
4320
4323
4332
4334
4337
4339
4347
4348
4356
4363
4368
4372
4382
4388
4390
4391
4392
4393
4394
4395
4397
4398
4400
4401
4403
4404
4405
4406
4407
4408
4410
4411
4413
4414
4416
4417
4418
4421
4424
4425
4426
4427
4428
4429
4430
4431
4432
4434
4435
4436
4437
4439
4441
4442
4443
4444
4445
4447
4448
4449
4450
4451
4452
4453
4454
4456
4458
4459
4460
4464
4465
4466
4468
4470
4471
4472
4475
4476
4477
4479
4481
4482
4483
4485
4487
4490
4491
4492
4493
4495
4496
4497
4498
4499
4502
4503
4507
4508
4509
4510
4511
4513
4514
4515
4517
4519
4520
4521
4523
4524
4526
4527
4529
4531
4532
4533
4538
4543
4544
4545
4547
4548
4549
4550
4551
4552
4553
4554
4556
4557
4558
4559
4560
4562
4566
4567
4572
4574
4575
4576
4579
4584
4587
4589
4590
4593
4594
4600
4602
4604
4606
4608
4609
4612
4613
4614
4615
4619
4623
4628
4631
4632
4633
4637
4638
4640
4645
4647
4648
4652
4653
4655
4658
4659
4660
4664
4665
4666
4669
4670
4671
4672
4673
4675
4679
4681
4682
4683
4685
4686
4688
4691
4693
4694
4696
4699
4701
4702
4704
4706
4708
4709
4711
4712
4713
4714
4715
4716
4718
4721
4722
4723
4726
4727
4730
4731
4732
4733
4734
4740
4741
4746
4747
4750
4751
4754
4755
4757
4758
4759
4767
4769
4774
4775
4776
4777
4780
4781
4783
4785
4786
4788
4790
4791
4792
4793
4794
4796
4797
4798
4799
4800
4801
4802
4803
4805
4807
4808
4811
4812
4814
4815
4816
4817
4819
4825
4827
4832
4835
4837
4842
4843
4845
4846
4848
4849
4852
4853
4854
4856
4859
4860
4862
4863
4864
4865
4866
4868
4875
4876
4877
4878
4880
4883
4885
4886
4887
4891
4892
4894
4897
4902
4905
4907
4913
4914
4916
4919
4921
4923
4926
4927
4930
4931
4933
4935
4937
4938
4942
4944
4948
4951
4952
4955
4958
4959
4960
4963
4966
4967
4972
4973
4975
4978
4979
4980
4981
4982
4986
4987
4990
4991
4993
4996
5000
5001
5002
5003
5005
5006
5007
5008
5010
5012
5013
5020
5023
5024
5025
5027
5030
5031
5033
5037
5038
5040
5041
5043
5044
5045
5046
5047
5049
5050
5053
5054
5055
5056
5057
5058
5061
5062
5063
5066
5069
5073
5077
5078
5079
5082
5084
5088
5089
5090
5092
5094
5097
5100
5112
5116
5117
5122
5123
5124
5125
5130
5131
5138
5142
5143
5144
5147
5151
5153
5154
5155
5157
5159
5160
5162
5164
5165
5166
5167
5170
5171
5174
5175
5179
5183
5185
5186
5188
5189
5191
5192
5193
5194
5196
5197
5200
5201
5202
5203
5204
5208
5209
5213
5214
5217
5218
5220
5221
5226
5227
5230
5232
5233
5234
5235
5236
5238
5239
5240
5241
5243
5244
5246
5247
5249
5250
5251
5252
5253
5255
5257
5260
5264
5265
5268
5269
5273
5275
5276
5277
5278
5280
5283
5285
5286
5288
5293
5294
5296
5297
5298
5300
5304
5307
5308
5310
5311
5317
5320
5322
5324
5327
5328
5329
5331
5332
5334
5335
5336
5337
5338
5341
5342
5343
5347
5348
5349
5350
5351
5353
5355
5362
5363
5364
5365
5366
5368
5375
5376
5378
5379
5381
5384
5386
5387
5393
5394
5396
5397
5401
5410
5411
5414
5419
5420
5422
5423
5425
5427
5430
5434
5436
5438
5439
5440
5442
5443
5446
5447
5449
5451
5455
5459
5460
5461
5462
5466
5468
5471
5473
5475
5476
5479
5480
5481
5482
5484
5486
5487
5490
5495
5496
5497
5498
5499
5500
5501
5502
5503
5508
5509
5510
5511
5512
5513
5518
5519
5521
5522
5523
5524
5525
5527
5533
5534
5536
5538
5539
5541
5545
5546
5548
5550
5553
5554
5557
5558
5560
5561
5565
5566
5569
5570
5572
5575
5576
5578
5579
5580
5581
5583
5585
5588
5595
5596
5597
5599
5600
5611
5614
5618
5619
5620
5626
5630
5632
5636
5640
5641
5642
5644
5646
5647
5648
5656
5657
5658
5663
5664
5666
5668
5669
5671
5672
5675
5676
5677
5679
5680
5681
5682
5685
5687
5689
5692
5694
5698
5699
5702
5703
5707
5709
5711
5712
5720
5721
5723
5724
5725
5726
5730
5733
5735
5737
5738
5739
5742
5743
5749
5752
5753
5755
5757
5760
5761
5764
5767
5768
5769
5777
5781
5787
5793
5799
5800
5801
5802
5807
5812
5813
5818
5820
5822
5824
5826
5829
5836
5841
5845
5851
5853
5858
5859
5860
5864
5865
5866
5870
5874
5875
5877
5879
5881
5882
5883
5884
5885
5886
5888
5889
5890
5892
5898
5900
5901
5904
5906
5915
5919
5922
5924
5925
5927
5929
5932
5934
5935
5939
5942
5952
5953
5960
5961
5963
5965
5968
5972
5973
5974
5975
5977
5979
5981
5987
5989
5990
5995
5996
5999
6001
6006
6011
6013
6017
6021
6029
6033
6034
6039
6041
6042
6043
6044
6045
6047
6053
6054
6055
6060
6065
6068
6069
6070
6071
6075
6076
6079
6081
6082
6084
6086
6087
6088
6089
6091
6094
6095
6096
6098
6101
6102
6103
6104
6105
6108
6109
6110
6111
6114
6115
6116
6118
6120
6121
6122
6124
6126
6127
6128
6129
6130
6131
6136
6138
6142
6144
6149
6150
6151
6152
6156
6157
6158
6163
6165
6167
6169
6170
6171
6173
6179
6188
6189
6190
6194
6198
6200
6201
6202
6203
6204
6205
6206
6207
6208
6209
6210
6212
6213
6214
6215
6219
6220
6221
6224
6226
6228
6229
6232
6233
6234
6235
6238
6239
6240
6241
6242
6243
6244
6245
6246
6247
6249
6250
6251
6252
6253
6254
6255
6256
6257
6258
6260
6262
6263
6264
6265
6267
6268
6272
6273
6274
6276
6277
6278
6279
6280
6281
6282
6283
6284
6285
6286
6287
6288
6289
6290
6291
6293
6295
6296
6298
6299
6302
6303
6304
6305
6306
6307
6308
6310
6311
6312
6313
6315
6316
6318
6319
6320
6321
6324
6325
6326
6327
6328
6329
6330
6331
6332
6333
6334
6335
6337
6338
6340
6341
6342
6343
6345
6347
6348
6349
6350
6351
6353
6355
6356
6358
6359
6361
6363
6364
6365
6367
6368
6369
6370
6371
6373
6374
6376
6379
6380
6381
6382
6383
6384
6386
6388
6390
6391
6392
6393
6394
6395
6396
6399
6400
6401
6403
6404
6405
6407
6408
6410
6411
6412
6413
6414
6415
6416
6417
6418
6420
6422
6424
6426
6427
6428
6430
6431
6432
6433
6434
6435
6436
6437
6438
6439
6440
6442
6443
6444
6445
6447
6448
6449
6450
6451
6452
6454
6455
6456
6457
6458
6460
6461
6462
6465
6467
6469
6471
6472
6474
6475
6476
6478
6479
6481
6482
6486
6487
6488
6490
6491
6492
6493
6494
6495
6496
6497
6498
6500
6502
6503
6504
6507
6509
6513
6514
6519
6520
6521
6523
6525
6526
6527
6528
6529
6530
6533
6535
6536
6538
6539
6540
6543
6544
6546
6549
6551
6552
6553
6555
6556
6557
6559
6560
6561
6562
6564
6566
6567
6568
6569
6572
6576
6579
6581
6582
6584
6585
6587
6590
6591
6595
6597
6600
6601
6602
6603
6604
6606
6608
6609
6611
6612
6615
6616
6617
6618
6620
6621
6623
6624
6625
6627
6628
6629
6630
6631
6632
6633
6636
6637
6639
6641
6642
6649
6652
6653
6654
6656
6657
6658
6660
6661
6662
6663
6664
6670
6673
6674
6676
6677
6680
6684
6686
6687
6688
6690
6691
6693
6694
6696
6697
6698
6700
6701
6703
6704
6705
6706
6707
6709
6710
6711
6713
6715
6716
6717
6718
6719
6721
6722
6724
6725
6730
6732
6733
6736
6737
6738
6739
6744
6745
6746
6747
6750
6751
6752
6756
6759
6762
6763
6765
6766
6768
6769
6772
6775
6777
6779
6780
6787
6796
6799
6800
6806
6807
6808
6813
6815
6816
6818
6820
6822
6825
6829
6833
6836
6837
6839
6841
6842
6844
6845
6848
6851
6852
6860
6863
6864
6868
6870
6872
6873
6881
6885
6887
6888
6890
6891
6893
6896
6901
6903
6904
6907
6908
6909
6911
6914
6915
6916
6917
6918
6919
6921
6924
6926
6928
6929
6933
6934
6939
6940
6943
6945
6946
6949
6950
6952
6953
6954
6955
6957
6958
6959
6962
6965
6966
6967
6968
6971
6972
6975
6978
6979
6982
6986
6990
6992
6996
6997
7000
7001
7002
7004
7005
7006
7008
7009
7011
7013
7015
7016
7019
7020
7021
7023
7024
7026
7028
7029
7030
7031
7032
7033
7035
7036
7037
7038
7039
7041
7043
7046
7047
7048
7051
7058
7060
7062
7063
7065
7069
7070
7071
7074
7075
7077
7084
7085
7089
7091
7094
7095
7098
7099
7102
7103
7106
7107
7108
7109
7110
7111
7112
7113
7118
7120
7123
7124
7126
7128
7129
7130
7131
7132
7136
7137
7139
7141
7143
7144
7149
7152
7153
7154
7155
7156
7159
7160
7162
7164
7165
7168
7169
7171
7173
7176
7177
7178
7179
7180
7181
7182
7184
7185
7187
7188
7191
7195
7196
7198
7199
7200
7201
7202
7203
7204
7206
7207
7208
7210
7211
7212
7214
7215
7216
7217
7221
7222
7224
7226
7228
7229
7231
7233
7234
7235
7238
7240
7244
7245
7246
7248
7249
7250
7251
7253
7254
7258
7259
7262
7266
7267
7268
7269
7270
7271
7272
7273
7274
7275
7276
7277
7279
7280
7281
7284
7285
7291
7292
7293
7295
7296
7298
7300
7302
7303
7305
7306
7307
7312
7313
7314
7317
7318
7320
7321
7323
7324
7328
7331
7332
7334
7335
7336
7337
7339
7340
7342
7343
7344
7345
7348
7351
7352
7354
7356
7357
7359
7361
7362
7364
7367
7369
7370
7371
7372
7374
7375
7376
7379
7380
7381
7382
7383
7384
7385
7386
7387
7388
7389
7390
7391
7392
7393
7396
7398
7399
7402
7405
7408
7411
7412
7413
7415
7416
7417
7419
7421
7422
7424
7425
7426
7427
7429
7430
7433
7441
7443
7447
7448
7449
7454
7457
7461
7465
7467
7474
7475
7482
7483
7485
7487
7490
7498
7502
7512
7527
7544
7546
7551
7554
7562
7565
7572
7573
7582
7584
7585
7586
7587
7588
7590
7591
7594
7604
7611
7613
7617
7618
7634
7644
7662
7666
7668
7683
7689
7690
7701
7712
7714
7719
7721
7726
7728
7733
7760
7764
7765
7766
7771
7781
7784
7785
7790
7798
7809
7826
7829
7832
7838
7849
7853
7861
7862
7869
7876
7882
7893
7894
7913
7917
7919
7921
7922
7923
7927
7928
7934
7937
7942
7954
7957
7968
7984
7988
7991
8001
8006
8009
8011
8014
8027
8044
8064
8070
8072
8090
8093
8095
8098
8102
8105
8107
8108
8109
8110
8111
8112
8113
8114
8116
8117
8119
8120
8121
8122
8123
8125
8127
8129
8130
8131
8132
8133
8136
8138
8139
8142
8144
8145
8146
8147
8150
8152
8153
8155
8158
8159
8160
8163
8165
8166
8169
8170
8181
8184
8185
8186
8187
8188
8190
8192
8196
8197
8198
8200
8201
8206
8210
8211
8212
8215
8216
8218
8219
8225
8226
8227
8229
8232
8233
8234
8235
8237
8238
8239
8245
8246
8247
8248
8250
8251
8255
8256
8257
8258
8260
8261
8264
8268
8270
8271
8272
8273
8274
8277
8278
8279
8286
8287
8291
8295
8296
8297
8300
8301
8307
8310
8312
8316
8318
8321
8322
8323
8325
8329
8330
8331
8332
8333
8334
8335
8337
8338
8348
8357
8359
8361
8366
8367
8373
8376
8378
8384
8385
8387
8393
8397
8399
8402
8403
8407
8411
8413
8415
8417
8418
8423
8426
8427
8428
8432
8433
8434
8435
8437
8442
8445
8446
8447
8455
8460
8468
8470
8472
8473
8476
8478
8479
8481
8482
8483
8486
8488
8492
8493
8496
8500
8502
8503
8504
8505
8506
8507
8510
8511
8513
8515
8523
8525
8528
8531
8532
8534
8537
8540
8541
8542
8546
8549
8551
8553
8556
8559
8561
8564
8567
8572
8573
8574
8576
8577
8578
8580
8581
8586
8590
8592
8595
8596
8602
8605
8606
8619
8621
8622
8627
8628
8635
8637
8638
8642
8645
8647
8649
8651
8654
8656
8658
8660
8664
8669
8673
8674
8677
8680
8681
8684
8687
8688
8693
8694
8701
8704
8707
8709
8710
8713
8714
8719
8726
8727
8728
8731
8743
8747
8749
8751
8752
8753
8754
8758
8759
8767
8769
8775
8776
8777
8789
8792
8794
8796
8797
8798
8801
8803
8804
8805
8807
8811
8814
8821
8824
8826
8830
8831
8832
8833
8835
8839
8840
8847
8850
8854
8855
8857
8860
8864
8865
8867
8869
8873
8874
8876
8877
8884
8886
8887
8889
8893
8896
8897
8900
8901
8904
8906
8908
8912
8914
8915
8916
8922
8923
8927
8944
8947
8948
8953
8955
8958
8959
8961
8962
8963
8964
8967
8978
8979
8983
8984
8987
8989
8991
8996
9000
9002
9003
9004
9007
9008
9011
9013
9017
9018
9021
9023
9024
9026
9027
9032
9036
9037
9038
9041
9044
9046
9051
9057
9062
9063
9064
9065
9066
9070
9072
9076
9077
9079
9084
9086
9087
9092
9093
9096
9101
9103
9104
9110
9114
9116
9118
9121
9126
9129
9131
9144
9148
9149
9154
9156
9163
9172
9175
9184
9186
9187
9188
9189
9194
9195
9201
9209
9211
9215
9216
9223
9224
9226
9235
9237
9238
9239
9241
9246
9247
9259
9260
9261
9262
9270
9277
9282
9290
9297
9303
9307
9308
9309
9310
9315
9318
9319
9320
9322
9323
9324
9330
9333
9334
9335
9336
9338
9346
9350
9361
9365
9368
9372
9376
9380
9381
9382
9383
9384
9385
9395
9396
9399
9400
9403
9406
9418
9419
9423
9425
9429
9439
9440
9441
9444
9453
9456
9458
9467
9470
9473
9474
9475
9478
9480
9483
9485
9489
9495
9502
9509
9510
9513
9515
9517
9518
9523
9525
9532
9540
9541
9544
9546
9548
9553
9557
9561
9565
9567
9578
9579
9580
9586
9589
9591
9594
9595
9597
9599
9600
9613
9616
9634
9639
9651
9657
9658
9659
9661
9667
9669
9674
9675
9679
9694
9695
9707
9715
9718
9719
9722
9725
9726
9736
9746
9747
9748
9751
9754
9756
9761
9769
9774
9775
9776
9778
9779
9780
9782
9784
9787
9790
9792
9798
9800
9801
9802
9803
9808
9810
9811
9815
9818
9819
9822
9825
9834
9836
9838
9840
9843
9846
9848
9849
9850
9851
9852
9856
9857
9858
9859
9860
9864
9867
9869
9871
9872
9875
9881
9883
9885
9886
9887
9888
9889
9891
9893
9895
9902
9912
9915
9916
9917
9919
9921
9923
9924
9931
9933
9934
9938
9940
9941
9942
9943
9945
9946
9947
9948
9950
9952
9953
9954
9956
9960
9961
9962
9963
9964
9966
9967
9969
9970
9971
9972
9973
9974
9975
9976
9978
9979
9981
9982
9985
9989
9990
9991
9992
9993
9994
9996
9997
9998
9999
10001
10002
10004
10005
10006
10007
10012
10013
10014
10016
10017
10018
10019
10022
10024
10025
10027
10028
10029
10030
10032
10033
10036
10039
10040
10041
10042
10043
10044
10045
10046
10048
10050
10051
10053
10054
10055
10056
10057
10058
10061
10062
10063
10064
10065
10067
10069
10071
10072
10073
10075
10076
10078
10079
10083
10084
10089
10091
10092
10093
10094
10095
10096
10098
10099
10100
10102
10104
10105
10106
10107
10108
10109
10110
10113
10114
10117
10118
10119
10120
10121
10125
10126
10127
10128
10129
10131
10134
10135
10137
10138
10139
10140
10142
10146
10147
10148
10149
10150
10151
10152
10154
10155
10157
10158
10159
10161
10162
10163
10164
10166
10168
10169
10170
10172
10174
10175
10183
10184
10186
10187
10188
10190
10193
10194
10195
10201
10202
10204
10205
10208
10210
10212
10213
10214
10221
10223
10224
10225
10226
10228
10230
10233
10235
10238
10239
10241
10243
10244
10246
10247
10249
10250
10252
10254
10257
10258
10259
10261
10264
10265
10267
10270
10271
10272
10273
10275
10276
10277
10278
10280
10281
10283
10284
10286
10287
10292
10296
10298
10301
10311
10314
10318
10323
10326
10330
10332
10334
10335
10336
10337
10339
10340
10341
10343
10345
10347
10348
10349
10356
10357
10358
10361
10362
10363
10364
10365
10366
10368
10370
10371
10372
10374
10375
10377
10379
10380
10382
10383
10385
10386
10387
10389
10401
10402
10403
10404
10406
10408
10409
10411
10412
10414
10415
10416
10417
10418
10420
10422
10424
10426
10427
10428
10431
10432
10433
10434
10439
10441
10442
10443
10444
10445
10446
10447
10450
10451
10453
10454
10457
10458
10461
10463
10464
10465
10467
10468
10470
10471
10472
10473
10476
10478
10480
10487
10489
10491
10501
10502
10504
10507
10511
10516
10517
10522
10523
10524
10527
10529
10530
10532
10536
10539
10544
10545
10549
10550
10551
10552
10555
10559
10562
10566
10577
10582
10587
10595
10598
10599
10606
10607
10613
10615
10618
10623
10624
10632
10638
10639
10641
10647
10651
10655
10656
10660
10664
10666
10667
10668
10671
10677
10679
10680
10681
10685
10686
10687
10688
10689
10692
10696
10697
10700
10702
10704
10705
10706
10709
10713
10714
10715
10716
10722
10726
10727
10729
10730
10733
10734
10735
10736
10738
10739
10745
10750
10752
10753
10754
10756
10760
10763
10767
10772
10774
10777
10779
10782
10784
10785
10789
10791
10792
10793
10803
10806
10811
10812
10813
10816
10817
10819
10823
10824
10825
10826
10832
10834
10835
10839
10842
10844
10845
10846
10847
10848
10849
10851
10852
10853
10855
10856
10858
10864
10866
10867
10870
10874
10877
10878
10882
10883
10884
10885
10887
10888
10889
10891
10894
10895
10896
10898
10899
10901
10902
10905
10906
10909
10912
10915
10918
10919
10920
10921
10922
10924
10926
10928
10929
10930
10931
10933
10936
10937
10938
10940
10942
10946
10947
10949
10957
10959
10963
10964
10965
10967
10968
10972
10973
10974
10978
10981
10982
10985
10986
10987
10989
10994
10996
10997
10998
11000
11002
11005
11007
11009
11010
11011
11012
11013
11017
11025
11026
11028
11030
11031
11032
11033
11034
11036
11038
11040
11041
11042
11044
11045
11046
11047
11050
11051
11053
11057
11058
11059
11062
11068
11069
11071
11074
11075
11078
11079
11081
11083
11084
11085
11086
11087
11088
11089
11094
11097
11099
11100
11102
11103
11104
11105
11106
11112
11115
11116
11117
11119
11121
11122
11123
11124
11126
11127
11131
11132
11133
11136
11137
11138
11139
11140
11141
11142
11146
11148
11154
11156
11162
11163
11164
11165
11166
11168
11175
11179
11182
11189
11193
11196
11199
11202
11203
11204
11212
11216
11217
11231
11232
11236
11239
11244
11245
11250
11251
11254
11255
11266
11268
11278
11279
11283
11284
11285
11287
11288
11289
11294
11298
11300
11302
11304
11306
11307
11310
11312
11327
11334
11338
11344
11355
11356
11371
11374
11380
11382
11385
11390
11400
11403
11405
11406
11414
11417
11422
11429
11433
11437
11438
11463
11468
11469
11491
11495
11499
11504
11506
11525
11528
11530
11538
11543
11553
11559
11560
11569
11577
11585
11594
11595
11596
11600
11602
11604
11607
11608
11610
11622
11630
11641
11646
11648
11650
11652
11653
11654
11661
11666
11667
11677
11680
11681
11687
11691
11694
11698
11700
11704
11707
11724
11725
11726
11728
11738
11739
11744
11762
11771
11773
11778
11779
11782
11785
11800
11805
11810
11816
11818
11820
11821
11822
11823
11824
11825
11826
11827
11828
11829
11830
11831
11832
11833
11834
11835
11836
11837
11839
11841
11842
11843
11844
11846
11848
11849
11850
11853
11856
11857
11858
11859
11860
11861
11862
11864
11866
11867
11869
11870
11871
11873
11875
11878
11881
11882
11883
11884
11888
11889
11890
11891
11892
11895
11897
11900
11904
11907
11910
11911
11912
11915
11917
11918
11919
11920
11921
11923
11924
11926
11927
11928
11930
11931
11932
11934
11936
11937
11941
11942
11943
11944
11949
11950
11951
11953
11954
11955
11958
11960
11961
11962
11963
11965
11966
11971
11972
11974
11975
11977
11978
11979
11981
11983
11984
11986
11987
11991
11992
11994
11995
11998
11999
12000
12003
12004
12005
12010
12015
12024
12030
12036
12037
12043
12045
12046
12048
12052
12057
12058
12059
12063
12064
12066
12067
12070
12075
12077
12079
12080
12081
12087
12092
12098
12099
12100
12104
12107
12108
12112
12119
12121
12124
12127
12128
12129
12131
12132
12136
12137
12142
12143
12144
12148
12149
12150
12151
12158
12161
12162
12166
12168
12171
12174
12180
12185
12186
12187
12192
12193
12195
12196
12197
12199
12203
12204
12205
12208
12213
12214
12216
12217
12218
12221
12222
12223
12224
12225
12226
12228
12229
12235
12239
12240
12242
12243
12244
12245
12247
12249
12255
12258
12260
12263
12265
12267
12273
12274
12277
12278
12281
12284
12288
12290
12291
12292
12293
12299
12301
12302
12304
12306
12307
12310
12311
12314
12316
12317
12319
12320
12322
12325
12329
12332
12333
12334
12338
12341
12342
12345
12347
12348
12349
12351
12353
12356
12359
12360
12361
12363
12366
12368
12370
12372
12373
12374
12376
12378
12379
12380
12381
12383
12391
12392
12394
12395
12400
12401
12403
12406
12410
12412
12413
12414
12415
12418
12421
12431
12436
12440
12441
12442
12443
12447
12450
12453
12458
12459
12460
12461
12465
12466
12468
12469
12472
12473
12474
12475
12476
12478
12482
12483
12492
12494
12497
12508
12510
12512
12515
12516
12517
12518
12522
12523
12524
12525
12528
12529
12530
12531
12533
12534
12535
12536
12540
12541
12542
12545
12547
12552
12556
12558
12565
12567
12568
12569
12570
12571
12577
12578
12580
12581
12583
12585
12587
12588
12590
12600
12603
12605
12607
12609
12612
12617
12618
12620
12626
12628
12629
12630
12631
12634
12636
12637
12639
12643
12645
12646
12649
12654
12656
12658
12659
12662
12664
12666
12669
12671
12672
12674
12675
12677
12678
12680
12681
12685
12689
12695
12700
12701
12702
12705
12710
12711
12714
12721
12724
12732
12735
12741
12745
12749
12752
12754
12755
12758
12762
12765
12767
12769
12772
12775
12782
12787
12790
12795
12796
12801
12804
12807
12810
12812
12815
12816
12817
12818
12820
12824
12825
12828
12830
12832
12836
12842
12847
12848
12851
12852
12854
12857
12862
12864
12865
12867
12868
12870
12871
12873
12876
12879
12887
12901
12902
12905
12907
12908
12909
12910
12911
12917
12921
12923
12925
12930
12932
12933
12938
12939
12941
12946
12948
12951
12952
12953
12954
12955
12961
12962
12964
12972
12976
12981
12982
12984
12988
12990
12992
12997
12998
13000
13003
13004
13005
13008
13010
13011
13018
13019
13021
13024
13025
13026
13028
13029
13033
13034
13038
13039
13042
13048
13052
13054
13058
13066
13079
13081
13082
13086
13087
13097
13098
13099
13103
13108
13109
13110
13112
13113
13115
13117
13121
13123
13132
13134
13137
13139
13144
13146
13148
13152
13154
13161
13163
13165
13166
13169
13174
13175
13179
13180
13182
13185
13188
13189
13192
13197
13202
13205
13207
13208
13211
13212
13214
13215
13216
13218
13221
13224
13227
13231
13234
13242
13244
13245
13249
13250
13258
13265
13267
13268
13271
13276
13277
13285
13288
13294
13298
13299
13303
13304
13305
13306
13310
13311
13312
13313
13314
13316
13317
13327
13337
13342
13343
13347
13348
13350
13352
13353
13358
13360
13361
13366
13367
13372
13379
13381
13386
13389
13394
13397
13403
13406
13407
13409
13414
13418
13420
13421
13424
13425
13426
13427
13430
13439
13440
13443
13444
13455
13460
13464
13467
13469
13475
13476
13483
13484
13485
13488
13489
13491
13492
13493
13494
13498
13499
13500
13504
13507
13509
13512
13517
13522
13523
13524
13525
13526
13529
13530
13531
13533
13534
13536
13538
13539
13543
13544
13546
13547
13548
13549
13550
13552
13555
13556
13557
13559
13560
13564
13568
13569
13570
13571
13572
13575
13577
13578
13580
13581
13584
13585
13586
13587
13590
13591
13596
13597
13598
13603
13607
13616
13619
13620
13626
13629
13630
13631
13632
13633
13635
13636
13637
13640
13641
13647
13648
13651
13652
13654
13655
13656
13657
13660
13662
13663
13664
13666
13668
13670
13671
13672
13674
13675
13676
13679
13680
13681
13682
13683
13684
13686
13690
13691
13692
13693
13694
13695
13696
13698
13699
13701
13702
13703
13704
13706
13708
13710
13711
13712
13715
13716
13718
13719
13721
13722
13723
13724
13726
13727
13731
13732
13733
13734
13736
13737
13738
13739
13740
13741
13743
13744
13746
13749
13750
13752
13754
13756
13757
13758
13761
13762
13763
13766
13768
13770
13771
13775
13776
13778
13779
13781
13783
13784
13788
13790
13792
13794
13795
13796
13797
13798
13800
13802
13803
13809
13810
13812
13814
13815
13817
13818
13820
13821
13823
13824
13825
13826
13827
13828
13831
13832
13833
13834
13835
13839
13841
13842
13843
13844
13845
13846
13848
13849
13850
13852
13853
13854
13855
13858
13860
13861
13862
13863
13865
13866
13867
13868
13870
13871
13873
13875
13876
13878
13879
13880
13881
13882
13886
13887
13889
13890
13897
13905
13907
13911
13914
13915
13916
13917
13921
13922
13924
13926
13928
13930
13934
13935
13936
13937
13940
13941
13942
13947
13950
13951
13955
13957
13958
13961
13962
13963
13964
13966
13967
13968
13971
13972
13973
13975
13977
13980
13983
13984
13986
13987
13992
13994
13996
13997
14001
14003
14007
14008
14010
14012
14018
14023
14026
14027
14029
14032
14033
14036
14038
14039
14040
14041
14045
14046
14048
14049
14051
14055
14056
14057
14058
14059
14060
14061
14062
14064
14070
14072
14073
14074
14075
14076
14080
14082
14084
14085
14087
14088
14089
14090
14091
14092
14093
14096
14099
14101
14106
14107
14108
14110
14115
14116
14118
14121
14122
14126
14128
14129
14131
14132
14134
14135
14138
14140
14144
14146
14147
14149
14155
14156
14158
14160
14164
14165
14167
14168
14172
14173
14175
14178
14180
14182
14184
14185
14190
14194
14197
14200
14203
14205
14206
14210
14212
14218
14219
14223
14224
14230
14231
14232
14234
14238
14241
14242
14243
14244
14248
14249
14250
14252
14253
14258
14260
14261
14262
14265
14269
14270
14276
14280
14291
14293
14296
14297
14298
14301
14303
14305
14309
14314
14316
14317
14319
14321
14324
14327
14329
14330
14335
14337
14339
14340
14341
14342
14346
14347
14352
14354
14356
14357
14359
14361
14362
14364
14369
14374
14375
14378
14380
14382
14383
14385
14386
14390
14392
14393
14394
14395
14396
14400
14404
14406
14408
14413
14415
14416
14418
14420
14424
14426
14428
14430
14432
14433
14434
14436
14437
14439
14441
14443
14445
14446
14448
14449
14450
14451
14453
14454
14456
14459
14460
14466
14467
14468
14470
14471
14472
14475
14476
14477
14479
14485
14486
14488
14491
14493
14494
14497
14501
14503
14505
14506
14507
14508
14510
14511
14520
14521
14522
14525
14527
14530
14531
14534
14535
14536
14537
14538
14539
14540
14541
14546
14548
14549
14551
14552
14553
14558
14559
14560
14561
14564
14565
14566
14567
14568
14569
14571
14572
14575
14576
14577
14578
14580
14581
14584
14586
14588
14592
14599
14601
14602
14603
14605
14608
14612
14613
14621
14622
14625
14626
14629
14630
14631
14632
14635
14639
14640
14641
14644
14645
14646
14648
14649
14650
14652
14656
14659
14661
14663
14665
14666
14673
14674
14675
14677
14679
14681
14682
14686
14687
14690
14694
14695
14697
14698
14699
14700
14701
14702
14703
14704
14705
14706
14707
14708
14709
14712
14713
14716
14720
14722
14723
14729
14730
14731
14735
14736
14741
14742
14744
14746
14748
14749
14751
14752
14754
14755
14758
14759
14761
14762
14764
14765
14767
14768
14771
14772
14773
14776
14777
14778
14779
14780
14782
14784
14786
14789
14792
14794
14795
14796
14797
14798
14799
14800
14801
14803
14807
14811
14814
14816
14817
14818
14819
14820
14821
14824
14826
14828
14829
14830
14832
14833
14834
14835
14836
14837
14838
14841
14842
14843
14845
14847
14849
14855
14857
14861
14864
14866
14871
14873
14874
14875
14876
14877
14880
14886
14893
14895
14898
14902
14910
14913
14914
14923
14927
14939
14944
14968
14970
14979
14982
14993
14994
15000
15001
15002
15007
15008
15010
15014
15018
15021
15022
15028
15070
15075
15076
15096
15111
15115
15116
15137
15144
15156
15162
15169
15178
15192
15196
15198
15219
15225
15230
15231
15234
15236
15242
15253
15264
15272
15275
15277
15283
15290
15298
15321
15328
15336
15346
15381
15385
15389
15391
15392
15414
15418
15429
15444
15448
15455
15457
15485
15497
15532
15533
15534
15535
15536
15537
15539
15540
15541
15542
15545
15548
15550
15551
15552
15553
15554
15555
15557
15559
15560
15561
15563
15564
15565
15567
15570
15571
15572
15574
15575
15576
15577
15578
15581
15583
15584
15587
15588
15589
15591
15593
15594
15598
15602
15606
15608
15609
15613
15614
15615
15620
15622
15625
15627
15628
15629
15631
15634
15635
15636
15638
15640
15646
15649
15651
15654
15656
15657
15659
15661
15663
15664
15668
15669
15671
15674
15675
15677
15679
15680
15682
15686
15688
15689
15692
15693
15694
15696
15697
15700
15703
15704
15706
15707
15708
15710
15714
15715
15717
15718
15719
15720
15721
15729
15732
15736
15737
15739
15740
15746
15748
15751
15755
15760
15767
15771
15775
15776
15780
15789
15790
15791
15794
15796
15800
15801
15803
15806
15812
15813
15814
15818
15821
15825
15830
15833
15838
15841
15842
15843
15844
15845
15848
15851
15852
15855
15856
15857
15861
15863
15864
15868
15869
15872
15874
15878
15880
15883
15886
15890
15891
15892
15893
15894
15895
15900
15904
15906
15907
15911
15916
15917
15924
15930
15931
15933
15934
15936
15937
15941
15942
15943
15945
15949
15950
15954
15959
15963
15969
15977
15979
15981
15982
15983
15987
15997
16003
16005
16006
16008
16012
16015
16018
16024
16031
16033
16034
16036
16043
16047
16050
16055
16063
16066
16069
16070
16072
16075
16077
16086
16088
16091
16093
16097
16101
16103
16104
16108
16109
16110
16114
16127
16128
16135
16142
16144
16147
16150
16152
16154
16155
16156
16158
16167
16171
16172
16173
16177
16179
16180
16181
16186
16190
16191
16194
16196
16197
16204
16208
16211
16212
16214
16217
16219
16220
16224
16225
16226
16227
16230
16231
16232
16239
16242
16246
16248
16250
16252
16259
16260
16263
16264
16265
16266
16272
16274
16277
16279
16283
16284
16285
16292
16295
16296
16301
16302
16305
16308
16311
16314
16317
16323
16326
16329
16333
16334
16338
16343
16344
16345
16348
16350
16351
16356
16360
16368
16369
16371
16376
16377
16383
16385
16387
16391
16392
16393
16394
16395
16396
16398
16399
16408
16411
16415
16416
16417
16418
16420
16422
16425
16426
16430
16433
16436
16440
16442
16447
16449
16451
16452
16457
16466
16470
16473
16485
16497
16498
16507
16508
16509
16512
16513
16518
16520
16532
16534
16537
16538
16540
16541
16542
16546
16550
16551
16553
16556
16561
16565
16566
16571
16576
16579
16580
16582
16583
16584
16587
16588
16589
16593
16594
16601
16603
16607
16615
16616
16617
16618
16621
16622
16623
16626
16629
16630
16632
16636
16644
16645
16649
16652
16653
16665
16669
16673
16675
16684
16690
16695
16699
16701
16702
16707
16714
16727
16735
16737
16741
16745
16753
16760
16764
16765
16766
16768
16774
16776
16787
16798
16800
16802
16804
16806
16808
16814
16817
16820
16824
16827
16829
16834
16840
16841
16842
16845
16853
16856
16866
16868
16873
16881
16884
16887
16889
16890
16893
16896
16901
16902
16903
16906
16913
16914
16915
16917
16919
16929
16943
16944
16951
16956
16964
16968
16969
16972
16974
16979
16984
16985
16989
16992
16993
16996
17000
17003
17005
17006
17009
17022
17025
17026
17028
17029
17031
17035
17036
17041
17047
17060
17071
17074
17080
17085
17091
17095
17097
17102
17103
17109
17110
17114
17121
17130
17138
17140
17147
17154
17157
17159
17161
17163
17166
17170
17171
17181
17182
17183
17185
17187
17199
17201
17202
17206
17207
17210
17212
17213
17214
17218
17220
17223
17224
17226
17235
17237
17238
17239
17240
17243
17245
17246
17247
17250
17251
17252
17253
17254
17257
17260
17262
17263
17264
17266
17267
17271
17272
17274
17276
17277
17278
17283
17284
17286
17289
17291
17292
17293
17294
17299
17300
17301
17302
17303
17311
17312
17313
17315
17317
17318
17321
17322
17325
17332
17333
17334
17335
17337
17342
17343
17344
17345
17346
17347
17348
17350
17351
17354
17355
17356
17357
17359
17360
17361
17362
17367
17368
17369
17370
17371
17372
17374
17376
17377
17381
17382
17383
17384
17385
17386
17388
17389
17390
17391
17392
17393
17394
17395
17397
17398
17402
17403
17405
17408
17409
17412
17414
17416
17417
17418
17419
17421
17422
17425
17429
17430
17432
17433
17435
17438
17439
17440
17441
17442
17444
17445
17447
17448
17450
17451
17452
17453
17454
17455
17457
17458
17460
17461
17463
17467
17468
17470
17472
17473
17474
17476
17480
17485
17487
17489
17490
17491
17493
17495
17496
17497
17498
17499
17500
17501
17502
17504
17507
17509
17511
17512
17514
17515
17516
17521
17522
17523
17524
17526
17530
17532
17534
17535
17536
17538
17539
17540
17541
17543
17545
17548
17550
17552
17553
17556
17557
17562
17565
17566
17567
17568
17569
17571
17574
17576
17577
17578
17579
17580
17585
17586
17587
17589
17592
17594
17596
17598
17600
17603
17605
17607
17609
17614
17615
17616
17618
17619
17620
17621
17625
17629
17632
17633
17635
17639
17641
17642
17645
17646
17650
17653
17654
17656
17657
17660
17661
17662
17665
17668
17671
17673
17674
17675
17677
17678
17681
17682
17685
17686
17687
17688
17692
17693
17694
17697
17698
17699
17700
17701
17702
17703
17705
17706
17708
17709
17711
17718
17721
17722
17723
17724
17726
17728
17729
17730
17731
17732
17736
17738
17743
17744
17750
17751
17753
17754
17757
17758
17759
17760
17761
17765
17766
17767
17768
17769
17771
17773
17775
17776
17779
17781
17784
17785
17791
17797
17799
17801
17802
17803
17806
17809
17810
17812
17814
17815
17817
17818
17819
17821
17823
17824
17826
17828
17829
17831
17832
17834
17836
17837
17839
17840
17842
17845
17848
17850
17854
17857
17860
17862
17865
17866
17867
17869
17871
17872
17873
17875
17878
17879
17880
17881
17886
17889
17892
17894
17904
17905
17906
17909
17915
17917
17924
17925
17929
17931
17934
17938
17939
17941
17942
17944
17945
17948
17950
17954
17955
17958
17962
17966
17967
17975
17976
17978
17979
17981
17983
17987
17989
17990
17994
17995
18000
18008
18010
18015
18019
18020
18023
18025
18027
18028
18029
18030
18033
18035
18038
18043
18046
18047
18049
18051
18052
18053
18054
18060
18062
18065
18066
18067
18069
18076
18078
18079
18083
18085
18086
18088
18092
18094
18095
18096
18098
18102
18104
18106
18109
18112
18113
18114
18118
18122
18125
18127
18130
18132
18133
18134
18136
18138
18139
18140
18142
18143
18144
18150
18154
18155
18157
18161
18162
18164
18171
18173
18177
18178
18180
18181
18184
18186
18193
18194
18198
18206
18207
18210
18218
18219
18220
18221
18222
18223
18229
18232
18236
18238
18241
18242
18244
18245
18248
18249
18250
18251
18253
18260
18261
18262
18264
18273
18275
18277
18278
18279
18281
18282
18284
18285
18286
18289
18291
18292
18293
18294
18295
18298
18300
18301
18302
18306
18310
18313
18314
18315
18316
18318
18319
18323
18327
18328
18329
18337
18338
18340
18342
18344
18346
18348
18353
18356
18357
18359
18360
18362
18364
18365
18367
18368
18371
18373
18374
18375
18377
18379
18380
18385
18386
18387
18390
18391
18392
18393
18396
18398
18400
18401
18404
18405
18409
18411
18414
18415
18416
18417
18419
18430
18434
18437
18439
18440
18441
18449
18453
18455
18456
18457
18458
18462
18469
18472
18473
18474
18475
18476
18477
18478
18479
18480
18482
18484
18485
18486
18488
18490
18493
18495
18496
18498
18500
18501
18503
18506
18507
18508
18509
18513
18514
18515
18516
18517
18518
18519
18521
18523
18528
18529
18530
18531
18532
18534
18538
18540
18543
18547
18549
18552
18554
18555
18557
18558
18559
18561
18562
18564
18565
18567
18568
18570
18576
18578
18581
18584
18588
18606
18607
18611
18624
18628
18631
18633
18637
18639
18642
18645
18646
18656
18661
18666
18668
18669
18671
18675
18678
18685
18686
18687
18692
18693
18696
18698
18699
18702
18705
18707
18709
18713
18714
18721
18724
18728
18731
18737
18738
18740
18742
18755
18756
18780
18784
18786
18796
18810
18819
18828
18831
18836
18838
18839
18854
18865
18870
18872
18896
18906
18908
18910
18912
18914
18933
18938
18953
18956
18958
18968
18969
18982
18989
18992
18997
19022
19032
19034
19036
19052
19069
19072
19089
19096
19108
19109
19112
19117
19122
19134
19145
19160
19167
19168
19172
19179
19181
19183
19195
19209
19213
19233
19235
19239
19240
19244
19245
19246
19251
19252
19254
19257
19259
19260
19262
19265
19266
19267
19270
19272
19274
19277
19278
19279
19280
19281
19284
19285
19286
19288
19290
19292
19294
19295
19296
19297
19298
19300
19304
19305
19306
19307
19308
19309
19310
19316
19319
19320
19327
19328
19330
19334
19335
19338
19339
19340
19342
19343
19346
19348
19352
19360
19361
19366
19367
19368
19371
19373
19374
19375
19377
19378
19379
19381
19382
19383
19386
19388
19389
19390
19391
19393
19394
19395
19398
19400
19401
19405
19406
19409
19410
19411
19415
19418
19420
19422
19423
19426
19428
19430
19431
19432
19434
19435
19443
19445
19448
19456
19460
19461
19462
19463
19464
19465
19466
19470
19471
19473
19474
19475
19476
19477
19479
19481
19482
19487
19488
19489
19493
19495
19497
19500
19501
19503
19504
19507
19508
19509
19510
19514
19515
19516
19523
19526
19528
19529
19531
19532
19534
19536
19537
19541
19542
19544
19545
19547
19548
19550
19552
19553
19555
19556
19557
19564
19565
19567
19569
19570
19571
19572
19573
19577
19578
19579
19583
19586
19588
19589
19591
19592
19594
19602
19609
19610
19613
19614
19615
19620
19623
19625
19626
19627
19631
19637
19639
19641
19642
19643
19644
19645
19648
19651
19652
19654
19656
19657
19658
19663
19667
19668
19669
19670
19672
19678
19679
19681
19683
19685
19688
19693
19700
19701
19703
19706
19710
19716
19720
19721
19722
19723
19726
19727
19731
19732
19734
19735
19736
19737
19738
19739
19743
19747
19748
19749
19750
19751
19753
19760
19761
19764
19765
19766
19770
19773
19775
19777
19778
19781
19787
19788
19789
19792
19793
19794
19797
19798
19799
19802
19804
19806
19807
19811
19812
19814
19815
19816
19817
19820
19821
19822
19823
19824
19828
19829
19830
19834
19835
19836
19838
19840
19842
19843
19845
19846
19849
19850
19851
19852
19856
19857
19859
19867
19868
19870
19872
19875
19881
19882
19883
19884
19885
19886
19890
19891
19892
19893
19895
19897
19898
19900
19901
19903
19904
19908
19909
19911
19914
19915
19918
19924
19931
19933
19934
19935
19938
19940
19941
19944
19945
19946
19948
19949
19951
19956
19958
19961
19962
19968
19970
19971
19973
19978
19981
19986
19988
19989
19990
19992
19994
19997
19999
20003
20005
20006
20007
20009
20011
20015
20019
20026
20027
20030
20031
20032
20034
20038
20040
20042
20045
20047
20048
20049
20052
20055
20057
20058
20059
20064
20070
20071
20074
20075
20076
20080
20086
20087
20089
20090
20093
20094
20103
20105
20106
20109
20112
20113
20116
20119
20121
20122
20126
20127
20129
20131
20134
20137
20138
20139
20142
20143
20144
20145
20146
20150
20152
20157
20160
20161
20163
20165
20166
20167
20168
20169
20171
20173
20174
20177
20179
20186
20188
20189
20190
20192
20193
20197
20203
20204
20208
20211
20212
20216
20218
20219
20223
20227
20229
20232
20234
20235
20236
20237
20243
20245
20250
20251
20252
20253
20255
20264
20265
20268
20269
20270
20273
20279
20285
20290
20291
20292
20293
20294
20295
20298
20299
20304
20307
20313
20315
20316
20317
20320
20323
20324
20327
20329
20331
20333
20335
20336
20337
20338
20339
20340
20342
20344
20345
20356
20357
20361
20366
20379
20381
20382
20383
20391
20392
20394
20395
20399
20400
20401
20404
20416
20418
20424
20432
20436
20438
20439
20441
20443
20448
20452
20453
20467
20468
20471
20473
20476
20477
20478
20480
20482
20485
20488
20490
20494
20495
20503
20505
20507
20513
20514
20518
20524
20525
20526
20527
20531
20533
20535
20536
20537
20541
20543
20551
20565
20571
20574
20576
20580
20584
20587
20591
20595
20602
20608
20611
20613
20615
20617
20620
20623
20624
20626
20627
20628
20633
20636
20637
20639
20643
20649
20656
20657
20658
20661
20663
20666
20668
20672
20676
20678
20682
20684
20695
20699
20702
20703
20705
20707
20719
20721
20726
20731
20732
20733
20735
20740
20741
20742
20744
20757
20765
20767
20771
20772
20773
20776
20777
20778
20783
20784
20793
20800
20805
20809
20812
20817
20818
20822
20826
20837
20843
20845
20847
20852
20853
20856
20861
20862
20867
20872
20881
20886
20888
20889
20906
20908
20909
20911
20913
20915
20916
20918
20923
20925
20927
20941
20942
20944
20945
20947
20948
20949
20951
20952
20954
20958
20959
20961
20962
20963
20964
20965
20970
20971
20974
20976
20977
20978
20980
20981
20982
20984
20986
20988
20992
20993
20996
20997
20998
20999
21000
21002
21010
21011
21012
21014
21017
21018
21019
21020
21023
21025
21027
21029
21031
21033
21042
21044
21047
21052
21054
21057
21058
21059
21061
21063
21064
21065
21066
21069
21071
21073
21074
21075
21076
21079
21080
21081
21082
21083
21084
21085
21088
21089
21090
21092
21095
21096
21098
21100
21101
21102
21103
21105
21106
21107
21108
21110
21111
21112
21114
21116
21118
21119
21120
21121
21122
21123
21124
21126
21127
21129
21131
21132
21135
21136
21138
21139
21141
21143
21147
21149
21150
21154
21155
21156
21158
21160
21161
21164
21165
21166
21167
21168
21169
21171
21172
21174
21177
21178
21179
21180
21181
21182
21184
21185
21186
21188
21189
21190
21193
21194
21195
21196
21197
21200
21201
21203
21205
21206
21207
21209
21210
21211
21213
21214
21215
21216
21217
21218
21220
21221
21222
21223
21225
21226
21229
21230
21231
21233
21234
21236
21238
21240
21242
21245
21246
21247
21248
21249
21251
21252
21254
21255
21256
21257
21259
21260
21261
21262
21263
21264
21267
21268
21269
21270
21271
21273
21276
21278
21281
21282
21285
21286
21287
21288
21289
21290
21291
21292
21293
21294
21296
21298
21299
21300
21301
21303
21304
21305
21306
21310
21311
21312
21314
21316
21317
21318
21319
21321
21328
21330
21332
21335
21336
21337
21340
21341
21342
21343
21346
21351
21353
21354
21358
21359
21365
21367
21369
21370
21372
21375
21376
21377
21379
21381
21382
21383
21384
21386
21391
21392
21394
21395
21396
21398
21399
21400
21401
21403
21406
21407
21408
21411
21412
21415
21416
21418
21419
21422
21424
21425
21430
21437
21438
21440
21441
21443
21448
21449
21450
21451
21455
21456
21457
21458
21460
21461
21465
21466
21467
21468
21472
21473
21474
21476
21477
21479
21480
21481
21482
21483
21484
21485
21486
21487
21488
21489
21490
21492
21502
21503
21504
21507
21508
21510
21512
21513
21514
21516
21517
21519
21520
21521
21524
21526
21527
21528
21530
21532
21534
21535
21536
21538
21543
21546
21548
21551
21553
21554
21556
21560
21562
21563
21564
21571
21572
21573
21574
21576
21577
21579
21580
21581
21583
21586
21587
21588
21589
21592
21595
21599
21602
21603
21606
21607
21608
21612
21614
21617
21618
21620
21621
21625
21627
21630
21631
21633
21635
21640
21641
21645
21647
21648
21651
21652
21657
21660
21663
21668
21669
21671
21677
21678
21680
21681
21683
21685
21686
21690
21692
21693
21697
21698
21701
21704
21705
21707
21708
21709
21716
21720
21723
21724
21725
21729
21732
21735
21743
21745
21746
21748
21749
21751
21757
21758
21760
21762
21763
21764
21765
21767
21768
21770
21771
21774
21776
21778
21779
21780
21781
21785
21789
21792
21797
21798
21799
21800
21802
21803
21806
21813
21814
21816
21818
21819
21820
21821
21826
21828
21829
21830
21832
21835
21836
21837
21846
21847
21848
21852
21854
21855
21856
21858
21864
21865
21869
21871
21872
21874
21877
21879
21882
21886
21887
21889
21891
21892
21895
21899
21903
21907
21909
21911
21912
21915
21916
21918
21919
21921
21927
21928
21929
21934
21935
21943
21946
21952
21953
21955
21958
21959
21962
21963
21965
21966
21967
21968
21974
21975
21976
21978
21979
21980
21983
21984
21985
21991
21992
21993
21995
21996
21997
21998
21999
22002
22003
22004
22005
22008
22009
22011
22012
22015
22016
22017
22020
22023
22027
22030
22031
22032
22036
22037
22040
22041
22042
22043
22047
22052
22053
22054
22055
22056
22057
22061
22062
22063
22065
22067
22071
22073
22076
22079
22080
22082
22088
22089
22094
22096
22097
22098
22101
22102
22104
22105
22106
22107
22110
22112
22114
22115
22116
22118
22123
22125
22126
22127
22128
22129
22130
22131
22132
22133
22136
22137
22138
22141
22148
22151
22152
22153
22156
22159
22160
22162
22163
22164
22167
22169
22170
22172
22176
22179
22180
22184
22185
22188
22190
22191
22192
22193
22195
22196
22201
22202
22205
22207
22208
22210
22211
22212
22213
22214
22215
22216
22217
22222
22223
22224
22225
22226
22227
22228
22229
22230
22231
22232
22235
22236
22237
22238
22240
22241
22242
22244
22245
22247
22248
22249
22252
22256
22257
22258
22261
22264
22266
22267
22268
22269
22270
22275
22276
22277
22278
22280
22281
22283
22284
22293
22301
22304
22305
22309
22314
22317
22321
22340
22341
22342
22343
22344
22346
22347
22358
22359
22368
22374
22379
22395
22396
22399
22401
22408
22410
22416
22419
22421
22426
22429
22430
22442
22445
22446
22449
22450
22454
22469
22472
22483
22490
22498
22513
22515
22542
22559
22571
22572
22587
22594
22600
22614
22620
22624
22641
22646
22657
22670
22671
22685
22688
22689
22694
22703
22726
22748
22768
22771
22772
22773
22779
22782
22801
22817
22827
22828
22849
22855
22872
22883
22929
22942
22959
22968
22969
22973
22974
22976
22978
22979
22981
22983
22985
22986
22988
22989
22994
22996
22997
22999
23000
23004
23006
23007
23010
23012
23013
23014
23015
23018
23019
23022
23024
23025
23028
23032
23033
23034
23036
23037
23040
23042
23044
23045
23046
23047
23050
23052
23053
23058
23059
23060
23062
23063
23064
23065
23068
23072
23073
23079
23080
23083
23084
23085
23086
23087
23088
23091
23093
23095
23097
23098
23099
23100
23102
23104
23105
23107
23108
23109
23111
23112
23116
23117
23119
23124
23128
23129
23135
23136
23141
23146
23147
23150
23151
23152
23159
23160
23163
23164
23165
23167
23168
23171
23172
23173
23174
23179
23180
23181
23185
23186
23187
23188
23189
23190
23200
23206
23207
23208
23212
23215
23217
23218
23221
23223
23226
23233
23234
23235
23236
23239
23240
23241
23242
23243
23246
23250
23251
23252
23257
23258
23261
23262
23263
23264
23265
23267
23269
23271
23274
23276
23278
23279
23280
23286
23289
23290
23291
23294
23295
23296
23297
23301
23303
23307
23308
23309
23310
23313
23315
23316
23321
23324
23325
23327
23328
23329
23332
23334
23335
23338
23339
23340
23341
23345
23346
23347
23349
23352
23355
23358
23361
23364
23365
23368
23370
23377
23382
23384
23385
23386
23388
23389
23393
23394
23395
23396
23397
23398
23399
23400
23402
23407
23408
23410
23414
23415
23416
23417
23419
23427
23429
23431
23434
23436
23440
23445
23446
23448
23451
23452
23455
23456
23461
23462
23463
23464
23467
23468
23469
23474
23476
23477
23483
23491
23493
23495
23500
23501
23505
23507
23509
23510
23511
23512
23515
23518
23521
23525
23526
23528
23532
23537
23541
23545
23549
23550
23555
23560
23566
23570
23573
23576
23579
23580
23587
23589
23595
23597
23600
23607
23608
23610
23612
23614
23625
23626
23628
23633
23638
23639
23640
23643
23650
23652
23653
23657
23658
23659
23660
23668
23670
23672
23674
23677
23680
23682
23685
23688
23696
23699
23700
23702
23707
23710
23712
23713
23716
23719
23720
23721
23729
23730
23731
23732
23733
23734
23735
23739
23740
23742
23745
23746
23751
23753
23756
23757
23758
23761
23762
23766
23770
23771
23772
23774
23778
23779
23781
23783
23784
23785
23788
23797
23800
23802
23803
23804
23808
23809
23811
23813
23814
23819
23820
23825
23827
23830
23833
23837
23840
23843
23846
23847
23851
23853
23854
23858
23859
23860
23879
23883
23892
23894
23895
23897
23899
23901
23903
23905
23908
23910
23913
23917
23918
23921
23922
23923
23925
23926
23931
23933
23948
23949
23950
23951
23957
23966
23969
23970
23974
23975
23977
23980
23982
23984
23985
23987
23989
23993
23998
23999
24004
24005
24007
24010
24012
24018
24020
24021
24027
24029
24031
24037
24043
24046
24053
24054
24055
24057
24060
24067
24074
24075
24076
24079
24080
24081
24085
24088
24091
24093
24094
24095
24097
24103
24105
24106
24118
24119
24123
24126
24128
24130
24131
24132
24133
24139
24145
24146
24155
24165
24167
24171
24172
24173
24175
24187
24189
24190
24194
24196
24198
24200
24208
24210
24212
24215
24217
24218
24221
24228
24236
24237
24238
24239
24240
24245
24250
24255
24256
24259
24262
24264
24270
24279
24281
24285
24292
24296
24300
24305
24312
24316
24317
24321
24322
24330
24331
24333
24334
24339
24342
24347
24369
24371
24373
24382
24386
24395
24397
24407
24409
24410
24413
24419
24421
24422
24429
24430
24441
24447
24452
24454
24456
24458
24459
24467
24471
24472
24473
24479
24490
24494
24495
24499
24502
24508
24513
24519
24520
24523
24525
24528
24531
24538
24539
24540
24544
24558
24560
24566
24570
24574
24579
24582
24592
24593
24602
24603
24607
24611
24612
24614
24618
24625
24627
24629
24630
24631
24634
24635
24636
24640
24645
24649
24653
24656
24660
24663
24666
24667
24672
24674
24675
24677
24678
24679
24685
24691
24692
24697
24698
24699
24701
24704
24706
24707
24709
24712
24713
24714
24718
24720
24721
24722
24726
24727
24728
24729
24731
24733
24736
24739
24740
24741
24743
24745
24746
24748
24752
24756
24764
24771
24772
24773
24775
24776
24777
24778
24779
24781
24783
24784
24785
24787
24789
24790
24793
24794
24795
24796
24797
24798
24799
24802
24804
24805
24806
24807
24808
24810
24811
24812
24814
24817
24818
24819
24821
24822
24823
24824
24825
24827
24828
24830
24832
24833
24835
24837
24838
24839
24841
24843
24844
24846
24847
24848
24849
24850
24852
24853
24854
24856
24857
24858
24859
24860
24861
24862
24863
24864
24865
24866
24867
24868
24872
24873
24874
24875
24878
24879
24880
24881
24882
24883
24885
24888
24889
24891
24894
24896
24898
24899
24900
24901
24902
24903
24907
24908
24911
24913
24915
24917
24919
24920
24921
24923
24924
24925
24926
24927
24931
24932
24936
24937
24938
24939
24940
24943
24944
24947
24948
24949
24950
24952
24954
24956
24958
24959
24960
24961
24962
24963
24965
24966
24967
24969
24970
24971
24973
24975
24976
24980
24981
24982
24984
24985
24986
24987
24990
24991
24993
24995
24996
24997
24998
25001
25002
25004
25005
25009
25010
25012
25013
25015
25017
25018
25020
25021
25022
25023
25024
25027
25029
25030
25031
25032
25037
25042
25044
25046
25047
25048
25049
25050
25055
25057
25058
25059
25060
25061
25062
25063
25065
25068
25069
25072
25073
25077
25079
25080
25081
25083
25084
25087
25088
25090
25091
25097
25100
25101
25103
25105
25108
25109
25110
25113
25114
25115
25116
25117
25120
25121
25122
25123
25126
25130
25133
25134
25136
25138
25139
25140
25142
25143
25147
25149
25150
25154
25157
25163
25167
25172
25173
25174
25178
25179
25181
25182
25183
25185
25186
25187
25188
25191
25193
25195
25196
25197
25198
25199
25201
25202
25203
25206
25212
25218
25221
25222
25223
25225
25226
25227
25228
25229
25230
25231
25232
25238
25241
25242
25244
25245
25250
25252
25255
25257
25263
25264
25268
25273
25276
25280
25282
25286
25287
25288
25289
25290
25291
25295
25297
25298
25302
25306
25309
25310
25314
25317
25318
25319
25320
25321
25323
25326
25332
25336
25337
25339
25341
25342
25343
25344
25345
25347
25357
25358
25360
25362
25370
25372
25373
25378
25379
25381
25382
25383
25387
25388
25394
25395
25400
25402
25403
25405
25407
25409
25411
25415
25418
25422
25433
25434
25435
25438
25443
25445
25446
25447
25448
25449
25455
25456
25461
25462
25463
25464
25465
25466
25467
25469
25470
25472
25479
25480
25481
25484
25485
25488
25489
25491
25492
25493
25496
25497
25498
25503
25513
25516
25519
25522
25526
25527
25530
25532
25534
25535
25537
25538
25540
25542
25546
25550
25552
25555
25560
25562
25563
25570
25571
25572
25582
25585
25586
25588
25589
25590
25591
25593
25595
25599
25601
25603
25607
25609
25613
25614
25617
25619
25620
25621
25628
25629
25630
25635
25636
25637
25641
25642
25643
25647
25648
25651
25658
25659
25663
25664
25668
25669
25672
25673
25674
25679
25680
25682
25683
25688
25689
25690
25692
25693
25700
25701
25702
25708
25710
25712
25713
25714
25716
25720
25722
25723
25726
25730
25731
25734
25738
25741
25742
25743
25748
25750
25751
25754
25756
25757
25758
25760
25761
25767
25768
25769
25770
25771
25772
25773
25774
25776
25777
25778
25781
25782
25786
25787
25788
25790
25793
25794
25796
25797
25799
25801
25802
25803
25805
25807
25808
25813
25814
25815
25816
25818
25819
25820
25821
25826
25827
25829
25830
25833
25834
25837
25839
25840
25841
25842
25843
25844
25845
25846
25848
25849
25851
25853
25854
25855
25858
25862
25865
25866
25867
25868
25869
25870
25873
25876
25877
25878
25879
25883
25885
25887
25888
25890
25892
25893
25896
25897
25898
25901
25902
25903
25904
25907
25909
25914
25915
25918
25919
25921
25922
25924
25926
25927
25928
25931
25933
25934
25937
25939
25940
25941
25942
25943
25944
25945
25946
25947
25949
25950
25952
25953
25955
25956
25957
25958
25959
25960
25962
25963
25968
25969
25971
25972
25974
25975
25976
25977
25978
25979
25980
25982
25983
25984
25985
25986
25987
25989
25991
25992
25995
25996
26003
26007
26019
26025
26030
26033
26034
26035
26038
26044
26052
26055
26057
26060
26061
26064
26070
26074
26089
26096
26109
26125
26136
26141
26143
26144
26145
26149
26150
26153
26156
26157
26160
26161
26164
26165
26166
26170
26172
26181
26188
26198
26199
26213
26218
26236
26238
26243
26250
26267
26274
26293
26295
26317
26318
26337
26338
26341
26344
26346
26355
26367
26380
26381
26393
26399
26400
26413
26416
26425
26426
26440
26467
26486
26503
26504
26506
26523
26524
26533
26537
26542
26543
26548
26552
26560
26573
26575
26578
26581
26592
26597
26600
26618
26631
26642
26652
26656
26657
26662
26663
26665
26672
26673
26674
26676
26677
26679
26680
26681
26682
26683
26685
26686
26687
26688
26689
26690
26691
26692
26693
26694
26695
26696
26699
26700
26701
26702
26704
26706
26708
26709
26711
26712
26713
26714
26716
26717
26718
26720
26721
26722
26723
26724
26725
26726
26727
26728
26730
26732
26733
26739
26740
26741
26745
26747
26748
26749
26751
26755
26756
26760
26761
26763
26764
26766
26767
26770
26771
26773
26776
26780
26781
26782
26783
26786
26787
26792
26793
26794
26798
26799
26800
26801
26804
26805
26807
26808
26811
26813
26815
26816
26817
26818
26819
26820
26821
26822
26825
26828
26831
26832
26833
26834
26835
26838
26841
26845
26847
26850
26851
26857
26862
26863
26864
26865
26866
26870
26871
26876
26877
26878
26881
26885
26888
26890
26891
26892
26893
26894
26895
26896
26898
26899
26901
26902
26904
26905
26906
26907
26916
26917
26918
26919
26920
26925
26926
26928
26929
26931
26932
26933
26934
26935
26936
26937
26939
26941
26943
26945
26948
26952
26954
26955
26957
26959
26960
26962
26965
26972
26975
26977
26979
26980
26983
26984
26985
26991
26992
26995
26996
26997
26998
27002
27004
27005
27006
27007
27008
27009
27010
27012
27013
27014
27017
27022
27023
27026
27027
27030
27035
27038
27040
27042
27043
27048
27052
27054
27055
27060
27061
27064
27068
27069
27071
27075
27076
27078
27079
27080
27081
27084
27085
27086
27089
27091
27092
27095
27096
27098
27099
27101
27103
27107
27109
27111
27113
27116
27119
27121
27122
27123
27124
27126
27127
27128
27129
27131
27132
27135
27136
27137
27140
27141
27144
27148
27149
27157
27159
27162
27166
27167
27169
27170
27171
27172
27173
27174
27175
27179
27180
27181
27182
27188
27189
27191
27198
27202
27205
27208
27209
27212
27213
27214
27215
27216
27217
27219
27221
27222
27223
27225
27226
27227
27229
27232
27234
27235
27236
27239
27242
27244
27245
27246
27247
27248
27250
27251
27254
27257
27259
27262
27263
27266
27267
27269
27270
27271
27272
27273
27274
27277
27281
27285
27287
27288
27289
27292
27295
27298
27300
27301
27303
27304
27305
27308
27312
27313
27317
27319
27320
27321
27322
27325
27328
27329
27330
27332
27334
27338
27339
27343
27347
27348
27349
27350
27352
27353
27354
27355
27356
27357
27364
27366
27368
27371
27373
27374
27376
27377
27378
27379
27381
27382
27384
27385
27386
27389
27390
27391
27394
27396
27399
27401
27406
27408
27409
27410
27412
27414
27416
27417
27418
27421
27422
27427
27428
27430
27431
27433
27434
27437
27443
27447
27454
27456
27457
27459
27460
27462
27470
27473
27474
27476
27477
27480
27481
27483
27484
27485
27486
27493
27494
27497
27499
27500
27501
27505
27508
27511
27516
27518
27519
27522
27523
27527
27528
27532
27533
27534
27535
27537
27538
27539
27544
27545
27548
27549
27553
27554
27555
27556
27557
27560
27564
27565
27572
27574
27575
27578
27579
27581
27582
27588
27591
27592
27593
27594
27597
27605
27609
27610
27612
27614
27615
27617
27618
27619
27621
27622
27627
27631
27633
27636
27637
27640
27642
27643
27645
27648
27655
27657
27658
27660
27662
27663
27670
27671
27672
27680
27681
27684
27685
27687
27691
27692
27693
27695
27696
27698
27704
27705
27707
27708
27710
27711
27714
27719
27720
27721
27723
27724
27726
27727
27728
27729
27730
27731
27735
27741
27744
27747
27748
27754
27755
27756
27763
27764
27765
27766
27768
27769
27771
27772
27773
27776
27781
27783
27784
27785
27786
27789
27793
27794
27795
27796
27797
27802
27803
27807
27809
27814
27820
27826
27827
27829
27830
27832
27839
27840
27844
27846
27847
27855
27857
27859
27866
27867
27868
27872
27873
27877
27878
27879
27882
27887
27888
27889
27891
27895
27902
27903
27904
27906
27908
27919
27921
27922
27929
27930
27931
27932
27935
27937
27942
27943
27946
27950
27951
27953
27954
27955
27959
27961
27966
27969
27973
27976
27977
27978
27979
27983
27988
27990
27993
27994
27995
28002
28007
28009
28010
28018
28023
28026
28029
28031
28032
28035
28036
28039
28041
28044
28045
28046
28052
28054
28055
28056
28058
28059
28060
28061
28064
28065
28072
28076
28077
28081
28083
28085
28086
28087
28093
28095
28100
28102
28104
28106
28108
28109
28110
28111
28114
28118
28121
28125
28127
28128
28129
28130
28134
28137
28140
28142
28143
28145
28149
28155
28156
28158
28159
28161
28162
28163
28166
28167
28168
28169
28172
28179
28183
28187
28188
28189
28192
28193
28199
28201
28207
28208
28211
28213
28221
28222
28228
28233
28239
28240
28242
28245
28246
28249
28250
28261
28265
28271
28272
28273
28277
28280
28281
28284
28295
28296
28297
28300
28305
28307
28308
28309
28312
28315
28316
28318
28323
28324
28325
28329
28332
28336
28337
28338
28342
28344
28347
28348
28349
28350
28351
28353
28354
28355
28358
28361
28363
28370
28374
28375
28377
28379
28380
28381
28384
28386
28391
28392
28393
28394
28395
28399
28400
28401
28402
28409
28412
28413
28415
28417
28418
28419
28420
28421
28424
28426
28427
28428
28430
28435
28436
28437
28439
28440
28442
28447
28449
28453
28454
28455
28457
28458
28459
28460
28462
28464
28468
28469
28470
28471
28472
28475
28476
28477
28478
28479
28481
28482
28483
28485
28487
28488
28489
28490
28492
28493
28495
28496
28499
28501
28502
28503
28504
28505
28507
28508
28509
28510
28512
28513
28515
28516
28517
28518
28519
28520
28523
28524
28526
28527
28530
28531
28532
28533
28536
28537
28538
28539
28540
28542
28543
28546
28547
28548
28549
28551
28552
28556
28559
28560
28563
28564
28565
28566
28569
28570
28571
28573
28575
28576
28577
28579
28581
28582
28583
28584
28586
28587
28589
28590
28592
28593
28594
28595
28596
28597
28599
28600
28601
28602
28603
28605
28606
28608
28610
28611
28612
28614
28615
28616
28618
28619
28622
28625
28628
28629
28631
28634
28635
28637
28638
28639
28640
28642
28643
28645
28646
28648
28651
28652
28653
28654
28657
28658
28659
28663
28664
28665
28666
28670
28672
28673
28676
28677
28679
28680
28682
28683
28684
28685
28687
28690
28691
28695
28697
28698
28699
28700
28703
28704
28706
28707
28709
28710
28714
28715
28716
28718
28719
28720
28722
28724
28726
28727
28728
28729
28731
28732
28733
28734
28736
28737
28738
28744
28745
28746
28747
28751
28753
28756
28757
28758
28759
28760
28763
28766
28769
28771
28774
28776
28778
28779
28781
28782
28783
28784
28785
28786
28787
28788
28793
28795
28798
28805
28810
28811
28813
28815
28819
28820
28822
28823
28824
28828
28831
28834
28837
28840
28841
28843
28846
28847
28848
28850
28851
28852
28853
28857
28858
28859
28864
28865
28866
28867
28868
28869
28871
28872
28874
28876
28881
28883
28884
28885
28886
28892
28893
28894
28895
28896
28900
28902
28903
28904
28905
28907
28908
28912
28913
28914
28915
28916
28917
28918
28919
28925
28926
28929
28931
28935
28936
28941
28942
28944
28945
28947
28949
28954
28955
28956
28957
28960
28961
28963
28966
28971
28972
28973
28974
28976
28978
28979
28984
28992
28996
28997
28999
29001
29002
29009
29013
29014
29015
29016
29017
29020
29021
29023
29029
29030
29033
29034
29035
29037
29040
29043
29045
29046
29050
29051
29053
29054
29055
29059
29068
29073
29075
29080
29085
29086
29087
29090
29094
29100
29102
29104
29109
29110
29117
29118
29119
29121
29122
29124
29125
29127
29129
29132
29134
29136
29144
29146
29147
29149
29152
29155
29157
29163
29167
29171
29172
29174
29177
29185
29187
29188
29190
29191
29193
29194
29195
29198
29207
29210
29211
29212
29218
29221
29226
29228
29229
29230
29236
29237
29238
29239
29241
29244
29246
29248
29249
29251
29252
29253
29254
29255
29257
29260
29266
29268
29270
29272
29273
29274
29275
29276
29278
29280
29281
29282
29285
29287
29288
29290
29292
29295
29297
29298
29299
29301
29305
29308
29310
29313
29315
29316
29317
29319
29321
29322
29323
29324
29327
29331
29332
29334
29335
29339
29340
29343
29345
29346
29347
29349
29356
29357
29358
29359
29360
29363
29364
29366
29367
29368
29372
29374
29376
29378
29380
29381
29383
29385
29386
29387
29388
29391
29392
29395
29397
29402
29403
29404
29407
29408
29409
29410
29412
29416
29417
29419
29420
29421
29422
29425
29426
29427
29428
29431
29432
29433
29434
29435
29436
29440
29441
29444
29447
29448
29449
29457
29458
29459
29460
29464
29465
29466
29470
29471
29475
29477
29480
29482
29484
29485
29486
29487
29493
29495
29496
29497
29501
29502
29504
29508
29510
29512
29515
29516
29517
29519
29521
29522
29524
29527
29528
29530
29531
29532
29533
29534
29535
29537
29540
29542
29546
29551
29552
29554
29555
29557
29558
29559
29560
29561
29562
29563
29567
29568
29572
29573
29579
29582
29583
29586
29587
29588
29592
29597
29598
29600
29602
29604
29608
29611
29612
29614
29615
29616
29617
29619
29620
29621
29622
29624
29628
29629
29630
29633
29634
29637
29638
29639
29640
29641
29642
29645
29649
29651
29653
29655
29656
29658
29660
29661
29663
29664
29666
29667
29668
29670
29672
29673
29674
29675
29680
29682
29685
29686
29688
29689
29690
29691
29692
29694
29695
29697
29700
29701
29703
29705
29707
29709
29711
29712
29715
29719
29722
29730
29732
29737
29738
29742
29743
29744
29751
29752
29753
29756
29762
29765
29766
29768
29769
29772
29774
29782
29796
29800
29802
29803
29804
29809
29810
29811
29812
29816
29821
29824
29835
29838
29840
29841
29851
29852
29853
29857
29864
29867
29868
29871
29874
29882
29886
29895
29901
29910
29916
29918
29926
29928
29942
29989
29993
30023
30031
30045
30050
30066
30081
30086
30098
30108
30111
30124
30137
30141
30146
30147
30156
30160
30178
30181
30200
30208
30218
30221
30249
30262
30266
30267
30274
30277
30288
30310
30311
30314
30328
30332
30336
30341
30345
30351
30354
30359
30361
30370
30373
30380
30386
30389
30391
30393
30395
30396
30399
30400
30401
30403
30405
30406
30407
30408
30409
30412
30413
30414
30416
30421
30422
30423
30424
30425
30426
30427
30428
30430
30431
30432
30433
30434
30435
30436
30437
30438
30439
30440
30441
30443
30445
30446
30447
30451
30452
30453
30454
30456
30460
30461
30462
30465
30467
30469
30470
30473
30474
30475
30478
30480
30481
30484
30486
30487
30489
30490
30491
30492
30493
30494
30496
30497
30500
30501
30503
30504
30507
30509
30510
30511
30512
30513
30514
30515
30517
30518
30519
30520
30524
30526
30527
30529
30530
30532
30533
30535
30536
30538
30539
30540
30542
30544
30545
30546
30547
30548
30553
30555
30556
30557
30559
30560
30564
30565
30568
30569
30570
30572
30573
30574
30575
30577
30578
30583
30584
30585
30586
30587
30588
30589
30591
30595
30596
30599
30600
30601
30602
30603
30605
30606
30608
30609
30610
30613
30614
30616
30617
30618
30620
30621
30623
30624
30627
30634
30635
30636
30637
30638
30639
30642
30643
30644
30645
30648
30649
30650
30651
30652
30654
30656
30657
30658
30660
30662
30663
30665
30667
30668
30669
30670
30672
30674
30675
30676
30678
30681
30683
30684
30686
30687
30689
30690
30691
30693
30694
30697
30701
30702
30704
30705
30706
30711
30714
30715
30719
30721
30722
30724
30725
30727
30728
30730
30731
30732
30736
30738
30739
30740
30741
30742
30744
30747
30750
30752
30753
30756
30757
30760
30763
30766
30767
30771
30775
30779
30783
30785
30786
30787
30788
30789
30790
30793
30794
30796
30798
30799
30800
30805
30808
30809
30810
30812
30814
30817
30821
30822
30823
30824
30825
30826
30828
30832
30833
30835
30837
30841
30844
30846
30847
30850
30851
30852
30855
30856
30858
30859
30861
30862
30864
30868
30870
30871
30872
30873
30874
30878
30880
30881
30883
30884
30886
30887
30889
30890
30891
30892
30897
30899
30903
30906
30907
30908
30912
30915
30916
30919
30920
30921
30923
30924
30925
30926
30928
30929
30930
30931
30933
30935
30936
30937
30939
30940
30942
30948
30949
30953
30955
30956
30961
30962
30964
30965
30970
30971
30973
30975
30977
30978
30983
30985
30991
30992
30993
30994
30996
30998
30999
31000
31001
31002
31003
31004
31008
31009
31014
31015
31017
31021
31022
31023
31025
31027
31028
31030
31031
31033
31034
31035
31036
31037
31038
31042
31043
31044
31045
31047
31050
31053
31054
31056
31060
31061
31065
31066
31067
31068
31071
31073
31075
31076
31077
31078
31080
31082
31083
31084
31085
31086
31087
31088
31091
31093
31094
31098
31099
31100
31104
31107
31108
31109
31110
31113
31115
31118
31120
31123
31124
31126
31131
31132
31134
31135
31136
31137
31139
31140
31142
31145
31148
31149
31151
31153
31155
31157
31158
31161
31162
31163
31164
31166
31167
31168
31170
31171
31172
31173
31176
31180
31181
31184
31185
31186
31187
31189
31190
31191
31194
31195
31199
31200
31201
31206
31207
31209
31211
31212
31213
31215
31217
31219
31220
31223
31224
31232
31234
31236
31237
31241
31244
31247
31252
31253
31254
31258
31259
31261
31262
31267
31273
31274
31276
31279
31280
31282
31284
31286
31288
31289
31292
31301
31302
31303
31304
31305
31306
31307
31308
31316
31318
31321
31323
31329
31332
31336
31337
31338
31341
31345
31346
31348
31349
31350
31351
31354
31359
31363
31364
31367
31370
31371
31376
31377
31381
31385
31391
31393
31395
31399
31402
31405
31410
31413
31419
31421
31423
31425
31426
31428
31430
31431
31432
31435
31438
31440
31441
31443
31446
31447
31453
31455
31458
31465
31472
31473
31474
31475
31477
31479
31480
31482
31483
31485
31486
31488
31489
31495
31496
31497
31499
31500
31501
31503
31505
31507
31509
31510
31511
31513
31516
31521
31522
31525
31529
31531
31533
31534
31536
31540
31544
31545
31547
31551
31554
31556
31557
31559
31560
31561
31567
31568
31569
31576
31578
31579
31586
31589
31590
31592
31599
31601
31602
31603
31608
31609
31612
31616
31617
31618
31620
31621
31628
31630
31634
31635
31637
31643
31645
31646
31649
31651
31652
31653
31656
31660
31662
31666
31667
31670
31673
31675
31680
31681
31682
31683
31684
31685
31686
31690
31691
31692
31697
31698
31701
31703
31709
31716
31720
31724
31725
31728
31729
31730
31733
31736
31737
31740
31741
31744
31745
31750
31757
31758
31759
31762
31766
31767
31768
31772
31775
31776
31781
31785
31790
31791
31792
31798
31799
31800
31801
31809
31810
31812
31824
31825
31828
31832
31837
31841
31845
31847
31849
31850
31851
31857
31858
31859
31860
31875
31876
31878
31880
31881
31882
31886
31887
31893
31897
31898
31900
31904
31910
31913
31914
31918
31923
31924
31926
31930
31935
31937
31942
31947
31953
31957
31959
31968
31972
31973
31975
31976
31978
31979
31982
31985
31986
31987
31991
31994
31995
31996
31999
32002
32003
32007
32012
32014
32026
32030
32032
32040
32043
32045
32047
32051
32053
32054
32055
32056
32057
32058
32059
32061
32062
32063
32064
32065
32066
32067
32068
32070
32071
32072
32073
32074
32076
32085
32087
32089
32092
32093
32094
32098
32099
32100
32102
32103
32105
32106
32107
32109
32110
32113
32115
32118
32119
32120
32121
32125
32126
32127
32128
32129
32133
32139
32140
32141
32142
32144
32145
32147
32148
32150
32155
32156
32157
32158
32159
32160
32161
32167
32169
32170
32172
32173
32174
32175
32179
32182
32184
32186
32188
32189
32191
32196
32199
32200
32201
32203
32204
32205
32206
32207
32210
32211
32213
32215
32216
32217
32218
32219
32221
32222
32224
32225
32226
32227
32228
32230
32231
32232
32233
32234
32236
32237
32238
32240
32241
32242
32245
32246
32247
32248
32249
32250
32251
32253
32254
32255
32258
32259
32260
32261
32262
32263
32264
32265
32266
32268
32269
32271
32272
32273
32274
32275
32276
32277
32278
32279
32280
32281
32282
32284
32285
32286
32287
32289
32290
32291
32292
32293
32294
32295
32296
32297
32298
32299
32300
32302
32304
32306
32308
32309
32310
32311
32312
32313
32314
32316
32317
32319
32320
32322
32323
32324
32326
32328
32330
32331
32332
32335
32336
32338
32339
32342
32343
32345
32346
32347
32348
32349
32350
32351
32352
32353
32354
32355
32356
32358
32360
32362
32364
32365
32367
32371
32374
32376
32377
32378
32379
32380
32381
32382
32384
32385
32386
32387
32388
32390
32391
32392
32393
32394
32397
32399
32400
32401
32403
32404
32405
32408
32409
32411
32412
32413
32416
32418
32419
32420
32421
32422
32423
32424
32426
32428
32429
32430
32431
32433
32434
32436
32441
32442
32443
32444
32445
32447
32449
32450
32452
32453
32455
32456
32457
32459
32460
32461
32463
32464
32467
32472
32474
32476
32477
32479
32481
32483
32485
32486
32487
32488
32493
32495
32496
32498
32502
32507
32508
32509
32512
32514
32517
32518
32521
32526
32527
32528
32534
32535
32536
32537
32538
32539
32541
32542
32544
32545
32548
32549
32551
32553
32554
32555
32557
32559
32561
32564
32566
32567
32572
32574
32576
32577
32579
32580
32582
32583
32587
32590
32591
32594
32595
32596
32597
32598
32600
32602
32603
32606
32607
32611
32612
32614
32616
32619
32621
32623
32624
32627
32628
32629
32630
32631
32632
32634
32640
32642
32643
32644
32645
32646
32652
32655
32656
32657
32658
32659
32660
32662
32663
32664
32665
32666
32668
32669
32670
32671
32673
32674
32675
32677
32680
32684
32685
32686
32687
32688
32689
32690
32691
32692
32693
32695
32696
32699
32703
32704
32705
32706
32707
32710
32713
32714
32715
32716
32718
32721
32723
32725
32730
32731
32732
32734
32735
32742
32743
32744
32745
32747
32748
32754
32755
32756
32757
32759
32760
32762
32764
32765
32766
32767
32768
32771
32773
32774
32775
32777
32780
32781
32783
32784
32785
32786
32788
32794
32795
32797
32798
32800
32801
32804
32806
32810
32812
32813
32816
32822
32823
32831
32832
32835
32838
32839
32840
32841
32843
32844
32846
32847
32848
32850
32853
32860
32862
32865
32866
32873
32874
32876
32879
32883
32886
32887
32888
32891
32892
32895
32898
32899
32901
32902
32903
32904
32905
32907
32908
32909
32912
32914
32918
32919
32920
32922
32924
32925
32926
32930
32934
32935
32939
32941
32944
32946
32948
32950
32953
32954
32955
32957
32958
32960
32961
32962
32963
32964
32965
32967
32968
32969
32970
32971
32972
32974
32975
32976
32977
32978
32980
32983
32988
32989
32990
32991
32994
32998
32999
33000
33002
33003
33004
33013
33014
33015
33018
33019
33020
33021
33027
33029
33030
33035
33037
33038
33041
33044
33049
33056
33057
33058
33063
33066
33069
33070
33072
33073
33075
33077
33081
33082
33083
33084
33087
33092
33097
33099
33100
33101
33104
33105
33109
33110
33111
33115
33116
33117
33121
33122
33124
33125
33129
33130
33133
33134
33135
33136
33137
33138
33139
33141
33142
33146
33147
33148
33151
33154
33156
33158
33162
33166
33169
33172
33175
33176
33177
33178
33179
33181
33182
33184
33185
33186
33187
33189
33192
33193
33195
33196
33197
33199
33202
33204
33208
33209
33210
33211
33213
33214
33215
33217
33218
33220
33221
33222
33223
33224
33226
33227
33229
33231
33232
33233
33235
33236
33238
33239
33242
33243
33244
33245
33246
33247
33248
33249
33251
33252
33254
33255
33256
33257
33258
33260
33261
33262
33263
33264
33265
33267
33270
33271
33272
33273
33274
33275
33276
33277
33278
33280
33282
33283
33285
33286
33287
33289
33292
33293
33294
33295
33296
33297
33300
33303
33304
33305
33309
33310
33311
33312
33313
33314
33316
33318
33319
33320
33321
33325
33326
33327
33328
33329
33330
33331
33332
33333
33334
33335
33336
33341
33342
33343
33344
33345
33346
33348
33349
33351
33352
33354
33355
33356
33359
33360
33361
33362
33365
33366
33367
33368
33369
33370
33371
33373
33374
33377
33378
33379
33382
33383
33384
33386
33387
33388
33389
33390
33391
33392
33393
33394
33395
33396
33397
33398
33399
33400
33401
33402
33403
33405
33406
33407
33408
33409
33410
33411
33412
33413
33414
33415
33417
33418
33420
33422
33423
33424
33425
33427
33428
33431
33433
33440
33445
33446
33447
33449
33450
33451
33453
33455
33456
33458
33461
33462
33464
33467
33468
33476
33482
33483
33484
33488
33489
33492
33500
33501
33502
33504
33507
33512
33514
33516
33522
33523
33525
33537
33539
33540
33541
33544
33546
33548
33549
33555
33556
33559
33569
33571
33572
33574
33576
33580
33583
33584
33587
33588
33590
33594
33603
33605
33611
33618
33622
33624
33637
33640
33668
33681
33687
33688
33692
33707
33713
33716
33723
33727
33732
33738
33745
33747
33753
33758
33759
33761
33764
33768
33789
33791
33794
33795
33800
33806
33819
33821
33823
33824
33827
33830
33833
33836
33840
33843
33847
33853
33860
33868
33888
33890
33892
33899
33903
33906
33908
33914
33915
33921
33928
33935
33937
33950
33952
33958
33960
33961
33964
33966
33977
33983
33984
33987
33988
34001
34002
34004
34008
34013
34019
34021
34033
34034
34037
34045
34049
34050
34059
34062
34066
34068
34069
34070
34073
34075
34077
34085
34096
34100
34101
34102
34104
34105
34106
34107
34108
34110
34111
34112
34113
34116
34117
34118
34119
34120
34121
34122
34123
34124
34125
34126
34127
34128
34129
34130
34131
34133
34134
34135
34136
34137
34138
34139
34140
34141
34142
34143
34144
34146
34148
34150
34151
34152
34153
34154
34157
34158
34159
34160
34162
34164
34167
34168
34169
34171
34173
34174
34175
34176
34177
34179
34180
34182
34183
34184
34187
34188
34189
34190
34192
34194
34195
34196
34198
34199
34204
34205
34206
34207
34209
34211
34212
34213
34214
34216
34217
34220
34221
34222
34223
34224
34225
34226
34227
34228
34229
34230
34232
34233
34235
34237
34241
34244
34245
34246
34248
34249
34250
34253
34256
34257
34258
34259
34260
34261
34262
34264
34265
34266
34267
34268
34269
34271
34272
34274
34275
34276
34277
34278
34281
34282
34284
34285
34287
34288
34289
34290
34291
34292
34294
34298
34301
34302
34307
34309
34310
34312
34314
34315
34316
34318
34320
34322
34323
34325
34327
34328
34329
34330
34332
34333
34335
34336
34337
34341
34348
34349
34352
34353
34354
34357
34358
34359
34360
34362
34363
34364
34365
34366
34367
34368
34370
34371
34376
34377
34379
34382
34383
34385
34388
34390
34391
34392
34393
34395
34397
34398
34399
34403
34404
34405
34408
34409
34411
34412
34413
34414
34419
34420
34421
34423
34424
34425
34426
34427
34428
34430
34432
34433
34434
34435
34438
34439
34442
34445
34446
34447
34450
34452
34454
34455
34457
34458
34466
34467
34469
34471
34472
34476
34477
34481
34482
34483
34487
34488
34489
34492
34493
34494
34496
34497
34499
34500
34501
34502
34503
34506
34507
34508
34509
34510
34511
34513
34514
34517
34519
34520
34523
34524
34526
34528
34529
34531
34534
34535
34536
34538
34539
34540
34542
34544
34546
34547
34548
34549
34550
34551
34554
34556
34557
34558
34559
34560
34564
34566
34568
34569
34571
34572
34573
34574
34576
34577
34578
34580
34582
34583
34585
34586
34587
34588
34590
34591
34592
34594
34597
34599
34600
34601
34603
34604
34606
34607
34609
34611
34612
34616
34617
34619
34621
34622
34625
34630
34631
34633
34634
34635
34636
34637
34640
34643
34645
34648
34649
34650
34653
34654
34660
34661
34662
34665
34676
34678
34681
34683
34684
34685
34691
34692
34696
34697
34698
34699
34702
34704
34705
34710
34712
34713
34714
34715
34717
34718
34720
34722
34726
34728
34729
34731
34732
34737
34740
34742
34745
34747
34749
34750
34751
34756
34757
34760
34764
34766
34767
34768
34770
34772
34773
34775
34777
34778
34779
34781
34782
34783
34784
34785
34787
34792
34794
34796
34798
34799
34801
34802
34803
34804
34806
34807
34809
34810
34813
34816
34817
34818
34819
34822
34824
34825
34828
34829
34830
34832
34833
34834
34840
34841
34842
34843
34847
34848
34849
34850
34851
34853
34855
34858
34859
34861
34862
34864
34865
34867
34871
34872
34873
34875
34876
34877
34879
34880
34882
34883
34884
34885
34886
34888
34889
34891
34892
34893
34898
34901
34902
34904
34905
34906
34907
34908
34909
34911
34912
34913
34914
34915
34916
34927
34930
34934
34936
34937
34938
34940
34942
34943
34945
34946
34950
34951
34952
34955
34956
34958
34959
34960
34961
34962
34963
34965
34966
34967
34968
34970
34971
34972
34975
34977
34980
34981
34983
34985
34986
34987
34988
34991
34992
34993
34996
34997
34999
35000
35002
35004
35005
35007
35008
35009
35016
35019
35021
35022
35024
35030
35031
35032
35034
35035
35038
35040
35042
35043
35045
35046
35047
35049
35050
35053
35056
35058
35059
35062
35063
35065
35066
35067
35068
35073
35074
35075
35077
35079
35083
35085
35088
35089
35090
35091
35096
35100
35101
35104
35105
35107
35108
35109
35110
35116
35118
35119
35120
35121
35123
35124
35125
35126
35134
35135
35136
35137
35138
35139
35141
35144
35146
35148
35149
35150
35151
35152
35153
35154
35155
35157
35161
35162
35163
35165
35169
35171
35172
35173
35174
35175
35176
35177
35185
35187
35188
35189
35192
35194
35196
35197
35199
35201
35202
35206
35208
35209
35212
35213
35214
35216
35221
35222
35223
35224
35229
35230
35233
35235
35236
35237
35239
35242
35243
35244
35245
35247
35250
35252
35253
35255
35258
35260
35261
35265
35267
35268
35270
35275
35277
35279
35283
35285
35287
35291
35292
35293
35295
35297
35299
35301
35306
35307
35308
35312
35313
35314
35315
35316
35317
35322
35331
35333
35335
35340
35341
35343
35344
35345
35346
35348
35349
35354
35355
35358
35359
35360
35362
35363
35365
35368
35370
35372
35374
35378
35380
35381
35382
35384
35388
35389
35390
35392
35397
35400
35401
35404
35405
35406
35407
35408
35411
35415
35418
35420
35421
35423
35424
35426
35428
35429
35430
35431
35434
35435
35437
35438
35441
35442
35447
35448
35451
35452
35454
35455
35457
35459
35460
35466
35467
35468
35469
35470
35472
35473
35474
35475
35476
35480
35481
35482
35483
35484
35485
35488
35489
35490
35499
35504
35505
35506
35510
35511
35513
35516
35518
35519
35522
35524
35526
35529
35530
35533
35537
35538
35539
35541
35544
35546
35550
35551
35552
35558
35559
35561
35565
35566
35567
35570
35574
35579
35585
35587
35594
35595
35596
35598
35600
35603
35604
35608
35610
35611
35616
35617
35622
35623
35625
35627
35628
35629
35632
35634
35637
35638
35640
35641
35645
35646
35647
35649
35650
35651
35652
35654
35655
35656
35657
35658
35660
35661
35662
35664
35665
35666
35667
35668
35670
35671
35673
35674
35677
35679
35681
35684
35686
35689
35690
35693
35695
35696
35697
35699
35700
35702
35703
35708
35709
35710
35711
35712
35713
35715
35716
35717
35720
35721
35722
35723
35727
35729
35731
35735
35736
35737
35739
35741
35742
35743
35745
35746
35749
35752
35757
35758
35762
35763
35765
35766
35768
35769
35771
35773
35774
35775
35777
35778
35779
35780
35782
35783
35784
35787
35788
35790
35791
35793
35794
35795
35796
35800
35801
35802
35803
35805
35807
35808
35809
35810
35811
35813
35814
35817
35819
35820
35821
35823
35824
35826
35827
35829
35830
35831
35833
35836
35839
35841
35842
35845
35846
35849
35851
35852
35856
35857
35860
35861
35862
35863
35864
35865
35866
35869
35870
35872
35873
35874
35875
35876
35877
35879
35880
35881
35882
35883
35887
35888
35889
35890
35891
35892
35894
35897
35898
35900
35902
35903
35904
35905
35907
35908
35909
35910
35911
35912
35913
35914
35915
35916
35917
35919
35920
35922
35925
35926
35927
35929
35931
35932
35935
35937
35938
35939
35941
35943
35944
35945
35946
35947
35948
35951
35952
35954
35955
35958
35959
35960
35961
35962
35963
35964
35965
35967
35968
35969
35971
35972
35973
35974
35976
35977
35979
35980
35982
35983
35984
35986
35987
35988
35990
35992
35993
35995
35996
35998
35999
36000
36001
36005
36006
36009
36012
36014
36015
36016
36017
36018
36020
36021
36022
36023
36024
36025
36027
36028
36030
36032
36033
36034
36036
36038
36039
36040
36043
36044
36045
36046
36048
36049
36052
36055
36057
36062
36063
36064
36065
36066
36067
36068
36070
36074
36078
36079
36080
36081
36082
36085
36087
36089
36090
36093
36094
36096
36098
36101
36104
36105
36106
36107
36108
36109
36110
36111
36112
36113
36114
36115
36116
36117
36119
36120
36121
36122
36123
36124
36125
36126
36127
36128
36129
36132
36136
36137
36138
36140
36142
36143
36144
36146
36147
36151
36152
36153
36155
36156
36157
36158
36159
36161
36162
36163
36164
36165
36166
36167
36168
36170
36171
36172
36173
36174
36175
36177
36179
36182
36184
36186
36188
36191
36192
36198
36199
36202
36203
36206
36207
36209
36210
36212
36214
36216
36221
36223
36225
36226
36228
36231
36233
36235
36236
36237
36240
36241
36244
36247
36248
36250
36251
36252
36253
36255
36256
36259
36260
36264
36265
36267
36268
36270
36271
36275
36278
36279
36280
36281
36284
36285
36287
36288
36291
36292
36293
36294
36296
36297
36299
36300
36302
36304
36308
36309
36311
36312
36314
36316
36318
36321
36322
36323
36324
36326
36330
36332
36333
36334
36336
36338
36340
36341
36343
36344
36345
36346
36354
36356
36357
36359
36360
36361
36362
36364
36365
36366
36369
36370
36371
36373
36375
36379
36380
36382
36383
36384
36385
36386
36387
36388
36390
36391
36392
36393
36394
36399
36400
36404
36405
36406
36407
36409
36410
36414
36415
36418
36420
36421
36422
36426
36427
36428
36429
36430
36434
36436
36437
36439
36441
36442
36443
36444
36445
36447
36448
36449
36451
36452
36457
36458
36459
36462
36463
36464
36468
36470
36471
36473
36474
36475
36476
36477
36479
36480
36481
36482
36485
36486
36487
36491
36494
36495
36496
36497
36498
36500
36501
36502
36506
36507
36509
36511
36513
36514
36518
36519
36520
36521
36522
36524
36525
36529
36533
36534
36536
36537
36539
36545
36546
36549
36553
36556
36557
36560
36564
36565
36566
36567
36568
36569
36570
36572
36574
36578
36579
36580
36583
36588
36590
36591
36593
36596
36598
36600
36601
36603
36605
36608
36611
36613
36614
36616
36618
36619
36620
36621
36622
36626
36627
36630
36632
36634
36636
36637
36638
36639
36640
36641
36644
36648
36652
36654
36656
36658
36660
36661
36664
36666
36668
36669
36672
36674
36679
36681
36682
36683
36684
36685
36688
36689
36690
36692
36694
36695
36696
36697
36699
36700
36701
36702
36703
36704
36705
36708
36711
36712
36714
36716
36718
36719
36720
36721
36725
36727
36728
36729
36733
36734
36735
36736
36737
36738
36740
36743
36745
36747
36749
36751
36755
36759
36760
36763
36765
36768
36770
36771
36772
36773
36774
36775
36777
36779
36784
36787
36788
36789
36793
36796
36798
36800
36801
36805
36806
36808
36810
36811
36814
36815
36818
36819
36820
36821
36822
36824
36825
36828
36829
36830
36831
36832
36833
36835
36836
36837
36838
36840
36842
36843
36844
36845
36849
36850
36852
36853
36855
36856
36859
36860
36861
36862
36864
36865
36866
36870
36871
36873
36875
36876
36877
36881
36883
36884
36886
36889
36890
36892
36893
36895
36897
36899
36903
36904
36905
36907
36908
36910
36912
36913
36916
36917
36918
36919
36920
36921
36922
36926
36930
36931
36932
36935
36936
36938
36939
36940
36941
36945
36946
36947
36948
36949
36950
36952
36955
36956
36957
36958
36959
36960
36961
36963
36965
36966
36968
36970
36972
36973
36974
36975
36978
36979
36981
36983
36984
36985
36986
36987
36988
36989
36991
36993
36994
36995
36996
36997
36999
37000
37001
37003
37004
37007
37010
37013
37014
37017
37018
37019
37021
37025
37026
37028
37030
37032
37033
37034
37035
37036
37040
37041
37043
37044
37045
37047
37048
37049
37050
37052
37054
37056
37057
37058
37060
37061
37062
37063
37064
37066
37068
37069
37070
37071
37075
37076
37077
37079
37080
37081
37083
37084
37085
37086
37087
37088
37089
37092
37095
37096
37098
37099
37100
37101
37102
37103
37104
37108
37109
37110
37111
37113
37114
37116
37117
37118
37120
37121
37122
37123
37124
37125
37126
37127
37128
37129
37131
37134
37135
37136
37138
37139
