0
2
9
12
14
23
24
27
35
36
37
39
44
48
49
56
57
58
62
63
64
72
73
79
80
81
83
90
93
98
99
100
102
105
107
108
110
111
112
113
114
115
118
121
123
124
125
126
127
128
131
133
135
142
143
144
145
146
147
151
161
162
165
168
170
172
189
196
203
205
206
211
216
219
223
231
232
234
235
236
238
240
247
248
249
250
256
258
260
265
272
275
280
284
291
292
299
309
314
319
321
322
324
327
336
343
344
345
346
353
355
356
359
368
370
375
379
381
383
387
388
396
401
402
408
410
421
422
424
425
426
427
434
438
441
442
443
446
451
454
455
462
464
465
469
478
481
488
493
495
498
499
504
505
506
508
510
517
521
529
535
539
542
548
551
561
566
568
574
588
590
592
594
597
598
599
602
609
613
619
623
625
627
629
632
633
634
636
642
643
646
649
651
655
659
665
668
674
676
677
679
681
682
683
684
685
686
687
688
689
690
691
692
693
694
695
696
697
698
700
701
702
703
705
706
708
709
710
711
714
716
717
718
719
720
722
723
724
725
726
727
728
731
733
735
736
738
742
743
745
746
749
750
751
753
754
755
756
757
758
759
760
761
762
766
767
768
770
772
773
775
777
778
779
780
781
782
783
784
785
786
788
789
790
791
792
793
794
795
796
797
798
801
802
803
805
806
807
808
809
810
812
813
814
815
818
819
820
821
823
824
825
826
828
830
831
833
834
835
836
837
838
840
841
842
844
845
846
849
850
852
853
855
856
858
859
860
861
862
863
866
867
872
873
879
881
883
884
885
887
888
889
892
894
895
896
897
898
899
900
901
904
905
906
907
909
910
911
914
918
921
922
923
924
925
926
929
930
931
933
934
935
936
938
940
941
944
945
947
949
951
952
953
955
956
957
958
959
960
961
962
963
965
966
970
971
973
974
975
976
977
979
980
982
984
985
986
987
991
992
994
995
997
999
1000
1002
1003
1005
1006
1007
1008
1009
1011
1012
1013
1014
1015
1016
1017
1018
1019
1023
1024
1026
1031
1032
1034
1040
1042
1044
1045
1048
1050
1051
1053
1055
1056
1060
1061
1063
1064
1067
1068
1071
1072
1075
1076
1078
1079
1081
1082
1086
1087
1088
1089
1090
1091
1093
1095
1096
1097
1098
1099
1100
1101
1103
1106
1107
1110
1111
1113
1116
1118
1119
1123
1124
1125
1126
1129
1130
1131
1134
1135
1139
1143
1146
1148
1149
1150
1151
1152
1154
1155
1156
1157
1159
1160
1161
1162
1163
1164
1169
1172
1174
1178
1180
1187
1189
1191
1198
1199
1203
1204
1207
1209
1210
1211
1212
1215
1217
1218
1219
1221
1222
1223
1224
1228
1230
1235
1236
1237
1239
1242
1244
1246
1248
1249
1252
1253
1256
1257
1261
1263
1265
1266
1268
1273
1278
1279
1281
1285
1288
1289
1291
1292
1298
1299
1304
1307
1310
1311
1312
1313
1317
1319
1321
1322
1323
1324
1325
1326
1330
1332
1335
1336
1337
1338
1339
1342
1343
1345
1347
1348
1349
1352
1354
1355
1356
1358
1359
1361
1362
1364
1366
1367
1369
1370
1371
1372
1373
1374
1375
1376
1377
1379
1380
1381
1382
1383
1386
1387
1389
1391
1392
1396
1398
1399
1401
1403
1407
1408
1410
1411
1414
1416
1420
1421
1426
1427
1428
1429
1435
1436
1437
1441
1445
1446
1450
1451
1452
1453
1455
1456
1457
1458
1461
1465
1466
1469
1472
1476
1477
1478
1480
1486
1488
1489
1490
1495
1496
1499
1500
1501
1503
1506
1507
1510
1512
1513
1515
1516
1519
1520
1522
1524
1533
1538
1539
1540
1541
1542
1547
1548
1549
1550
1552
1555
1556
1559
1560
1561
1562
1564
1565
1566
1568
1569
1570
1572
1577
1578
1579
1580
1582
1585
1588
1589
1590
1593
1599
1603
1604
1606
1607
1608
1609
1610
1611
1613
1615
1616
1623
1625
1628
1630
1631
1633
1634
1638
1642
1648
1649
1651
1655
1657
1664
1665
1667
1670
1673
1678
1682
1683
1684
1690
1692
1693
1694
1696
1698
1704
1707
1709
1712
1715
1716
1720
1725
1726
1727
1728
1732
1735
1745
1746
1747
1749
1750
1753
1754
1759
1760
1761
1762
1765
1767
1773
1775
1776
1781
1783
1786
1788
1793
1795
1797
1798
1804
1805
1807
1810
1811
1819
1820
1821
1824
1828
1831
1839
1842
1845
1846
1847
1848
1849
1852
1853
1854
1856
1861
1868
1871
1872
1874
1876
1880
1882
1883
1884
1886
1887
1888
1889
1892
1894
1896
1897
1900
1904
1905
1907
1908
1910
1911
1912
1918
1923
1924
1928
1933
1934
1937
1939
1944
1948
1949
1950
1953
1955
1956
1957
1958
1961
1962
1965
1966
1967
1969
1973
1974
1975
1978
1979
1981
1990
1996
1997
2006
2007
2012
2016
2021
2025
2026
2027
2029
2032
2036
2038
2040
2045
2046
2047
2050
2054
2055
2057
2061
2063
2073
2080
2085
2088
2104
2105
2106
2108
2112
2113
2116
2119
2120
2123
2133
2137
2139
2144
2145
2150
2152
2157
2163
2164
2168
2169
2170
2172
2173
2174
2187
2188
2190
2191
2197
2201
2206
2208
2210
2211
2221
2223
2229
2230
2233
2234
2237
2238
2239
2240
2245
2247
2248
2254
2258
2261
2265
2266
2267
2268
2271
2282
2284
2285
2286
2289
2292
2295
2297
2298
2307
2314
2315
2317
2319
2323
2324
2328
2329
2331
2333
2339
2341
2346
2347
2349
2350
2351
2352
2355
2356
2357
2360
2361
2364
2365
2366
2367
2369
2370
2372
2373
2375
2377
2381
2382
2383
2384
2385
2387
2388
2392
2394
2396
2397
2401
2404
2408
2410
2414
2415
2418
2420
2421
2422
2424
2427
2430
2432
2433
2435
2436
2437
2438
2439
2443
2444
2445
2447
2448
2449
2451
2452
2453
2455
2457
2459
2461
2463
2470
2474
2476
2479
2481
2484
2485
2486
2487
2488
2489
2490
2491
2492
2493
2495
2499
2501
2502
2504
2505
2506
2509
2510
2511
2512
2514
2515
2517
2518
2520
2521
2522
2524
2525
2526
2527
2528
2529
2530
2531
2532
2534
2535
2536
2537
2538
2539
2540
2541
2542
2543
2544
2545
2546
2548
2549
2550
2551
2552
2553
2554
2556
2557
2558
2559
2560
2561
2562
2563
2564
2565
2566
2567
2568
2569
2570
2571
2573
2574
2575
2576
2577
2579
2581
2582
2583
2585
2586
2588
2589
2590
2591
2595
2596
2597
2598
2599
2601
2602
2604
2607
2608
2610
2611
2612
2613
2614
2615
2616
2617
2618
2619
2620
2623
2624
2626
2627
2628
2629
2630
2631
2633
2634
2635
2636
2637
2638
2639
2640
2641
2642
2643
2644
2645
2646
2647
2649
2651
2652
2653
2655
2656
2657
2658
2661
2662
2667
2668
2670
2672
2674
2675
2676
2677
2678
2682
2685
2686
2687
2688
2689
2690
2691
2692
2693
2694
2696
2697
2699
2700
2701
2702
2703
2704
2706
2707
2708
2710
2711
2712
2716
2717
2718
2720
2721
2722
2723
2724
2726
2727
2728
2729
2730
2731
2732
2733
2734
2735
2736
2737
2738
2740
2742
2743
2744
2746
2747
2751
2753
2755
2758
2759
2760
2761
2762
2764
2765
2768
2773
2774
2776
2779
2780
2781
2782
2783
2784
2789
2791
2795
2797
2799
2800
2804
2805
2806
2807
2808
2809
2810
2812
2813
2815
2816
2818
2821
2822
2824
2825
2826
2829
2830
2833
2835
2840
2841
2842
2844
2846
2848
2849
2850
2852
2855
2859
2862
2864
2865
2866
2867
2868
2870
2871
2873
2874
2876
2877
2878
2879
2882
2885
2886
2888
2890
2891
2892
2893
2895
2897
2898
2900
2904
2907
2909
2910
2911
2914
2915
2918
2919
2920
2921
2922
2923
2925
2928
2933
2937
2940
2941
2942
2943
2944
2947
2949
2951
2953
2954
2956
2957
2959
2960
2961
2962
2964
2966
2968
2973
2974
2975
2980
2981
2986
2989
2990
2992
2995
2996
2998
3003
3008
3009
3010
3011
3015
3016
3017
3018
3019
3020
3022
3023
3025
3026
3029
3030
3031
3032
3033
3034
3035
3036
3038
3040
3046
3048
3050
3051
3052
3057
3061
3063
3068
3069
3070
3071
3072
3078
3080
3088
3089
3090
3094
3099
3101
3103
3104
3105
3106
3108
3110
3111
3113
3119
3120
3121
3122
3123
3125
3127
3128
3131
3134
3136
3138
3140
3143
3148
3150
3151
3154
3155
3159
3161
3162
3164
3165
3167
3168
3171
3172
3177
3179
3182
3183
3184
3186
3190
3195
3196
3197
3206
3210
3213
3216
3218
3224
3229
3232
3238
3239
3240
3244
3245
3246
3249
3250
3252
3254
3257
3259
3261
3262
3265
3266
3267
3268
3269
3271
3273
3274
3275
3276
3277
3278
3279
3280
3281
3282
3286
3287
3288
3293
3294
3296
3297
3299
3301
3302
3305
3307
3309
3312
3315
3316
3317
3319
3322
3323
3325
3326
3328
3332
3334
3337
3339
3340
3342
3344
3346
3349
3351
3355
3358
3362
3363
3364
3365
3371
3373
3378
3380
3381
3382
3384
3385
3389
3393
3394
3395
3396
3398
3399
3400
3403
3406
3413
3414
3416
3417
3419
3421
3422
3425
3426
3427
3430
3433
3435
3436
3437
3438
3439
3442
3444
3445
3448
3450
3451
3454
3457
3459
3461
3463
3464
3466
3467
3468
3471
3472
3473
3475
3480
3484
3486
3487
3488
3492
3493
3496
3497
3500
3501
3502
3503
3504
3509
3514
3515
3517
3518
3519
3522
3523
3524
3527
3529
3530
3531
3532
3533
3534
3535
3536
3537
3538
3539
3540
3542
3543
3544
3545
3548
3549
3550
3557
3558
3559
3560
3561
3562
3566
3568
3569
3570
3571
3572
3574
3578
3581
3583
3586
3587
3588
3589
3593
3594
3595
3596
3600
3602
3603
3604
3606
3608
3609
3610
3612
3614
3616
3617
3618
3621
3622
3623
3626
3627
3629
3631
3632
3634
3637
3640
3641
3642
3643
3644
3645
3647
3650
3655
3656
3657
3658
3661
3665
3666
3667
3668
3671
3672
3673
3674
3675
3676
3677
3678
3679
3680
3682
3685
3688
3691
3694
3695
3696
3698
3699
3701
3702
3703
3707
3708
3709
3711
3712
3713
3724
3728
3731
3732
3740
3746
3749
3752
3754
3757
3761
3764
3765
3766
3768
3769
3771
3772
3773
3776
3781
3782
3783
3784
3786
3789
3791
3793
3794
3802
3803
3804
3811
3812
3814
3815
3816
3817
3822
3826
3828
3829
3832
3837
3839
3840
3842
3843
3844
3849
3850
3851
3852
3855
3856
3857
3858
3859
3860
3861
3864
3865
3866
3869
3872
3873
3875
3876
3877
3881
3882
3884
3891
3893
3899
3904
3906
3907
3910
3911
3913
3920
3921
3928
3929
3933
3935
3943
3945
3946
3947
3948
3949
3953
3957
3958
3959
3960
3961
3963
3968
3972
3974
3975
3976
3977
3979
3983
3985
3986
3988
3991
3995
3998
4012
4013
4015
4017
4020
4033
4040
4041
4045
4047
4052
4060
4063
4066
4069
4071
4073
4075
4076
4079
4081
4083
4086
4087
4089
4092
4093
4094
4095
4097
4098
4100
4102
4108
4109
4110
4112
4115
4117
4125
4130
4131
4132
4137
4138
4139
4140
4141
4148
4149
4156
4157
4163
4165
4172
4178
4179
4180
4182
4183
4194
4197
4200
4202
4206
4209
4212
4213
4215
4218
4220
4222
4223
4225
4231
4235
4240
4242
4243
4247
4249
4253
4255
4256
4260
4261
4265
4268
4269
4274
4276
4277
4279
4280
4287
4302
4304
4306
4309
4312
4313
4323
4333
4336
4337
4339
4341
4346
4351
4356
4360
4361
4362
4363
4369
4370
4376
4379
4382
4384
4388
4389
4390
4392
4394
4395
4396
4397
4398
4399
4400
4401
4402
4403
4404
4405
4406
4407
4408
4410
4413
4414
4415
4416
4417
4418
4419
4421
4422
4423
4424
4425
4427
4429
4430
4431
4432
4433
4434
4436
4437
4438
4439
4440
4441
4442
4443
4445
4447
4448
4450
4451
4452
4453
4454
4455
4457
4458
4459
4460
4461
4463
4465
4466
4468
4470
4471
4472
4473
4474
4476
4477
4479
4481
4482
4483
4485
4486
4487
4490
4491
4492
4493
4495
4497
4498
4499
4500
4501
4502
4505
4506
4507
4508
4509
4510
4511
4512
4513
4514
4515
4516
4517
4518
4519
4520
4521
4523
4524
4525
4526
4528
4529
4530
4532
4533
4534
4536
4537
4538
4542
4543
4544
4548
4549
4550
4553
4554
4555
4556
4557
4558
4559
4560
4563
4565
4566
4568
4570
4571
4572
4573
4574
4575
4576
4577
4579
4580
4581
4582
4589
4592
4593
4594
4596
4597
4598
4600
4602
4603
4604
4605
4606
4607
4608
4609
4610
4611
4613
4614
4615
4618
4619
4620
4623
4624
4626
4631
4634
4635
4636
4637
4638
4639
4641
4642
4645
4647
4648
4651
4652
4655
4658
4659
4663
4664
4666
4667
4668
4670
4671
4672
4673
4675
4676
4680
4683
4684
4685
4687
4691
4693
4694
4695
4698
4699
4700
4701
4703
4704
4705
4708
4709
4713
4716
4717
4718
4721
4722
4723
4724
4727
4728
4729
4730
4731
4732
4733
4734
4736
4740
4746
4750
4752
4754
4755
4757
4758
4759
4760
4764
4765
4767
4774
4777
4778
4780
4783
4785
4787
4788
4790
4792
4794
4795
4796
4797
4798
4799
4801
4803
4805
4806
4807
4808
4810
4811
4812
4813
4814
4816
4818
4819
4820
4823
4825
4827
4830
4831
4832
4834
4835
4836
4837
4838
4839
4843
4844
4845
4846
4848
4849
4855
4856
4857
4861
4863
4864
4865
4866
4868
4869
4870
4871
4874
4875
4876
4878
4880
4883
4886
4888
4890
4891
4892
4895
4899
4900
4906
4908
4910
4913
4914
4920
4921
4922
4923
4924
4925
4931
4933
4934
4938
4939
4940
4942
4944
4945
4948
4949
4951
4953
4955
4958
4959
4961
4963
4964
4966
4967
4970
4972
4974
4975
4976
4977
4980
4982
4984
4985
4989
4990
4991
4995
4999
5001
5003
5005
5007
5008
5009
5010
5013
5014
5015
5022
5024
5026
5027
5028
5029
5030
5033
5035
5038
5039
5040
5041
5043
5044
5045
5046
5047
5049
5051
5052
5053
5054
5062
5063
5066
5070
5072
5073
5075
5078
5080
5081
5082
5084
5088
5089
5090
5094
5096
5097
5100
5102
5104
5105
5107
5108
5110
5112
5113
5114
5116
5117
5121
5122
5123
5124
5130
5131
5136
5140
5142
5143
5147
5150
5151
5152
5154
5155
5157
5158
5159
5160
5165
5171
5172
5173
5175
5176
5179
5185
5186
5189
5191
5192
5193
5196
5198
5199
5202
5203
5206
5208
5209
5211
5212
5213
5214
5215
5216
5220
5221
5224
5226
5227
5229
5230
5231
5233
5234
5235
5238
5241
5243
5246
5247
5250
5252
5253
5254
5258
5259
5261
5264
5265
5266
5269
5273
5275
5276
5277
5278
5279
5281
5282
5283
5284
5286
5288
5289
5290
5291
5293
5294
5296
5297
5299
5300
5303
5304
5306
5307
5311
5312
5317
5320
5321
5323
5324
5328
5329
5330
5334
5336
5337
5338
5340
5342
5343
5344
5351
5352
5355
5356
5362
5364
5369
5370
5376
5378
5379
5380
5381
5385
5386
5387
5388
5389
5393
5394
5395
5396
5397
5399
5400
5401
5404
5405
5407
5408
5411
5414
5415
5417
5418
5419
5427
5429
5430
5431
5434
5436
5437
5439
5440
5441
5442
5443
5446
5448
5450
5451
5455
5458
5460
5461
5465
5467
5468
5471
5472
5473
5475
5476
5477
5479
5482
5487
5489
5494
5497
5499
5501
5502
5503
5504
5507
5509
5511
5512
5515
5519
5520
5521
5523
5525
5526
5527
5532
5533
5534
5535
5536
5537
5539
5540
5544
5546
5548
5553
5554
5562
5563
5565
5569
5572
5575
5577
5579
5582
5589
5594
5595
5598
5601
5604
5605
5606
5608
5609
5610
5611
5614
5619
5621
5622
5626
5630
5632
5634
5644
5647
5648
5649
5651
5653
5654
5658
5659
5660
5661
5662
5666
5669
5670
5671
5672
5674
5675
5679
5680
5681
5684
5685
5687
5688
5689
5694
5695
5698
5699
5704
5706
5709
5711
5715
5718
5721
5723
5724
5726
5730
5731
5735
5737
5739
5740
5741
5742
5743
5745
5746
5747
5748
5751
5752
5753
5758
5759
5760
5761
5763
5764
5768
5769
5771
5774
5775
5776
5780
5781
5785
5787
5793
5795
5797
5802
5803
5804
5807
5810
5811
5812
5816
5817
5818
5820
5822
5825
5826
5829
5830
5831
5832
5834
5840
5843
5844
5860
5864
5865
5867
5874
5876
5878
5879
5881
5882
5883
5884
5885
5886
5888
5890
5891
5896
5899
5901
5902
5903
5905
5908
5915
5918
5919
5920
5925
5926
5937
5938
5944
5950
5953
5961
5962
5965
5966
5968
5970
5972
5974
5975
5976
5978
5980
5981
5984
5987
5989
5996
5999
6003
6005
6006
6011
6021
6022
6024
6025
6032
6033
6034
6037
6038
6041
6042
6043
6045
6047
6049
6055
6056
6059
6060
6061
6064
6065
6067
6069
6070
6071
6073
6075
6078
6082
6084
6086
6088
6089
6090
6091
6094
6096
6097
6101
6102
6103
6104
6106
6107
6110
6111
6114
6115
6117
6118
6119
6120
6121
6124
6127
6128
6129
6130
6133
6134
6135
6138
6140
6141
6142
6144
6146
6149
6150
6152
6154
6156
6157
6158
6159
6161
6162
6163
6165
6166
6167
6169
6170
6171
6173
6175
6177
6179
6182
6184
6187
6188
6189
6190
6194
6195
6198
6199
6200
6201
6202
6203
6204
6205
6206
6207
6208
6209
6210
6211
6212
6213
6215
6217
6218
6219
6220
6222
6223
6224
6225
6226
6227
6228
6229
6232
6234
6236
6237
6238
6240
6241
6242
6243
6244
6246
6247
6249
6250
6251
6252
6255
6256
6257
6258
6259
6260
6262
6264
6265
6266
6267
6268
6270
6272
6273
6274
6275
6276
6277
6278
6279
6280
6281
6282
6283
6285
6287
6288
6289
6291
6292
6294
6295
6296
6297
6298
6299
6300
6301
6302
6304
6307
6308
6309
6310
6311
6312
6313
6314
6315
6316
6318
6319
6320
6321
6322
6324
6325
6326
6327
6328
6329
6330
6331
6332
6333
6334
6335
6336
6337
6338
6340
6341
6342
6343
6345
6347
6348
6350
6351
6352
6353
6354
6355
6356
6358
6359
6360
6361
6363
6364
6365
6366
6367
6368
6369
6371
6372
6373
6375
6377
6378
6380
6381
6382
6384
6386
6388
6389
6390
6391
6392
6393
6394
6395
6396
6398
6399
6403
6405
6406
6407
6408
6409
6410
6411
6412
6413
6414
6415
6416
6419
6420
6421
6423
6424
6425
6426
6427
6428
6430
6431
6432
6433
6434
6435
6436
6437
6438
6439
6442
6443
6444
6445
6447
6448
6449
6450
6451
6452
6454
6455
6456
6458
6459
6460
6461
6463
6465
6467
6469
6472
6473
6474
6476
6478
6479
6480
6482
6486
6487
6488
6490
6491
6492
6493
6494
6498
6499
6500
6501
6502
6504
6506
6507
6508
6509
6511
6514
6516
6523
6524
6525
6527
6529
6530
6532
6533
6534
6536
6538
6539
6540
6543
6544
6546
6547
6550
6551
6556
6557
6558
6559
6561
6563
6564
6566
6567
6568
6569
6571
6573
6574
6579
6580
6584
6587
6588
6590
6594
6595
6596
6597
6598
6600
6601
6602
6603
6604
6608
6609
6611
6612
6615
6618
6619
6620
6621
6623
6624
6625
6627
6628
6629
6631
6632
6633
6637
6642
6646
6647
6649
6651
6652
6653
6654
6656
6657
6658
6660
6662
6663
6666
6668
6671
6674
6675
6676
6678
6679
6680
6682
6683
6684
6686
6687
6688
6689
6690
6694
6696
6697
6698
6699
6700
6701
6702
6703
6704
6706
6710
6712
6715
6717
6718
6725
6727
6728
6729
6730
6731
6732
6734
6735
6736
6737
6739
6743
6744
6747
6748
6749
6750
6752
6756
6759
6760
6761
6762
6764
6766
6768
6769
6772
6774
6775
6777
6779
6783
6788
6790
6797
6800
6808
6809
6811
6813
6814
6815
6820
6822
6823
6825
6826
6827
6829
6833
6834
6835
6837
6841
6842
6845
6848
6850
6852
6856
6857
6862
6863
6864
6867
6868
6869
6870
6871
6873
6876
6881
6883
6886
6890
6891
6893
6894
6896
6900
6906
6909
6913
6914
6915
6918
6919
6920
6922
6924
6925
6926
6928
6933
6934
6935
6936
6937
6939
6944
6946
6947
6948
6949
6950
6953
6955
6956
6957
6959
6963
6966
6967
6968
6971
6973
6975
6976
6979
6980
6986
6988
6989
6990
6992
6996
6997
6999
7000
7001
7002
7006
7007
7008
7009
7011
7013
7014
7015
7016
7018
7021
7026
7031
7032
7036
7038
7039
7043
7044
7045
7048
7049
7051
7052
7054
7055
7056
7058
7059
7060
7061
7063
7064
7065
7067
7071
7072
7073
7075
7076
7078
7080
7082
7084
7085
7087
7089
7090
7092
7094
7096
7098
7099
7100
7102
7103
7105
7106
7107
7108
7109
7110
7112
7116
7117
7118
7119
7120
7121
7125
7127
7128
7130
7132
7135
7136
7137
7138
7139
7140
7141
7144
7148
7149
7150
7153
7155
7156
7159
7160
7161
7163
7164
7165
7168
7171
7173
7176
7177
7178
7181
7182
7184
7185
7186
7187
7188
7191
7192
7194
7195
7196
7198
7200
7201
7202
7203
7204
7206
7207
7208
7210
7211
7214
7224
7226
7228
7229
7231
7233
7234
7235
7237
7238
7241
7242
7243
7244
7245
7246
7247
7248
7249
7250
7251
7253
7254
7258
7259
7262
7263
7264
7266
7269
7270
7271
7273
7275
7279
7280
7282
7284
7287
7288
7292
7295
7297
7298
7299
7300
7302
7303
7307
7310
7314
7316
7317
7318
7320
7321
7323
7324
7326
7328
7329
7331
7332
7333
7337
7338
7343
7344
7345
7348
7349
7350
7351
7354
7356
7357
7358
7361
7363
7364
7366
7367
7368
7369
7370
7371
7372
7375
7376
7378
7379
7380
7382
7384
7386
7387
7388
7389
7390
7391
7392
7396
7397
7398
7401
7402
7404
7405
7406
7407
7408
7409
7410
7412
7413
7416
7417
7419
7421
7422
7423
7425
7427
7430
7465
7474
7476
7478
7479
7481
7482
7483
7484
7498
7503
7507
7518
7519
7521
7530
7531
7536
7539
7542
7543
7548
7550
7553
7554
7556
7559
7564
7570
7574
7575
7579
7580
7583
7585
7589
7590
7593
7596
7600
7602
7613
7616
7618
7634
7639
7644
7645
7655
7657
7660
7668
7675
7678
7685
7686
7687
7688
7689
7693
7710
7718
7722
7747
7749
7754
7755
7760
7764
7777
7779
7781
7783
7787
7795
7796
7797
7801
7802
7805
7807
7810
7811
7820
7825
7826
7837
7838
7843
7846
7849
7855
7862
7871
7882
7886
7887
7888
7908
7916
7918
7919
7927
7933
7936
7941
7945
7947
7949
7951
7952
7956
7961
7962
7963
7964
7967
7968
7969
7988
8000
8001
8009
8014
8016
8018
8024
8028
8030
8033
8037
8046
8047
8052
8061
8070
8071
8073
8081
8085
8088
8094
8095
8097
8102
8103
8104
8105
8106
8107
8108
8109
8110
8111
8113
8114
8115
8116
8117
8118
8119
8120
8122
8123
8124
8125
8129
8130
8132
8133
8135
8136
8137
8139
8140
8142
8143
8144
8146
8148
8150
8152
8153
8154
8155
8156
8157
8160
8161
8163
8165
8170
8171
8172
8174
8176
8179
8180
8182
8184
8185
8186
8188
8189
8190
8191
8194
8196
8197
8199
8200
8201
8203
8207
8208
8213
8215
8217
8219
8220
8221
8223
8227
8228
8229
8230
8232
8233
8234
8235
8236
8238
8240
8243
8246
8247
8248
8250
8252
8258
8259
8260
8261
8264
8265
8268
8269
8273
8274
8275
8277
8278
8279
8281
8283
8284
8285
8286
8289
8290
8292
8294
8295
8296
8299
8300
8301
8307
8312
8313
8316
8318
8320
8321
8323
8325
8326
8328
8329
8332
8333
8334
8336
8338
8348
8349
8350
8351
8353
8360
8361
8365
8366
8368
8370
8373
8374
8376
8377
8379
8380
8381
8384
8390
8394
8395
8397
8398
8400
8402
8404
8405
8408
8409
8413
8414
8415
8416
8420
8422
8424
8428
8430
8432
8433
8436
8437
8439
8444
8446
8447
8448
8455
8456
8460
8465
8469
8470
8472
8473
8478
8480
8481
8484
8487
8488
8489
8490
8493
8495
8499
8502
8503
8506
8507
8509
8510
8512
8514
8515
8517
8519
8521
8522
8523
8525
8526
8527
8528
8529
8531
8532
8533
8536
8539
8541
8544
8546
8550
8551
8552
8554
8558
8560
8562
8567
8571
8573
8574
8577
8578
8587
8590
8592
8594
8596
8597
8598
8601
8603
8605
8606
8619
8622
8623
8624
8628
8632
8635
8639
8640
8644
8645
8647
8649
8652
8653
8654
8656
8658
8661
8664
8666
8667
8668
8669
8675
8680
8681
8685
8686
8687
8690
8692
8693
8694
8696
8698
8703
8709
8710
8715
8718
8720
8727
8728
8733
8747
8751
8752
8753
8754
8755
8758
8759
8761
8762
8773
8776
8777
8780
8782
8787
8792
8794
8796
8797
8802
8803
8804
8806
8807
8808
8809
8814
8824
8826
8829
8833
8835
8836
8837
8838
8839
8840
8844
8847
8848
8854
8855
8856
8858
8860
8861
8864
8865
8867
8869
8873
8874
8879
8883
8884
8885
8886
8889
8894
8895
8897
8898
8899
8903
8904
8905
8906
8907
8908
8911
8913
8922
8923
8925
8926
8929
8931
8932
8933
8934
8935
8938
8941
8943
8944
8946
8947
8948
8952
8955
8960
8963
8964
8967
8968
8969
8972
8978
8979
8980
8984
8985
8987
8988
8989
8991
8992
8996
8997
8999
9000
9003
9006
9007
9008
9011
9014
9015
9017
9018
9020
9021
9024
9035
9036
9037
9043
9045
9046
9048
9055
9056
9057
9058
9061
9064
9067
9069
9070
9076
9081
9088
9090
9092
9098
9100
9101
9104
9110
9111
9112
9113
9114
9118
9123
9126
9127
9137
9143
9144
9147
9150
9151
9153
9156
9159
9160
9161
9164
9166
9172
9174
9176
9177
9179
9187
9190
9193
9194
9195
9201
9202
9209
9214
9215
9221
9230
9235
9237
9239
9241
9247
9249
9250
9257
9260
9263
9267
9268
9273
9276
9279
9284
9289
9290
9297
9304
9306
9311
9312
9313
9315
9323
9328
9330
9332
9334
9336
9344
9350
9358
9361
9365
9370
9372
9374
9380
9383
9384
9386
9388
9391
9392
9395
9400
9401
9403
9406
9409
9415
9419
9421
9423
9425
9426
9430
9435
9440
9443
9444
9449
9451
9452
9453
9454
9456
9459
9462
9475
9478
9479
9480
9484
9486
9488
9489
9493
9498
9500
9501
9507
9511
9515
9516
9518
9520
9526
9527
9530
9532
9534
9536
9538
9544
9546
9548
9556
9563
9564
9574
9575
9580
9592
9593
9594
9595
9597
9598
9599
9602
9607
9613
9614
9615
9625
9626
9631
9632
9634
9638
9646
9649
9652
9658
9661
9662
9665
9667
9668
9669
9672
9675
9677
9678
9683
9685
9686
9688
9701
9703
9707
9710
9718
9723
9725
9732
9735
9741
9745
9747
9748
9753
9755
9756
9759
9761
9769
9770
9773
9774
9775
9778
9779
9780
9785
9786
9789
9790
9805
9808
9810
9811
9812
9815
9816
9819
9825
9828
9829
9834
9835
9836
9838
9840
9843
9845
9846
9850
9856
9858
9861
9863
9866
9868
9872
9876
9877
9880
9882
9883
9885
9886
9887
9889
9890
9892
9893
9895
9896
9899
9902
9904
9905
9906
9911
9914
9915
9916
9917
9919
9920
9921
9922
9923
9924
9925
9926
9927
9929
9930
9931
9932
9933
9934
9937
9938
9939
9940
9941
9942
9943
9945
9946
9947
9948
9949
9950
9952
9953
9954
9955
9956
9957
9958
9959
9960
9962
9964
9966
9967
9968
9969
9970
9972
9975
9976
9977
9978
9980
9981
9982
9984
9986
9987
9988
9989
9990
9991
9992
9994
9996
9997
9998
9999
10000
10001
10002
10005
10007
10008
10009
10010
10013
10014
10016
10017
10018
10019
10020
10022
10023
10024
10025
10026
10027
10029
10030
10032
10033
10035
10036
10038
10039
10040
10042
10043
10044
10045
10046
10048
10049
10051
10052
10054
10055
10056
10057
10058
10059
10061
10062
10064
10065
10067
10069
10070
10071
10072
10073
10074
10075
10078
10079
10080
10081
10082
10083
10084
10087
10088
10089
10092
10093
10094
10095
10096
10097
10098
10100
10102
10104
10106
10107
10109
10110
10113
10116
10117
10118
10121
10122
10123
10124
10125
10126
10127
10128
10129
10130
10131
10134
10135
10136
10139
10140
10145
10146
10147
10151
10152
10153
10154
10157
10158
10159
10161
10162
10163
10164
10165
10166
10167
10168
10169
10171
10172
10173
10174
10175
10177
10179
10181
10183
10186
10187
10188
10189
10190
10192
10193
10194
10196
10201
10204
10209
10212
10216
10217
10220
10222
10223
10224
10225
10228
10230
10231
10237
10240
10242
10243
10244
10245
10246
10247
10249
10250
10252
10253
10254
10256
10257
10258
10261
10265
10266
10269
10270
10272
10274
10275
10277
10280
10281
10282
10283
10284
10286
10287
10292
10293
10295
10296
10298
10299
10301
10302
10305
10307
10309
10311
10313
10314
10316
10318
10320
10323
10324
10325
10326
10330
10331
10332
10335
10336
10337
10338
10339
10342
10343
10345
10346
10347
10348
10351
10353
10354
10356
10359
10362
10365
10366
10367
10368
10370
10373
10374
10375
10377
10378
10379
10382
10387
10388
10390
10393
10394
10398
10401
10402
10404
10405
10408
10411
10414
10415
10420
10422
10423
10426
10427
10429
10431
10432
10439
10440
10442
10443
10444
10446
10450
10453
10458
10460
10461
10463
10464
10466
10468
10470
10476
10477
10483
10489
10490
10491
10501
10506
10508
10510
10516
10518
10520
10527
10528
10530
10538
10541
10545
10547
10549
10550
10551
10554
10555
10556
10557
10559
10562
10565
10566
10576
10578
10581
10582
10583
10584
10590
10591
10592
10593
10598
10600
10601
10605
10607
10613
10615
10616
10620
10623
10625
10628
10633
10636
10639
10640
10641
10650
10653
10657
10658
10660
10662
10666
10667
10668
10669
10673
10674
10676
10677
10680
10681
10682
10686
10687
10689
10692
10693
10694
10696
10697
10699
10700
10702
10703
10704
10705
10706
10710
10715
10716
10721
10722
10724
10725
10726
10727
10729
10730
10732
10734
10738
10743
10744
10745
10747
10749
10750
10752
10753
10758
10763
10765
10766
10767
10773
10775
10776
10777
10779
10782
10785
10787
10788
10790
10798
10802
10803
10805
10806
10808
10810
10813
10816
10817
10821
10822
10824
10826
10827
10831
10832
10834
10839
10844
10847
10849
10850
10851
10852
10853
10854
10856
10857
10858
10862
10863
10864
10865
10867
10872
10873
10878
10879
10882
10885
10887
10889
10891
10894
10895
10897
10900
10901
10903
10904
10905
10908
10910
10911
10912
10913
10914
10915
10917
10918
10920
10921
10922
10923
10928
10929
10931
10934
10937
10938
10942
10944
10947
10948
10949
10954
10958
10959
10963
10964
10965
10967
10968
10970
10972
10973
10977
10978
10983
10984
10985
10986
10988
10989
10991
10992
10995
10996
10997
10998
10999
11001
11002
11006
11008
11009
11012
11013
11014
11016
11020
11021
11024
11025
11027
11028
11030
11031
11033
11034
11035
11037
11038
11040
11041
11042
11045
11046
11050
11051
11054
11057
11058
11059
11060
11062
11063
11064
11065
11066
11068
11070
11071
11072
11075
11077
11080
11081
11083
11084
11085
11086
11088
11089
11092
11093
11094
11095
11096
11099
11100
11101
11102
11103
11105
11108
11110
11111
11112
11115
11116
11118
11119
11120
11121
11122
11123
11124
11126
11127
11128
11131
11133
11134
11135
11136
11137
11138
11139
11141
11144
11145
11147
11148
11164
11170
11173
11188
11195
11196
11198
11199
11200
11201
11202
11204
11206
11211
11214
11215
11216
11220
11221
11232
11236
11237
11239
11242
11254
11255
11258
11266
11268
11269
11270
11271
11272
11275
11277
11280
11283
11285
11287
11289
11290
11297
11300
11301
11303
11304
11305
11306
11307
11309
11313
11314
11325
11332
11341
11345
11348
11349
11350
11356
11360
11361
11373
11374
11392
11400
11402
11404
11422
11423
11424
11426
11438
11441
11443
11461
11462
11468
11478
11482
11486
11491
11497
11498
11507
11512
11522
11524
11525
11530
11531
11534
11538
11539
11544
11551
11560
11561
11563
11565
11567
11569
11584
11585
11600
11607
11608
11610
11611
11617
11630
11633
11637
11641
11650
11663
11666
11668
11671
11678
11681
11682
11689
11692
11693
11722
11724
11732
11733
11743
11744
11746
11747
11751
11757
11761
11762
11765
11766
11769
11771
11775
11776
11784
11785
11786
11788
11792
11794
11796
11803
11812
11816
11817
11818
11820
11821
11823
11824
11825
11826
11827
11828
11829
11830
11832
11834
11835
11836
11837
11838
11839
11840
11841
11842
11843
11844
11845
11846
11848
11849
11850
11852
11853
11855
11856
11857
11858
11859
11860
11864
11865
11866
11867
11869
11870
11871
11874
11875
11877
11878
11879
11880
11881
11883
11884
11885
11886
11887
11888
11890
11894
11896
11897
11898
11899
11900
11902
11903
11904
11905
11907
11908
11909
11911
11912
11913
11915
11916
11917
11919
11920
11922
11923
11925
11928
11929
11930
11931
11932
11933
11936
11937
11938
11939
11940
11941
11942
11943
11944
11945
11947
11948
11951
11953
11957
11958
11960
11962
11963
11964
11966
11967
11968
11969
11972
11975
11978
11979
11980
11981
11982
11984
11985
11986
11988
11989
11991
11994
11995
12000
12004
12005
12008
12013
12014
12015
12017
12018
12019
12021
12022
12025
12031
12034
12035
12036
12037
12039
12040
12042
12043
12046
12047
12049
12051
12053
12054
12058
12060
12064
12065
12067
12071
12074
12080
12081
12084
12085
12086
12087
12092
12095
12096
12098
12099
12100
12102
12103
12104
12108
12109
12111
12113
12116
12119
12121
12123
12124
12126
12127
12129
12131
12134
12136
12137
12143
12144
12151
12153
12158
12159
12164
12165
12176
12178
12179
12183
12185
12186
12187
12190
12192
12193
12195
12197
12200
12203
12205
12206
12207
12208
12209
12210
12213
12214
12215
12216
12217
12218
12219
12221
12224
12225
12226
12227
12229
12230
12231
12235
12237
12238
12239
12240
12242
12243
12244
12247
12251
12252
12253
12255
12258
12260
12262
12263
12265
12268
12272
12274
12275
12276
12279
12281
12284
12285
12287
12288
12289
12292
12294
12295
12302
12304
12305
12306
12310
12311
12314
12316
12318
12319
12320
12325
12327
12328
12329
12330
12333
12334
12335
12336
12339
12343
12347
12349
12350
12351
12353
12354
12358
12359
12361
12362
12363
12364
12365
12367
12369
12370
12372
12373
12374
12376
12379
12380
12386
12387
12390
12391
12392
12393
12394
12395
12400
12408
12411
12413
12414
12415
12416
12418
12419
12420
12421
12423
12424
12429
12430
12433
12434
12435
12438
12439
12440
12442
12443
12445
12447
12448
12452
12454
12455
12458
12461
12462
12463
12466
12467
12468
12471
12472
12473
12475
12476
12477
12479
12482
12491
12498
12500
12501
12502
12505
12509
12510
12512
12513
12517
12518
12519
12520
12522
12523
12525
12526
12527
12528
12529
12533
12535
12536
12538
12539
12540
12545
12547
12549
12555
12560
12561
12564
12567
12570
12571
12572
12575
12577
12578
12583
12587
12588
12590
12593
12594
12595
12598
12599
12600
12601
12603
12605
12606
12607
12608
12609
12610
12611
12612
12614
12616
12617
12620
12622
12623
12629
12630
12631
12632
12633
12634
12636
12637
12641
12646
12649
12652
12654
12655
12661
12667
12671
12674
12677
12678
12679
12680
12681
12682
12685
12689
12692
12693
12694
12697
12699
12703
12705
12706
12708
12709
12710
12711
12716
12717
12718
12722
12725
12727
12728
12731
12732
12734
12735
12737
12741
12748
12749
12750
12752
12755
12758
12762
12763
12764
12765
12768
12770
12771
12773
12779
12782
12791
12793
12795
12804
12806
12807
12808
12812
12815
12821
12824
12825
12826
12827
12828
12829
12830
12835
12836
12839
12840
12842
12851
12853
12856
12862
12867
12868
12869
12871
12873
12874
12875
12888
12889
12891
12893
12894
12899
12903
12907
12909
12910
12916
12917
12920
12921
12925
12929
12932
12934
12937
12938
12940
12943
12946
12951
12953
12955
12956
12959
12963
12966
12970
12972
12974
12980
12981
12982
12984
12989
12999
13000
13003
13004
13007
13008
13009
13010
13020
13029
13030
13034
13048
13052
13054
13058
13063
13069
13073
13075
13076
13081
13082
13086
13087
13088
13094
13097
13098
13104
13108
13109
13113
13115
13116
13117
13120
13122
13125
13127
13129
13130
13132
13135
13138
13139
13146
13150
13152
13154
13165
13168
13170
13176
13177
13179
13184
13187
13188
13192
13194
13197
13200
13205
13206
13208
13209
13215
13221
13224
13226
13230
13232
13234
13235
13236
13239
13240
13245
13246
13250
13251
13254
13255
13258
13261
13262
13264
13279
13287
13288
13289
13292
13293
13298
13300
13304
13305
13310
13311
13313
13314
13316
13317
13320
13321
13323
13324
13328
13329
13349
13350
13352
13353
13354
13357
13360
13366
13367
13369
13370
13372
13376
13379
13386
13390
13393
13394
13397
13402
13406
13408
13409
13411
13415
13417
13424
13425
13427
13433
13438
13440
13444
13449
13453
13457
13461
13462
13467
13469
13477
13480
13483
13489
13492
13493
13494
13495
13497
13498
13499
13501
13506
13510
13514
13516
13517
13520
13524
13526
13530
13531
13533
13536
13537
13538
13539
13540
13542
13549
13552
13554
13555
13556
13557
13558
13559
13560
13564
13568
13569
13574
13577
13578
13580
13584
13585
13586
13587
13589
13591
13596
13597
13598
13599
13603
13616
13619
13622
13625
13629
13630
13631
13632
13633
13634
13635
13636
13637
13640
13642
13643
13645
13646
13647
13648
13651
13652
13653
13654
13655
13656
13657
13658
13659
13660
13661
13662
13663
13665
13666
13667
13668
13670
13671
13672
13674
13675
13676
13677
13678
13679
13680
13681
13682
13683
13684
13685
13686
13687
13688
13689
13690
13691
13692
13693
13695
13696
13698
13701
13702
13703
13704
13705
13706
13707
13708
13709
13712
13713
13715
13716
13717
13718
13719
13722
13723
13724
13725
13726
13727
13729
13730
13731
13732
13733
13735
13737
13739
13740
13741
13743
13744
13746
13747
13748
13749
13750
13751
13754
13755
13756
13757
13758
13759
13760
13761
13762
13763
13765
13766
13768
13769
13772
13773
13775
13776
13777
13778
13779
13781
13783
13784
13785
13787
13790
13792
13794
13795
13796
13797
13798
13799
13800
13803
13808
13809
13810
13811
13814
13815
13817
13818
13820
13821
13822
13823
13824
13825
13826
13828
13829
13830
13831
13833
13834
13835
13836
13839
13840
13842
13843
13846
13847
13852
13853
13854
13855
13856
13858
13859
13860
13861
13863
13864
13865
13866
13867
13869
13870
13871
13873
13875
13877
13878
13880
13881
13882
13884
13886
13889
13890
13895
13896
13897
13898
13900
13902
13907
13910
13915
13916
13918
13921
13922
13924
13926
13928
13929
13933
13935
13937
13939
13941
13942
13944
13947
13948
13953
13954
13955
13957
13958
13960
13961
13963
13964
13967
13968
13970
13971
13972
13973
13975
13978
13979
13981
13983
13984
13985
13987
13988
13989
13990
13991
13992
13993
13994
13995
13996
13997
13999
14001
14002
14004
14005
14007
14008
14009
14012
14014
14015
14022
14025
14026
14027
14028
14030
14032
14033
14035
14036
14037
14038
14039
14040
14041
14044
14045
14046
14048
14049
14051
14052
14053
14055
14056
14057
14058
14059
14061
14062
14063
14066
14068
14070
14075
14079
14081
14082
14084
14085
14086
14087
14088
14089
14091
14092
14093
14099
14101
14103
14104
14105
14113
14115
14116
14117
14118
14122
14125
14128
14129
14130
14131
14132
14133
14134
14137
14138
14140
14143
14145
14147
14148
14150
14152
14153
14154
14155
14157
14159
14160
14162
14163
14164
14165
14167
14174
14175
14176
14177
14178
14179
14180
14182
14184
14186
14187
14189
14190
14192
14194
14195
14196
14197
14198
14203
14205
14208
14209
14211
14216
14218
14220
14224
14225
14230
14231
14234
14236
14241
14242
14243
14245
14248
14252
14253
14254
14257
14260
14261
14262
14263
14265
14268
14269
14270
14273
14274
14276
14277
14280
14286
14291
14292
14294
14295
14296
14297
14300
14301
14304
14307
14309
14310
14311
14313
14314
14318
14319
14321
14325
14328
14329
14330
14332
14334
14337
14338
14339
14341
14342
14343
14344
14346
14347
14348
14352
14353
14357
14361
14362
14364
14365
14366
14368
14374
14378
14381
14383
14384
14385
14387
14390
14391
14395
14396
14398
14404
14407
14408
14409
14411
14417
14418
14419
14420
14421
14422
14423
14424
14427
14429
14430
14431
14432
14433
14434
14436
14437
14439
14441
14443
14444
14446
14447
14448
14449
14450
14454
14456
14457
14459
14461
14463
14464
14466
14467
14468
14470
14471
14479
14480
14484
14486
14489
14491
14493
14496
14499
14503
14504
14506
14507
14512
14514
14517
14518
14520
14521
14522
14526
14527
14528
14529
14530
14531
14534
14536
14539
14540
14541
14546
14547
14548
14549
14555
14556
14559
14560
14561
14563
14564
14565
14569
14570
14572
14573
14575
14576
14578
14579
14580
14581
14583
14584
14588
14592
14596
14599
14600
14601
14603
14604
14606
14607
14609
14612
14614
14615
14616
14619
14622
14625
14626
14628
14631
14632
14633
14634
14636
14638
14639
14641
14643
14644
14648
14649
14650
14652
14654
14659
14660
14661
14662
14663
14666
14668
14672
14673
14674
14676
14677
14678
14679
14680
14681
14682
14686
14687
14690
14691
14692
14693
14697
14699
14701
14702
14703
14712
14713
14715
14716
14719
14721
14723
14726
14730
14731
14734
14735
14742
14744
14745
14746
14748
14749
14751
14752
14754
14759
14760
14764
14767
14768
14771
14772
14773
14774
14776
14779
14782
14784
14785
14786
14789
14791
14792
14793
14794
14795
14796
14798
14799
14800
14802
14803
14807
14808
14809
14812
14813
14814
14815
14816
14817
14819
14820
14821
14823
14826
14829
14830
14833
14834
14836
14838
14840
14841
14842
14843
14845
14846
14847
14848
14850
14851
14853
14854
14855
14858
14859
14862
14881
14882
14883
14886
14893
14895
14896
14897
14899
14916
14918
14922
14928
14931
14936
14945
14946
14947
14950
14958
14965
14971
14973
14979
14982
14984
14985
14986
14991
14992
14993
14994
14999
15002
15007
15008
15011
15017
15018
15021
15035
15041
15046
15058
15062
15070
15072
15083
15090
15095
15102
15104
15106
15109
15112
15116
15119
15121
15130
15140
15152
15157
15165
15170
15175
15180
15183
15186
15188
15212
15225
15226
15230
15233
15239
15240
15248
15258
15261
15282
15284
15290
15296
15299
15301
15307
15315
15330
15333
15336
15344
15355
15359
15360
15364
15366
15380
15388
15391
15392
15404
15412
15413
15414
15429
15432
15436
15446
15451
15460
15476
15485
15487
15489
15490
15502
15505
15510
15521
15524
15531
15533
15535
15537
15539
15540
15541
15542
15543
15545
15546
15547
15549
15550
15551
15554
15555
15557
15560
15561
15562
15563
15564
15565
15566
15567
15568
15569
15571
15572
15574
15576
15578
15579
15580
15581
15582
15583
15586
15588
15589
15590
15591
15592
15593
15596
15600
15601
15602
15603
15609
15610
15612
15613
15614
15615
15616
15617
15622
15625
15626
15628
15629
15630
15631
15632
15634
15635
15637
15643
15644
15647
15651
15653
15656
15657
15658
15659
15665
15666
15667
15668
15669
15671
15674
15675
15677
15680
15683
15685
15686
15687
15688
15691
15692
15693
15694
15696
15697
15699
15700
15701
15702
15703
15704
15705
15706
15707
15708
15712
15714
15718
15719
15721
15722
15723
15729
15731
15732
15733
15734
15735
15736
15741
15744
15749
15750
15751
15754
15755
15757
15759
15760
15761
15762
15764
15767
15768
15770
15778
15779
15781
15782
15786
15787
15788
15789
15792
15793
15794
15795
15798
15799
15801
15806
15807
15808
15812
15814
15818
15820
15821
15825
15827
15830
15831
15832
15834
15835
15838
15840
15841
15842
15843
15845
15848
15851
15855
15858
15864
15865
15869
15872
15873
15875
15880
15881
15882
15885
15886
15888
15892
15894
15896
15898
15899
15904
15906
15907
15915
15916
15917
15919
15920
15921
15924
15925
15927
15929
15930
15933
15937
15938
15940
15941
15943
15944
15945
15949
15950
15951
15953
15954
15956
15957
15958
15960
15963
15965
15967
15969
15970
15972
15974
15976
15977
15979
15980
15981
15985
15987
15990
15991
15994
15997
15998
15999
16001
16002
16006
16012
16014
16016
16017
16018
16019
16020
16024
16030
16031
16034
16036
16037
16041
16042
16043
16045
16046
16049
16050
16056
16057
16060
16061
16062
16063
16069
16070
16072
16073
16075
16078
16080
16081
16084
16086
16088
16093
16095
16097
16101
16105
16106
16109
16112
16115
16117
16121
16123
16126
16128
16133
16135
16137
16143
16144
16145
16146
16147
16152
16154
16155
16156
16162
16163
16164
16166
16167
16169
16170
16172
16175
16178
16180
16181
16182
16185
16186
16188
16191
16192
16193
16194
16197
16198
16204
16205
16207
16210
16214
16215
16216
16219
16220
16225
16226
16227
16229
16230
16231
16232
16236
16238
16239
16242
16246
16248
16249
16252
16253
16254
16256
16259
16260
16261
16262
16263
16264
16267
16271
16272
16278
16283
16285
16289
16292
16297
16301
16302
16303
16304
16305
16306
16308
16313
16314
16316
16317
16318
16323
16325
16326
16328
16330
16334
16336
16342
16344
16348
16360
16362
16364
16367
16368
16371
16373
16376
16378
16380
16381
16382
16386
16391
16392
16402
16405
16406
16408
16409
16411
16415
16416
16419
16420
16424
16425
16430
16432
16434
16435
16436
16439
16441
16442
16443
16446
16449
16450
16451
16455
16463
16464
16469
16471
16472
16476
16479
16485
16490
16492
16493
16494
16495
16496
16497
16498
16499
16501
16512
16518
16520
16521
16522
16523
16532
16535
16538
16539
16543
16546
16548
16554
16555
16559
16563
16565
16569
16572
16578
16579
16580
16582
16583
16584
16585
16588
16589
16591
16594
16602
16603
16606
16607
16608
16609
16615
16617
16618
16621
16623
16630
16635
16636
16639
16642
16643
16644
16646
16650
16651
16652
16653
16660
16661
16665
16668
16669
16672
16677
16678
16691
16695
16696
16703
16705
16707
16711
16717
16718
16719
16722
16723
16724
16731
16733
16738
16740
16741
16746
16747
16752
16765
16766
16767
16772
16776
16778
16781
16782
16787
16790
16793
16800
16802
16804
16811
16813
16817
16820
16822
16827
16828
16831
16834
16836
16840
16842
16851
16852
16853
16854
16856
16857
16863
16868
16872
16873
16877
16879
16884
16887
16889
16891
16893
16894
16900
16901
16907
16910
16912
16914
16918
16919
16927
16929
16935
16938
16940
16941
16943
16944
16953
16954
16956
16957
16958
16964
16968
16969
16971
16979
16982
16985
16995
17000
17002
17003
17008
17009
17012
17015
17017
17019
17020
17022
17024
17025
17027
17028
17030
17034
17041
17044
17054
17057
17062
17064
17076
17079
17083
17085
17090
17095
17100
17104
17105
17108
17109
17110
17112
17113
17114
17115
17117
17120
17130
17132
17138
17140
17144
17145
17147
17149
17153
17154
17155
17156
17163
17167
17168
17172
17176
17181
17183
17184
17185
17194
17197
17198
17200
17202
17206
17207
17209
17211
17212
17213
17214
17219
17220
17221
17228
17237
17238
17239
17242
17243
17244
17247
17250
17251
17252
17253
17257
17260
17262
17263
17265
17266
17268
17269
17270
17271
17276
17278
17284
17285
17286
17288
17289
17292
17294
17295
17299
17300
17303
17310
17311
17314
17318
17319
17320
17328
17331
17338
17340
17342
17343
17344
17345
17346
17347
17348
17349
17350
17351
17352
17353
17355
17357
17359
17360
17361
17362
17365
17366
17369
17370
17371
17374
17375
17376
17377
17379
17381
17382
17384
17385
17386
17388
17389
17391
17392
17393
17394
17396
17397
17398
17400
17402
17404
17406
17407
17408
17409
17412
17413
17414
17415
17416
17418
17420
17421
17422
17425
17426
17427
17428
17429
17430
17431
17432
17433
17435
17436
17437
17438
17440
17441
17442
17444
17445
17446
17447
17450
17452
17453
17454
17455
17456
17457
17458
17460
17461
17462
17464
17466
17467
17468
17469
17470
17474
17475
17476
17479
17480
17482
17483
17484
17487
17489
17490
17491
17492
17493
17495
17497
17499
17500
17501
17502
17504
17506
17508
17509
17510
17512
17514
17515
17516
17517
17518
17519
17520
17522
17523
17524
17526
17527
17528
17530
17531
17532
17534
17536
17537
17539
17540
17541
17543
17544
17545
17546
17547
17548
17549
17553
17555
17556
17557
17559
17560
17562
17563
17566
17567
17568
17573
17574
17576
17577
17579
17580
17582
17583
17585
17586
17587
17589
17590
17592
17593
17594
17595
17599
17603
17604
17605
17607
17609
17611
17612
17614
17616
17618
17620
17622
17624
17626
17628
17629
17630
17632
17633
17636
17638
17639
17640
17641
17642
17644
17645
17648
17649
17651
17654
17656
17659
17660
17661
17669
17672
17675
17677
17678
17679
17680
17681
17682
17685
17686
17689
17691
17692
17693
17695
17697
17698
17701
17702
17704
17705
17706
17708
17709
17710
17711
17715
17718
17721
17724
17726
17727
17728
17733
17734
17736
17739
17742
17744
17746
17750
17751
17754
17755
17757
17758
17760
17763
17764
17765
17767
17768
17770
17771
17773
17774
17775
17776
17777
17779
17781
17782
17784
17792
17793
17794
17795
17796
17797
17798
17800
17802
17804
17805
17813
17815
17817
17820
17826
17831
17834
17836
17837
17841
17842
17845
17848
17850
17851
17854
17855
17857
17859
17865
17866
17867
17869
17871
17873
17874
17877
17878
17882
17883
17886
17888
17889
17891
17892
17893
17896
17898
17904
17908
17911
17912
17916
17917
17919
17922
17924
17925
17934
17937
17941
17943
17944
17945
17946
17950
17954
17955
17959
17960
17961
17962
17964
17967
17971
17978
17979
17983
17984
17987
17988
17990
17994
17998
18002
18004
18006
18007
18009
18010
18013
18015
18018
18020
18022
18023
18026
18028
18033
18036
18043
18047
18051
18056
18060
18061
18066
18069
18070
18073
18085
18088
18090
18094
18097
18098
18102
18104
18110
18113
18114
18117
18120
18122
18125
18131
18132
18133
18134
18135
18138
18142
18143
18144
18157
18161
18162
18163
18164
18168
18172
18173
18175
18177
18178
18180
18181
18182
18188
18193
18199
18200
18201
18203
18205
18207
18209
18212
18214
18215
18219
18221
18224
18226
18232
18233
18234
18239
18241
18244
18245
18248
18249
18251
18252
18253
18255
18262
18263
18264
18266
18272
18273
18274
18277
18278
18279
18280
18281
18282
18283
18284
18286
18290
18291
18292
18293
18294
18295
18298
18300
18302
18304
18306
18310
18312
18313
18316
18318
18319
18321
18322
18323
18324
18329
18331
18333
18335
18337
18340
18342
18344
18345
18346
18348
18350
18352
18353
18357
18358
18359
18360
18361
18362
18365
18366
18368
18371
18375
18379
18380
18382
18385
18386
18387
18388
18391
18392
18393
18396
18398
18400
18401
18404
18405
18406
18409
18412
18414
18415
18417
18421
18424
18426
18430
18432
18433
18434
18439
18443
18444
18445
18447
18448
18449
18450
18451
18455
18456
18459
18460
18462
18463
18464
18465
18466
18468
18470
18472
18473
18474
18478
18479
18481
18482
18485
18486
18488
18489
18490
18491
18496
18498
18499
18500
18501
18503
18504
18506
18507
18509
18510
18511
18512
18513
18514
18516
18517
18518
18522
18525
18528
18530
18531
18532
18535
18538
18543
18544
18547
18548
18549
18550
18551
18552
18553
18554
18555
18559
18561
18563
18565
18566
18567
18569
18573
18574
18579
18580
18582
18585
18587
18590
18594
18606
18607
18611
18613
18626
18632
18633
18636
18643
18645
18648
18654
18660
18662
18667
18668
18669
18671
18672
18683
18684
18686
18688
18689
18694
18695
18696
18698
18700
18706
18711
18713
18714
18715
18716
18717
18722
18728
18729
18732
18735
18737
18753
18755
18765
18784
18786
18795
18808
18822
18824
18828
18833
18834
18851
18860
18863
18872
18877
18882
18887
18891
18892
18896
18897
18906
18912
18913
18915
18925
18929
18944
18949
18953
18956
18958
18961
18964
18966
18970
18971
18976
18979
18980
18987
18994
18995
18997
19008
19013
19023
19035
19037
19050
19052
19055
19057
19058
19061
19063
19069
19072
19080
19081
19086
19088
19094
19096
19099
19100
19105
19109
19112
19121
19126
19139
19150
19153
19156
19158
19162
19168
19172
19179
19188
19190
19194
19199
19204
19212
19215
19216
19238
19239
19240
19244
19245
19246
19248
19250
19251
19252
19253
19254
19255
19256
19257
19258
19260
19261
19262
19265
19267
19269
19270
19271
19273
19274
19276
19277
19278
19279
19280
19281
19284
19286
19287
19288
19291
19292
19293
19295
19296
19297
19298
19299
19300
19304
19305
19307
19308
19310
19315
19316
19318
19319
19320
19321
19323
19324
19327
19328
19331
19332
19335
19337
19338
19339
19340
19341
19342
19343
19344
19345
19348
19351
19353
19354
19355
19356
19358
19359
19360
19361
19364
19365
19366
19368
19370
19373
19374
19375
19377
19378
19379
19381
19382
19383
19384
19386
19388
19389
19390
19394
19396
19397
19398
19399
19400
19402
19403
19404
19405
19406
19407
19409
19411
19412
19413
19414
19416
19417
19419
19420
19422
19423
19426
19428
19432
19433
19435
19436
19438
19441
19445
19446
19451
19452
19457
19460
19462
19463
19464
19465
19466
19467
19469
19470
19471
19474
19475
19477
19479
19480
19482
19487
19488
19489
19491
19492
19493
19495
19497
19498
19500
19502
19504
19506
19508
19509
19513
19515
19516
19525
19526
19527
19528
19529
19532
19533
19536
19537
19540
19541
19542
19547
19549
19550
19551
19553
19554
19555
19556
19557
19558
19564
19565
19567
19570
19571
19576
19577
19578
19579
19582
19585
19586
19589
19592
19593
19596
19599
19602
19604
19607
19611
19612
19614
19618
19619
19620
19621
19622
19623
19625
19631
19633
19636
19638
19639
19641
19642
19643
19644
19646
19649
19650
19652
19657
19658
19659
19661
19663
19664
19666
19667
19668
19669
19670
19671
19672
19673
19675
19679
19682
19683
19684
19686
19691
19692
19693
19694
19695
19696
19697
19698
19699
19700
19702
19710
19712
19715
19716
19717
19721
19722
19726
19727
19729
19730
19733
19734
19736
19742
19743
19744
19747
19748
19750
19751
19752
19754
19755
19756
19761
19762
19764
19765
19768
19770
19774
19776
19777
19779
19781
19785
19786
19787
19788
19789
19790
19791
19792
19793
19795
19798
19799
19800
19803
19804
19806
19807
19810
19811
19815
19817
19822
19823
19827
19829
19831
19832
19833
19836
19838
19840
19842
19843
19845
19847
19849
19850
19853
19854
19856
19858
19859
19861
19862
19866
19869
19870
19871
19873
19880
19883
19884
19886
19889
19891
19894
19895
19896
19897
19898
19899
19900
19902
19903
19905
19909
19911
19918
19919
19922
19923
19925
19926
19928
19929
19935
19937
19938
19941
19942
19944
19945
19946
19948
19949
19950
19951
19953
19956
19957
19961
19966
19968
19970
19971
19973
19975
19976
19978
19981
19986
19988
19991
19995
19996
19997
19998
19999
20000
20003
20005
20006
20012
20015
20016
20018
20019
20021
20022
20023
20027
20028
20029
20031
20033
20034
20035
20036
20044
20045
20047
20048
20051
20053
20055
20056
20057
20058
20059
20062
20064
20065
20068
20072
20073
20074
20080
20083
20088
20089
20090
20099
20100
20105
20106
20108
20110
20111
20113
20115
20117
20118
20121
20123
20124
20127
20130
20131
20132
20133
20134
20137
20138
20140
20143
20144
20146
20147
20150
20153
20156
20163
20165
20167
20168
20169
20173
20174
20176
20178
20183
20184
20185
20187
20188
20193
20194
20197
20198
20199
20202
20203
20205
20207
20212
20217
20218
20221
20223
20225
20226
20227
20229
20232
20234
20235
20236
20237
20240
20241
20246
20252
20254
20256
20260
20263
20264
20265
20267
20268
20273
20274
20275
20279
20281
20283
20286
20289
20293
20295
20296
20299
20301
20302
20303
20305
20311
20313
20316
20321
20323
20326
20328
20329
20331
20332
20336
20337
20338
20342
20343
20344
20348
20349
20352
20355
20357
20361
20362
20366
20367
20368
20369
20370
20371
20375
20379
20383
20387
20389
20391
20394
20398
20402
20404
20405
20412
20414
20418
20421
20427
20429
20431
20432
20436
20438
20439
20445
20448
20452
20453
20454
20456
20459
20460
20461
20464
20466
20468
20470
20472
20476
20478
20482
20484
20487
20491
20494
20496
20498
20504
20507
20508
20509
20514
20515
20518
20523
20524
20525
20527
20530
20534
20538
20539
20540
20541
20543
20544
20545
20550
20551
20554
20557
20562
20563
20565
20567
20573
20574
20576
20577
20580
20582
20586
20591
20592
20594
20595
20596
20597
20601
20603
20604
20607
20608
20612
20615
20616
20620
20625
20627
20632
20633
20634
20637
20639
20640
20643
20644
20649
20655
20656
20657
20658
20659
20663
20664
20668
20669
20672
20673
20674
20676
20677
20678
20681
20686
20693
20697
20698
20699
20700
20703
20705
20714
20716
20717
20724
20729
20733
20736
20737
20739
20740
20742
20745
20750
20751
20755
20759
20764
20767
20771
20776
20778
20780
20781
20782
20791
20793
20795
20797
20799
20804
20805
20808
20809
20811
20812
20814
20817
20818
20819
20822
20823
20825
20828
20830
20834
20836
20839
20842
20845
20852
20857
20861
20867
20868
20879
20881
20884
20889
20890
20895
20897
20901
20905
20909
20911
20912
20914
20916
20918
20919
20925
20927
20932
20937
20939
20941
20944
20945
20946
20947
20952
20954
20957
20958
20961
20964
20967
20970
20971
20974
20976
20977
20978
20980
20981
20984
20985
20987
20988
20990
20991
20992
20993
20994
20996
20998
21001
21002
21006
21008
21012
21013
21014
21015
21018
21020
21021
21023
21025
21026
21027
21028
21029
21033
21035
21047
21049
21053
21055
21056
21057
21058
21059
21060
21061
21062
21063
21065
21068
21073
21074
21075
21076
21077
21078
21079
21080
21082
21084
21085
21086
21088
21089
21090
21091
21093
21094
21095
21096
21098
21099
21100
21101
21102
21104
21105
21106
21108
21109
21111
21112
21115
21118
21120
21121
21122
21123
21124
21126
21127
21129
21130
21131
21132
21133
21134
21135
21136
21137
21138
21139
21140
21141
21143
21144
21145
21146
21147
21149
21150
21151
21152
21160
21161
21162
21164
21166
21167
21168
21169
21171
21172
21174
21175
21176
21177
21178
21182
21183
21184
21185
21186
21187
21188
21189
21190
21191
21193
21194
21195
21196
21199
21203
21206
21208
21209
21210
21211
21213
21214
21215
21217
21218
21220
21221
21222
21223
21224
21225
21226
21227
21229
21230
21231
21233
21235
21236
21237
21238
21240
21242
21243
21244
21245
21247
21248
21249
21251
21252
21255
21257
21258
21259
21263
21264
21266
21267
21269
21270
21271
21273
21279
21280
21281
21282
21283
21286
21287
21288
21290
21291
21292
21293
21294
21296
21298
21299
21301
21303
21304
21306
21308
21309
21310
21312
21313
21314
21317
21318
21323
21325
21328
21329
21330
21335
21339
21343
21344
21345
21346
21347
21350
21352
21353
21354
21358
21359
21365
21367
21368
21369
21370
21371
21374
21376
21377
21378
21379
21380
21381
21382
21385
21386
21388
21389
21394
21395
21396
21399
21400
21401
21402
21403
21404
21406
21407
21411
21412
21413
21414
21415
21418
21419
21420
21422
21424
21425
21428
21429
21436
21438
21441
21443
21444
21445
21446
21449
21450
21452
21453
21454
21455
21456
21457
21458
21460
21465
21466
21467
21468
21471
21473
21474
21476
21477
21479
21480
21482
21483
21484
21485
21487
21488
21489
21490
21491
21492
21496
21500
21505
21507
21508
21510
21511
21512
21515
21517
21519
21521
21524
21527
21530
21531
21532
21535
21538
21543
21544
21545
21546
21551
21552
21553
21556
21558
21559
21561
21562
21563
21564
21566
21568
21569
21570
21571
21573
21580
21581
21583
21585
21586
21587
21588
21589
21590
21592
21593
21594
21595
21600
21603
21604
21605
21606
21607
21608
21614
21615
21618
21620
21622
21623
21625
21631
21633
21635
21643
21644
21646
21653
21654
21662
21663
21664
21667
21668
21669
21676
21678
21682
21686
21687
21688
21693
21697
21698
21704
21705
21708
21710
21720
21724
21725
21727
21729
21732
21734
21737
21739
21742
21744
21748
21750
21753
21755
21757
21758
21761
21762
21763
21764
21765
21766
21767
21768
21778
21780
21781
21782
21783
21785
21788
21790
21791
21792
21796
21798
21801
21803
21808
21809
21810
21811
21812
21813
21815
21818
21819
21820
21822
21823
21824
21826
21838
21841
21845
21846
21848
21849
21852
21854
21858
21860
21861
21865
21869
21871
21872
21877
21878
21882
21885
21886
21887
21891
21896
21897
21900
21902
21907
21911
21916
21919
21921
21927
21929
21930
21931
21933
21934
21935
21940
21946
21948
21950
21953
21954
21955
21957
21959
21963
21964
21965
21967
21968
21969
21971
21973
21974
21976
21977
21979
21981
21987
21988
21990
21991
21992
21995
21996
21999
22004
22006
22007
22008
22009
22012
22014
22015
22016
22018
22020
22024
22025
22026
22027
22029
22032
22033
22036
22037
22042
22043
22044
22052
22056
22057
22058
22061
22062
22063
22064
22066
22067
22069
22070
22071
22073
22076
22077
22080
22082
22085
22087
22089
22091
22094
22100
22101
22102
22104
22106
22107
22109
22110
22112
22113
22114
22115
22119
22123
22125
22126
22127
22128
22129
22130
22131
22133
22134
22135
22136
22137
22138
22140
22141
22144
22146
22147
22148
22150
22151
22153
22155
22156
22158
22159
22160
22162
22169
22170
22172
22173
22174
22175
22177
22179
22180
22182
22184
22187
22188
22189
22191
22192
22195
22197
22199
22201
22204
22207
22212
22213
22214
22215
22217
22220
22222
22225
22226
22227
22228
22230
22231
22232
22233
22235
22236
22237
22240
22242
22244
22245
22246
22247
22248
22249
22250
22251
22252
22254
22257
22258
22260
22261
22264
22266
22268
22269
22270
22271
22272
22273
22275
22276
22277
22278
22279
22280
22281
22282
22283
22286
22292
22294
22300
22308
22316
22319
22321
22322
22323
22327
22331
22339
22341
22342
22347
22353
22354
22356
22368
22370
22372
22373
22374
22375
22380
22384
22394
22396
22399
22404
22407
22410
22411
22412
22413
22414
22416
22419
22424
22425
22426
22427
22429
22430
22431
22432
22438
22442
22445
22446
22450
22454
22467
22469
22474
22477
22491
22500
22514
22515
22518
22532
22534
22542
22545
22548
22549
22556
22560
22568
22574
22585
22590
22602
22603
22606
22620
22628
22630
22637
22653
22654
22661
22670
22680
22681
22682
22683
22685
22690
22694
22702
22705
22706
22707
22711
22718
22730
22733
22735
22737
22745
22746
22748
22754
22760
22764
22765
22766
22767
22772
22780
22783
22790
22792
22795
22797
22808
22810
22818
22823
22840
22846
22852
22860
22864
22872
22873
22885
22886
22890
22901
22917
22920
22928
22937
22952
22954
22958
22961
22962
22963
22965
22967
22968
22969
22970
22971
22972
22974
22976
22977
22978
22979
22981
22982
22984
22987
22989
22991
22992
22995
22996
22997
22998
22999
23000
23002
23005
23006
23007
23008
23009
23011
23012
23014
23015
23016
23017
23018
23022
23023
23026
23027
23028
23029
23031
23032
23033
23034
23035
23037
23038
23041
23042
23043
23044
23045
23046
23048
23051
23053
23055
23056
23057
23058
23063
23065
23067
23070
23071
23073
23075
23076
23077
23081
23084
23086
23087
23088
23091
23093
23095
23096
23097
23099
23100
23102
23104
23108
23111
23114
23116
23117
23119
23120
23121
23123
23125
23126
23127
23128
23130
23131
23132
23133
23135
23140
23141
23142
23145
23146
23148
23150
23152
23157
23159
23161
23162
23163
23166
23168
23170
23171
23176
23177
23178
23179
23180
23181
23182
23183
23185
23188
23190
23191
23194
23203
23206
23207
23208
23209
23210
23212
23215
23216
23217
23218
23219
23220
23222
23223
23224
23225
23229
23230
23231
23233
23234
23237
23239
23240
23242
23243
23246
23247
23249
23251
23254
23258
23261
23262
23263
23266
23267
23269
23270
23271
23272
23274
23276
23278
23279
23282
23283
23286
23287
23293
23303
23310
23316
23318
23319
23321
23324
23325
23328
23329
23337
23339
23340
23343
23344
23345
23350
23351
23353
23355
23356
23357
23358
23359
23360
23363
23365
23366
23367
23368
23369
23370
23371
23372
23377
23378
23379
23382
23385
23386
23389
23393
23394
23395
23396
23397
23398
23400
23405
23407
23409
23410
23412
23415
23416
23418
23419
23421
23423
23424
23427
23428
23430
23432
23436
23437
23438
23440
23444
23445
23446
23448
23449
23450
23453
23454
23455
23458
23459
23461
23462
23463
23464
23467
23468
23469
23473
23477
23480
23485
23491
23492
23494
23496
23497
23498
23501
23502
23503
23505
23507
23511
23514
23516
23517
23518
23520
23525
23528
23530
23532
23533
23534
23536
23541
23543
23546
23550
23554
23555
23556
23560
23563
23564
23566
23573
23575
23576
23577
23579
23582
23583
23584
23585
23587
23590
23598
23600
23604
23605
23607
23609
23610
23611
23614
23616
23617
23621
23622
23624
23627
23632
23633
23636
23639
23642
23647
23649
23650
23655
23657
23658
23659
23660
23662
23665
23666
23667
23670
23671
23672
23673
23674
23675
23677
23680
23681
23682
23684
23685
23686
23687
23692
23696
23697
23700
23702
23703
23705
23714
23716
23720
23722
23725
23730
23732
23733
23735
23739
23741
23742
23743
23745
23747
23749
23750
23751
23752
23762
23766
23767
23770
23772
23773
23774
23779
23780
23782
23783
23785
23786
23788
23791
23793
23794
23796
23797
23802
23804
23806
23811
23812
23813
23815
23820
23823
23824
23830
23833
23839
23842
23843
23844
23845
23846
23847
23848
23851
23853
23856
23858
23859
23861
23862
23863
23864
23870
23871
23874
23877
23880
23886
23888
23891
23899
23901
23903
23907
23914
23916
23917
23921
23932
23934
23940
23943
23945
23946
23947
23954
23957
23960
23961
23962
23963
23965
23966
23967
23968
23970
23977
23982
23984
23985
23987
23992
23993
23995
23997
23999
24002
24003
24004
24007
24012
24013
24015
24016
24017
24018
24028
24030
24037
24038
24043
24046
24047
24048
24050
24051
24059
24067
24071
24072
24073
24074
24079
24080
24081
24082
24090
24091
24093
24097
24102
24105
24106
24115
24120
24123
24126
24132
24137
24138
24139
24143
24148
24150
24168
24172
24174
24175
24178
24180
24183
24186
24188
24189
24194
24199
24202
24205
24206
24212
24214
24217
24221
24222
24229
24234
24235
24239
24240
24244
24250
24251
24256
24257
24259
24262
24263
24268
24281
24296
24300
24305
24309
24310
24312
24314
24317
24319
24323
24327
24329
24330
24338
24339
24342
24347
24349
24358
24363
24369
24371
24373
24374
24381
24382
24386
24394
24396
24397
24398
24400
24413
24418
24428
24431
24443
24445
24447
24452
24453
24454
24455
24458
24473
24476
24485
24487
24491
24492
24496
24502
24513
24515
24518
24520
24522
24523
24524
24525
24527
24528
24532
24539
24544
24547
24550
24556
24557
24558
24560
24565
24566
24568
24573
24575
24581
24591
24599
24603
24604
24611
24612
24618
24625
24628
24630
24631
24632
24634
24636
24639
24640
24641
24647
24648
24654
24656
24664
24667
24668
24669
24671
24672
24674
24675
24677
24678
24680
24681
24682
24685
24691
24692
24694
24696
24698
24699
24702
24704
24706
24712
24714
24717
24718
24719
24720
24721
24722
24726
24727
24728
24729
24731
24732
24733
24735
24739
24743
24744
24748
24749
24750
24751
24756
24757
24758
24759
24760
24763
24767
24768
24770
24771
24772
24773
24774
24776
24777
24778
24779
24780
24781
24782
24785
24787
24789
24790
24793
24795
24796
24797
24798
24799
24800
24801
24802
24804
24805
24808
24809
24810
24811
24812
24814
24817
24818
24820
24822
24824
24825
24826
24827
24828
24830
24831
24832
24833
24834
24836
24837
24839
24840
24841
24842
24843
24844
24845
24846
24847
24848
24850
24851
24852
24853
24854
24855
24857
24858
24859
24860
24861
24862
24863
24865
24868
24869
24870
24872
24874
24875
24876
24880
24881
24882
24883
24884
24885
24886
24888
24891
24892
24893
24894
24895
24896
24897
24898
24899
24900
24901
24903
24904
24907
24908
24910
24911
24912
24915
24917
24919
24920
24921
24923
24924
24925
24927
24929
24932
24934
24935
24936
24937
24938
24939
24940
24943
24945
24949
24951
24952
24954
24958
24959
24960
24961
24962
24963
24964
24967
24968
24969
24972
24973
24974
24975
24976
24977
24978
24980
24981
24983
24984
24985
24987
24990
24992
24995
24996
25000
25002
25003
25004
25006
25007
25008
25010
25012
25013
25014
25015
25017
25018
25020
25021
25022
25023
25024
25025
25026
25027
25028
25029
25032
25035
25036
25043
25044
25045
25048
25049
25050
25056
25057
25058
25060
25063
25065
25068
25074
25079
25080
25081
25082
25083
25084
25086
25090
25091
25094
25095
25098
25099
25100
25101
25102
25105
25107
25108
25109
25110
25112
25113
25114
25115
25120
25122
25124
25125
25126
25127
25128
25129
25130
25133
25134
25136
25138
25139
25143
25148
25149
25150
25151
25152
25154
25155
25156
25158
25164
25170
25172
25174
25181
25182
25185
25187
25188
25193
25195
25196
25198
25199
25200
25203
25204
25207
25209
25212
25215
25219
25220
25223
25224
25225
25226
25228
25229
25230
25233
25242
25243
25244
25245
25247
25249
25250
25254
25257
25258
25259
25260
25262
25264
25269
25273
25274
25276
25277
25279
25282
25284
25287
25295
25299
25301
25302
25303
25306
25309
25314
25315
25316
25317
25319
25320
25323
25324
25326
25329
25331
25332
25333
25336
25337
25340
25342
25344
25345
25347
25350
25354
25360
25366
25367
25371
25372
25374
25378
25380
25383
25388
25394
25395
25397
25402
25404
25406
25407
25409
25411
25412
25415
25418
25419
25421
25422
25423
25428
25430
25434
25435
25437
25438
25439
25441
25443
25448
25450
25452
25454
25455
25458
25469
25470
25471
25474
25479
25480
25483
25488
25489
25494
25496
25497
25514
25520
25522
25523
25524
25525
25526
25527
25532
25533
25535
25536
25537
25538
25540
25541
25544
25548
25553
25555
25556
25559
25560
25561
25562
25563
25564
25568
25569
25570
25571
25575
25579
25580
25581
25582
25583
25585
25591
25592
25599
25601
25602
25604
25605
25606
25607
25608
25609
25610
25613
25614
25618
25619
25621
25623
25625
25626
25629
25630
25631
25633
25635
25642
25644
25646
25647
25650
25659
25662
25663
25664
25665
25666
25669
25671
25672
25673
25677
25678
25679
25681
25682
25683
25687
25689
25690
25695
25696
25700
25703
25705
25706
25709
25710
25711
25712
25719
25722
25723
25725
25726
25730
25732
25734
25738
25739
25740
25741
25747
25750
25751
25756
25757
25758
25761
25763
25764
25767
25768
25778
25780
25781
25785
25787
25791
25794
25795
25796
25798
25802
25803
25805
25807
25808
25810
25811
25813
25815
25816
25818
25819
25824
25826
25828
25829
25833
25837
25838
25840
25842
25843
25844
25845
25846
25849
25850
25854
25855
25857
25858
25859
25861
25862
25865
25866
25867
25869
25871
25872
25873
25876
25877
25878
25883
25884
25886
25888
25889
25891
25893
25894
25895
25896
25898
25899
25900
25902
25905
25906
25907
25915
25916
25918
25919
25920
25924
25925
25926
25927
25928
25930
25931
25933
25934
25937
25938
25939
25940
25941
25942
25943
25945
25946
25949
25950
25951
25953
25956
25957
25958
25959
25960
25961
25962
25963
25966
25967
25968
25969
25971
25972
25973
25975
25976
25977
25978
25979
25980
25982
25983
25984
25985
25986
25987
25989
25992
25993
25995
25997
26001
26010
26017
26022
26025
26031
26036
26037
26039
26042
26052
26054
26055
26056
26067
26075
26076
26077
26085
26088
26089
26096
26100
26103
26110
26113
26114
26116
26119
26122
26124
26125
26126
26127
26128
26130
26133
26135
26139
26141
26142
26143
26144
26145
26147
26149
26150
26156
26157
26160
26161
26164
26168
26172
26181
26187
26190
26194
26199
26204
26205
26214
26220
26236
26238
26244
26256
26258
26267
26268
26275
26277
26280
26281
26286
26294
26299
26301
26317
26323
26325
26330
26334
26335
26336
26337
26338
26341
26349
26350
26353
26354
26363
26364
26367
26375
26381
26384
26386
26390
26396
26406
26408
26415
26416
26420
26425
26427
26432
26433
26435
26437
26440
26464
26478
26483
26486
26506
26517
26519
26522
26524
26525
26527
26533
26549
26554
26557
26560
26568
26573
26581
26584
26592
26600
26601
26602
26609
26614
26627
26628
26631
26635
26641
26642
26644
26645
26652
26671
26672
26673
26675
26676
26678
26679
26680
26681
26682
26683
26685
26686
26689
26691
26692
26693
26694
26695
26696
26700
26701
26703
26705
26706
26708
26709
26711
26712
26713
26714
26715
26716
26717
26718
26719
26720
26721
26722
26723
26724
26725
26726
26727
26729
26730
26731
26732
26733
26734
26736
26738
26739
26740
26743
26744
26747
26748
26751
26752
26754
26755
26756
26757
26758
26760
26761
26764
26765
26766
26767
26768
26770
26771
26772
26773
26776
26778
26782
26784
26785
26786
26787
26791
26793
26794
26795
26796
26799
26800
26801
26802
26803
26804
26805
26807
26808
26809
26810
26811
26813
26814
26816
26818
26819
26821
26822
26825
26828
26831
26832
26833
26834
26838
26839
26840
26841
26842
26843
26844
26848
26849
26850
26851
26852
26854
26855
26856
26860
26861
26862
26863
26864
26865
26866
26868
26869
26871
26873
26875
26876
26878
26884
26888
26889
26890
26891
26892
26893
26895
26898
26899
26902
26904
26905
26908
26909
26915
26919
26921
26923
26924
26926
26929
26933
26934
26936
26937
26938
26939
26941
26943
26944
26949
26950
26954
26956
26957
26958
26960
26962
26963
26964
26967
26972
26975
26976
26977
26980
26981
26982
26983
26986
26987
26993
26998
26999
27000
27006
27007
27010
27011
27012
27014
27015
27017
27022
27023
27025
27030
27035
27040
27044
27047
27048
27049
27051
27052
27053
27058
27059
27064
27065
27066
27067
27070
27071
27072
27074
27076
27078
27079
27081
27083
27085
27086
27087
27091
27092
27095
27096
27098
27099
27100
27101
27103
27104
27107
27108
27109
27110
27111
27114
27118
27119
27121
27122
27123
27124
27125
27126
27127
27129
27132
27133
27134
27137
27141
27142
27143
27144
27146
27147
27149
27150
27151
27154
27155
27157
27158
27159
27160
27162
27163
27164
27165
27166
27167
27169
27173
27175
27176
27177
27179
27180
27181
27182
27185
27188
27189
27191
27194
27196
27197
27198
27202
27204
27205
27209
27213
27217
27221
27222
27223
27226
27228
27229
27230
27232
27237
27240
27244
27245
27246
27250
27251
27253
27254
27259
27262
27264
27265
27266
27269
27270
27271
27275
27276
27277
27279
27281
27282
27285
27287
27288
27289
27292
27294
27296
27297
27298
27299
27307
27310
27315
27316
27319
27322
27323
27326
27327
27328
27329
27330
27334
27336
27337
27338
27344
27345
27346
27347
27351
27354
27357
27358
27359
27362
27366
27371
27373
27374
27377
27378
27379
27381
27384
27385
27389
27394
27395
27396
27401
27404
27405
27406
27408
27409
27413
27414
27416
27417
27418
27420
27421
27422
27423
27424
27425
27426
27427
27429
27430
27434
27435
27437
27439
27440
27441
27442
27443
27444
27445
27447
27449
27450
27453
27454
27455
27456
27457
27459
27460
27462
27464
27468
27469
27472
27474
27475
27476
27477
27479
27482
27483
27486
27487
27488
27489
27490
27495
27502
27503
27505
27511
27513
27514
27516
27520
27522
27523
27527
27528
27530
27531
27532
27533
27534
27537
27538
27540
27542
27550
27553
27555
27556
27558
27559
27560
27565
27566
27567
27570
27574
27578
27580
27590
27591
27596
27597
27602
27604
27607
27608
27611
27615
27618
27621
27622
27624
27628
27631
27632
27633
27635
27638
27639
27640
27645
27646
27649
27652
27653
27654
27657
27662
27663
27664
27665
27666
27668
27669
27671
27672
27674
27676
27679
27680
27681
27682
27683
27688
27690
27691
27692
27693
27695
27696
27697
27699
27700
27701
27703
27705
27707
27709
27713
27714
27718
27720
27721
27723
27724
27725
27727
27729
27730
27734
27741
27743
27744
27747
27748
27751
27752
27753
27759
27762
27763
27766
27768
27769
27771
27773
27774
27781
27783
27786
27787
27789
27791
27793
27795
27796
27799
27802
27807
27809
27811
27813
27814
27815
27817
27819
27820
27822
27826
27830
27837
27840
27842
27845
27850
27853
27855
27857
27858
27860
27863
27865
27871
27873
27876
27878
27879
27886
27888
27892
27893
27895
27898
27903
27904
27906
27911
27912
27914
27915
27916
27918
27921
27924
27928
27931
27935
27936
27937
27938
27944
27946
27950
27951
27952
27955
27956
27959
27964
27965
27966
27969
27970
27971
27972
27978
27979
27988
27990
27993
27995
27996
28005
28007
28009
28010
28013
28014
28015
28019
28022
28023
28025
28026
28027
28033
28043
28044
28045
28052
28053
28055
28058
28060
28061
28062
28064
28069
28071
28072
28077
28083
28085
28086
28087
28094
28097
28101
28106
28110
28111
28114
28120
28121
28125
28127
28135
28138
28139
28142
28144
28148
28151
28152
28157
28158
28159
28160
28161
28163
28164
28165
28166
28167
28168
28169
28171
28176
28177
28180
28183
28186
28187
28189
28193
28196
28198
28199
28204
28205
28206
28209
28210
28213
28216
28218
28221
28228
28233
28234
28236
28237
28239
28240
28241
28242
28250
28252
28253
28256
28261
28262
28263
28264
28272
28277
28280
28282
28284
28286
28289
28295
28296
28306
28310
28312
28313
28315
28317
28318
28321
28323
28325
28332
28335
28336
28338
28339
28341
28344
28345
28346
28347
28348
28349
28350
28351
28354
28355
28361
28366
28367
28370
28372
28373
28375
28380
28381
28383
28385
28386
28389
28392
28398
28399
28401
28402
28404
28405
28408
28411
28412
28413
28415
28416
28418
28421
28425
28426
28427
28428
28433
28435
28436
28441
28442
28443
28445
28446
28447
28449
28451
28452
28453
28455
28456
28459
28460
28461
28464
28473
28474
28475
28476
28481
28484
28485
28486
28487
28488
28491
28493
28494
28497
28498
28499
28501
28503
28504
28507
28508
28509
28510
28511
28512
28513
28516
28517
28518
28519
28520
28521
28522
28523
28524
28526
28527
28528
28530
28532
28534
28535
28536
28537
28540
28541
28542
28544
28545
28546
28548
28549
28551
28552
28554
28555
28557
28559
28560
28562
28563
28564
28566
28567
28568
28569
28570
28571
28572
28573
28575
28576
28577
28578
28579
28580
28582
28584
28585
28586
28587
28589
28594
28595
28596
28597
28599
28600
28602
28603
28605
28606
28610
28611
28612
28613
28614
28616
28618
28621
28624
28626
28629
28631
28632
28633
28634
28635
28637
28639
28640
28642
28643
28646
28647
28648
28649
28653
28656
28659
28661
28662
28663
28664
28666
28668
28669
28670
28674
28676
28677
28678
28680
28681
28682
28683
28687
28691
28693
28695
28696
28697
28698
28699
28701
28705
28706
28707
28710
28714
28715
28716
28717
28718
28719
28720
28721
28724
28727
28729
28734
28735
28736
28737
28738
28741
28742
28744
28745
28746
28751
28753
28754
28756
28757
28758
28762
28763
28767
28768
28771
28774
28776
28781
28782
28786
28788
28790
28793
28797
28798
28799
28801
28803
28805
28809
28812
28813
28814
28817
28820
28821
28822
28823
28824
28826
28828
28829
28831
28832
28834
28835
28836
28837
28839
28840
28841
28847
28848
28849
28850
28853
28856
28857
28860
28863
28865
28866
28868
28869
28872
28873
28876
28880
28882
28883
28884
28886
28888
28891
28893
28895
28896
28900
28902
28905
28908
28909
28910
28911
28913
28915
28916
28917
28918
28921
28923
28924
28925
28928
28936
28937
28938
28939
28940
28941
28943
28944
28945
28952
28955
28957
28958
28959
28962
28964
28968
28971
28973
28979
28981
28982
28985
28987
28989
28991
28992
28993
28996
28997
28999
29000
29001
29004
29006
29009
29011
29012
29016
29017
29020
29023
29031
29033
29034
29036
29037
29038
29040
29043
29046
29047
29050
29051
29052
29054
29059
29063
29064
29067
29070
29080
29090
29092
29095
29097
29098
29099
29100
29108
29109
29113
29118
29119
29121
29125
29126
29132
29136
29137
29142
29143
29148
29152
29153
29155
29161
29163
29165
29166
29168
29170
29172
29173
29174
29175
29177
29183
29184
29185
29186
29187
29188
29189
29190
29191
29192
29193
29202
29204
29205
29211
29212
29217
29218
29225
29230
29231
29232
29234
29237
29239
29241
29244
29246
29247
29250
29251
29252
29258
29259
29262
29264
29267
29269
29272
29274
29275
29276
29277
29279
29284
29285
29286
29288
29289
29290
29292
29293
29297
29299
29305
29306
29310
29313
29314
29315
29316
29318
29320
29321
29322
29323
29328
29333
29339
29340
29344
29345
29346
29347
29349
29358
29359
29360
29362
29363
29367
29368
29370
29371
29372
29373
29376
29378
29383
29384
29386
29387
29388
29390
29391
29392
29394
29396
29397
29402
29403
29404
29405
29411
29412
29417
29419
29420
29421
29423
29424
29428
29433
29434
29436
29437
29444
29446
29448
29449
29451
29452
29455
29459
29460
29462
29463
29464
29465
29468
29471
29472
29482
29483
29484
29487
29490
29494
29495
29500
29501
29502
29504
29506
29508
29510
29513
29516
29517
29519
29520
29522
29525
29526
29527
29528
29529
29530
29532
29534
29535
29537
29538
29541
29542
29543
29546
29547
29553
29554
29555
29556
29557
29558
29559
29560
29561
29564
29568
29571
29572
29575
29579
29582
29583
29586
29587
29588
29590
29591
29593
29598
29600
29602
29603
29604
29605
29607
29608
29610
29611
29612
29615
29617
29618
29619
29621
29625
29626
29627
29628
29629
29630
29632
29635
29645
29650
29653
29655
29656
29657
29658
29659
29660
29663
29664
29665
29667
29668
29670
29671
29672
29673
29675
29676
29680
29682
29685
29686
29687
29688
29689
29690
29691
29692
29693
29694
29696
29697
29699
29700
29701
29703
29705
29707
29711
29714
29722
29727
29733
29738
29741
29742
29745
29746
29749
29750
29755
29760
29762
29764
29768
29769
29775
29776
29781
29784
29786
29787
29791
29793
29796
29799
29800
29801
29814
29815
29820
29826
29828
29830
29836
29837
29838
29840
29841
29842
29849
29851
29854
29856
29857
29859
29860
29863
29870
29871
29873
29874
29875
29880
29882
29884
29891
29894
29895
29897
29900
29905
29917
29918
29926
29931
29938
29940
29943
29944
29947
29950
29951
29954
29957
29961
29964
29969
29974
29982
29988
29989
29990
29998
30002
30003
30005
30007
30015
30034
30044
30049
30052
30055
30058
30061
30064
30067
30068
30079
30081
30086
30098
30100
30102
30108
30110
30112
30113
30114
30117
30118
30121
30122
30127
30130
30131
30135
30139
30154
30162
30167
30172
30178
30179
30188
30189
30190
30197
30200
30203
30208
30210
30211
30213
30215
30216
30220
30227
30229
30234
30238
30240
30241
30247
30249
30251
30256
30257
30263
30268
30273
30277
30280
30285
30287
30295
30301
30307
30308
30310
30311
30312
30314
30321
30323
30327
30336
30341
30343
30346
30348
30354
30357
30358
30366
30368
30380
30386
30387
30388
30389
30390
30391
30395
30396
30397
30398
30399
30400
30401
30402
30403
30404
30405
30406
30407
30408
30409
30411
30413
30414
30415
30416
30417
30418
30419
30422
30424
30425
30426
30427
30428
30429
30430
30431
30432
30433
30434
30436
30437
30439
30440
30441
30442
30443
30445
30446
30448
30449
30450
30452
30453
30454
30455
30456
30457
30458
30459
30460
30461
30466
30468
30470
30471
30474
30475
30476
30477
30478
30479
30481
30482
30484
30485
30488
30490
30492
30493
30496
30497
30499
30500
30501
30504
30505
30506
30507
30508
30509
30510
30512
30513
30514
30515
30516
30517
30518
30519
30521
30523
30524
30525
30526
30527
30528
30530
30531
30532
30533
30534
30535
30536
30537
30540
30542
30544
30545
30547
30548
30549
30550
30551
30552
30553
30554
30556
30557
30559
30562
30563
30564
30565
30566
30567
30568
30569
30570
30572
30573
30574
30575
30576
30577
30578
30579
30580
30581
30583
30585
30587
30588
30589
30591
30594
30595
30596
30597
30598
30600
30604
30605
30606
30607
30608
30609
30610
30611
30613
30614
30615
30616
30617
30618
30620
30621
30623
30627
30629
30634
30635
30637
30639
30640
30643
30645
30646
30647
30650
30651
30652
30653
30656
30657
30658
30660
30661
30662
30663
30665
30666
30667
30668
30669
30670
30671
30672
30674
30675
30677
30678
30679
30681
30682
30684
30685
30686
30689
30691
30694
30696
30697
30698
30699
30704
30707
30709
30711
30713
30714
30716
30717
30720
30721
30724
30726
30727
30728
30729
30730
30731
30733
30735
30736
30737
30738
30739
30740
30741
30743
30744
30746
30747
30748
30749
30751
30754
30756
30758
30760
30762
30763
30765
30767
30772
30773
30775
30779
30780
30781
30784
30786
30787
30788
30789
30790
30791
30793
30794
30795
30796
30797
30798
30803
30805
30806
30807
30809
30810
30811
30812
30813
30815
30816
30817
30819
30820
30821
30822
30824
30825
30826
30828
30829
30830
30832
30833
30834
30835
30836
30837
30839
30843
30844
30845
30846
30851
30852
30853
30855
30856
30858
30860
30861
30862
30864
30865
30868
30871
30872
30873
30874
30876
30877
30879
30880
30881
30883
30889
30890
30891
30893
30894
30897
30898
30899
30900
30902
30903
30904
30905
30906
30907
30911
30912
30916
30918
30919
30920
30921
30923
30925
30926
30927
30929
30931
30933
30935
30938
30939
30940
30942
30946
30948
30949
30950
30951
30953
30954
30956
30960
30962
30964
30965
30969
30970
30977
30978
30979
30980
30981
30982
30985
30986
30990
30991
30993
30995
30998
31000
31001
31003
31004
31005
31006
31008
31010
31011
31012
31015
31016
31017
31018
31019
31020
31024
31027
31028
31031
31032
31033
31035
31036
31037
31038
31039
31041
31042
31043
31044
31045
31049
31050
31053
31055
31057
31060
31061
31064
31065
31066
31067
31069
31071
31075
31076
31078
31080
31083
31084
31085
31087
31088
31091
31093
31095
31097
31098
31100
31103
31106
31108
31110
31111
31112
31115
31116
31117
31118
31119
31120
31123
31125
31128
31133
31134
31135
31136
31137
31138
31139
31140
31142
31144
31145
31146
31148
31149
31151
31153
31154
31155
31157
31159
31160
31162
31170
31172
31173
31174
31179
31180
31181
31182
31184
31185
31186
31188
31190
31191
31192
31193
31195
31197
31198
31202
31206
31207
31208
31209
31212
31213
31215
31216
31222
31223
31224
31225
31226
31227
31229
31230
31231
31232
31234
31236
31237
31239
31241
31242
31245
31247
31248
31249
31251
31252
31253
31256
31257
31258
31261
31262
31264
31266
31267
31268
31270
31271
31272
31273
31274
31275
31276
31280
31281
31282
31284
31286
31288
31289
31291
31292
31294
31299
31301
31302
31303
31304
31305
31309
31311
31318
31319
31321
31322
31327
31328
31332
31333
31336
31337
31338
31341
31342
31344
31345
31347
31349
31350
31354
31358
31363
31368
31369
31371
31372
31373
31374
31376
31377
31382
31385
31387
31388
31391
31393
31394
31398
31402
31406
31410
31411
31412
31415
31419
31421
31422
31423
31425
31427
31432
31434
31435
31438
31439
31441
31443
31444
31446
31449
31451
31454
31456
31458
31459
31461
31463
31471
31474
31475
31478
31479
31480
31483
31485
31486
31492
31494
31496
31497
31498
31499
31500
31501
31502
31507
31508
31509
31511
31516
31519
31521
31523
31524
31525
31529
31531
31534
31539
31541
31547
31549
31551
31554
31556
31557
31560
31563
31565
31566
31567
31570
31571
31573
31574
31579
31580
31583
31584
31589
31593
31594
31597
31598
31599
31601
31602
31603
31607
31609
31611
31614
31615
31616
31617
31620
31621
31622
31624
31625
31626
31628
31630
31632
31633
31634
31636
31640
31641
31645
31646
31649
31651
31652
31656
31658
31664
31667
31668
31670
31672
31674
31675
31677
31678
31679
31680
31683
31685
31687
31690
31692
31693
31695
31696
31697
31699
31702
31707
31709
31713
31719
31724
31728
31729
31733
31737
31738
31740
31741
31743
31745
31753
31755
31757
31758
31759
31763
31767
31769
31770
31775
31778
31779
31785
31786
31790
31791
31794
31796
31798
31800
31801
31807
31808
31809
31810
31814
31819
31820
31822
31824
31826
31827
31829
31832
31833
31834
31835
31839
31840
31848
31854
31857
31859
31865
31866
31873
31875
31880
31881
31882
31883
31884
31886
31889
31897
31913
31915
31916
31918
31920
31922
31923
31924
31927
31931
31941
31942
31944
31945
31947
31949
31950
31953
31956
31957
31960
31961
31963
31965
31970
31971
31974
31975
31977
31979
31985
31988
31991
31996
31997
32001
32003
32004
32007
32009
32010
32011
32014
32015
32016
32026
32031
32035
32038
32039
32041
32042
32050
32051
32053
32054
32056
32057
32058
32059
32062
32063
32064
32066
32067
32070
32071
32073
32074
32075
32076
32084
32087
32088
32089
32091
32092
32094
32095
32096
32099
32100
32103
32104
32105
32106
32110
32111
32112
32113
32114
32117
32118
32119
32120
32121
32122
32123
32126
32127
32128
32130
32132
32133
32134
32135
32137
32138
32140
32142
32143
32144
32145
32148
32150
32151
32152
32153
32155
32156
32157
32158
32160
32161
32162
32163
32164
32165
32166
32167
32168
32169
32170
32171
32173
32174
32176
32177
32179
32184
32185
32186
32188
32189
32192
32193
32194
32197
32198
32199
32200
32201
32203
32204
32205
32207
32210
32211
32213
32215
32217
32218
32221
32222
32223
32224
32225
32226
32227
32229
32230
32231
32232
32233
32237
32238
32240
32241
32242
32243
32245
32246
32247
32248
32249
32250
32251
32254
32255
32257
32258
32260
32261
32262
32263
32264
32265
32266
32267
32268
32271
32272
32273
32274
32275
32276
32277
32278
32279
32280
32281
32282
32283
32284
32285
32286
32287
32288
32289
32290
32291
32292
32293
32294
32296
32297
32298
32299
32300
32301
32303
32306
32308
32309
32310
32311
32312
32313
32314
32316
32317
32318
32319
32320
32322
32323
32324
32326
32328
32329
32330
32332
32335
32336
32339
32340
32341
32342
32343
32345
32348
32349
32350
32351
32353
32354
32355
32356
32357
32358
32360
32362
32363
32365
32366
32367
32374
32375
32376
32378
32380
32381
32382
32386
32387
32388
32389
32390
32391
32393
32394
32395
32396
32397
32398
32401
32402
32403
32404
32405
32406
32408
32409
32412
32413
32415
32417
32418
32419
32420
32421
32422
32423
32424
32428
32429
32430
32432
32433
32434
32435
32436
32437
32438
32439
32440
32442
32443
32445
32446
32447
32448
32449
32450
32452
32453
32456
32457
32459
32461
32462
32463
32464
32465
32467
32468
32470
32471
32472
32473
32474
32475
32476
32477
32479
32480
32484
32485
32486
32487
32488
32490
32491
32493
32496
32500
32501
32502
32506
32507
32509
32510
32511
32512
32513
32514
32516
32517
32518
32520
32521
32523
32524
32525
32526
32527
32528
32529
32530
32531
32533
32534
32536
32537
32538
32539
32540
32541
32542
32543
32546
32549
32551
32553
32554
32555
32556
32557
32558
32561
32566
32567
32569
32572
32576
32577
32579
32580
32581
32583
32584
32585
32591
32592
32593
32594
32595
32596
32597
32598
32602
32604
32605
32606
32608
32609
32610
32611
32614
32615
32616
32619
32621
32624
32625
32626
32627
32629
32630
32631
32632
32633
32635
32637
32640
32641
32642
32643
32647
32649
32650
32651
32652
32654
32656
32657
32659
32664
32666
32667
32671
32675
32677
32679
32680
32681
32682
32684
32685
32686
32687
32688
32691
32692
32694
32695
32696
32698
32699
32700
32701
32702
32704
32705
32707
32709
32710
32712
32713
32715
32718
32721
32722
32723
32726
32727
32730
32732
32734
32737
32740
32741
32742
32744
32745
32746
32747
32748
32749
32750
32754
32759
32760
32761
32762
32763
32764
32765
32766
32768
32769
32771
32775
32780
32786
32789
32795
32797
32801
32802
32806
32811
32818
32822
32823
32825
32827
32829
32832
32835
32839
32840
32841
32843
32846
32850
32852
32855
32857
32858
32859
32862
32864
32865
32866
32867
32868
32869
32873
32874
32876
32883
32885
32886
32887
32888
32889
32890
32891
32892
32898
32899
32900
32904
32906
32907
32912
32914
32916
32918
32920
32923
32929
32932
32941
32943
32946
32947
32948
32950
32951
32952
32954
32955
32957
32958
32960
32962
32964
32965
32966
32968
32971
32972
32974
32976
32978
32983
32988
32989
32990
32992
32994
32997
33001
33002
33004
33005
33007
33009
33011
33012
33013
33018
33019
33020
33021
33022
33024
33028
33029
33031
33033
33034
33035
33036
33037
33038
33041
33042
33044
33045
33046
33047
33050
33053
33054
33056
33058
33059
33061
33063
33064
33069
33072
33073
33077
33078
33080
33082
33084
33085
33087
33092
33093
33094
33097
33100
33104
33105
33107
33108
33109
33110
33111
33113
33116
33118
33122
33123
33124
33129
33130
33131
33133
33134
33135
33136
33137
33138
33140
33141
33142
33144
33146
33147
33148
33149
33151
33153
33154
33155
33157
33158
33160
33161
33162
33166
33167
33169
33171
33172
33173
33174
33175
33176
33178
33179
33182
33183
33184
33185
33189
33194
33196
33199
33201
33204
33205
33206
33209
33212
33213
33215
33217
33218
33220
33221
33222
33224
33225
33226
33229
33231
33232
33233
33235
33236
33238
33241
33243
33244
33246
33247
33249
33251
33252
33254
33256
33258
33260
33262
33264
33265
33267
33268
33269
33271
33272
33273
33274
33276
33278
33279
33283
33286
33290
33293
33294
33296
33297
33299
33300
33301
33304
33305
33306
33307
33308
33311
33312
33314
33315
33316
33317
33318
33319
33321
33322
33324
33325
33326
33328
33329
33330
33331
33333
33334
33335
33336
33337
33338
33339
33340
33341
33342
33343
33344
33346
33347
33349
33352
33354
33355
33356
33359
33360
33362
33363
33365
33366
33367
33368
33369
33370
33373
33374
33377
33380
33381
33382
33383
33384
33385
33386
33387
33388
33389
33391
33392
33394
33398
33399
33400
33402
33403
33404
33405
33406
33407
33408
33409
33410
33411
33412
33413
33414
33415
33416
33417
33418
33419
33420
33422
33423
33424
33425
33428
33434
33435
33438
33442
33443
33446
33447
33452
33454
33456
33457
33458
33459
33461
33463
33465
33466
33467
33469
33471
33472
33477
33478
33480
33481
33483
33488
33495
33501
33502
33504
33505
33507
33508
33513
33515
33516
33517
33520
33526
33531
33533
33536
33540
33542
33543
33545
33546
33548
33549
33550
33552
33556
33560
33562
33563
33567
33568
33572
33573
33574
33575
33578
33580
33583
33587
33588
33589
33590
33592
33594
33596
33598
33605
33609
33611
33614
33632
33633
33634
33637
33658
33659
33660
33664
33670
33673
33674
33676
33683
33684
33686
33688
33724
33732
33739
33747
33755
33758
33759
33762
33764
33766
33776
33782
33783
33785
33787
33789
33794
33800
33803
33805
33812
33817
33820
33824
33827
33828
33829
33836
33843
33848
33853
33861
33868
33872
33879
33886
33887
33890
33891
33892
33893
33895
33896
33897
33907
33914
33917
33925
33930
33932
33947
33952
33959
33960
33961
33962
33965
33969
33982
33999
34001
34002
34006
34009
34013
34018
34024
34028
34037
34045
34051
34057
34059
34060
34062
34068
34069
34070
34079
34080
34083
34084
34088
34091
34095
34096
34097
34100
34101
34102
34103
34105
34107
34108
34109
34110
34111
34112
34113
34115
34117
34118
34119
34120
34121
34122
34123
34125
34126
34127
34128
34129
34131
34132
34133
34136
34137
34138
34139
34140
34141
34142
34143
34144
34145
34146
34148
34149
34150
34151
34152
34153
34154
34155
34157
34159
34160
34161
34162
34163
34164
34167
34168
34171
34173
34174
34175
34176
34178
34179
34180
34183
34184
34185
34186
34187
34188
34189
34190
34192
34194
34195
34196
34198
34199
34200
34201
34202
34203
34204
34205
34206
34208
34209
34210
34211
34212
34213
34214
34215
34216
34217
34219
34220
34221
34222
34225
34226
34227
34228
34229
34230
34231
34233
34235
34237
34238
34239
34240
34241
34242
34244
34246
34247
34250
34256
34257
34258
34259
34260
34261
34262
34263
34266
34267
34268
34269
34270
34271
34272
34273
34275
34276
34277
34278
34282
34284
34286
34287
34288
34289
34291
34292
34294
34296
34297
34298
34299
34300
34301
34303
34305
34306
34307
34309
34310
34312
34314
34315
34316
34318
34319
34320
34321
34322
34323
34326
34327
34329
34330
34331
34335
34336
34337
34338
34339
34342
34346
34347
34348
34349
34354
34356
34358
34359
34360
34361
34362
34364
34365
34366
34367
34368
34369
34371
34372
34374
34375
34376
34379
34382
34383
34384
34385
34386
34387
34388
34389
34390
34391
34392
34393
34394
34395
34397
34403
34405
34406
34408
34411
34412
34413
34414
34415
34420
34421
34422
34423
34424
34425
34427
34428
34430
34431
34433
34434
34435
34437
34438
34439
34442
34445
34446
34451
34452
34455
34456
34457
34458
34463
34465
34467
34474
34475
34476
34477
34480
34481
34482
34484
34486
34487
34488
34489
34490
34491
34492
34493
34494
34496
34500
34501
34502
34503
34505
34507
34508
34509
34510
34511
34512
34513
34514
34515
34517
34519
34520
34521
34522
34523
34524
34526
34527
34528
34529
34535
34537
34538
34539
34540
34542
34545
34546
34547
34548
34549
34551
34553
34554
34555
34557
34558
34560
34561
34562
34565
34567
34568
34569
34571
34572
34574
34575
34576
34577
34582
34583
34585
34586
34587
34588
34589
34590
34592
34593
34598
34599
34601
34603
34604
34605
34606
34607
34608
34611
34612
34613
34615
34616
34617
34618
34619
34620
34621
34623
34624
34625
34628
34629
34630
34631
34632
34633
34636
34637
34639
34640
34642
34643
34644
34645
34647
34649
34650
34653
34654
34655
34658
34660
34662
34663
34665
34667
34669
34670
34671
34672
34673
34678
34679
34682
34683
34684
34685
34687
34691
34692
34693
34694
34696
34697
34698
34699
34700
34702
34703
34704
34705
34706
34707
34708
34709
34710
34712
34713
34714
34718
34720
34723
34724
34726
34729
34731
34732
34733
34734
34736
34739
34742
34743
34745
34746
34747
34748
34750
34751
34752
34755
34756
34759
34760
34762
34763
34764
34765
34769
34774
34775
34778
34781
34782
34783
34786
34787
34790
34793
34794
34795
34796
34797
34799
34801
34802
34804
34805
34807
34808
34811
34812
34813
34814
34817
34822
34823
34824
34825
34826
34827
34829
34832
34834
34835
34836
34837
34838
34842
34843
34845
34848
34853
34854
34855
34856
34859
34861
34862
34863
34864
34865
34867
34868
34869
34871
34872
34876
34878
34880
34881
34882
34884
34887
34888
34891
34892
34894
34896
34898
34900
34901
34902
34903
34905
34907
34908
34912
34913
34914
34915
34916
34919
34920
34921
34922
34923
34924
34926
34928
34929
34930
34933
34934
34937
34938
34940
34942
34943
34944
34946
34948
34950
34951
34953
34954
34955
34956
34959
34960
34961
34962
34963
34964
34966
34967
34968
34969
34970
34971
34973
34975
34978
34981
34982
34983
34984
34985
34986
34987
34988
34989
34990
34993
34995
34997
34998
34999
35000
35001
35003
35005
35006
35009
35012
35013
35016
35019
35022
35024
35025
35033
35034
35035
35036
35039
35043
35045
35046
35047
35048
35049
35050
35054
35055
35058
35060
35061
35062
35063
35065
35066
35068
35071
35072
35073
35074
35075
35077
35079
35083
35084
35085
35088
35090
35091
35093
35095
35097
35099
35101
35102
35103
35104
35105
35106
35107
35108
35110
35112
35113
35116
35118
35119
35120
35122
35123
35124
35125
35126
35128
35134
35135
35136
35137
35139
35141
35142
35145
35148
35149
35150
35151
35152
35153
35155
35157
35158
35160
35161
35163
35165
35169
35171
35172
35173
35175
35176
35179
35180
35184
35185
35187
35188
35189
35192
35193
35194
35196
35197
35199
35200
35202
35204
35206
35211
35213
35214
35217
35219
35220
35221
35223
35225
35227
35230
35233
35235
35238
35239
35242
35243
35244
35245
35246
35247
35248
35250
35251
35256
35257
35258
35260
35261
35269
35270
35272
35273
35275
35278
35285
35287
35288
35292
35293
35294
35304
35305
35307
35308
35309
35311
35312
35314
35315
35316
35319
35320
35321
35323
35324
35325
35326
35329
35330
35331
35332
35333
35336
35338
35339
35340
35342
35343
35344
35348
35350
35351
35352
35353
35355
35357
35359
35360
35363
35365
35366
35370
35371
35374
35376
35378
35379
35381
35386
35387
35388
35389
35390
35393
35395
35397
35398
35399
35400
35401
35404
35406
35407
35410
35412
35413
35416
35417
35418
35421
35423
35428
35430
35433
35434
35435
35437
35438
35440
35441
35442
35444
35447
35449
35451
35452
35454
35459
35460
35461
35464
35465
35466
35469
35471
35472
35473
35476
35477
35481
35482
35483
35486
35488
35489
35491
35493
35494
35495
35502
35505
35506
35512
35513
35514
35515
35517
35520
35521
35523
35524
35525
35527
35528
35533
35538
35546
35549
35551
35552
35554
35555
35559
35562
35563
35565
35567
35568
35570
35571
35572
35575
35578
35579
35586
35587
35589
35592
35593
35596
35597
35598
35599
35604
35607
35612
35613
35616
35618
35619
35620
35623
35627
35629
35631
35632
35633
35634
35636
35638
35640
35642
35644
35646
35647
35651
35655
35656
35658
35663
35664
35667
35668
35670
35671
35674
35678
35679
35682
35686
35689
35690
35691
35696
35699
35700
35701
35706
35708
35709
35710
35711
35712
35714
35718
35719
35723
35724
35726
35728
35729
35734
35735
35737
35739
35741
35744
35745
35746
35749
35752
35753
35754
35757
35759
35763
35767
35770
35772
35773
35774
35775
35776
35777
35778
35781
35782
35783
35788
35789
35790
35794
35796
35798
35801
35803
35805
35807
35808
35809
35810
35812
35813
35814
35817
35820
35821
35823
35824
35827
35830
35831
35832
35833
35834
35835
35836
35837
35838
35839
35840
35841
35843
35844
35846
35848
35849
35853
35854
35855
35856
35858
35859
35860
35862
35863
35864
35865
35868
35869
35870
35871
35873
35874
35875
35877
35879
35881
35883
35885
35886
35887
35888
35890
35894
35895
35896
35898
35900
35901
35902
35903
35905
35907
35909
35910
35912
35913
35914
35915
35917
35919
35920
35921
35922
35923
35925
35926
35927
35928
35929
35930
35931
35935
35936
35937
35938
35939
35940
35941
35944
35945
35946
35947
35948
35949
35950
35952
35953
35954
35955
35958
35959
35960
35963
35964
35966
35967
35968
35969
35970
35972
35974
35976
35977
35978
35979
35980
35982
35983
35984
35985
35986
35987
35988
35991
35992
35993
35995
35996
35997
35998
35999
36000
36001
36003
36004
36005
36006
36007
36008
36009
36010
36011
36012
36014
36016
36017
36018
36021
36022
36023
36024
36025
36027
36028
36029
36030
36031
36033
36034
36036
36037
36038
36040
36041
36042
36046
36049
36050
36052
36053
36054
36055
36057
36059
36060
36061
36062
36063
36065
36066
36067
36068
36069
36071
36074
36076
36078
36079
36080
36081
36082
36089
36090
36092
36093
36094
36096
36097
36098
36101
36102
36103
36104
36105
36108
36109
36110
36111
36113
36115
36117
36118
36119
36120
36121
36122
36123
36124
36126
36127
36128
36129
36130
36131
36132
36134
36136
36137
36138
36139
36142
36143
36144
36146
36147
36148
36149
36150
36151
36152
36153
36154
36155
36156
36157
36159
36161
36162
36164
36165
36166
36168
36170
36171
36173
36174
36176
36177
36181
36184
36185
36186
36188
36190
36191
36193
36194
36196
36197
36198
36199
36200
36201
36202
36203
36204
36205
36207
36208
36209
36210
36211
36212
36213
36214
36216
36218
36220
36221
36223
36224
36226
36228
36230
36231
36232
36233
36239
36240
36241
36242
36245
36247
36248
36251
36252
36254
36255
36256
36257
36260
36262
36263
36264
36267
36268
36269
36270
36271
36272
36275
36276
36278
36279
36281
36282
36284
36285
36287
36289
36290
36291
36292
36296
36297
36300
36302
36306
36308
36309
36310
36311
36312
36316
36318
36321
36322
36324
36326
36329
36330
36332
36333
36334
36335
36336
36337
36338
36339
36340
36341
36343
36344
36345
36348
36349
36351
36352
36353
36354
36356
36361
36363
36365
36366
36367
36368
36369
36371
36372
36375
36376
36378
36380
36384
36386
36387
36391
36394
36396
36399
36400
36401
36402
36404
36405
36406
36407
36408
36410
36412
36417
36418
36420
36421
36422
36424
36425
36426
36427
36429
36431
36437
36440
36441
36442
36444
36445
36447
36448
36449
36450
36451
36452
36453
36455
36456
36461
36462
36464
36466
36468
36471
36474
36475
36478
36479
36480
36481
36482
36487
36489
36490
36495
36498
36499
36501
36502
36503
36508
36514
36515
36518
36519
36520
36521
36522
36523
36524
36525
36526
36527
36528
36530
36532
36533
36534
36536
36537
36539
36541
36549
36550
36551
36552
36553
36556
36557
36560
36561
36564
36566
36567
36568
36575
36577
36580
36581
36583
36584
36587
36593
36596
36598
36600
36601
36605
36610
36613
36615
36618
36620
36621
36623
36625
36628
36630
36631
36634
36637
36638
36643
36644
36645
36646
36647
36651
36652
36656
36658
36661
36662
36665
36666
36667
36668
36669
36670
36671
36672
36674
36675
36676
36678
36679
36680
36682
36683
36685
36686
36687
36689
36690
36691
36692
36695
36698
36699
36702
36704
36705
36708
36709
36710
36711
36712
36713
36714
36715
36716
36718
36720
36722
36725
36727
36728
36729
36731
36732
36733
36734
36735
36737
36738
36742
36743
36745
36747
36748
36749
36751
36752
36754
36758
36760
36763
36766
36767
36768
36769
36770
36773
36774
36775
36777
36780
36781
36783
36784
36785
36786
36787
36789
36792
36795
36796
36797
36799
36800
36801
36802
36804
36806
36808
36811
36812
36814
36815
36818
36819
36820
36821
36822
36823
36824
36825
36828
36829
36832
36834
36836
36837
36838
36839
36840
36842
36844
36847
36848
36849
36851
36852
36853
36854
36855
36856
36858
36860
36861
36862
36864
36865
36870
36872
36876
36877
36879
36881
36882
36883
36885
36886
36888
36889
36890
36892
36893
36898
36899
36900
36901
36903
36905
36909
36910
36912
36913
36914
36915
36921
36922
36923
36926
36927
36930
36932
36935
36936
36938
36942
36944
36945
36946
36947
36949
36950
36952
36955
36956
36957
36958
36959
36960
36961
36962
36963
36965
36966
36968
36970
36971
36974
36975
36976
36977
36979
36982
36983
36984
36985
36987
36988
36992
36994
36995
36996
36997
36998
36999
37000
37003
37004
37005
37006
37007
37008
37010
37011
37012
37014
37015
37016
37018
37019
37020
37021
37023
37025
37026
37027
37028
37030
37032
37033
37035
37036
37039
37040
37041
37042
37043
37044
37047
37049
37050
37051
37052
37053
37055
37056
37057
37058
37060
37061
37063
37064
37065
37066
37067
37068
37069
37070
37075
37078
37079
37081
37083
37084
37085
37086
37087
37091
37092
37093
37094
37096
37097
37098
37099
37100
37101
37102
37103
37104
37105
37106
37108
37110
37112
37113
37114
37115
37116
37117
37118
37119
37120
37121
37122
37123
37124
37125
37126
37127
37128
37129
37131
37133
37134
37135
37136
37138
37139
