2
4
5
9
20
25
26
31
39
44
47
51
53
54
56
57
59
61
62
63
64
69
71
78
79
84
87
89
90
105
107
108
112
114
115
116
122
124
125
126
132
133
135
137
143
144
145
146
147
148
151
158
159
161
162
163
165
167
170
171
176
177
179
182
183
185
197
199
201
206
207
209
214
216
219
230
231
233
234
240
245
250
258
261
280
284
290
291
294
300
301
306
319
321
326
327
328
332
334
342
343
346
350
352
355
356
359
361
374
379
383
386
387
388
392
395
401
404
405
415
419
426
427
434
435
441
442
443
444
449
453
454
458
459
465
466
468
477
482
485
488
498
499
502
503
505
508
509
513
516
518
519
524
529
535
539
542
544
545
551
555
559
572
576
583
586
592
594
602
603
619
623
624
625
629
633
634
636
637
642
643
644
648
651
654
661
662
664
667
669
674
676
678
679
680
681
682
683
684
685
686
687
688
689
690
691
692
693
694
695
696
697
698
700
701
703
704
707
709
710
711
713
714
716
717
718
720
721
722
723
725
726
728
729
730
731
733
735
736
737
738
741
744
745
746
747
748
751
752
756
757
758
759
761
762
763
765
766
767
768
769
770
772
773
774
775
776
778
780
781
782
784
786
788
789
791
792
793
797
798
800
801
802
803
805
806
808
809
810
811
812
813
816
817
820
821
822
823
824
825
826
827
829
831
832
833
834
838
839
840
841
842
844
845
846
849
851
853
858
859
860
861
862
865
866
867
869
870
872
873
880
881
884
886
887
888
889
890
891
892
893
894
895
896
897
898
899
901
904
905
906
907
909
910
912
913
916
918
919
920
921
922
923
925
926
929
931
933
936
937
938
939
940
941
942
943
946
947
948
952
954
955
956
957
960
962
964
965
967
970
971
974
976
977
981
982
984
985
986
987
988
990
992
994
995
998
999
1000
1001
1004
1005
1006
1007
1009
1011
1013
1014
1016
1017
1018
1020
1022
1023
1025
1026
1027
1029
1032
1034
1036
1039
1040
1042
1044
1048
1050
1051
1052
1055
1057
1058
1060
1062
1066
1067
1069
1071
1072
1073
1074
1075
1076
1079
1082
1084
1085
1087
1088
1089
1090
1091
1093
1094
1095
1096
1097
1098
1100
1101
1103
1106
1108
1109
1111
1112
1113
1116
1118
1120
1122
1123
1124
1125
1129
1132
1134
1135
1138
1139
1140
1141
1142
1143
1146
1147
1148
1149
1151
1153
1155
1156
1157
1160
1161
1164
1166
1169
1171
1172
1173
1174
1176
1177
1178
1182
1183
1184
1185
1186
1188
1192
1194
1197
1199
1201
1205
1206
1207
1209
1210
1211
1212
1217
1218
1219
1221
1224
1225
1228
1232
1233
1234
1237
1241
1242
1248
1249
1252
1255
1257
1258
1260
1261
1262
1263
1265
1267
1269
1272
1278
1281
1283
1287
1288
1291
1295
1299
1300
1301
1303
1304
1305
1310
1313
1314
1316
1318
1319
1321
1322
1324
1326
1327
1328
1330
1331
1333
1334
1335
1336
1338
1339
1340
1342
1343
1348
1349
1352
1355
1356
1357
1358
1359
1361
1363
1364
1365
1368
1370
1373
1374
1375
1376
1379
1380
1381
1383
1385
1386
1387
1391
1396
1397
1398
1400
1401
1403
1405
1406
1407
1408
1409
1415
1416
1422
1426
1427
1428
1429
1430
1431
1434
1436
1437
1439
1441
1445
1446
1448
1450
1451
1455
1456
1457
1458
1460
1461
1462
1465
1469
1472
1473
1474
1475
1477
1478
1481
1484
1486
1488
1489
1491
1492
1494
1495
1497
1499
1501
1503
1506
1507
1512
1513
1515
1516
1520
1527
1529
1532
1533
1535
1536
1538
1539
1540
1543
1544
1549
1550
1551
1552
1554
1555
1556
1557
1559
1562
1563
1564
1566
1567
1568
1569
1572
1574
1576
1579
1580
1583
1587
1589
1590
1591
1593
1596
1597
1598
1606
1609
1610
1611
1612
1613
1615
1616
1617
1618
1620
1623
1626
1630
1636
1637
1639
1642
1644
1647
1648
1649
1651
1653
1662
1664
1665
1668
1673
1674
1675
1680
1684
1686
1687
1688
1690
1691
1692
1693
1694
1698
1699
1703
1709
1710
1715
1718
1719
1720
1721
1722
1723
1725
1727
1729
1732
1733
1734
1737
1738
1743
1744
1746
1747
1750
1752
1758
1759
1763
1765
1766
1767
1768
1770
1774
1775
1778
1787
1789
1790
1792
1793
1794
1795
1796
1797
1798
1800
1801
1811
1813
1816
1817
1818
1819
1820
1822
1824
1828
1830
1831
1832
1833
1834
1839
1840
1844
1846
1848
1851
1855
1856
1858
1865
1866
1868
1871
1874
1875
1878
1883
1884
1887
1888
1890
1891
1897
1902
1905
1906
1907
1908
1909
1912
1913
1916
1918
1920
1927
1928
1929
1930
1933
1935
1939
1942
1945
1950
1955
1956
1957
1958
1961
1962
1963
1965
1967
1970
1975
1977
1978
1984
1987
1989
1992
1995
1997
2002
2006
2007
2010
2012
2014
2016
2021
2022
2023
2025
2026
2028
2029
2037
2038
2040
2044
2045
2046
2047
2050
2054
2055
2060
2062
2063
2067
2074
2077
2078
2079
2084
2085
2088
2089
2090
2092
2097
2101
2102
2103
2104
2108
2109
2111
2112
2113
2116
2120
2127
2132
2136
2137
2139
2145
2146
2147
2148
2150
2151
2152
2153
2157
2161
2163
2165
2166
2168
2169
2170
2172
2175
2178
2193
2201
2202
2208
2210
2212
2218
2219
2220
2221
2223
2225
2227
2230
2231
2233
2235
2237
2242
2244
2247
2248
2250
2251
2252
2253
2256
2258
2261
2263
2264
2266
2267
2273
2274
2275
2276
2279
2282
2283
2285
2289
2290
2294
2295
2297
2300
2307
2308
2313
2318
2319
2322
2324
2326
2327
2329
2331
2333
2341
2343
2345
2346
2347
2350
2351
2355
2357
2359
2360
2361
2367
2370
2371
2372
2373
2374
2376
2379
2381
2383
2387
2389
2394
2396
2397
2398
2400
2401
2403
2404
2407
2408
2409
2410
2414
2415
2416
2418
2420
2422
2424
2425
2426
2427
2428
2430
2432
2433
2435
2436
2438
2442
2443
2444
2445
2453
2455
2457
2458
2459
2461
2465
2474
2475
2476
2479
2484
2487
2488
2489
2490
2491
2493
2494
2495
2496
2497
2498
2499
2504
2505
2506
2507
2510
2512
2513
2514
2515
2516
2518
2519
2520
2521
2522
2523
2524
2525
2526
2527
2528
2529
2530
2532
2533
2534
2535
2536
2537
2538
2540
2541
2542
2543
2544
2545
2546
2548
2549
2550
2551
2553
2554
2555
2556
2558
2559
2560
2561
2562
2563
2564
2565
2566
2568
2569
2570
2571
2573
2574
2575
2576
2577
2578
2579
2581
2582
2583
2584
2585
2586
2587
2588
2589
2590
2591
2592
2593
2596
2597
2598
2599
2601
2602
2604
2605
2607
2608
2609
2610
2612
2613
2614
2615
2616
2617
2618
2619
2621
2622
2623
2624
2625
2626
2627
2628
2629
2630
2631
2633
2634
2635
2636
2637
2639
2641
2643
2644
2645
2646
2647
2650
2651
2653
2654
2655
2657
2658
2659
2661
2662
2663
2664
2665
2666
2668
2670
2671
2672
2674
2675
2676
2677
2678
2679
2681
2682
2683
2684
2685
2686
2688
2689
2690
2691
2692
2693
2694
2696
2697
2698
2699
2700
2701
2702
2703
2705
2706
2709
2710
2711
2712
2716
2717
2718
2719
2720
2721
2722
2723
2724
2725
2726
2728
2729
2730
2731
2732
2733
2734
2735
2736
2738
2740
2741
2742
2743
2744
2747
2748
2749
2752
2753
2755
2756
2758
2760
2761
2762
2764
2765
2767
2768
2770
2771
2773
2774
2776
2777
2778
2779
2780
2781
2782
2783
2784
2786
2787
2790
2791
2792
2795
2796
2797
2798
2799
2800
2806
2809
2810
2811
2812
2813
2815
2816
2818
2819
2821
2822
2823
2824
2826
2827
2828
2829
2830
2831
2833
2836
2837
2839
2840
2842
2843
2845
2847
2848
2849
2852
2853
2854
2855
2856
2859
2865
2867
2868
2869
2870
2871
2874
2876
2879
2883
2884
2885
2886
2887
2888
2889
2890
2893
2895
2898
2899
2901
2902
2903
2904
2906
2907
2909
2912
2913
2914
2915
2917
2918
2919
2920
2925
2928
2931
2933
2934
2935
2938
2939
2941
2942
2943
2945
2948
2949
2950
2952
2958
2959
2961
2962
2965
2968
2970
2971
2973
2974
2975
2976
2977
2980
2981
2982
2983
2984
2986
2988
2989
2990
2991
2992
2993
2994
2995
2996
2998
3002
3003
3009
3010
3011
3013
3017
3018
3019
3022
3023
3024
3025
3027
3029
3030
3032
3033
3035
3036
3037
3038
3039
3042
3043
3044
3045
3048
3049
3050
3052
3054
3055
3056
3063
3066
3067
3068
3069
3073
3076
3078
3082
3088
3089
3090
3094
3095
3099
3101
3102
3104
3108
3109
3110
3111
3114
3115
3116
3121
3123
3127
3128
3130
3131
3134
3138
3140
3144
3145
3148
3149
3150
3154
3157
3159
3160
3164
3166
3167
3168
3169
3171
3175
3177
3178
3179
3181
3182
3184
3185
3186
3189
3190
3192
3193
3195
3196
3197
3199
3200
3202
3204
3207
3210
3211
3213
3220
3221
3226
3227
3229
3230
3232
3234
3236
3238
3239
3240
3241
3242
3245
3246
3248
3249
3250
3251
3252
3253
3254
3257
3258
3261
3262
3264
3265
3266
3267
3272
3274
3275
3276
3277
3278
3282
3285
3286
3287
3290
3291
3293
3294
3295
3297
3298
3299
3300
3301
3302
3306
3308
3309
3310
3311
3315
3317
3319
3322
3325
3328
3329
3330
3334
3335
3337
3339
3341
3343
3344
3345
3346
3349
3350
3351
3352
3353
3354
3355
3357
3358
3359
3360
3361
3362
3364
3365
3366
3370
3372
3373
3377
3378
3379
3380
3381
3383
3384
3385
3388
3389
3392
3393
3394
3395
3397
3398
3399
3401
3402
3404
3405
3406
3407
3409
3413
3414
3416
3418
3419
3420
3421
3422
3426
3427
3428
3430
3434
3435
3436
3438
3439
3440
3442
3444
3445
3446
3447
3450
3454
3456
3457
3458
3459
3460
3461
3462
3463
3464
3466
3467
3472
3473
3477
3478
3480
3481
3483
3484
3485
3486
3487
3488
3490
3491
3492
3493
3494
3496
3500
3501
3503
3506
3509
3514
3515
3516
3517
3519
3520
3521
3524
3525
3528
3529
3530
3531
3532
3534
3535
3537
3540
3544
3545
3553
3554
3555
3556
3557
3558
3559
3560
3561
3562
3564
3565
3566
3568
3570
3571
3573
3574
3576
3577
3578
3580
3581
3584
3586
3587
3589
3590
3592
3595
3599
3600
3601
3603
3604
3605
3606
3607
3610
3611
3612
3613
3617
3618
3619
3622
3623
3624
3625
3628
3629
3630
3631
3634
3637
3641
3642
3643
3646
3647
3650
3652
3653
3654
3655
3657
3658
3660
3661
3662
3665
3668
3670
3672
3673
3674
3675
3677
3678
3682
3684
3687
3688
3690
3691
3693
3694
3695
3696
3697
3698
3699
3700
3701
3702
3703
3705
3707
3708
3709
3713
3715
3717
3718
3723
3729
3734
3740
3743
3751
3753
3757
3760
3763
3764
3767
3768
3769
3771
3773
3778
3781
3782
3783
3784
3786
3788
3789
3790
3791
3795
3799
3801
3803
3804
3808
3811
3814
3815
3816
3817
3821
3823
3824
3826
3828
3829
3830
3832
3837
3838
3839
3842
3844
3845
3849
3850
3851
3852
3854
3855
3857
3858
3859
3860
3861
3862
3865
3866
3869
3871
3872
3873
3875
3876
3877
3878
3879
3882
3884
3886
3890
3893
3897
3899
3903
3904
3906
3910
3911
3912
3913
3920
3922
3928
3932
3937
3939
3940
3941
3942
3944
3945
3948
3949
3952
3953
3954
3960
3961
3964
3968
3972
3974
3975
3976
3977
3978
3979
3983
3990
3995
3998
4001
4004
4005
4015
4018
4020
4021
4027
4028
4030
4033
4040
4041
4046
4054
4057
4058
4063
4066
4069
4072
4083
4084
4088
4091
4094
4097
4100
4108
4111
4112
4117
4119
4132
4135
4136
4138
4141
4147
4148
4149
4151
4156
4157
4165
4179
4180
4182
4194
4195
4198
4199
4202
4205
4211
4212
4213
4220
4222
4231
4233
4235
4236
4237
4238
4242
4243
4249
4251
4253
4258
4264
4265
4266
4270
4279
4290
4291
4297
4302
4304
4306
4309
4316
4319
4328
4329
4332
4334
4339
4341
4354
4356
4358
4361
4364
4377
4379
4383
4387
4388
4389
4390
4391
4392
4393
4394
4395
4396
4397
4398
4399
4400
4401
4403
4404
4405
4406
4408
4410
4411
4412
4413
4415
4417
4418
4419
4420
4421
4422
4424
4425
4426
4427
4428
4429
4430
4432
4434
4435
4436
4437
4438
4439
4441
4442
4445
4446
4447
4448
4449
4451
4453
4455
4456
4458
4459
4460
4464
4465
4472
4473
4474
4476
4477
4481
4483
4484
4485
4487
4488
4489
4490
4493
4496
4497
4498
4499
4500
4502
4503
4504
4505
4506
4507
4510
4512
4513
4514
4515
4516
4517
4518
4519
4520
4521
4523
4524
4525
4526
4527
4529
4530
4531
4532
4533
4534
4536
4537
4538
4540
4542
4543
4544
4545
4546
4547
4548
4549
4550
4551
4552
4553
4554
4556
4557
4558
4559
4563
4565
4566
4569
4572
4573
4575
4576
4577
4579
4580
4583
4584
4587
4589
4592
4593
4594
4595
4596
4597
4598
4602
4605
4606
4607
4608
4612
4613
4619
4621
4622
4623
4625
4628
4631
4633
4635
4636
4637
4638
4639
4640
4641
4642
4643
4645
4648
4649
4652
4653
4654
4655
4656
4659
4660
4663
4664
4665
4670
4671
4672
4676
4680
4684
4685
4687
4691
4693
4697
4699
4700
4701
4702
4705
4707
4709
4710
4712
4713
4714
4718
4719
4721
4723
4725
4730
4731
4732
4733
4734
4740
4741
4745
4746
4749
4750
4752
4754
4756
4758
4759
4760
4761
4762
4763
4764
4765
4769
4770
4773
4775
4777
4778
4782
4783
4784
4785
4786
4787
4788
4789
4792
4795
4796
4797
4798
4800
4801
4802
4803
4807
4811
4812
4814
4816
4817
4819
4821
4823
4824
4825
4826
4827
4828
4830
4831
4832
4835
4836
4837
4839
4840
4842
4844
4845
4846
4848
4849
4853
4856
4857
4859
4860
4861
4862
4863
4864
4866
4868
4871
4874
4875
4876
4877
4878
4880
4882
4883
4885
4891
4895
4896
4897
4898
4899
4900
4901
4902
4905
4907
4908
4910
4912
4913
4918
4919
4920
4921
4922
4923
4924
4925
4926
4928
4931
4932
4933
4935
4936
4937
4938
4939
4944
4947
4948
4950
4951
4953
4954
4955
4958
4963
4964
4966
4967
4970
4971
4972
4975
4976
4977
4978
4980
4982
4983
4985
4986
4987
4988
4992
4996
4997
4998
5000
5001
5005
5010
5012
5013
5014
5023
5024
5025
5030
5032
5033
5034
5036
5039
5040
5043
5044
5045
5048
5049
5052
5057
5058
5063
5064
5065
5066
5067
5068
5069
5070
5073
5077
5078
5080
5083
5088
5089
5090
5091
5094
5097
5099
5100
5102
5103
5104
5107
5108
5109
5110
5111
5112
5114
5117
5122
5125
5127
5130
5131
5135
5139
5140
5141
5142
5143
5144
5147
5150
5153
5154
5155
5157
5160
5162
5164
5165
5168
5169
5171
5172
5173
5175
5178
5179
5180
5184
5189
5190
5191
5192
5193
5194
5201
5202
5203
5204
5206
5208
5209
5211
5212
5213
5214
5215
5218
5221
5224
5225
5226
5227
5229
5233
5234
5235
5238
5240
5241
5242
5243
5244
5247
5249
5250
5253
5254
5257
5258
5261
5263
5264
5265
5266
5267
5269
5271
5272
5274
5275
5276
5277
5278
5281
5282
5283
5284
5285
5286
5290
5293
5296
5297
5299
5300
5303
5304
5307
5313
5317
5327
5329
5330
5331
5332
5333
5334
5335
5336
5337
5338
5341
5343
5347
5348
5349
5351
5352
5356
5358
5362
5363
5365
5370
5376
5378
5379
5384
5385
5386
5387
5389
5396
5398
5399
5400
5401
5402
5406
5407
5408
5409
5412
5414
5415
5416
5417
5418
5422
5423
5426
5429
5434
5435
5436
5437
5439
5440
5441
5442
5443
5445
5446
5447
5450
5451
5455
5457
5458
5461
5463
5464
5466
5467
5468
5470
5473
5474
5477
5478
5479
5480
5481
5489
5493
5494
5495
5496
5497
5499
5501
5502
5505
5506
5508
5509
5510
5511
5512
5515
5519
5520
5522
5523
5525
5526
5527
5529
5531
5533
5535
5536
5539
5540
5545
5546
5548
5553
5556
5562
5563
5565
5569
5576
5579
5580
5581
5583
5586
5589
5594
5595
5596
5597
5601
5604
5606
5608
5609
5619
5621
5624
5630
5632
5633
5634
5639
5641
5642
5644
5649
5651
5652
5653
5654
5658
5659
5660
5661
5666
5669
5670
5671
5672
5675
5676
5678
5680
5681
5682
5687
5692
5695
5705
5709
5711
5721
5723
5726
5728
5730
5731
5735
5737
5739
5742
5743
5745
5746
5749
5752
5753
5754
5755
5760
5761
5762
5764
5769
5770
5771
5772
5776
5777
5779
5786
5787
5793
5795
5796
5799
5800
5802
5805
5806
5808
5810
5815
5816
5822
5826
5827
5833
5836
5838
5841
5843
5844
5847
5851
5853
5854
5856
5858
5861
5864
5866
5867
5876
5877
5878
5882
5883
5885
5886
5889
5892
5894
5895
5897
5899
5903
5904
5908
5914
5915
5918
5920
5922
5925
5926
5932
5934
5935
5937
5939
5943
5945
5947
5951
5953
5954
5955
5956
5961
5963
5966
5968
5975
5977
5978
5985
5987
5990
5992
5996
5998
5999
6000
6003
6004
6007
6011
6012
6013
6014
6019
6021
6023
6029
6031
6033
6034
6037
6039
6040
6041
6042
6043
6048
6049
6052
6055
6060
6061
6064
6065
6069
6070
6073
6075
6077
6079
6080
6081
6082
6084
6085
6087
6088
6089
6090
6092
6094
6095
6096
6097
6101
6102
6103
6105
6106
6107
6108
6110
6111
6112
6114
6115
6116
6121
6122
6124
6127
6128
6129
6131
6132
6135
6136
6137
6138
6139
6142
6143
6146
6148
6149
6150
6151
6152
6157
6158
6162
6169
6170
6171
6172
6173
6174
6175
6176
6177
6179
6188
6189
6195
6198
6199
6200
6201
6202
6203
6204
6205
6206
6207
6208
6209
6211
6212
6213
6214
6215
6216
6217
6218
6219
6220
6223
6224
6225
6226
6227
6228
6229
6230
6231
6232
6233
6234
6235
6236
6237
6238
6239
6240
6241
6242
6243
6244
6245
6246
6248
6249
6250
6252
6253
6254
6255
6256
6258
6259
6260
6261
6262
6263
6264
6265
6266
6267
6268
6269
6270
6273
6274
6275
6276
6277
6278
6279
6280
6281
6282
6283
6284
6285
6287
6288
6289
6291
6292
6293
6294
6295
6296
6297
6298
6299
6300
6302
6303
6304
6307
6308
6309
6310
6311
6312
6313
6315
6316
6317
6318
6319
6321
6322
6324
6325
6326
6327
6328
6329
6330
6331
6332
6333
6334
6336
6337
6338
6339
6340
6341
6343
6344
6345
6346
6347
6348
6349
6350
6351
6352
6353
6355
6356
6357
6358
6359
6360
6361
6362
6363
6364
6365
6366
6367
6368
6369
6370
6372
6373
6375
6377
6380
6381
6382
6384
6386
6388
6390
6391
6392
6393
6395
6398
6399
6400
6401
6403
6404
6405
6406
6407
6408
6409
6410
6411
6413
6414
6415
6416
6420
6422
6423
6425
6426
6427
6428
6430
6431
6432
6433
6434
6436
6437
6438
6439
6440
6442
6443
6444
6445
6446
6447
6449
6451
6452
6454
6456
6458
6459
6460
6461
6462
6463
6467
6469
6470
6471
6472
6473
6474
6475
6476
6478
6479
6480
6481
6482
6487
6488
6489
6490
6493
6494
6498
6502
6503
6504
6509
6511
6513
6514
6515
6516
6518
6520
6521
6523
6525
6526
6527
6528
6529
6530
6531
6532
6534
6535
6536
6537
6538
6539
6540
6541
6542
6544
6545
6547
6556
6557
6558
6559
6560
6562
6563
6564
6566
6567
6568
6569
6572
6574
6576
6577
6578
6579
6581
6582
6584
6585
6587
6588
6590
6592
6593
6594
6597
6598
6599
6600
6601
6602
6603
6604
6609
6611
6612
6617
6618
6621
6622
6623
6624
6625
6627
6628
6629
6631
6632
6633
6634
6636
6637
6638
6639
6640
6641
6642
6648
6649
6652
6653
6654
6655
6656
6657
6658
6660
6661
6662
6663
6664
6665
6670
6675
6676
6679
6680
6682
6684
6686
6687
6688
6689
6690
6691
6692
6693
6694
6695
6697
6699
6700
6706
6709
6712
6713
6717
6718
6719
6720
6724
6725
6728
6730
6732
6734
6735
6736
6737
6740
6743
6744
6745
6746
6747
6749
6750
6751
6752
6753
6754
6756
6760
6762
6763
6764
6765
6767
6769
6770
6771
6773
6775
6777
6781
6787
6794
6797
6798
6799
6800
6801
6803
6805
6808
6809
6812
6813
6816
6820
6825
6829
6834
6835
6837
6839
6840
6841
6842
6843
6845
6848
6851
6852
6855
6864
6866
6868
6876
6877
6878
6879
6880
6882
6885
6886
6888
6889
6891
6899
6901
6904
6905
6906
6907
6909
6910
6914
6915
6916
6918
6921
6922
6924
6925
6926
6927
6934
6935
6936
6937
6939
6940
6943
6946
6948
6950
6952
6953
6954
6955
6956
6958
6959
6960
6962
6964
6965
6966
6967
6968
6970
6972
6973
6974
6975
6976
6978
6980
6981
6983
6985
6986
6989
6990
6991
6992
6993
6994
6996
6998
7000
7001
7002
7004
7005
7006
7008
7009
7010
7011
7013
7014
7015
7016
7018
7019
7020
7026
7029
7031
7032
7034
7039
7041
7042
7043
7044
7046
7047
7048
7051
7054
7057
7058
7060
7061
7063
7064
7065
7070
7073
7074
7075
7076
7077
7078
7079
7082
7085
7086
7087
7090
7092
7094
7097
7098
7099
7102
7104
7105
7106
7107
7108
7109
7111
7112
7117
7118
7119
7120
7125
7127
7128
7130
7132
7135
7136
7139
7140
7141
7142
7144
7148
7149
7150
7152
7156
7158
7159
7160
7161
7162
7164
7167
7168
7171
7174
7175
7176
7177
7178
7180
7181
7182
7187
7189
7191
7192
7193
7194
7196
7197
7198
7200
7201
7202
7203
7206
7208
7211
7215
7220
7221
7223
7224
7228
7229
7231
7232
7233
7235
7237
7238
7240
7242
7244
7245
7246
7249
7250
7251
7252
7253
7254
7256
7258
7259
7260
7262
7267
7269
7270
7271
7272
7273
7275
7276
7278
7279
7280
7281
7282
7283
7284
7285
7288
7292
7293
7295
7296
7297
7302
7303
7306
7307
7313
7314
7316
7317
7320
7321
7323
7324
7326
7328
7331
7332
7335
7337
7338
7339
7341
7343
7345
7346
7348
7349
7350
7351
7352
7354
7356
7357
7358
7361
7364
7365
7366
7367
7368
7369
7370
7371
7372
7373
7375
7376
7379
7380
7381
7384
7386
7387
7388
7389
7390
7391
7396
7398
7401
7402
7403
7405
7406
7408
7409
7410
7412
7413
7414
7415
7416
7417
7419
7421
7422
7423
7425
7426
7427
7430
7431
7436
7446
7452
7466
7467
7472
7476
7485
7491
7502
7507
7508
7512
7516
7517
7519
7524
7526
7528
7530
7537
7538
7542
7543
7544
7547
7548
7551
7553
7554
7559
7560
7563
7565
7570
7571
7580
7583
7586
7587
7589
7590
7591
7592
7593
7595
7596
7604
7607
7610
7611
7613
7616
7620
7625
7627
7633
7644
7646
7654
7657
7661
7666
7668
7683
7685
7693
7697
7702
7719
7734
7741
7747
7748
7750
7764
7772
7774
7777
7780
7783
7794
7796
7800
7803
7808
7811
7813
7820
7824
7826
7831
7833
7836
7838
7840
7845
7855
7872
7881
7904
7916
7919
7926
7927
7931
7934
7936
7949
7955
7961
7963
7964
7966
7976
7978
7980
7983
7986
7987
8003
8006
8011
8016
8022
8026
8029
8030
8032
8048
8051
8053
8057
8061
8064
8074
8077
8082
8086
8087
8090
8091
8096
8102
8103
8104
8105
8107
8108
8109
8111
8112
8113
8114
8115
8116
8117
8119
8120
8121
8122
8125
8127
8129
8131
8132
8133
8135
8137
8138
8139
8141
8142
8146
8147
8148
8149
8150
8151
8153
8154
8155
8156
8157
8158
8159
8160
8161
8163
8164
8165
8166
8167
8170
8171
8178
8181
8182
8184
8186
8187
8189
8190
8191
8194
8195
8196
8197
8200
8201
8202
8203
8204
8206
8208
8210
8211
8212
8214
8217
8218
8220
8229
8231
8233
8235
8237
8239
8240
8244
8245
8246
8248
8249
8252
8254
8255
8258
8259
8261
8264
8265
8266
8268
8271
8272
8273
8274
8275
8277
8278
8279
8286
8287
8290
8292
8295
8300
8301
8303
8307
8309
8312
8313
8314
8315
8316
8318
8323
8325
8326
8327
8329
8332
8333
8336
8337
8339
8345
8347
8349
8351
8353
8354
8357
8358
8359
8360
8361
8362
8366
8368
8369
8372
8373
8376
8377
8379
8380
8382
8384
8385
8389
8390
8391
8392
8393
8399
8403
8407
8408
8410
8412
8413
8415
8416
8417
8425
8427
8428
8430
8435
8437
8441
8442
8446
8447
8448
8451
8453
8454
8455
8457
8459
8460
8461
8465
8467
8472
8476
8478
8479
8481
8483
8484
8488
8489
8490
8493
8498
8501
8502
8503
8505
8506
8507
8508
8509
8512
8515
8521
8524
8526
8528
8529
8531
8532
8537
8541
8543
8544
8546
8548
8549
8550
8551
8556
8558
8559
8560
8561
8563
8567
8568
8570
8571
8573
8576
8577
8578
8581
8582
8586
8588
8590
8591
8592
8593
8597
8599
8602
8605
8606
8608
8610
8613
8615
8616
8619
8622
8623
8625
8626
8628
8630
8631
8633
8635
8637
8638
8639
8640
8643
8645
8648
8649
8651
8656
8663
8664
8665
8668
8669
8670
8672
8673
8675
8677
8680
8681
8683
8685
8689
8690
8694
8695
8698
8700
8707
8710
8711
8713
8716
8717
8721
8725
8726
8729
8731
8735
8736
8738
8742
8744
8747
8749
8751
8752
8753
8754
8757
8759
8760
8762
8764
8765
8767
8770
8776
8777
8780
8788
8791
8795
8798
8801
8802
8803
8804
8807
8811
8812
8814
8815
8821
8825
8826
8827
8828
8830
8831
8834
8836
8838
8842
8844
8847
8852
8853
8855
8856
8857
8859
8860
8864
8867
8869
8870
8873
8874
8882
8883
8884
8886
8888
8889
8890
8894
8895
8897
8898
8902
8903
8906
8908
8913
8914
8916
8917
8918
8922
8925
8926
8927
8929
8931
8935
8938
8940
8941
8943
8944
8946
8947
8948
8950
8957
8961
8963
8964
8967
8969
8973
8976
8977
8979
8980
8988
8989
8991
8992
8997
8998
9000
9001
9002
9005
9007
9012
9013
9018
9021
9022
9027
9030
9037
9038
9041
9042
9045
9049
9051
9053
9056
9057
9065
9066
9069
9072
9073
9074
9075
9076
9079
9080
9081
9092
9095
9098
9099
9101
9103
9104
9108
9110
9112
9116
9118
9119
9120
9122
9125
9127
9129
9130
9138
9139
9141
9143
9144
9147
9148
9150
9151
9153
9154
9157
9159
9160
9165
9171
9179
9180
9181
9182
9186
9187
9188
9194
9195
9197
9201
9204
9206
9211
9215
9216
9219
9221
9222
9223
9224
9225
9232
9234
9235
9239
9240
9241
9249
9250
9257
9258
9260
9261
9262
9263
9264
9268
9275
9279
9280
9282
9283
9287
9292
9294
9296
9299
9306
9308
9312
9316
9317
9322
9324
9325
9328
9332
9333
9335
9336
9338
9339
9340
9341
9344
9346
9350
9352
9355
9359
9362
9367
9370
9372
9373
9374
9376
9380
9381
9382
9389
9399
9403
9405
9406
9408
9409
9411
9419
9420
9422
9425
9426
9440
9444
9446
9454
9457
9459
9470
9474
9475
9478
9483
9485
9494
9495
9501
9507
9508
9515
9516
9519
9521
9524
9534
9536
9543
9544
9548
9555
9558
9570
9574
9589
9591
9596
9597
9598
9599
9600
9602
9607
9609
9611
9613
9615
9629
9630
9639
9646
9647
9656
9658
9661
9665
9666
9667
9669
9672
9674
9675
9677
9688
9694
9695
9697
9698
9702
9707
9713
9716
9717
9721
9726
9732
9737
9741
9743
9746
9747
9748
9751
9755
9766
9770
9774
9775
9779
9787
9791
9795
9796
9799
9800
9803
9810
9812
9815
9816
9819
9821
9822
9823
9825
9828
9829
9832
9833
9835
9836
9838
9842
9843
9844
9846
9847
9848
9849
9850
9855
9856
9857
9858
9864
9868
9870
9872
9873
9875
9876
9880
9881
9885
9887
9889
9893
9908
9912
9913
9914
9915
9916
9918
9922
9923
9928
9930
9931
9932
9933
9934
9937
9939
9940
9942
9943
9946
9948
9949
9950
9951
9953
9954
9956
9957
9958
9960
9961
9962
9964
9965
9966
9968
9969
9970
9972
9974
9975
9977
9978
9979
9980
9981
9982
9983
9984
9986
9987
9989
9990
9991
9992
9993
9994
9995
9996
9997
9998
10000
10001
10002
10003
10004
10005
10007
10008
10009
10010
10011
10012
10013
10017
10018
10019
10020
10021
10022
10024
10025
10026
10027
10028
10029
10030
10032
10035
10036
10037
10040
10041
10042
10044
10045
10047
10048
10049
10050
10051
10052
10053
10054
10055
10058
10059
10061
10062
10063
10064
10065
10067
10069
10070
10071
10072
10073
10076
10078
10079
10080
10081
10083
10084
10086
10087
10088
10089
10091
10094
10095
10096
10097
10098
10100
10103
10104
10106
10107
10109
10110
10111
10112
10113
10114
10117
10118
10119
10120
10121
10122
10123
10125
10126
10128
10129
10131
10134
10138
10139
10142
10144
10145
10146
10147
10148
10149
10150
10151
10152
10153
10154
10157
10159
10161
10163
10166
10168
10170
10171
10172
10175
10179
10181
10183
10186
10187
10188
10190
10194
10195
10199
10201
10202
10204
10207
10208
10209
10210
10211
10212
10214
10215
10216
10221
10223
10225
10227
10228
10229
10230
10231
10234
10235
10237
10239
10241
10243
10244
10246
10247
10249
10250
10252
10253
10254
10257
10258
10260
10261
10262
10264
10265
10266
10267
10270
10271
10272
10275
10277
10278
10280
10282
10283
10286
10287
10291
10293
10295
10296
10298
10305
10307
10311
10314
10316
10318
10319
10322
10323
10324
10325
10326
10332
10335
10337
10338
10340
10341
10342
10343
10345
10347
10348
10349
10350
10351
10355
10359
10361
10363
10365
10366
10370
10371
10372
10374
10376
10377
10381
10388
10390
10393
10398
10399
10401
10403
10404
10406
10407
10408
10410
10412
10414
10415
10416
10417
10418
10420
10423
10424
10426
10427
10431
10432
10434
10435
10439
10444
10445
10446
10447
10448
10450
10451
10452
10458
10460
10461
10462
10463
10464
10465
10468
10469
10470
10473
10474
10475
10476
10477
10482
10488
10489
10493
10495
10501
10503
10504
10506
10509
10513
10514
10519
10522
10523
10527
10529
10530
10532
10535
10539
10543
10545
10546
10548
10549
10550
10554
10555
10556
10562
10567
10568
10573
10580
10581
10582
10584
10589
10590
10592
10595
10597
10601
10602
10605
10607
10608
10610
10612
10613
10614
10615
10616
10618
10620
10621
10623
10625
10626
10628
10629
10632
10636
10638
10641
10646
10647
10656
10658
10660
10664
10666
10667
10668
10669
10671
10674
10676
10682
10684
10685
10689
10690
10692
10694
10696
10697
10701
10704
10705
10706
10709
10710
10712
10714
10715
10716
10717
10718
10719
10722
10723
10725
10727
10729
10731
10738
10744
10747
10750
10752
10753
10762
10765
10768
10769
10770
10774
10775
10779
10781
10787
10788
10789
10790
10792
10793
10795
10797
10798
10801
10804
10806
10807
10808
10809
10811
10812
10813
10816
10817
10818
10820
10821
10822
10823
10826
10827
10832
10834
10836
10839
10840
10841
10844
10845
10847
10850
10852
10853
10854
10856
10858
10862
10864
10865
10866
10867
10869
10874
10876
10878
10882
10885
10886
10887
10889
10891
10892
10893
10894
10895
10898
10899
10900
10901
10903
10908
10909
10910
10911
10912
10913
10914
10915
10918
10920
10922
10923
10924
10926
10929
10930
10931
10940
10943
10947
10948
10949
10950
10951
10958
10959
10960
10962
10963
10964
10965
10966
10967
10972
10976
10981
10982
10983
10984
10985
10986
10987
10988
10989
10992
10994
10995
10998
11002
11004
11005
11007
11008
11009
11010
11012
11014
11016
11019
11021
11023
11024
11025
11027
11028
11030
11031
11033
11034
11036
11038
11040
11042
11045
11046
11047
11049
11050
11054
11057
11059
11061
11062
11063
11065
11068
11070
11071
11072
11075
11077
11078
11084
11085
11086
11087
11089
11093
11094
11100
11102
11103
11104
11105
11106
11107
11110
11112
11115
11116
11118
11122
11123
11124
11126
11127
11128
11131
11133
11134
11137
11141
11145
11147
11149
11154
11165
11179
11180
11181
11189
11191
11196
11198
11201
11202
11204
11205
11213
11214
11217
11229
11230
11232
11233
11237
11238
11239
11240
11241
11242
11244
11254
11255
11256
11257
11259
11260
11266
11272
11273
11277
11283
11286
11287
11288
11289
11292
11293
11300
11301
11303
11304
11307
11310
11314
11318
11321
11324
11327
11341
11345
11348
11350
11353
11359
11361
11373
11377
11382
11385
11388
11399
11403
11404
11405
11407
11414
11430
11432
11438
11443
11446
11447
11461
11462
11463
11464
11468
11469
11470
11480
11481
11482
11489
11491
11495
11496
11498
11501
11503
11504
11512
11519
11521
11522
11525
11528
11538
11539
11540
11543
11544
11547
11552
11557
11560
11562
11569
11576
11584
11585
11586
11596
11607
11608
11609
11622
11624
11625
11626
11627
11630
11633
11641
11644
11645
11650
11651
11661
11663
11666
11668
11670
11671
11678
11680
11681
11686
11692
11694
11695
11698
11701
11705
11706
11710
11715
11720
11723
11729
11730
11732
11740
11741
11742
11744
11747
11760
11761
11765
11768
11777
11778
11783
11784
11786
11811
11812
11816
11817
11818
11820
11821
11822
11823
11824
11825
11826
11827
11828
11829
11830
11832
11833
11834
11835
11837
11838
11840
11841
11842
11843
11844
11845
11846
11847
11848
11849
11850
11851
11852
11853
11854
11855
11856
11858
11859
11860
11861
11863
11864
11866
11867
11869
11870
11871
11875
11878
11879
11880
11881
11884
11886
11888
11889
11890
11891
11892
11895
11897
11898
11900
11902
11903
11904
11905
11910
11914
11915
11916
11917
11918
11919
11920
11921
11923
11925
11926
11928
11929
11930
11931
11933
11936
11937
11938
11941
11942
11943
11945
11946
11948
11949
11952
11953
11954
11955
11957
11958
11959
11960
11961
11962
11966
11967
11972
11974
11975
11976
11977
11978
11979
11980
11981
11983
11984
11986
11987
11988
11989
11990
11994
11995
11997
12000
12002
12004
12005
12007
12010
12013
12015
12021
12023
12025
12027
12029
12032
12034
12035
12036
12039
12040
12042
12043
12046
12048
12049
12053
12054
12061
12065
12067
12069
12072
12073
12076
12080
12081
12085
12087
12088
12093
12094
12095
12099
12100
12101
12108
12109
12111
12113
12115
12119
12123
12126
12127
12128
12129
12130
12131
12136
12137
12138
12140
12141
12142
12144
12149
12150
12151
12152
12153
12156
12158
12161
12170
12175
12176
12178
12182
12185
12186
12188
12190
12191
12192
12193
12195
12196
12197
12200
12203
12205
12206
12207
12209
12211
12213
12214
12216
12218
12220
12223
12225
12227
12228
12229
12231
12233
12236
12237
12238
12239
12240
12242
12243
12244
12245
12246
12247
12251
12252
12253
12254
12255
12256
12258
12261
12262
12263
12264
12265
12268
12271
12273
12275
12276
12277
12283
12287
12290
12291
12293
12294
12295
12299
12300
12302
12303
12305
12306
12307
12311
12313
12314
12316
12317
12319
12323
12324
12326
12327
12328
12330
12334
12336
12337
12338
12339
12340
12341
12342
12346
12348
12352
12353
12355
12359
12363
12364
12365
12366
12369
12370
12372
12374
12376
12378
12379
12383
12384
12387
12389
12391
12392
12395
12399
12400
12401
12403
12404
12408
12410
12411
12414
12415
12419
12421
12426
12428
12433
12437
12439
12441
12447
12452
12453
12454
12455
12458
12459
12461
12466
12467
12468
12469
12470
12471
12472
12473
12474
12476
12480
12482
12487
12490
12492
12493
12497
12501
12502
12505
12506
12507
12510
12511
12513
12516
12517
12520
12522
12523
12527
12528
12529
12530
12532
12533
12538
12540
12543
12545
12549
12550
12552
12556
12557
12558
12563
12567
12570
12571
12572
12578
12579
12583
12586
12587
12588
12590
12592
12599
12600
12601
12603
12608
12609
12612
12615
12617
12619
12620
12622
12625
12630
12631
12636
12637
12639
12641
12643
12644
12645
12647
12648
12649
12651
12655
12658
12662
12664
12665
12667
12669
12675
12677
12680
12682
12686
12689
12692
12694
12696
12697
12699
12703
12704
12705
12706
12710
12715
12716
12721
12722
12725
12728
12729
12732
12735
12737
12741
12745
12748
12749
12755
12757
12758
12759
12760
12762
12765
12767
12770
12771
12772
12773
12776
12780
12783
12784
12790
12791
12793
12798
12799
12801
12804
12811
12812
12814
12815
12818
12820
12824
12826
12827
12828
12829
12832
12834
12835
12837
12840
12842
12848
12850
12851
12857
12859
12862
12863
12864
12865
12867
12868
12870
12874
12875
12876
12881
12886
12888
12889
12893
12898
12902
12907
12909
12910
12911
12912
12917
12918
12927
12929
12930
12931
12933
12934
12935
12938
12939
12940
12943
12947
12949
12951
12955
12957
12961
12963
12973
12974
12975
12977
12978
12981
12982
12983
12985
12986
12996
12999
13007
13010
13011
13013
13014
13022
13024
13026
13027
13039
13044
13046
13047
13052
13053
13054
13069
13070
13071
13076
13077
13079
13086
13092
13094
13095
13098
13099
13100
13103
13108
13109
13110
13112
13115
13116
13117
13120
13122
13127
13129
13135
13137
13139
13147
13154
13158
13160
13161
13163
13165
13166
13167
13168
13169
13171
13174
13175
13180
13183
13188
13189
13192
13194
13196
13197
13201
13202
13204
13205
13206
13207
13209
13213
13219
13220
13221
13227
13228
13229
13230
13235
13241
13243
13244
13246
13250
13254
13257
13258
13264
13265
13280
13281
13285
13286
13288
13292
13294
13295
13299
13300
13305
13310
13311
13313
13316
13317
13321
13323
13327
13328
13330
13331
13332
13333
13334
13351
13352
13353
13356
13360
13363
13366
13370
13371
13372
13375
13378
13381
13382
13384
13386
13388
13389
13396
13397
13400
13410
13417
13421
13424
13426
13431
13432
13436
13439
13444
13449
13453
13458
13459
13461
13462
13467
13468
13469
13470
13475
13476
13482
13483
13488
13493
13494
13498
13499
13501
13503
13504
13506
13509
13513
13515
13518
13523
13524
13525
13526
13527
13529
13530
13532
13533
13536
13537
13539
13543
13548
13549
13552
13556
13557
13558
13559
13562
13564
13570
13571
13572
13573
13574
13577
13578
13580
13584
13585
13586
13587
13591
13593
13594
13595
13597
13599
13602
13603
13610
13616
13618
13619
13620
13623
13628
13629
13630
13631
13632
13633
13634
13635
13637
13639
13640
13641
13643
13646
13647
13648
13651
13652
13653
13654
13655
13656
13657
13658
13659
13660
13661
13663
13664
13665
13666
13668
13669
13670
13671
13672
13673
13674
13675
13676
13678
13679
13680
13681
13682
13683
13684
13685
13686
13687
13688
13690
13691
13692
13693
13694
13695
13696
13698
13700
13701
13702
13703
13704
13705
13706
13707
13708
13709
13710
13711
13712
13713
13714
13715
13716
13717
13718
13719
13721
13722
13723
13724
13725
13726
13727
13730
13731
13732
13733
13737
13738
13739
13740
13741
13743
13744
13746
13747
13749
13754
13755
13756
13757
13758
13759
13760
13762
13763
13765
13766
13768
13769
13770
13771
13772
13773
13775
13776
13778
13779
13781
13783
13785
13786
13787
13788
13790
13792
13793
13794
13795
13796
13797
13798
13800
13801
13803
13805
13807
13808
13810
13811
13812
13814
13815
13816
13817
13818
13819
13820
13821
13823
13824
13826
13827
13828
13829
13831
13832
13834
13839
13841
13842
13843
13845
13847
13848
13850
13852
13853
13854
13858
13859
13860
13861
13862
13863
13865
13866
13867
13868
13870
13871
13872
13873
13875
13876
13877
13878
13879
13880
13881
13882
13883
13884
13885
13886
13887
13889
13893
13895
13897
13900
13901
13902
13904
13906
13907
13908
13909
13912
13915
13917
13918
13921
13923
13926
13928
13933
13934
13935
13936
13937
13939
13941
13942
13947
13948
13951
13955
13957
13958
13961
13963
13964
13967
13968
13969
13971
13972
13973
13974
13975
13978
13979
13980
13983
13984
13985
13986
13987
13992
13994
13995
13997
14003
14005
14008
14010
14011
14012
14013
14015
14016
14018
14019
14020
14023
14025
14027
14029
14030
14033
14034
14036
14037
14039
14040
14044
14046
14049
14051
14052
14054
14056
14057
14058
14059
14060
14061
14063
14065
14070
14071
14075
14077
14079
14080
14081
14082
14083
14084
14085
14086
14088
14089
14090
14091
14094
14096
14101
14104
14107
14112
14115
14116
14117
14118
14120
14122
14124
14128
14131
14133
14134
14136
14137
14140
14143
14145
14151
14153
14155
14158
14159
14160
14164
14165
14167
14169
14172
14173
14174
14175
14178
14179
14181
14184
14188
14189
14190
14192
14197
14198
14202
14203
14205
14207
14212
14215
14221
14224
14225
14230
14234
14235
14241
14242
14244
14246
14248
14250
14251
14253
14255
14261
14262
14265
14269
14270
14271
14273
14276
14280
14290
14291
14292
14296
14301
14304
14307
14309
14310
14319
14321
14324
14325
14328
14329
14335
14337
14339
14342
14344
14346
14347
14355
14356
14357
14359
14360
14361
14362
14363
14372
14374
14376
14381
14382
14383
14385
14386
14388
14389
14390
14391
14392
14394
14396
14398
14400
14401
14403
14404
14406
14408
14410
14417
14418
14420
14424
14425
14427
14428
14429
14430
14431
14432
14436
14437
14439
14441
14442
14443
14447
14449
14454
14455
14457
14458
14459
14461
14463
14464
14465
14466
14467
14468
14471
14472
14476
14477
14479
14480
14481
14482
14483
14484
14485
14487
14488
14489
14491
14493
14499
14500
14502
14503
14504
14507
14508
14509
14515
14518
14520
14524
14525
14526
14527
14530
14534
14535
14536
14537
14538
14539
14540
14547
14548
14553
14555
14556
14557
14558
14560
14563
14564
14566
14567
14568
14569
14574
14576
14578
14579
14580
14581
14582
14585
14592
14593
14596
14598
14599
14600
14601
14602
14603
14604
14608
14609
14610
14615
14616
14619
14621
14625
14626
14627
14628
14632
14634
14635
14636
14638
14640
14642
14643
14644
14645
14647
14648
14651
14656
14658
14659
14661
14666
14668
14671
14672
14673
14674
14676
14677
14678
14679
14681
14682
14683
14684
14686
14687
14691
14695
14697
14698
14699
14703
14704
14705
14706
14712
14713
14719
14720
14723
14726
14727
14730
14731
14734
14735
14737
14742
14743
14744
14745
14746
14748
14749
14750
14751
14752
14753
14754
14755
14759
14760
14763
14764
14765
14767
14769
14770
14771
14772
14773
14774
14776
14778
14779
14780
14782
14785
14786
14791
14795
14796
14797
14798
14799
14800
14801
14803
14804
14807
14808
14809
14810
14811
14813
14814
14815
14816
14817
14818
14821
14824
14825
14826
14827
14829
14830
14833
14836
14837
14838
14840
14841
14842
14843
14844
14847
14848
14849
14850
14851
14853
14855
14856
14858
14859
14864
14873
14876
14877
14880
14884
14885
14886
14889
14892
14893
14905
14909
14910
14911
14912
14913
14914
14915
14918
14919
14920
14922
14925
14935
14942
14944
14946
14947
14957
14959
14965
14968
14970
14971
14972
14974
14981
14982
14984
14991
14994
15000
15001
15002
15003
15008
15011
15014
15015
15016
15018
15021
15028
15032
15035
15038
15039
15041
15055
15062
15070
15072
15082
15083
15088
15102
15108
15111
15113
15117
15125
15127
15133
15136
15137
15142
15146
15147
15150
15152
15156
15167
15173
15175
15192
15202
15236
15237
15248
15253
15256
15257
15266
15271
15273
15274
15275
15281
15283
15294
15299
15300
15317
15327
15337
15344
15355
15358
15359
15362
15364
15365
15375
15384
15387
15391
15408
15412
15413
15417
15429
15430
15438
15448
15454
15458
15460
15463
15465
15467
15475
15480
15490
15514
15521
15530
15532
15535
15536
15537
15539
15540
15542
15543
15545
15547
15548
15549
15553
15554
15557
15558
15559
15560
15562
15563
15565
15566
15567
15568
15569
15570
15571
15573
15574
15576
15578
15579
15581
15582
15583
15585
15586
15587
15588
15589
15591
15594
15597
15598
15602
15604
15606
15607
15613
15614
15615
15617
15618
15621
15625
15626
15627
15629
15630
15634
15635
15636
15638
15639
15640
15644
15647
15648
15649
15652
15655
15656
15657
15658
15659
15660
15661
15663
15666
15667
15668
15669
15670
15671
15674
15675
15680
15685
15686
15687
15692
15693
15694
15698
15700
15702
15703
15704
15705
15706
15712
15714
15716
15717
15718
15722
15724
15726
15728
15729
15730
15735
15737
15739
15740
15741
15742
15744
15746
15748
15749
15751
15753
15757
15760
15762
15765
15772
15773
15776
15778
15779
15780
15781
15782
15783
15785
15786
15787
15788
15789
15790
15791
15794
15795
15797
15801
15803
15804
15806
15809
15810
15811
15812
15813
15814
15815
15818
15822
15823
15826
15827
15832
15833
15838
15839
15840
15843
15845
15847
15851
15852
15855
15856
15857
15858
15861
15862
15864
15865
15867
15869
15870
15872
15878
15882
15883
15884
15885
15888
15896
15899
15900
15903
15904
15906
15907
15909
15913
15916
15919
15920
15922
15923
15924
15926
15928
15929
15934
15935
15937
15938
15939
15944
15946
15949
15953
15954
15956
15959
15961
15965
15966
15967
15968
15969
15970
15972
15973
15974
15976
15978
15981
15986
15995
16001
16002
16004
16008
16010
16012
16018
16020
16021
16023
16024
16030
16032
16033
16034
16038
16039
16042
16045
16047
16048
16050
16052
16061
16062
16063
16065
16068
16073
16075
16076
16079
16084
16085
16086
16092
16093
16094
16095
16097
16100
16102
16105
16107
16108
16109
16115
16118
16120
16122
16129
16132
16133
16135
16137
16145
16147
16150
16153
16155
16156
16160
16164
16165
16169
16170
16175
16177
16180
16181
16182
16185
16186
16188
16189
16190
16192
16193
16194
16195
16199
16201
16204
16205
16209
16212
16214
16215
16217
16219
16220
16223
16224
16225
16229
16231
16232
16235
16237
16239
16241
16242
16244
16245
16247
16249
16250
16252
16254
16256
16259
16261
16264
16266
16271
16272
16273
16282
16284
16286
16288
16289
16292
16294
16296
16302
16303
16304
16305
16308
16311
16314
16317
16318
16320
16321
16322
16326
16331
16332
16334
16335
16336
16338
16343
16344
16346
16350
16351
16353
16356
16360
16362
16363
16366
16371
16372
16373
16374
16375
16378
16380
16382
16386
16387
16391
16392
16395
16398
16400
16406
16407
16408
16417
16418
16419
16420
16425
16428
16431
16433
16434
16435
16440
16441
16442
16445
16446
16448
16449
16450
16454
16459
16461
16463
16466
16467
16470
16471
16473
16483
16484
16488
16489
16493
16503
16504
16507
16508
16518
16520
16521
16526
16529
16532
16536
16537
16538
16543
16546
16547
16548
16549
16553
16554
16555
16556
16563
16565
16566
16570
16571
16575
16576
16579
16582
16586
16587
16588
16592
16593
16600
16605
16608
16609
16614
16617
16620
16621
16622
16623
16624
16627
16631
16643
16645
16646
16653
16654
16656
16657
16660
16662
16663
16665
16669
16671
16673
16674
16680
16681
16688
16700
16701
16707
16711
16714
16717
16718
16719
16721
16724
16730
16732
16737
16739
16740
16744
16746
16752
16757
16761
16780
16783
16789
16793
16795
16800
16802
16804
16808
16810
16811
16812
16813
16817
16820
16822
16823
16825
16827
16831
16834
16836
16845
16849
16850
16853
16854
16856
16866
16868
16873
16874
16875
16879
16883
16894
16900
16902
16903
16910
16911
16919
16927
16935
16937
16944
16950
16953
16957
16958
16968
16969
16972
16978
16979
16981
16983
16990
16991
17001
17009
17013
17017
17018
17019
17024
17025
17028
17034
17037
17039
17040
17044
17050
17052
17054
17057
17058
17062
17064
17067
17079
17080
17081
17085
17089
17093
17100
17102
17103
17111
17114
17116
17117
17119
17127
17128
17135
17138
17147
17151
17153
17154
17156
17159
17172
17176
17184
17195
17202
17207
17208
17212
17213
17215
17216
17220
17227
17233
17238
17239
17240
17241
17243
17244
17245
17247
17249
17250
17253
17254
17256
17259
17260
17262
17264
17265
17266
17268
17269
17271
17274
17276
17278
17281
17282
17283
17284
17286
17289
17290
17291
17292
17300
17301
17304
17306
17307
17310
17311
17314
17317
17320
17321
17330
17333
17336
17339
17340
17342
17343
17344
17345
17346
17348
17349
17350
17351
17352
17354
17355
17356
17359
17360
17361
17364
17365
17366
17368
17370
17371
17374
17375
17376
17377
17380
17381
17382
17384
17385
17387
17388
17390
17391
17392
17393
17394
17396
17397
17398
17399
17400
17402
17404
17405
17406
17407
17408
17409
17410
17412
17414
17415
17416
17417
17418
17420
17421
17422
17424
17425
17426
17427
17428
17429
17430
17432
17433
17434
17435
17436
17437
17438
17439
17441
17444
17445
17446
17447
17450
17451
17452
17453
17454
17455
17457
17458
17460
17461
17463
17464
17466
17467
17468
17469
17470
17471
17474
17475
17476
17477
17479
17480
17482
17483
17484
17485
17486
17487
17489
17491
17492
17495
17497
17499
17500
17502
17504
17507
17509
17510
17511
17512
17514
17515
17516
17517
17519
17523
17524
17525
17528
17531
17532
17533
17534
17535
17537
17538
17539
17540
17541
17542
17545
17548
17549
17550
17553
17554
17555
17556
17557
17562
17565
17566
17568
17569
17571
17572
17573
17574
17575
17576
17577
17578
17579
17580
17582
17583
17584
17585
17586
17587
17589
17591
17592
17593
17594
17595
17596
17599
17600
17602
17606
17608
17609
17612
17614
17615
17616
17620
17621
17623
17627
17628
17629
17632
17635
17637
17639
17642
17643
17645
17648
17649
17650
17651
17654
17656
17658
17660
17661
17662
17665
17666
17667
17669
17671
17672
17674
17677
17678
17679
17680
17681
17682
17685
17686
17687
17688
17689
17693
17698
17701
17702
17704
17705
17706
17708
17709
17711
17713
17714
17715
17719
17721
17722
17724
17726
17727
17728
17730
17731
17739
17742
17743
17744
17746
17749
17751
17752
17753
17754
17755
17758
17759
17760
17763
17765
17766
17767
17768
17769
17770
17771
17773
17775
17777
17778
17779
17784
17785
17788
17789
17791
17793
17794
17795
17796
17798
17799
17800
17802
17803
17804
17805
17806
17811
17815
17817
17818
17820
17821
17822
17826
17828
17829
17831
17832
17836
17840
17842
17845
17848
17850
17854
17855
17859
17860
17862
17864
17865
17869
17872
17874
17875
17876
17877
17878
17879
17880
17883
17889
17892
17894
17898
17903
17904
17906
17908
17910
17914
17917
17919
17922
17924
17926
17928
17930
17934
17935
17939
17944
17950
17951
17952
17953
17955
17957
17960
17961
17971
17974
17979
17983
17987
17988
17990
17991
17993
17994
18000
18005
18006
18008
18010
18011
18014
18018
18019
18020
18021
18023
18024
18028
18031
18032
18035
18039
18040
18041
18043
18045
18048
18051
18053
18058
18066
18068
18070
18074
18075
18085
18086
18087
18088
18092
18094
18095
18099
18101
18102
18104
18108
18109
18110
18112
18113
18114
18118
18121
18122
18125
18127
18128
18132
18133
18134
18135
18136
18137
18138
18139
18141
18143
18144
18146
18148
18150
18151
18152
18153
18157
18161
18162
18163
18171
18173
18178
18179
18180
18181
18183
18193
18194
18196
18197
18198
18202
18205
18207
18213
18214
18217
18218
18220
18221
18226
18227
18229
18234
18238
18239
18242
18244
18245
18249
18250
18251
18253
18254
18255
18256
18258
18260
18262
18268
18269
18273
18274
18277
18278
18279
18281
18282
18284
18290
18291
18295
18298
18300
18306
18313
18314
18315
18319
18322
18326
18329
18330
18333
18338
18339
18340
18341
18342
18345
18346
18348
18349
18350
18353
18356
18357
18362
18366
18369
18371
18374
18375
18380
18384
18386
18387
18388
18391
18393
18396
18398
18400
18401
18404
18405
18409
18410
18411
18412
18415
18416
18417
18418
18423
18425
18426
18427
18428
18429
18434
18435
18436
18439
18442
18443
18444
18449
18451
18452
18455
18456
18458
18460
18463
18466
18469
18470
18472
18479
18482
18483
18486
18487
18488
18490
18491
18492
18493
18494
18496
18498
18500
18503
18505
18506
18508
18510
18513
18514
18518
18521
18522
18523
18524
18526
18527
18528
18530
18531
18532
18533
18535
18536
18540
18541
18543
18544
18547
18549
18550
18552
18554
18555
18557
18558
18559
18560
18561
18562
18563
18564
18565
18567
18569
18570
18578
18583
18585
18587
18592
18594
18599
18604
18607
18609
18611
18612
18622
18624
18625
18629
18634
18636
18639
18640
18645
18650
18652
18654
18660
18670
18677
18682
18683
18685
18686
18688
18690
18691
18696
18701
18703
18707
18708
18713
18714
18716
18722
18723
18727
18728
18730
18732
18735
18736
18738
18740
18746
18747
18749
18753
18754
18755
18760
18776
18784
18788
18790
18804
18828
18859
18861
18883
18889
18892
18896
18897
18903
18906
18907
18910
18916
18925
18936
18938
18939
18947
18954
18968
18972
18978
18983
18989
19004
19010
19013
19018
19021
19034
19037
19038
19039
19050
19055
19061
19069
19075
19081
19092
19094
19108
19117
19122
19126
19132
19134
19142
19147
19179
19199
19203
19204
19235
19236
19244
19245
19250
19251
19253
19254
19255
19256
19257
19259
19260
19262
19264
19266
19267
19271
19272
19274
19277
19278
19279
19280
19281
19282
19283
19284
19285
19287
19288
19290
19291
19292
19294
19295
19296
19297
19298
19299
19301
19302
19303
19304
19305
19307
19308
19310
19312
19314
19315
19317
19318
19320
19321
19322
19325
19328
19329
19332
19333
19337
19339
19341
19343
19345
19346
19348
19349
19350
19352
19354
19355
19356
19358
19359
19360
19361
19362
19368
19370
19374
19375
19376
19377
19378
19379
19381
19382
19383
19386
19388
19389
19390
19391
19394
19395
19396
19400
19403
19406
19409
19410
19411
19412
19413
19416
19417
19418
19421
19422
19424
19425
19429
19430
19432
19438
19443
19446
19448
19449
19450
19457
19458
19460
19462
19464
19465
19469
19474
19476
19478
19479
19481
19482
19485
19490
19492
19495
19497
19500
19504
19506
19508
19509
19510
19514
19515
19516
19518
19519
19520
19522
19525
19526
19527
19528
19532
19533
19534
19535
19536
19541
19543
19544
19547
19548
19549
19550
19552
19554
19555
19556
19557
19558
19559
19561
19564
19565
19567
19569
19570
19572
19574
19576
19577
19578
19579
19580
19581
19586
19587
19589
19591
19596
19597
19598
19600
19602
19609
19610
19614
19618
19619
19620
19623
19625
19627
19628
19629
19631
19632
19633
19635
19637
19638
19639
19641
19642
19643
19651
19652
19653
19654
19655
19656
19657
19658
19662
19663
19664
19667
19668
19670
19671
19673
19675
19676
19677
19679
19681
19682
19683
19684
19685
19686
19692
19695
19699
19701
19702
19704
19705
19707
19710
19711
19712
19715
19716
19719
19722
19723
19725
19726
19730
19731
19732
19733
19734
19735
19736
19739
19747
19748
19749
19751
19755
19757
19761
19764
19765
19766
19769
19770
19773
19774
19776
19777
19778
19780
19781
19783
19787
19791
19792
19793
19795
19798
19800
19801
19802
19804
19806
19807
19808
19809
19811
19815
19816
19822
19829
19830
19833
19836
19837
19838
19843
19847
19851
19854
19861
19862
19864
19865
19869
19875
19883
19885
19888
19889
19894
19896
19897
19898
19900
19901
19902
19903
19904
19908
19910
19912
19913
19915
19919
19923
19926
19929
19933
19934
19936
19938
19939
19941
19944
19945
19946
19948
19949
19950
19953
19956
19957
19960
19961
19963
19966
19968
19970
19972
19973
19978
19980
19981
19984
19986
19989
19992
19993
19995
19997
19998
20000
20005
20006
20007
20011
20016
20018
20019
20027
20031
20032
20035
20036
20037
20038
20039
20040
20047
20048
20049
20050
20053
20056
20058
20059
20062
20064
20071
20072
20073
20075
20076
20078
20080
20081
20082
20085
20086
20087
20090
20094
20097
20098
20100
20102
20103
20104
20105
20106
20107
20111
20114
20115
20118
20120
20123
20125
20126
20127
20129
20131
20133
20134
20137
20139
20142
20144
20145
20147
20149
20150
20153
20155
20161
20163
20166
20168
20170
20172
20176
20183
20185
20186
20187
20190
20193
20194
20195
20196
20198
20199
20201
20204
20207
20208
20211
20212
20215
20218
20219
20221
20227
20228
20229
20232
20234
20235
20237
20240
20247
20252
20253
20254
20259
20260
20262
20264
20267
20268
20269
20273
20275
20278
20279
20284
20285
20287
20290
20291
20292
20293
20297
20299
20300
20301
20304
20306
20307
20310
20314
20315
20321
20323
20325
20330
20331
20340
20343
20345
20346
20350
20352
20355
20358
20359
20362
20363
20366
20367
20368
20377
20381
20391
20392
20399
20401
20402
20404
20409
20416
20418
20421
20424
20425
20436
20437
20438
20448
20450
20451
20452
20453
20455
20456
20459
20461
20465
20467
20470
20475
20476
20478
20479
20482
20492
20495
20500
20501
20507
20511
20512
20514
20515
20516
20518
20527
20532
20533
20534
20536
20537
20538
20540
20541
20543
20545
20548
20550
20551
20559
20560
20564
20565
20567
20571
20574
20579
20582
20586
20588
20589
20590
20591
20593
20595
20596
20597
20598
20603
20605
20610
20616
20624
20625
20627
20630
20634
20643
20646
20649
20652
20653
20655
20658
20661
20667
20669
20671
20672
20676
20678
20682
20685
20686
20691
20692
20693
20695
20706
20707
20711
20712
20714
20717
20722
20726
20731
20733
20736
20740
20747
20748
20752
20755
20761
20765
20771
20776
20781
20782
20784
20790
20807
20808
20809
20811
20812
20814
20817
20824
20825
20828
20829
20830
20831
20833
20834
20836
20837
20846
20852
20853
20855
20856
20857
20867
20869
20870
20872
20874
20887
20890
20893
20897
20898
20899
20905
20906
20909
20910
20911
20916
20917
20921
20922
20926
20927
20932
20933
20936
20938
20941
20942
20946
20952
20953
20954
20957
20958
20963
20964
20965
20968
20970
20974
20976
20977
20978
20983
20985
20988
20990
20991
20992
20994
20998
21002
21005
21008
21009
21012
21014
21016
21019
21021
21024
21027
21031
21032
21034
21035
21042
21046
21047
21048
21049
21051
21052
21057
21058
21059
21060
21061
21062
21063
21064
21065
21068
21069
21073
21074
21075
21076
21077
21079
21081
21082
21084
21085
21088
21089
21090
21091
21094
21095
21096
21098
21099
21100
21101
21102
21103
21104
21106
21108
21109
21112
21114
21116
21118
21120
21121
21123
21124
21126
21129
21130
21131
21132
21133
21134
21135
21136
21139
21140
21141
21143
21144
21146
21147
21148
21149
21150
21151
21152
21153
21155
21156
21158
21159
21160
21161
21163
21164
21165
21166
21167
21168
21169
21170
21171
21172
21174
21175
21177
21178
21180
21181
21182
21184
21185
21186
21189
21190
21191
21193
21196
21198
21200
21201
21203
21204
21205
21206
21207
21209
21211
21213
21214
21215
21217
21218
21220
21221
21222
21223
21224
21225
21229
21231
21233
21236
21237
21238
21240
21242
21244
21246
21248
21249
21251
21252
21253
21254
21255
21256
21257
21259
21260
21261
21262
21266
21267
21270
21271
21274
21276
21277
21278
21279
21281
21282
21283
21284
21286
21287
21288
21289
21290
21291
21292
21293
21294
21295
21297
21298
21299
21300
21301
21306
21307
21308
21309
21310
21312
21314
21315
21316
21317
21318
21319
21325
21326
21330
21332
21333
21334
21335
21337
21338
21339
21343
21344
21346
21350
21351
21352
21353
21354
21356
21357
21358
21359
21360
21363
21365
21366
21367
21369
21370
21372
21376
21378
21379
21381
21382
21383
21384
21386
21388
21389
21392
21394
21395
21396
21399
21400
21401
21405
21406
21407
21411
21412
21413
21414
21415
21416
21419
21422
21424
21425
21428
21429
21433
21434
21436
21437
21438
21440
21441
21444
21445
21447
21448
21449
21450
21451
21452
21453
21454
21456
21458
21460
21462
21463
21465
21466
21467
21468
21469
21472
21474
21476
21477
21481
21482
21485
21486
21487
21488
21489
21490
21495
21496
21498
21499
21502
21503
21504
21505
21507
21508
21509
21510
21511
21513
21514
21516
21517
21518
21519
21529
21531
21535
21536
21538
21540
21543
21544
21545
21546
21547
21548
21550
21551
21552
21553
21554
21555
21556
21558
21559
21561
21563
21564
21565
21566
21573
21574
21579
21580
21581
21583
21584
21585
21586
21588
21600
21603
21605
21606
21608
21609
21610
21612
21613
21614
21617
21618
21620
21623
21625
21631
21633
21635
21638
21639
21640
21644
21645
21646
21648
21649
21650
21652
21653
21655
21659
21664
21670
21672
21674
21678
21680
21681
21690
21691
21692
21693
21697
21698
21700
21701
21708
21710
21711
21720
21724
21725
21729
21736
21742
21749
21751
21752
21755
21756
21757
21762
21765
21769
21770
21774
21775
21777
21780
21782
21783
21789
21791
21797
21798
21801
21802
21805
21806
21808
21809
21810
21811
21813
21815
21818
21820
21821
21822
21823
21824
21826
21827
21829
21830
21832
21836
21839
21840
21845
21846
21848
21849
21852
21854
21857
21858
21860
21861
21864
21867
21871
21872
21877
21878
21879
21880
21882
21885
21887
21892
21896
21898
21900
21902
21907
21908
21909
21910
21911
21912
21913
21914
21915
21916
21919
21921
21922
21923
21925
21927
21932
21933
21935
21937
21938
21939
21941
21943
21944
21946
21948
21950
21954
21955
21956
21957
21958
21960
21961
21963
21964
21965
21966
21967
21968
21972
21975
21976
21977
21981
21984
21987
21991
21992
21994
21995
21996
22000
22003
22005
22007
22008
22009
22012
22015
22020
22021
22024
22027
22029
22030
22031
22032
22033
22034
22036
22037
22040
22042
22043
22046
22047
22049
22050
22052
22053
22054
22056
22057
22058
22062
22064
22065
22066
22067
22068
22071
22074
22075
22076
22077
22079
22080
22082
22084
22085
22087
22088
22089
22091
22094
22096
22099
22100
22101
22102
22104
22105
22107
22109
22110
22112
22114
22115
22117
22118
22119
22120
22123
22124
22125
22126
22127
22128
22129
22130
22131
22132
22134
22136
22137
22140
22143
22147
22151
22159
22160
22163
22170
22171
22172
22176
22177
22179
22180
22183
22186
22187
22188
22191
22192
22193
22194
22195
22196
22199
22200
22201
22202
22204
22205
22207
22212
22213
22220
22223
22224
22225
22227
22228
22230
22231
22232
22235
22237
22240
22242
22244
22245
22246
22247
22249
22254
22255
22257
22258
22260
22261
22263
22264
22266
22267
22268
22269
22270
22271
22273
22275
22276
22277
22278
22281
22282
22283
22284
22287
22289
22293
22298
22301
22302
22303
22318
22332
22334
22335
22336
22338
22340
22341
22342
22343
22347
22350
22356
22362
22363
22374
22377
22381
22382
22386
22387
22392
22393
22399
22406
22407
22410
22414
22419
22421
22422
22424
22425
22426
22428
22429
22430
22432
22436
22442
22445
22446
22449
22454
22455
22456
22469
22490
22491
22498
22500
22514
22522
22524
22529
22545
22546
22552
22557
22573
22580
22582
22588
22603
22605
22606
22612
22623
22624
22631
22639
22654
22656
22658
22664
22682
22696
22743
22750
22753
22757
22765
22771
22772
22783
22792
22793
22803
22804
22807
22808
22810
22813
22819
22832
22840
22859
22861
22876
22883
22892
22903
22915
22928
22952
22953
22954
22958
22959
22960
22961
22964
22965
22966
22967
22968
22971
22973
22975
22976
22979
22985
22987
22988
22989
22990
22992
22993
22995
22996
22997
22999
23000
23001
23002
23004
23006
23008
23010
23012
23013
23015
23016
23017
23019
23021
23022
23023
23025
23026
23028
23034
23039
23040
23041
23042
23044
23046
23047
23052
23053
23054
23056
23057
23058
23062
23063
23064
23065
23066
23067
23068
23076
23078
23080
23081
23082
23085
23086
23087
23095
23096
23097
23098
23099
23102
23103
23104
23105
23107
23108
23109
23111
23112
23113
23114
23115
23117
23119
23120
23121
23122
23123
23124
23126
23128
23129
23130
23131
23134
23135
23136
23140
23142
23143
23145
23146
23150
23152
23157
23158
23159
23160
23161
23163
23164
23168
23170
23171
23172
23176
23177
23178
23179
23180
23181
23183
23184
23185
23187
23189
23191
23192
23194
23196
23198
23201
23203
23206
23207
23209
23210
23214
23215
23216
23217
23218
23219
23221
23222
23223
23224
23225
23226
23228
23229
23235
23236
23237
23240
23242
23243
23244
23245
23246
23249
23252
23253
23254
23256
23257
23258
23263
23265
23269
23270
23271
23273
23276
23278
23280
23283
23285
23286
23289
23290
23291
23293
23295
23296
23300
23301
23302
23303
23309
23313
23314
23316
23324
23331
23332
23333
23334
23336
23337
23338
23339
23345
23351
23354
23355
23357
23358
23359
23364
23366
23367
23368
23370
23372
23375
23376
23377
23379
23382
23383
23384
23386
23393
23394
23396
23397
23398
23400
23405
23407
23409
23412
23413
23415
23419
23421
23422
23424
23427
23429
23434
23436
23437
23440
23442
23444
23447
23448
23449
23451
23454
23457
23458
23462
23464
23465
23466
23469
23471
23476
23480
23481
23483
23486
23488
23489
23490
23491
23492
23494
23497
23498
23501
23505
23507
23508
23510
23512
23514
23517
23518
23521
23523
23525
23534
23536
23537
23542
23543
23549
23550
23551
23552
23554
23558
23560
23562
23563
23565
23566
23569
23570
23573
23575
23578
23581
23584
23587
23588
23590
23591
23594
23597
23600
23602
23603
23605
23607
23609
23610
23614
23618
23622
23623
23627
23629
23632
23633
23636
23637
23643
23644
23647
23648
23650
23652
23654
23655
23657
23659
23660
23662
23666
23667
23668
23670
23671
23672
23675
23676
23678
23679
23682
23684
23687
23688
23689
23690
23693
23696
23699
23700
23706
23710
23711
23712
23714
23717
23720
23725
23729
23730
23731
23732
23733
23734
23741
23745
23746
23748
23749
23751
23753
23756
23761
23762
23763
23764
23765
23772
23774
23778
23781
23785
23787
23794
23798
23799
23802
23803
23805
23807
23811
23812
23814
23817
23819
23820
23834
23835
23844
23845
23847
23848
23851
23852
23855
23856
23858
23864
23867
23870
23873
23874
23877
23878
23883
23888
23891
23897
23899
23901
23903
23905
23907
23908
23913
23917
23921
23922
23926
23931
23933
23937
23943
23946
23948
23950
23957
23961
23965
23966
23968
23970
23979
23982
23984
23991
23992
23993
23995
23998
23999
24001
24002
24004
24009
24011
24012
24016
24017
24019
24025
24028
24030
24032
24034
24036
24037
24038
24043
24044
24046
24047
24049
24050
24051
24052
24053
24058
24060
24061
24065
24071
24072
24077
24079
24082
24088
24089
24093
24094
24097
24102
24103
24105
24118
24123
24125
24128
24129
24131
24136
24138
24139
24142
24152
24161
24165
24168
24172
24173
24174
24175
24180
24188
24189
24192
24194
24196
24200
24214
24217
24218
24221
24223
24228
24231
24232
24236
24239
24241
24250
24252
24255
24259
24262
24264
24265
24268
24275
24279
24280
24290
24296
24305
24309
24312
24317
24323
24325
24331
24335
24337
24339
24341
24348
24350
24357
24361
24363
24369
24373
24377
24382
24390
24394
24395
24396
24397
24400
24404
24407
24409
24411
24413
24420
24423
24430
24437
24442
24448
24451
24453
24469
24470
24476
24479
24480
24486
24490
24491
24492
24502
24509
24511
24513
24514
24517
24518
24519
24520
24523
24524
24526
24528
24532
24542
24550
24554
24557
24558
24560
24568
24569
24572
24578
24579
24581
24582
24583
24584
24585
24595
24612
24613
24623
24626
24631
24632
24635
24637
24640
24641
24645
24646
24656
24658
24660
24666
24667
24668
24669
24671
24672
24675
24677
24678
24679
24681
24682
24683
24684
24685
24687
24689
24690
24691
24692
24694
24698
24699
24710
24712
24716
24717
24718
24720
24727
24728
24732
24734
24735
24737
24738
24739
24745
24746
24747
24749
24754
24758
24760
24762
24763
24764
24766
24768
24771
24772
24773
24774
24775
24777
24779
24783
24787
24788
24789
24790
24793
24795
24796
24797
24798
24799
24802
24804
24805
24807
24808
24809
24810
24812
24813
24814
24816
24817
24818
24819
24820
24822
24823
24824
24825
24826
24827
24828
24830
24831
24832
24834
24835
24836
24837
24838
24839
24840
24843
24845
24846
24848
24849
24850
24852
24853
24854
24855
24856
24857
24860
24861
24863
24864
24865
24867
24869
24870
24871
24872
24874
24876
24878
24880
24881
24882
24883
24884
24885
24886
24888
24889
24891
24892
24893
24894
24896
24898
24899
24900
24901
24902
24903
24904
24906
24907
24908
24909
24915
24917
24918
24919
24920
24921
24923
24924
24925
24926
24929
24930
24932
24933
24934
24935
24936
24937
24938
24939
24941
24942
24943
24947
24950
24951
24952
24954
24959
24960
24962
24963
24965
24966
24968
24969
24970
24971
24973
24975
24976
24977
24978
24979
24981
24982
24983
24984
24985
24986
24987
24990
24992
24994
24995
24996
25000
25001
25002
25003
25004
25005
25007
25009
25010
25012
25013
25014
25015
25017
25020
25021
25022
25023
25024
25026
25027
25028
25029
25031
25033
25035
25037
25039
25043
25044
25045
25048
25049
25050
25052
25054
25057
25058
25059
25060
25061
25063
25065
25066
25067
25068
25069
25070
25074
25077
25080
25084
25086
25089
25090
25091
25092
25095
25097
25098
25099
25100
25102
25103
25105
25106
25107
25108
25109
25110
25113
25114
25117
25121
25125
25126
25127
25128
25129
25130
25132
25133
25134
25136
25137
25138
25139
25140
25143
25144
25145
25149
25152
25154
25155
25157
25158
25161
25162
25163
25165
25168
25170
25174
25176
25177
25178
25179
25181
25182
25183
25186
25187
25188
25191
25195
25196
25197
25198
25199
25201
25202
25203
25205
25207
25212
25217
25218
25221
25222
25223
25226
25228
25229
25233
25234
25237
25238
25242
25243
25244
25245
25246
25249
25252
25254
25257
25258
25259
25264
25266
25270
25272
25276
25280
25282
25283
25284
25286
25287
25289
25291
25292
25294
25295
25298
25299
25302
25304
25306
25309
25315
25317
25319
25320
25321
25324
25326
25327
25329
25332
25333
25334
25336
25337
25338
25339
25340
25342
25345
25347
25350
25354
25360
25365
25367
25368
25372
25373
25376
25378
25382
25383
25386
25388
25389
25390
25397
25398
25399
25404
25407
25411
25412
25415
25418
25421
25426
25429
25437
25438
25439
25441
25442
25443
25446
25451
25453
25455
25458
25464
25467
25476
25477
25479
25483
25484
25485
25488
25489
25491
25492
25493
25494
25495
25503
25507
25513
25517
25519
25520
25524
25525
25527
25532
25536
25537
25538
25541
25542
25550
25553
25556
25560
25561
25562
25564
25566
25568
25570
25572
25573
25574
25575
25577
25582
25585
25591
25594
25599
25602
25604
25605
25606
25608
25609
25613
25614
25616
25618
25621
25624
25626
25630
25631
25632
25633
25634
25635
25636
25637
25643
25647
25652
25654
25655
25657
25659
25660
25662
25664
25665
25669
25672
25673
25684
25685
25688
25689
25691
25695
25696
25698
25700
25702
25705
25706
25707
25710
25714
25718
25719
25720
25722
25726
25730
25734
25736
25739
25741
25742
25743
25746
25747
25748
25750
25751
25753
25756
25757
25761
25763
25765
25767
25768
25771
25772
25773
25774
25776
25778
25779
25780
25781
25782
25785
25787
25790
25791
25792
25793
25794
25796
25798
25799
25805
25807
25808
25810
25814
25815
25816
25818
25819
25823
25828
25829
25832
25833
25834
25837
25839
25843
25844
25845
25846
25849
25851
25855
25858
25861
25862
25867
25876
25877
25879
25880
25881
25882
25883
25884
25886
25888
25889
25890
25892
25898
25899
25900
25901
25902
25903
25906
25907
25911
25912
25913
25915
25916
25918
25919
25920
25921
25924
25926
25928
25931
25933
25934
25936
25937
25940
25941
25942
25943
25944
25945
25946
25949
25950
25952
25953
25956
25957
25958
25959
25960
25961
25962
25963
25966
25968
25969
25972
25974
25975
25976
25977
25978
25979
25980
25982
25983
25984
25985
25986
25987
25989
25992
25996
25999
26000
26001
26003
26005
26007
26013
26014
26017
26018
26019
26020
26025
26029
26031
26033
26034
26035
26036
26038
26039
26040
26041
26043
26050
26053
26058
26063
26073
26080
26081
26083
26088
26089
26091
26092
26097
26109
26111
26112
26113
26117
26118
26119
26122
26123
26124
26125
26126
26134
26135
26137
26139
26141
26143
26152
26155
26159
26160
26161
26163
26177
26183
26192
26201
26203
26204
26205
26214
26230
26236
26237
26253
26255
26256
26259
26263
26273
26275
26277
26289
26294
26297
26298
26299
26307
26313
26321
26330
26344
26346
26350
26353
26358
26367
26374
26381
26384
26387
26392
26396
26399
26400
26403
26419
26423
26441
26447
26449
26453
26463
26464
26466
26469
26470
26481
26483
26488
26492
26497
26500
26515
26527
26531
26533
26537
26554
26570
26574
26575
26577
26578
26580
26581
26590
26594
26599
26607
26631
26640
26653
26672
26673
26674
26677
26678
26679
26680
26681
26682
26684
26685
26686
26687
26688
26689
26691
26693
26694
26695
26696
26699
26700
26701
26702
26703
26705
26707
26708
26711
26712
26713
26714
26715
26716
26717
26720
26722
26723
26724
26725
26726
26727
26728
26729
26731
26732
26733
26735
26738
26739
26742
26745
26746
26747
26748
26749
26751
26752
26754
26755
26756
26760
26762
26764
26766
26767
26768
26770
26771
26772
26774
26775
26776
26777
26778
26779
26782
26784
26785
26786
26787
26788
26790
26791
26794
26795
26796
26798
26799
26800
26801
26802
26803
26804
26805
26807
26810
26811
26813
26814
26815
26816
26817
26818
26821
26822
26825
26828
26829
26830
26831
26833
26834
26835
26836
26838
26839
26840
26841
26842
26843
26849
26850
26854
26856
26857
26858
26860
26861
26863
26864
26865
26866
26873
26874
26877
26878
26879
26881
26882
26888
26890
26891
26893
26894
26895
26896
26899
26902
26904
26910
26912
26913
26915
26917
26919
26920
26922
26923
26926
26928
26929
26930
26931
26932
26933
26934
26936
26937
26938
26939
26940
26942
26944
26946
26947
26948
26949
26950
26953
26955
26956
26957
26960
26961
26964
26965
26967
26969
26970
26971
26974
26975
26977
26982
26983
26985
26986
26987
26990
26991
26992
26994
26996
26997
26998
26999
27000
27001
27004
27005
27006
27007
27008
27009
27015
27016
27017
27018
27019
27020
27024
27027
27030
27033
27035
27042
27043
27048
27050
27052
27053
27054
27059
27060
27061
27063
27065
27066
27068
27070
27071
27072
27076
27077
27079
27080
27082
27083
27085
27086
27087
27088
27090
27091
27092
27096
27098
27099
27101
27102
27103
27107
27109
27110
27111
27112
27118
27119
27120
27121
27123
27128
27129
27130
27132
27133
27134
27138
27140
27141
27144
27146
27150
27151
27154
27156
27157
27160
27161
27162
27163
27164
27170
27171
27172
27173
27175
27176
27178
27180
27181
27183
27184
27186
27188
27189
27193
27194
27197
27198
27199
27200
27201
27202
27203
27204
27205
27207
27209
27211
27215
27218
27219
27220
27221
27222
27223
27224
27226
27227
27228
27232
27234
27237
27243
27244
27246
27250
27251
27254
27255
27256
27257
27258
27263
27264
27266
27270
27271
27272
27275
27279
27280
27281
27284
27285
27287
27289
27292
27293
27297
27298
27300
27301
27303
27308
27311
27313
27314
27317
27319
27321
27324
27325
27328
27329
27330
27332
27334
27336
27337
27342
27343
27347
27350
27351
27353
27356
27357
27360
27361
27362
27364
27366
27368
27370
27371
27373
27374
27375
27376
27379
27381
27384
27386
27387
27391
27394
27395
27396
27399
27400
27401
27404
27406
27414
27420
27421
27423
27425
27426
27428
27429
27434
27435
27439
27441
27443
27444
27445
27447
27450
27452
27453
27455
27456
27458
27459
27460
27463
27464
27466
27468
27470
27473
27474
27476
27477
27478
27479
27481
27482
27486
27488
27490
27492
27493
27495
27497
27500
27501
27503
27504
27505
27507
27511
27514
27516
27517
27518
27520
27522
27527
27528
27531
27533
27534
27535
27537
27538
27539
27543
27548
27553
27555
27559
27561
27562
27565
27566
27567
27568
27570
27572
27574
27575
27577
27578
27580
27581
27582
27583
27584
27587
27590
27591
27597
27601
27605
27607
27612
27613
27614
27615
27616
27618
27621
27622
27626
27627
27628
27630
27635
27636
27638
27639
27640
27644
27645
27646
27648
27649
27650
27651
27655
27657
27660
27661
27662
27676
27677
27678
27680
27681
27682
27684
27688
27689
27691
27692
27695
27696
27697
27707
27709
27714
27717
27718
27723
27724
27727
27729
27732
27745
27747
27749
27750
27752
27754
27756
27758
27760
27764
27766
27771
27774
27780
27781
27785
27786
27787
27789
27791
27792
27793
27794
27796
27799
27802
27803
27805
27807
27811
27815
27817
27820
27822
27837
27838
27841
27843
27844
27850
27855
27859
27866
27871
27876
27880
27884
27888
27889
27890
27893
27895
27901
27902
27903
27908
27910
27912
27914
27921
27923
27924
27925
27927
27931
27945
27952
27953
27954
27959
27960
27961
27965
27966
27969
27971
27973
27974
27978
27979
27985
27986
27987
27993
27994
27995
28001
28008
28009
28010
28013
28014
28015
28021
28024
28026
28029
28033
28036
28037
28040
28044
28048
28051
28053
28054
28056
28060
28061
28062
28065
28068
28077
28082
28085
28086
28087
28093
28094
28099
28100
28102
28105
28106
28114
28118
28123
28131
28134
28135
28137
28142
28145
28146
28147
28150
28159
28160
28161
28164
28165
28166
28167
28170
28172
28179
28181
28183
28187
28188
28189
28191
28200
28201
28203
28204
28208
28209
28212
28221
28227
28228
28230
28231
28232
28242
28245
28247
28250
28251
28252
28253
28261
28262
28264
28271
28272
28280
28284
28285
28286
28289
28293
28295
28296
28306
28316
28317
28318
28321
28324
28325
28326
28327
28336
28337
28339
28340
28341
28344
28348
28354
28355
28356
28360
28365
28367
28372
28373
28374
28380
28381
28382
28385
28386
28389
28392
28398
28399
28402
28404
28405
28406
28408
28412
28414
28416
28418
28419
28421
28422
28424
28425
28426
28427
28428
28433
28434
28441
28442
28452
28453
28454
28455
28457
28459
28460
28470
28471
28475
28483
28484
28485
28486
28487
28488
28489
28491
28494
28496
28498
28500
28501
28503
28504
28507
28508
28509
28512
28513
28515
28516
28517
28518
28519
28521
28523
28524
28525
28526
28527
28530
28533
28535
28536
28540
28542
28544
28546
28548
28549
28551
28552
28554
28555
28557
28560
28561
28562
28563
28564
28567
28568
28569
28571
28572
28573
28574
28575
28576
28577
28578
28580
28582
28583
28584
28586
28588
28589
28590
28593
28594
28595
28596
28597
28599
28600
28601
28602
28603
28605
28608
28609
28610
28611
28612
28614
28615
28616
28617
28618
28622
28625
28626
28627
28628
28629
28631
28634
28635
28637
28638
28639
28642
28643
28646
28648
28649
28651
28652
28653
28657
28661
28664
28665
28666
28668
28669
28670
28672
28674
28675
28676
28677
28679
28680
28682
28683
28684
28688
28690
28692
28694
28698
28699
28700
28701
28702
28704
28706
28708
28709
28710
28714
28715
28716
28717
28719
28721
28722
28723
28724
28725
28726
28727
28728
28729
28731
28733
28734
28735
28736
28738
28742
28743
28745
28751
28752
28753
28756
28757
28758
28760
28762
28763
28764
28765
28766
28771
28773
28774
28775
28779
28781
28782
28784
28786
28787
28792
28793
28795
28796
28797
28798
28802
28805
28807
28808
28809
28811
28814
28816
28817
28820
28821
28823
28824
28826
28827
28828
28829
28831
28834
28835
28836
28839
28840
28841
28842
28843
28844
28848
28850
28852
28853
28855
28856
28857
28859
28861
28863
28866
28868
28870
28871
28872
28879
28881
28883
28885
28886
28888
28892
28893
28894
28895
28896
28897
28898
28900
28902
28905
28907
28908
28910
28911
28912
28913
28915
28916
28917
28919
28924
28926
28928
28939
28940
28942
28944
28951
28955
28957
28958
28959
28960
28963
28968
28970
28971
28972
28976
28977
28978
28979
28981
28984
28985
28986
28987
28990
28992
28997
28999
29000
29001
29002
29004
29009
29011
29014
29016
29018
29020
29021
29023
29024
29028
29029
29031
29034
29035
29036
29037
29038
29040
29045
29046
29047
29048
29049
29050
29051
29052
29055
29058
29059
29061
29062
29063
29064
29068
29070
29071
29073
29080
29081
29083
29092
29095
29097
29099
29104
29105
29108
29109
29111
29112
29113
29114
29118
29119
29121
29123
29125
29129
29132
29135
29136
29147
29148
29149
29151
29152
29153
29155
29156
29160
29162
29163
29165
29167
29172
29174
29175
29176
29177
29178
29180
29181
29182
29186
29187
29188
29190
29193
29195
29197
29202
29203
29204
29205
29210
29212
29216
29218
29224
29229
29232
29234
29236
29237
29238
29241
29242
29243
29244
29246
29247
29250
29252
29253
29254
29255
29256
29259
29260
29264
29265
29272
29273
29274
29276
29277
29279
29280
29282
29284
29285
29286
29290
29292
29294
29296
29297
29299
29300
29303
29304
29305
29306
29307
29310
29311
29313
29315
29317
29319
29320
29322
29323
29331
29333
29335
29337
29339
29340
29343
29344
29345
29346
29349
29352
29355
29356
29358
29359
29360
29362
29363
29372
29374
29376
29378
29379
29381
29382
29383
29389
29391
29392
29393
29395
29400
29402
29404
29405
29406
29407
29408
29409
29410
29412
29414
29416
29417
29419
29420
29422
29423
29424
29426
29427
29429
29431
29433
29434
29435
29436
29437
29440
29441
29444
29446
29447
29448
29449
29452
29453
29455
29456
29457
29458
29459
29460
29461
29462
29463
29464
29465
29466
29471
29474
29477
29478
29481
29482
29483
29484
29485
29486
29489
29491
29492
29495
29496
29499
29500
29503
29504
29506
29507
29508
29509
29510
29512
29513
29514
29516
29517
29519
29521
29522
29527
29528
29529
29530
29532
29533
29535
29537
29538
29540
29541
29542
29544
29546
29551
29552
29553
29554
29555
29556
29557
29558
29559
29561
29562
29563
29564
29568
29569
29572
29574
29575
29579
29580
29581
29582
29583
29584
29585
29586
29588
29598
29600
29601
29602
29604
29605
29608
29610
29612
29613
29614
29617
29618
29619
29620
29624
29626
29627
29628
29629
29630
29632
29633
29638
29640
29641
29642
29645
29647
29648
29651
29653
29654
29655
29656
29657
29659
29663
29664
29665
29668
29669
29670
29672
29673
29677
29679
29680
29682
29683
29685
29686
29688
29690
29692
29693
29694
29695
29696
29697
29700
29701
29702
29703
29705
29706
29707
29711
29712
29716
29717
29718
29736
29738
29739
29742
29749
29751
29753
29754
29757
29762
29764
29766
29767
29768
29770
29774
29778
29781
29784
29789
29790
29791
29800
29801
29803
29808
29809
29810
29814
29819
29824
29826
29828
29834
29836
29837
29838
29839
29844
29845
29847
29848
29849
29851
29853
29854
29855
29858
29859
29860
29864
29865
29866
29870
29873
29874
29876
29880
29882
29884
29887
29888
29891
29895
29902
29913
29916
29918
29919
29922
29926
29928
29938
29948
29951
29957
29959
29967
29970
29978
29982
29990
30001
30002
30003
30005
30008
30019
30031
30033
30038
30045
30048
30052
30061
30068
30071
30090
30098
30103
30106
30110
30117
30127
30133
30142
30146
30152
30154
30162
30172
30178
30181
30192
30200
30210
30216
30231
30233
30235
30236
30237
30241
30248
30267
30268
30271
30282
30287
30290
30306
30307
30310
30312
30314
30320
30333
30335
30343
30346
30348
30356
30378
30383
30386
30387
30388
30389
30390
30391
30392
30393
30396
30397
30398
30399
30400
30401
30402
30404
30405
30406
30407
30408
30409
30410
30411
30412
30413
30414
30416
30417
30418
30419
30420
30421
30422
30423
30425
30426
30427
30428
30429
30430
30431
30432
30434
30436
30439
30440
30441
30443
30444
30445
30446
30447
30449
30450
30452
30453
30454
30456
30457
30460
30461
30462
30465
30466
30469
30470
30471
30472
30473
30474
30475
30478
30479
30480
30481
30483
30484
30485
30487
30488
30490
30491
30492
30493
30494
30495
30496
30498
30499
30500
30501
30502
30503
30504
30505
30507
30508
30509
30510
30511
30512
30513
30514
30515
30517
30518
30519
30521
30522
30523
30525
30527
30528
30529
30530
30531
30532
30535
30536
30537
30541
30542
30544
30545
30547
30548
30549
30550
30553
30554
30555
30556
30558
30559
30560
30562
30563
30564
30565
30568
30569
30570
30571
30572
30574
30575
30577
30578
30584
30585
30587
30588
30590
30591
30594
30595
30596
30598
30600
30602
30604
30605
30606
30607
30608
30609
30612
30613
30616
30617
30619
30621
30622
30623
30624
30627
30629
30632
30633
30634
30636
30637
30639
30640
30641
30643
30645
30647
30648
30649
30650
30651
30652
30655
30656
30657
30660
30661
30662
30665
30666
30667
30669
30671
30675
30678
30679
30680
30681
30687
30689
30691
30694
30697
30698
30699
30700
30701
30703
30704
30706
30707
30709
30710
30711
30712
30714
30715
30716
30717
30719
30720
30721
30723
30724
30725
30729
30730
30731
30732
30735
30736
30738
30740
30741
30742
30744
30745
30746
30748
30751
30752
30753
30756
30758
30759
30762
30763
30764
30766
30767
30769
30772
30773
30774
30775
30777
30780
30781
30784
30785
30786
30787
30788
30790
30791
30792
30793
30794
30795
30796
30798
30799
30800
30804
30805
30806
30809
30810
30811
30812
30815
30821
30823
30824
30825
30826
30827
30829
30831
30832
30833
30835
30840
30841
30842
30843
30847
30853
30854
30855
30858
30859
30860
30861
30862
30863
30864
30868
30870
30871
30874
30876
30879
30880
30883
30884
30887
30889
30890
30892
30894
30895
30897
30898
30899
30900
30901
30902
30904
30905
30906
30907
30908
30912
30914
30915
30916
30917
30918
30919
30921
30923
30925
30926
30927
30929
30930
30931
30933
30935
30937
30939
30940
30941
30943
30946
30949
30950
30951
30954
30958
30959
30960
30964
30965
30970
30971
30974
30977
30980
30981
30983
30985
30986
30988
30989
30990
30991
30998
30999
31001
31002
31004
31007
31008
31010
31011
31012
31015
31017
31018
31021
31022
31023
31024
31025
31026
31028
31030
31031
31033
31034
31035
31037
31038
31041
31042
31043
31044
31045
31046
31048
31050
31051
31052
31053
31058
31060
31061
31064
31070
31072
31073
31075
31076
31078
31080
31084
31086
31087
31088
31089
31090
31093
31094
31096
31097
31099
31103
31104
31105
31107
31110
31112
31113
31114
31115
31118
31120
31122
31123
31126
31127
31128
31133
31135
31138
31139
31140
31141
31142
31143
31144
31145
31148
31151
31153
31154
31157
31158
31160
31161
31162
31166
31167
31168
31170
31171
31172
31173
31175
31177
31181
31182
31184
31185
31186
31187
31190
31191
31192
31194
31196
31198
31200
31201
31202
31203
31206
31207
31208
31209
31211
31215
31218
31219
31222
31225
31226
31231
31232
31234
31236
31237
31238
31239
31241
31247
31248
31249
31251
31252
31253
31254
31260
31261
31263
31265
31266
31267
31268
31269
31271
31272
31274
31275
31278
31279
31280
31281
31282
31283
31286
31288
31290
31291
31292
31295
31297
31299
31301
31302
31304
31305
31306
31308
31310
31311
31313
31315
31316
31318
31321
31322
31323
31324
31325
31332
31335
31336
31341
31345
31349
31350
31353
31354
31357
31359
31363
31366
31367
31371
31374
31376
31377
31378
31379
31380
31382
31385
31386
31390
31391
31392
31393
31394
31395
31399
31402
31406
31410
31413
31415
31417
31420
31421
31423
31427
31428
31430
31431
31435
31438
31439
31441
31444
31446
31448
31449
31452
31453
31457
31458
31460
31461
31463
31464
31465
31466
31468
31469
31472
31473
31474
31478
31479
31480
31482
31486
31487
31492
31494
31497
31498
31499
31501
31503
31507
31514
31516
31517
31521
31525
31529
31531
31533
31534
31536
31541
31544
31548
31550
31551
31552
31553
31557
31559
31563
31564
31567
31568
31573
31578
31579
31583
31586
31588
31594
31595
31596
31601
31602
31603
31606
31612
31616
31618
31619
31620
31622
31623
31625
31628
31630
31636
31638
31641
31642
31643
31647
31649
31657
31662
31663
31666
31667
31668
31670
31673
31676
31678
31680
31683
31685
31690
31691
31692
31696
31697
31699
31703
31704
31707
31708
31709
31710
31712
31715
31719
31722
31723
31724
31727
31737
31738
31740
31744
31746
31751
31752
31753
31756
31757
31758
31759
31762
31766
31767
31768
31773
31775
31776
31777
31779
31788
31790
31791
31793
31796
31801
31808
31809
31810
31814
31816
31820
31823
31825
31828
31834
31839
31841
31849
31852
31858
31861
31862
31868
31873
31875
31876
31878
31879
31880
31881
31882
31883
31886
31887
31893
31896
31897
31899
31901
31909
31913
31915
31918
31924
31932
31935
31937
31941
31943
31945
31946
31947
31953
31955
31956
31958
31960
31962
31968
31970
31975
31976
31979
31985
31986
31987
31991
31994
31996
31997
31999
32000
32004
32010
32012
32014
32019
32032
32038
32039
32040
32041
32045
32053
32054
32056
32057
32058
32059
32060
32063
32064
32065
32066
32067
32068
32069
32073
32075
32078
32082
32085
32086
32087
32089
32092
32093
32095
32096
32100
32103
32104
32105
32106
32107
32109
32112
32113
32116
32119
32120
32121
32126
32127
32128
32130
32134
32135
32138
32139
32141
32142
32145
32147
32148
32150
32152
32155
32156
32163
32165
32167
32168
32171
32173
32174
32175
32176
32180
32181
32184
32186
32188
32189
32190
32195
32197
32198
32199
32200
32201
32202
32203
32204
32205
32207
32210
32212
32213
32215
32216
32217
32218
32221
32222
32223
32224
32226
32227
32228
32230
32231
32232
32233
32235
32236
32237
32238
32239
32240
32242
32243
32244
32246
32247
32248
32249
32250
32252
32253
32254
32255
32256
32258
32259
32260
32261
32263
32264
32265
32266
32269
32272
32273
32274
32276
32277
32278
32280
32281
32282
32285
32286
32289
32291
32292
32293
32294
32295
32297
32298
32299
32300
32302
32303
32304
32306
32307
32308
32309
32310
32311
32313
32314
32315
32316
32317
32319
32320
32323
32324
32325
32326
32328
32329
32330
32331
32332
32333
32335
32336
32338
32340
32341
32342
32343
32345
32346
32347
32348
32349
32351
32352
32353
32354
32356
32357
32358
32360
32362
32363
32364
32365
32366
32367
32368
32370
32371
32373
32374
32375
32377
32378
32379
32380
32382
32384
32385
32386
32387
32388
32389
32390
32392
32393
32394
32395
32396
32397
32398
32399
32400
32401
32402
32403
32404
32405
32406
32407
32408
32409
32410
32411
32412
32413
32414
32418
32420
32421
32422
32423
32424
32425
32428
32429
32430
32431
32432
32433
32435
32437
32438
32439
32440
32441
32442
32443
32444
32445
32446
32447
32448
32449
32450
32451
32452
32453
32454
32456
32457
32460
32461
32465
32467
32471
32472
32473
32474
32478
32479
32480
32482
32484
32485
32488
32491
32492
32494
32496
32497
32498
32500
32503
32507
32509
32511
32512
32515
32516
32518
32519
32522
32523
32525
32526
32527
32528
32530
32534
32536
32537
32538
32539
32541
32542
32543
32544
32545
32548
32549
32550
32554
32555
32557
32558
32559
32561
32563
32564
32566
32567
32570
32574
32577
32579
32580
32581
32583
32585
32588
32589
32590
32591
32595
32597
32598
32599
32600
32602
32604
32606
32607
32609
32610
32611
32614
32615
32616
32617
32618
32619
32622
32623
32624
32625
32626
32627
32630
32631
32632
32635
32636
32640
32641
32642
32646
32649
32650
32651
32652
32653
32654
32657
32658
32661
32662
32663
32665
32666
32670
32673
32676
32677
32681
32682
32683
32685
32686
32687
32688
32692
32693
32696
32697
32698
32699
32701
32703
32704
32705
32706
32707
32710
32711
32713
32714
32720
32721
32723
32724
32725
32726
32727
32728
32729
32730
32731
32732
32733
32734
32735
32741
32742
32744
32745
32747
32748
32749
32750
32754
32755
32757
32760
32764
32765
32768
32772
32773
32775
32777
32778
32782
32785
32787
32788
32790
32795
32796
32797
32800
32801
32802
32803
32806
32811
32812
32819
32820
32821
32822
32823
32825
32827
32829
32831
32832
32833
32834
32837
32838
32839
32842
32843
32846
32850
32852
32854
32856
32858
32860
32861
32863
32866
32867
32874
32875
32877
32878
32885
32886
32888
32891
32892
32895
32897
32899
32901
32905
32906
32907
32908
32911
32912
32914
32916
32919
32920
32924
32925
32931
32932
32937
32939
32943
32944
32948
32949
32951
32955
32958
32959
32960
32961
32964
32965
32966
32967
32968
32969
32970
32972
32974
32975
32977
32978
32979
32980
32981
32984
32987
32988
32989
32990
32992
32993
32995
32996
32998
33000
33004
33007
33009
33011
33013
33014
33017
33018
33019
33020
33021
33022
33024
33027
33028
33029
33030
33031
33035
33037
33039
33041
33042
33043
33044
33049
33051
33054
33056
33057
33059
33061
33062
33063
33065
33066
33070
33071
33072
33074
33075
33076
33077
33081
33082
33083
33084
33085
33087
33088
33089
33090
33092
33096
33097
33100
33101
33104
33105
33106
33107
33109
33110
33118
33120
33122
33123
33124
33126
33127
33130
33131
33132
33133
33134
33135
33137
33138
33139
33142
33146
33148
33150
33151
33153
33154
33156
33158
33161
33162
33166
33169
33171
33172
33173
33174
33175
33176
33178
33179
33180
33182
33184
33185
33186
33189
33191
33192
33194
33196
33198
33199
33203
33204
33206
33207
33208
33209
33210
33213
33216
33218
33220
33221
33222
33226
33227
33229
33230
33231
33232
33235
33236
33238
33241
33242
33243
33244
33245
33246
33247
33248
33251
33253
33255
33256
33257
33260
33261
33262
33265
33267
33268
33269
33271
33272
33273
33274
33278
33279
33280
33282
33283
33284
33285
33286
33290
33292
33293
33294
33295
33296
33297
33300
33301
33302
33303
33304
33305
33306
33308
33309
33310
33311
33312
33314
33316
33317
33318
33319
33320
33322
33324
33326
33327
33328
33329
33331
33333
33334
33336
33338
33340
33343
33344
33346
33348
33349
33350
33351
33352
33355
33356
33362
33363
33364
33365
33366
33367
33368
33369
33370
33371
33372
33373
33374
33377
33381
33382
33384
33385
33386
33387
33388
33389
33390
33391
33394
33396
33398
33399
33400
33401
33402
33403
33404
33405
33406
33407
33408
33410
33411
33412
33413
33415
33416
33417
33418
33420
33421
33423
33425
33426
33427
33428
33432
33435
33436
33438
33442
33445
33448
33450
33455
33458
33460
33461
33463
33464
33465
33467
33469
33470
33474
33480
33481
33483
33484
33492
33493
33498
33500
33501
33502
33506
33512
33513
33514
33515
33517
33522
33540
33541
33545
33549
33550
33552
33556
33562
33563
33567
33568
33569
33570
33571
33574
33577
33578
33580
33581
33583
33584
33585
33587
33588
33589
33593
33594
33609
33611
33614
33618
33632
33633
33638
33639
33641
33642
33655
33660
33661
33665
33666
33671
33680
33681
33686
33688
33690
33695
33700
33702
33704
33705
33708
33710
33715
33719
33732
33744
33752
33753
33766
33767
33768
33769
33770
33774
33778
33782
33791
33795
33796
33800
33802
33805
33812
33818
33820
33821
33822
33824
33829
33836
33842
33843
33844
33847
33851
33853
33857
33869
33872
33873
33875
33885
33888
33894
33895
33903
33911
33914
33915
33916
33921
33925
33929
33934
33935
33936
33945
33947
33953
33955
33958
33971
33973
33977
33978
33981
33982
33991
33998
33999
34001
34009
34031
34033
34035
34050
34051
34055
34057
34060
34065
34076
34077
34082
34088
34096
34100
34102
34103
34104
34105
34106
34107
34108
34109
34110
34111
34112
34113
34114
34115
34118
34119
34120
34121
34122
34125
34127
34128
34129
34131
34133
34136
34137
34138
34139
34140
34141
34142
34144
34147
34148
34149
34151
34152
34153
34155
34157
34158
34159
34160
34168
34173
34174
34175
34176
34177
34178
34179
34183
34184
34185
34186
34187
34188
34189
34191
34192
34193
34195
34198
34199
34200
34201
34205
34206
34207
34209
34210
34211
34212
34214
34215
34216
34217
34218
34220
34221
34222
34224
34225
34226
34227
34228
34229
34230
34231
34232
34233
34235
34237
34238
34239
34241
34242
34243
34244
34245
34247
34249
34250
34251
34252
34253
34254
34256
34258
34259
34260
34261
34262
34266
34267
34269
34270
34271
34272
34273
34276
34277
34278
34279
34281
34283
34284
34285
34286
34288
34289
34290
34291
34292
34293
34294
34297
34298
34299
34300
34301
34302
34303
34304
34305
34306
34307
34309
34310
34313
34315
34316
34318
34319
34320
34323
34324
34326
34329
34330
34333
34335
34337
34340
34341
34345
34346
34349
34351
34352
34353
34354
34355
34357
34359
34360
34361
34362
34363
34364
34365
34367
34368
34371
34372
34374
34376
34379
34381
34382
34383
34384
34385
34387
34388
34389
34391
34392
34393
34394
34395
34397
34398
34400
34403
34405
34408
34409
34410
34411
34412
34413
34414
34415
34417
34418
34420
34421
34424
34425
34426
34427
34428
34430
34432
34433
34434
34435
34436
34438
34439
34442
34443
34444
34445
34452
34453
34454
34455
34457
34458
34460
34461
34462
34463
34466
34467
34470
34471
34472
34474
34476
34477
34479
34480
34481
34482
34486
34487
34488
34489
34490
34493
34494
34495
34496
34497
34499
34500
34501
34502
34504
34505
34506
34507
34509
34510
34511
34512
34513
34514
34515
34518
34519
34520
34521
34522
34523
34524
34526
34527
34528
34529
34531
34532
34535
34536
34537
34539
34540
34542
34543
34544
34547
34548
34549
34553
34554
34555
34559
34560
34564
34568
34569
34570
34571
34572
34573
34574
34575
34577
34579
34585
34586
34587
34588
34589
34590
34591
34592
34593
34594
34595
34598
34600
34601
34602
34603
34604
34605
34606
34608
34609
34611
34612
34614
34616
34617
34619
34621
34625
34626
34629
34630
34631
34632
34633
34634
34636
34637
34640
34641
34642
34643
34645
34647
34648
34649
34650
34652
34654
34656
34657
34660
34662
34664
34665
34667
34672
34674
34677
34678
34679
34681
34685
34686
34687
34689
34692
34694
34698
34700
34702
34705
34706
34707
34708
34709
34710
34712
34713
34715
34716
34720
34723
34724
34728
34729
34731
34733
34739
34740
34741
34742
34743
34744
34745
34747
34749
34750
34751
34752
34753
34755
34756
34759
34760
34762
34763
34764
34766
34767
34770
34771
34772
34774
34775
34777
34778
34781
34782
34784
34785
34789
34790
34791
34792
34793
34794
34795
34796
34799
34801
34802
34803
34804
34807
34808
34809
34811
34812
34814
34816
34817
34819
34820
34821
34822
34824
34826
34828
34829
34831
34832
34834
34836
34837
34841
34842
34844
34845
34847
34849
34852
34855
34856
34858
34860
34862
34863
34864
34867
34871
34872
34875
34876
34882
34884
34886
34887
34888
34891
34894
34895
34896
34898
34900
34901
34904
34905
34907
34908
34909
34911
34912
34913
34914
34916
34918
34919
34920
34921
34923
34924
34925
34927
34928
34929
34930
34932
34933
34936
34937
34939
34940
34941
34945
34948
34950
34952
34953
34955
34956
34957
34958
34961
34962
34963
34964
34965
34967
34968
34969
34972
34973
34975
34978
34982
34985
34986
34987
34988
34989
34992
34993
34994
34995
34996
34997
34999
35000
35002
35003
35004
35006
35008
35009
35012
35013
35015
35016
35019
35022
35024
35025
35029
35033
35036
35039
35040
35041
35042
35043
35045
35047
35049
35052
35054
35056
35058
35059
35060
35061
35062
35063
35064
35065
35066
35068
35074
35076
35077
35084
35085
35088
35090
35091
35095
35096
35098
35099
35100
35102
35105
35106
35107
35108
35110
35112
35113
35116
35117
35118
35119
35120
35121
35123
35124
35125
35129
35130
35134
35135
35137
35138
35141
35144
35146
35148
35149
35151
35152
35153
35155
35158
35159
35160
35161
35162
35163
35168
35169
35172
35173
35176
35177
35179
35180
35182
35184
35185
35186
35187
35188
35190
35192
35193
35197
35198
35201
35206
35207
35211
35213
35214
35217
35219
35221
35222
35224
35225
35227
35228
35230
35233
35234
35236
35239
35243
35245
35247
35248
35250
35251
35254
35255
35257
35258
35260
35265
35267
35268
35269
35271
35272
35280
35281
35282
35283
35284
35285
35288
35289
35293
35295
35297
35299
35300
35303
35304
35306
35307
35309
35314
35316
35317
35318
35319
35320
35322
35324
35325
35326
35330
35331
35336
35338
35339
35340
35342
35343
35344
35347
35349
35351
35352
35354
35355
35358
35359
35363
35365
35371
35373
35374
35378
35381
35382
35387
35389
35392
35393
35394
35395
35397
35399
35401
35404
35406
35407
35411
35413
35415
35416
35420
35421
35423
35424
35425
35426
35429
35430
35432
35433
35435
35437
35438
35441
35442
35444
35445
35449
35450
35451
35452
35454
35459
35462
35463
35464
35465
35467
35472
35473
35475
35480
35481
35482
35483
35486
35489
35494
35495
35496
35499
35504
35505
35507
35513
35515
35519
35520
35521
35522
35524
35528
35529
35531
35532
35534
35537
35538
35542
35545
35546
35549
35551
35553
35554
35561
35563
35565
35566
35567
35569
35570
35571
35572
35573
35576
35582
35583
35587
35588
35589
35591
35594
35595
35597
35598
35600
35601
35604
35611
35615
35616
35617
35618
35619
35621
35626
35627
35628
35629
35632
35633
35634
35638
35640
35641
35642
35643
35645
35646
35647
35650
35651
35652
35655
35656
35659
35665
35667
35669
35671
35673
35675
35678
35679
35680
35681
35686
35689
35690
35692
35694
35695
35696
35700
35701
35702
35705
35708
35710
35711
35712
35714
35716
35717
35723
35726
35727
35728
35729
35730
35731
35733
35734
35740
35744
35745
35746
35749
35752
35754
35755
35756
35764
35765
35767
35772
35773
35777
35780
35782
35783
35784
35786
35787
35789
35790
35791
35794
35796
35797
35798
35800
35801
35802
35803
35807
35808
35809
35810
35813
35814
35817
35820
35821
35826
35827
35830
35832
35833
35835
35836
35840
35841
35843
35844
35849
35850
35851
35852
35853
35854
35855
35857
35858
35861
35862
35863
35864
35869
35870
35871
35874
35875
35879
35882
35883
35884
35885
35887
35889
35891
35893
35894
35896
35898
35899
35901
35902
35903
35904
35907
35909
35910
35912
35913
35914
35915
35916
35917
35919
35920
35921
35925
35927
35929
35930
35931
35932
35934
35935
35937
35939
35941
35942
35943
35944
35945
35946
35947
35948
35949
35950
35951
35952
35953
35954
35955
35956
35958
35959
35960
35962
35963
35964
35966
35968
35969
35970
35972
35974
35976
35977
35979
35980
35982
35983
35984
35986
35987
35988
35990
35991
35992
35993
35994
35995
35996
35997
35999
36000
36001
36004
36005
36007
36008
36010
36011
36012
36013
36014
36016
36017
36019
36022
36023
36024
36025
36026
36027
36028
36029
36030
36031
36033
36034
36035
36036
36039
36040
36041
36042
36043
36044
36045
36046
36047
36048
36050
36053
36056
36057
36059
36061
36062
36065
36067
36071
36074
36078
36079
36080
36081
36082
36087
36089
36090
36092
36093
36094
36096
36097
36098
36100
36102
36103
36105
36106
36107
36108
36109
36110
36111
36112
36113
36115
36116
36117
36118
36119
36120
36122
36123
36124
36126
36127
36128
36129
36132
36134
36136
36137
36138
36143
36144
36146
36148
36149
36150
36151
36153
36154
36155
36157
36159
36160
36161
36163
36164
36166
36167
36168
36170
36171
36172
36173
36174
36175
36178
36179
36181
36183
36184
36185
36186
36189
36190
36193
36194
36195
36198
36199
36200
36201
36202
36203
36208
36209
36210
36211
36212
36213
36214
36215
36216
36220
36221
36224
36225
36226
36230
36231
36233
36235
36236
36237
36238
36241
36242
36243
36244
36245
36246
36247
36248
36250
36251
36252
36254
36256
36258
36259
36260
36262
36263
36265
36267
36268
36269
36270
36271
36274
36275
36276
36277
36278
36280
36281
36283
36284
36285
36286
36288
36289
36290
36291
36292
36293
36296
36297
36299
36300
36306
36308
36310
36311
36312
36314
36316
36318
36319
36320
36321
36322
36323
36324
36325
36327
36328
36330
36332
36333
36335
36336
36337
36338
36339
36341
36343
36345
36347
36348
36350
36352
36353
36354
36355
36356
36357
36358
36359
36360
36361
36364
36365
36366
36367
36368
36369
36370
36372
36373
36374
36376
36377
36380
36381
36384
36386
36387
36388
36391
36392
36394
36396
36399
36401
36402
36403
36405
36406
36407
36408
36409
36412
36413
36416
36417
36418
36420
36421
36422
36425
36426
36427
36428
36429
36432
36433
36435
36437
36440
36441
36444
36446
36448
36450
36451
36452
36454
36455
36456
36459
36461
36462
36464
36466
36468
36469
36471
36473
36474
36475
36476
36479
36481
36482
36483
36484
36486
36487
36489
36499
36501
36503
36504
36507
36509
36510
36514
36515
36516
36518
36520
36523
36527
36530
36532
36533
36534
36536
36537
36539
36540
36541
36542
36544
36545
36546
36551
36552
36553
36554
36557
36560
36563
36564
36567
36572
36575
36576
36577
36580
36583
36585
36588
36590
36591
36592
36593
36597
36598
36600
36601
36603
36604
36605
36607
36609
36610
36612
36614
36616
36617
36618
36621
36623
36625
36627
36629
36630
36632
36636
36637
36638
36640
36644
36645
36646
36648
36652
36655
36656
36657
36658
36660
36662
36664
36665
36666
36667
36668
36669
36670
36671
36672
36673
36674
36675
36676
36678
36679
36680
36683
36684
36687
36688
36689
36694
36695
36697
36701
36702
36703
36704
36705
36708
36709
36712
36713
36714
36715
36716
36717
36718
36719
36724
36725
36726
36727
36729
36730
36732
36733
36734
36737
36738
36740
36741
36743
36747
36748
36751
36753
36754
36756
36759
36760
36761
36763
36764
36765
36767
36768
36773
36774
36775
36777
36779
36783
36784
36789
36790
36791
36792
36793
36795
36796
36798
36799
36800
36802
36804
36805
36806
36808
36809
36810
36811
36812
36813
36814
36815
36816
36817
36818
36820
36821
36822
36824
36828
36831
36832
36833
36837
36838
36839
36840
36842
36843
36844
36845
36846
36847
36848
36851
36852
36853
36854
36855
36856
36858
36860
36861
36862
36863
36864
36865
36868
36870
36871
36872
36876
36878
36880
36881
36883
36884
36885
36886
36887
36888
36889
36890
36892
36893
36896
36897
36899
36903
36906
36908
36909
36910
36911
36914
36915
36918
36920
36921
36922
36923
36925
36930
36932
36934
36938
36940
36941
36943
36944
36945
36946
36947
36948
36949
36950
36952
36953
36955
36956
36957
36960
36961
36963
36965
36968
36969
36970
36974
36975
36979
36980
36981
36983
36984
36985
36986
36987
36988
36989
36991
36992
36993
36994
36995
36996
36999
37000
37001
37002
37003
37004
37006
37007
37008
37009
37010
37013
37014
37015
37019
37020
37021
37023
37024
37026
37027
37028
37030
37032
37033
37034
37038
37040
37041
37042
37043
37044
37045
37047
37048
37049
37053
37055
37056
37057
37058
37059
37060
37061
37063
37064
37066
37067
37068
37069
37070
37071
37073
37075
37076
37078
37079
37081
37082
37083
37084
37085
37086
37087
37088
37089
37091
37092
37093
37094
37095
37096
37097
37098
37100
37102
37103
37104
37105
37106
37108
37109
37110
37111
37113
37114
37115
37116
37117
37118
37120
37121
37122
37124
37126
37127
37128
37129
37131
37132
37133
37134
37135
37137
37138
37139
