0
3
6
9
12
15
21
22
23
24
29
36
37
38
39
44
46
53
54
56
62
65
67
75
79
82
84
88
90
91
97
100
102
111
113
114
115
116
118
123
124
125
127
128
129
130
133
140
145
146
147
149
151
153
154
158
160
162
167
168
170
172
176
177
179
185
200
205
206
207
214
219
225
229
232
235
239
240
241
247
248
252
261
262
265
268
274
276
284
301
304
313
314
319
321
324
327
340
344
350
353
355
357
364
369
374
380
382
387
388
390
392
394
396
401
402
417
424
425
431
434
435
437
442
451
463
480
487
488
499
500
501
503
505
508
509
514
517
521
523
526
537
539
544
548
559
566
569
578
583
598
601
605
609
612
623
625
627
634
636
642
646
649
651
654
655
656
675
677
680
681
682
683
684
685
686
687
689
691
694
695
696
697
699
700
702
703
704
708
709
711
712
716
718
721
722
723
724
725
726
727
728
729
730
731
733
735
736
737
738
739
746
748
751
756
757
758
759
761
762
763
764
767
769
770
773
774
775
778
779
781
782
783
787
788
789
790
796
797
798
800
801
802
804
810
811
812
813
815
817
818
819
820
821
823
824
830
831
833
835
836
840
842
843
845
846
848
851
852
853
858
859
861
862
863
864
868
869
872
875
879
883
884
886
888
891
892
894
895
896
897
898
899
900
901
903
905
906
907
908
912
913
917
922
923
925
926
930
931
934
936
938
941
944
945
951
953
954
957
958
959
961
965
966
968
970
971
972
973
974
978
979
981
984
985
987
989
990
992
995
996
1000
1001
1007
1008
1009
1011
1013
1014
1015
1018
1019
1021
1023
1025
1026
1029
1032
1034
1037
1038
1039
1040
1041
1044
1050
1051
1053
1054
1058
1059
1061
1063
1065
1067
1068
1071
1074
1075
1079
1080
1082
1083
1084
1086
1087
1089
1093
1095
1097
1098
1100
1102
1106
1111
1113
1115
1116
1121
1122
1123
1124
1125
1126
1129
1133
1139
1142
1143
1146
1148
1149
1150
1151
1152
1153
1155
1156
1159
1161
1162
1163
1164
1166
1169
1172
1174
1175
1176
1177
1178
1180
1182
1183
1184
1185
1191
1194
1196
1199
1200
1201
1202
1206
1207
1208
1212
1216
1217
1219
1221
1223
1225
1226
1228
1230
1231
1237
1239
1241
1246
1249
1252
1253
1262
1264
1266
1268
1271
1272
1277
1279
1286
1287
1288
1289
1291
1294
1300
1301
1309
1317
1319
1321
1324
1326
1327
1328
1331
1334
1335
1337
1339
1340
1343
1345
1348
1349
1352
1353
1354
1356
1359
1363
1364
1368
1370
1373
1374
1375
1376
1379
1380
1381
1386
1387
1390
1391
1393
1397
1398
1401
1402
1403
1406
1407
1408
1411
1414
1416
1420
1421
1422
1427
1429
1430
1436
1441
1445
1446
1448
1457
1461
1462
1465
1472
1477
1478
1480
1481
1482
1486
1487
1488
1489
1491
1494
1495
1499
1500
1501
1505
1506
1507
1512
1513
1516
1518
1520
1522
1523
1524
1527
1529
1530
1532
1533
1534
1536
1540
1541
1543
1550
1551
1554
1555
1557
1558
1559
1560
1563
1564
1569
1570
1572
1574
1579
1580
1582
1583
1585
1586
1587
1590
1593
1594
1596
1598
1599
1601
1603
1606
1607
1610
1612
1613
1615
1617
1621
1622
1623
1624
1626
1627
1630
1633
1634
1637
1638
1639
1641
1642
1646
1648
1653
1656
1662
1664
1665
1666
1670
1671
1673
1678
1680
1682
1683
1684
1686
1687
1693
1694
1695
1698
1700
1709
1715
1716
1719
1720
1724
1726
1728
1729
1731
1733
1734
1736
1742
1743
1745
1746
1747
1751
1752
1759
1762
1763
1765
1767
1768
1774
1775
1776
1786
1787
1788
1792
1795
1797
1798
1803
1804
1806
1809
1811
1813
1818
1819
1820
1823
1824
1828
1829
1831
1835
1839
1841
1842
1844
1848
1849
1853
1854
1856
1858
1864
1873
1875
1878
1882
1884
1885
1890
1892
1895
1902
1904
1905
1906
1907
1908
1909
1910
1915
1916
1918
1919
1924
1932
1933
1935
1939
1940
1942
1943
1944
1946
1952
1953
1954
1955
1958
1959
1961
1964
1968
1970
1974
1975
1980
1981
1984
1995
1997
2004
2007
2012
2013
2016
2021
2023
2025
2033
2038
2045
2046
2053
2054
2056
2057
2058
2060
2062
2063
2073
2074
2080
2082
2085
2086
2088
2096
2101
2102
2104
2105
2108
2112
2113
2114
2120
2124
2125
2131
2133
2135
2141
2144
2146
2147
2156
2161
2163
2164
2165
2168
2169
2172
2174
2177
2179
2190
2191
2197
2199
2201
2206
2208
2209
2210
2211
2212
2213
2214
2219
2220
2223
2224
2225
2229
2239
2240
2254
2260
2261
2264
2273
2282
2292
2298
2307
2309
2314
2315
2319
2320
2325
2328
2329
2333
2334
2340
2341
2346
2351
2352
2355
2356
2357
2363
2364
2365
2374
2380
2381
2382
2383
2387
2388
2390
2391
2393
2394
2395
2397
2400
2402
2404
2406
2410
2412
2413
2415
2416
2418
2422
2427
2428
2429
2430
2432
2434
2435
2436
2438
2442
2443
2444
2445
2450
2451
2454
2455
2457
2459
2465
2467
2473
2479
2484
2485
2486
2487
2488
2489
2490
2491
2492
2493
2494
2495
2496
2497
2498
2503
2504
2505
2506
2507
2508
2509
2510
2511
2512
2513
2514
2515
2518
2519
2520
2521
2522
2523
2525
2526
2528
2530
2531
2532
2533
2534
2536
2537
2538
2539
2541
2542
2543
2544
2545
2546
2548
2549
2550
2551
2552
2553
2554
2556
2558
2559
2560
2561
2562
2563
2564
2565
2566
2568
2569
2570
2571
2573
2574
2575
2576
2577
2578
2579
2580
2581
2582
2583
2585
2586
2587
2588
2589
2590
2591
2592
2595
2596
2597
2598
2599
2601
2602
2604
2607
2608
2610
2611
2612
2613
2614
2615
2616
2617
2618
2620
2621
2623
2624
2626
2628
2630
2631
2632
2633
2635
2636
2637
2639
2641
2642
2643
2644
2646
2648
2649
2650
2652
2653
2654
2655
2656
2657
2658
2659
2661
2662
2664
2669
2670
2672
2675
2676
2677
2678
2679
2680
2681
2684
2685
2686
2687
2689
2690
2691
2692
2696
2697
2698
2700
2701
2703
2705
2706
2708
2710
2711
2712
2716
2717
2718
2719
2720
2721
2723
2724
2725
2727
2728
2729
2730
2731
2733
2734
2735
2736
2737
2738
2739
2740
2742
2744
2745
2746
2747
2748
2753
2755
2758
2759
2760
2761
2762
2763
2764
2765
2766
2768
2773
2774
2776
2779
2780
2782
2784
2785
2789
2792
2794
2795
2800
2801
2803
2807
2810
2811
2812
2813
2815
2816
2818
2821
2825
2826
2829
2830
2832
2833
2836
2837
2839
2842
2844
2845
2848
2849
2850
2852
2853
2854
2855
2859
2860
2861
2862
2865
2867
2868
2870
2872
2873
2874
2876
2879
2881
2883
2884
2886
2888
2890
2892
2894
2895
2897
2898
2901
2903
2904
2907
2909
2910
2911
2913
2914
2915
2917
2919
2920
2923
2928
2931
2933
2934
2938
2939
2940
2941
2942
2943
2944
2945
2948
2952
2954
2957
2958
2959
2960
2973
2975
2976
2978
2980
2985
2986
2987
2988
2989
2990
2992
2994
2995
2996
2998
3001
3003
3005
3010
3011
3013
3015
3016
3018
3019
3020
3021
3022
3023
3024
3027
3029
3032
3033
3035
3036
3038
3042
3044
3048
3049
3050
3052
3053
3054
3055
3058
3060
3061
3062
3063
3068
3069
3074
3077
3082
3087
3088
3089
3095
3099
3100
3101
3102
3104
3107
3108
3111
3118
3120
3121
3122
3123
3124
3125
3127
3128
3129
3134
3135
3138
3141
3146
3148
3152
3154
3155
3156
3157
3158
3159
3161
3162
3163
3167
3168
3172
3175
3176
3179
3180
3187
3190
3191
3192
3195
3198
3199
3200
3201
3205
3210
3213
3219
3220
3221
3222
3226
3227
3232
3236
3239
3240
3241
3242
3245
3248
3251
3252
3253
3254
3256
3257
3258
3259
3261
3262
3264
3265
3266
3276
3278
3280
3282
3283
3286
3289
3290
3291
3292
3295
3296
3299
3301
3302
3305
3306
3307
3309
3310
3311
3312
3315
3316
3317
3319
3322
3325
3327
3329
3332
3334
3337
3338
3341
3342
3344
3345
3351
3352
3353
3354
3357
3359
3360
3361
3362
3363
3364
3365
3366
3369
3370
3371
3376
3378
3382
3383
3384
3385
3388
3389
3390
3392
3393
3395
3397
3398
3399
3405
3406
3407
3411
3413
3414
3415
3418
3419
3421
3422
3424
3425
3426
3427
3430
3435
3436
3437
3438
3439
3440
3442
3444
3445
3446
3447
3448
3450
3451
3453
3454
3457
3458
3459
3462
3463
3466
3467
3470
3472
3473
3474
3477
3482
3483
3484
3485
3486
3488
3490
3492
3493
3494
3495
3496
3497
3500
3501
3502
3503
3505
3506
3509
3510
3514
3515
3517
3518
3519
3521
3524
3528
3529
3530
3531
3532
3535
3536
3537
3538
3539
3540
3542
3543
3544
3545
3546
3548
3550
3553
3555
3556
3557
3558
3559
3561
3565
3566
3568
3570
3572
3574
3575
3577
3581
3582
3583
3586
3587
3588
3589
3592
3597
3599
3600
3602
3603
3604
3606
3607
3608
3609
3610
3612
3614
3617
3618
3619
3620
3621
3622
3623
3625
3626
3629
3630
3631
3634
3636
3637
3640
3642
3643
3644
3645
3647
3650
3652
3653
3656
3657
3658
3660
3661
3665
3666
3667
3668
3669
3670
3671
3672
3673
3674
3675
3676
3677
3678
3679
3682
3684
3687
3688
3691
3692
3694
3695
3698
3699
3700
3701
3702
3703
3707
3708
3709
3710
3711
3713
3716
3720
3726
3728
3731
3734
3736
3740
3745
3751
3753
3763
3766
3768
3770
3772
3776
3777
3778
3781
3782
3783
3785
3786
3789
3791
3796
3800
3803
3804
3806
3809
3812
3817
3820
3821
3823
3824
3825
3826
3827
3828
3829
3830
3833
3837
3838
3839
3840
3841
3843
3844
3847
3849
3850
3852
3854
3855
3856
3857
3858
3859
3861
3865
3866
3868
3871
3872
3873
3875
3876
3879
3882
3886
3891
3892
3899
3902
3904
3912
3914
3920
3928
3930
3932
3940
3943
3946
3954
3959
3960
3961
3962
3972
3973
3974
3976
3978
3979
3981
3983
3985
3992
3995
4001
4007
4010
4017
4032
4033
4036
4041
4052
4053
4060
4063
4066
4069
4071
4073
4078
4085
4092
4094
4095
4097
4100
4108
4115
4116
4117
4118
4124
4125
4130
4132
4135
4139
4141
4147
4151
4153
4158
4162
4163
4167
4169
4170
4171
4176
4185
4190
4191
4194
4196
4199
4204
4209
4213
4216
4219
4220
4230
4234
4235
4238
4241
4243
4246
4249
4262
4266
4269
4270
4278
4279
4286
4287
4292
4297
4299
4305
4313
4316
4317
4319
4321
4325
4333
4334
4339
4341
4345
4347
4350
4356
4357
4358
4361
4365
4368
4375
4376
4382
4383
4384
4388
4389
4390
4392
4394
4395
4396
4397
4398
4399
4402
4403
4404
4405
4406
4407
4408
4409
4410
4411
4412
4413
4414
4415
4416
4417
4418
4419
4422
4423
4424
4425
4426
4427
4428
4429
4430
4431
4432
4433
4434
4435
4436
4439
4440
4441
4442
4444
4445
4446
4447
4449
4450
4452
4453
4454
4455
4456
4458
4460
4461
4462
4465
4466
4467
4468
4469
4470
4472
4473
4474
4476
4477
4478
4479
4480
4481
4482
4483
4484
4486
4487
4488
4489
4492
4493
4494
4496
4497
4499
4500
4503
4504
4506
4507
4508
4509
4510
4512
4513
4515
4516
4517
4519
4520
4521
4525
4526
4530
4531
4532
4533
4535
4537
4538
4539
4540
4543
4544
4545
4546
4547
4549
4550
4551
4553
4554
4555
4557
4558
4560
4561
4564
4565
4567
4570
4572
4573
4574
4576
4578
4580
4581
4586
4587
4589
4591
4594
4595
4596
4598
4600
4601
4602
4603
4604
4606
4608
4609
4612
4614
4615
4619
4620
4621
4622
4623
4626
4627
4628
4629
4630
4631
4632
4637
4642
4643
4645
4646
4647
4649
4652
4653
4655
4656
4657
4659
4661
4663
4668
4670
4671
4672
4673
4676
4680
4683
4684
4685
4686
4688
4690
4691
4693
4695
4696
4698
4699
4701
4709
4710
4711
4713
4714
4715
4716
4723
4724
4726
4728
4729
4730
4731
4732
4734
4737
4738
4739
4740
4741
4742
4745
4746
4750
4751
4755
4757
4759
4760
4764
4765
4767
4768
4769
4771
4772
4774
4775
4776
4779
4781
4785
4787
4788
4789
4790
4791
4793
4794
4795
4797
4798
4799
4800
4801
4802
4805
4807
4811
4812
4814
4815
4816
4817
4818
4819
4823
4826
4827
4830
4832
4835
4836
4837
4838
4839
4842
4845
4846
4847
4848
4849
4852
4853
4854
4856
4857
4859
4860
4863
4864
4865
4866
4867
4871
4876
4878
4879
4880
4883
4885
4887
4889
4890
4891
4892
4895
4897
4900
4901
4903
4905
4910
4911
4913
4914
4917
4919
4920
4921
4922
4923
4927
4930
4936
4937
4938
4939
4944
4946
4947
4948
4950
4951
4953
4956
4959
4960
4961
4964
4966
4967
4968
4972
4973
4976
4977
4980
4981
4982
4984
4985
4986
4995
4996
4999
5000
5001
5003
5011
5013
5014
5020
5022
5024
5030
5031
5033
5035
5036
5037
5038
5041
5044
5045
5046
5047
5048
5049
5050
5052
5053
5055
5057
5058
5062
5063
5064
5066
5068
5069
5070
5073
5075
5079
5080
5081
5082
5083
5084
5085
5086
5087
5088
5089
5090
5093
5094
5095
5096
5100
5101
5102
5103
5105
5106
5107
5110
5111
5112
5113
5114
5115
5116
5117
5122
5123
5124
5125
5130
5131
5136
5137
5140
5141
5143
5147
5151
5153
5157
5159
5160
5164
5166
5167
5170
5172
5173
5174
5175
5177
5178
5179
5181
5184
5186
5189
5191
5193
5194
5197
5199
5201
5202
5203
5204
5208
5209
5211
5212
5213
5215
5217
5218
5219
5220
5221
5224
5226
5229
5230
5231
5232
5233
5235
5239
5241
5242
5243
5246
5247
5249
5250
5252
5253
5257
5261
5262
5264
5269
5273
5274
5275
5276
5277
5278
5280
5281
5283
5286
5288
5290
5291
5293
5298
5301
5304
5306
5307
5311
5312
5313
5316
5317
5319
5320
5321
5322
5323
5331
5333
5334
5335
5336
5337
5338
5340
5343
5345
5347
5348
5349
5355
5356
5360
5361
5362
5363
5365
5367
5371
5372
5374
5376
5379
5380
5384
5385
5386
5387
5388
5390
5393
5395
5396
5397
5398
5400
5401
5402
5405
5407
5408
5411
5412
5414
5416
5417
5419
5421
5423
5424
5427
5434
5435
5437
5439
5440
5441
5443
5445
5446
5451
5453
5458
5459
5460
5461
5464
5465
5468
5473
5474
5475
5476
5477
5479
5480
5481
5482
5487
5489
5490
5495
5502
5505
5506
5509
5511
5512
5515
5518
5519
5521
5522
5523
5525
5529
5531
5533
5534
5535
5538
5544
5545
5546
5548
5550
5552
5553
5554
5558
5560
5565
5570
5571
5574
5575
5576
5579
5580
5582
5585
5586
5593
5594
5596
5599
5601
5602
5603
5610
5611
5618
5619
5620
5621
5622
5624
5626
5630
5631
5646
5648
5649
5650
5651
5653
5654
5658
5661
5662
5664
5667
5668
5669
5671
5672
5675
5676
5678
5679
5680
5682
5685
5686
5687
5692
5695
5696
5697
5698
5700
5703
5705
5714
5717
5726
5728
5730
5739
5740
5742
5743
5744
5746
5749
5752
5753
5754
5758
5760
5761
5762
5764
5767
5769
5771
5772
5777
5779
5780
5787
5788
5793
5803
5804
5810
5812
5816
5820
5822
5824
5826
5827
5829
5831
5834
5836
5838
5840
5841
5845
5847
5853
5860
5861
5862
5864
5866
5867
5875
5877
5879
5880
5882
5883
5884
5885
5886
5888
5891
5892
5894
5895
5896
5899
5902
5903
5905
5909
5921
5922
5923
5925
5926
5928
5937
5939
5941
5942
5943
5946
5952
5953
5954
5955
5956
5958
5961
5962
5965
5966
5968
5970
5978
5983
5989
5990
5996
5997
5998
6002
6003
6005
6009
6011
6012
6013
6015
6017
6018
6021
6025
6028
6029
6034
6042
6043
6047
6050
6055
6056
6060
6064
6065
6069
6070
6071
6072
6075
6076
6078
6083
6084
6086
6087
6088
6096
6097
6101
6102
6103
6104
6105
6107
6108
6109
6110
6111
6112
6114
6115
6117
6118
6119
6121
6124
6128
6129
6130
6131
6135
6136
6139
6141
6142
6149
6150
6152
6156
6157
6158
6159
6160
6163
6164
6165
6169
6170
6171
6172
6175
6176
6187
6190
6192
6195
6199
6201
6202
6203
6204
6205
6206
6207
6208
6209
6212
6213
6214
6215
6216
6217
6218
6219
6220
6223
6224
6225
6226
6227
6228
6229
6231
6232
6233
6234
6235
6236
6238
6239
6240
6241
6242
6243
6244
6245
6246
6247
6248
6250
6251
6252
6253
6254
6255
6256
6257
6258
6259
6260
6262
6263
6264
6265
6266
6267
6268
6269
6270
6273
6274
6275
6276
6277
6278
6279
6280
6282
6283
6284
6285
6286
6287
6288
6290
6291
6292
6293
6294
6295
6296
6297
6298
6299
6300
6302
6304
6306
6308
6310
6311
6312
6313
6315
6316
6318
6319
6321
6322
6323
6324
6326
6327
6328
6329
6330
6331
6332
6333
6334
6335
6337
6338
6340
6341
6342
6343
6344
6345
6346
6347
6348
6349
6350
6351
6352
6353
6354
6355
6356
6357
6358
6362
6366
6367
6368
6369
6370
6372
6373
6376
6378
6379
6381
6382
6384
6385
6386
6390
6391
6392
6393
6394
6395
6396
6398
6399
6400
6401
6402
6403
6406
6408
6409
6411
6412
6413
6414
6415
6416
6418
6420
6421
6422
6423
6425
6426
6427
6428
6431
6432
6433
6435
6436
6437
6438
6439
6440
6442
6443
6445
6447
6449
6450
6451
6452
6453
6454
6455
6456
6457
6458
6459
6461
6462
6466
6469
6470
6472
6473
6474
6475
6476
6478
6479
6480
6482
6484
6487
6488
6490
6492
6493
6494
6496
6498
6499
6502
6509
6512
6513
6514
6516
6519
6520
6527
6528
6529
6530
6532
6533
6535
6536
6537
6538
6539
6540
6543
6544
6547
6548
6550
6552
6556
6557
6559
6560
6563
6566
6567
6568
6569
6570
6572
6573
6578
6582
6584
6585
6587
6588
6589
6590
6591
6593
6595
6597
6598
6601
6602
6604
6607
6608
6609
6611
6612
6613
6616
6617
6618
6620
6621
6625
6627
6628
6629
6631
6632
6633
6634
6635
6636
6637
6638
6639
6641
6642
6644
6645
6646
6648
6649
6650
6652
6653
6654
6656
6657
6658
6659
6660
6662
6663
6664
6666
6668
6673
6676
6680
6682
6683
6684
6686
6687
6688
6689
6690
6692
6693
6694
6696
6698
6700
6701
6702
6703
6705
6706
6707
6709
6715
6716
6717
6718
6722
6724
6725
6730
6731
6732
6733
6734
6736
6737
6738
6741
6744
6745
6746
6747
6749
6750
6751
6752
6753
6756
6757
6759
6762
6763
6764
6769
6770
6781
6782
6784
6785
6789
6794
6796
6797
6799
6801
6803
6808
6811
6812
6813
6815
6816
6820
6821
6822
6824
6825
6827
6830
6832
6834
6835
6836
6837
6839
6841
6844
6845
6848
6852
6853
6856
6858
6862
6864
6868
6869
6881
6882
6884
6885
6888
6891
6893
6896
6898
6899
6904
6905
6906
6907
6909
6910
6914
6915
6917
6918
6919
6920
6924
6925
6927
6928
6929
6931
6933
6937
6939
6941
6943
6944
6946
6950
6954
6955
6956
6957
6959
6960
6962
6963
6964
6965
6966
6967
6968
6969
6970
6971
6973
6975
6978
6979
6980
6982
6983
6985
6988
6989
6990
6991
6992
6996
7000
7001
7002
7003
7004
7005
7006
7007
7008
7010
7011
7013
7015
7016
7019
7020
7021
7022
7023
7024
7026
7029
7030
7031
7033
7043
7047
7048
7049
7051
7052
7054
7058
7059
7060
7061
7063
7065
7066
7068
7069
7070
7072
7074
7075
7077
7079
7084
7085
7089
7091
7092
7093
7094
7095
7098
7099
7102
7106
7108
7109
7110
7112
7117
7118
7119
7120
7122
7123
7127
7128
7129
7130
7131
7134
7136
7137
7139
7141
7142
7144
7149
7150
7151
7153
7156
7158
7159
7160
7161
7164
7165
7168
7171
7172
7173
7175
7176
7177
7179
7180
7181
7182
7185
7186
7187
7191
7192
7194
7195
7197
7198
7199
7200
7202
7204
7206
7207
7209
7210
7211
7214
7215
7216
7217
7218
7222
7223
7226
7228
7231
7233
7235
7237
7238
7244
7245
7246
7247
7248
7249
7250
7251
7252
7254
7256
7258
7259
7267
7269
7270
7271
7273
7275
7277
7280
7281
7284
7285
7288
7292
7294
7295
7296
7298
7301
7302
7303
7306
7308
7309
7312
7313
7314
7317
7318
7319
7320
7321
7324
7325
7328
7331
7332
7333
7336
7337
7338
7339
7340
7341
7345
7346
7348
7351
7354
7356
7357
7358
7361
7364
7365
7366
7367
7369
7371
7372
7374
7376
7380
7381
7383
7384
7385
7386
7387
7388
7389
7390
7391
7393
7396
7397
7398
7401
7402
7404
7405
7408
7412
7413
7414
7415
7419
7420
7422
7423
7424
7427
7428
7433
7437
7438
7447
7454
7457
7460
7465
7470
7471
7472
7477
7485
7489
7491
7492
7496
7507
7508
7512
7515
7517
7520
7528
7529
7531
7532
7537
7538
7540
7541
7542
7543
7544
7545
7554
7555
7557
7559
7560
7565
7567
7572
7573
7574
7583
7585
7586
7590
7592
7596
7600
7607
7611
7613
7614
7634
7635
7642
7647
7658
7662
7686
7690
7692
7696
7699
7700
7712
7722
7733
7749
7750
7766
7771
7777
7778
7802
7803
7820
7826
7829
7838
7870
7871
7877
7881
7887
7894
7895
7908
7909
7916
7926
7931
7932
7936
7952
7957
7963
7967
7983
7987
8000
8003
8010
8011
8020
8027
8030
8048
8052
8057
8061
8086
8103
8104
8106
8107
8110
8111
8112
8113
8115
8116
8117
8118
8119
8120
8121
8123
8125
8127
8129
8131
8132
8133
8135
8138
8139
8140
8141
8142
8144
8145
8147
8149
8150
8152
8153
8154
8156
8157
8159
8160
8163
8164
8167
8169
8170
8174
8175
8176
8179
8182
8184
8186
8187
8188
8189
8190
8191
8192
8193
8194
8195
8196
8197
8198
8201
8203
8205
8206
8207
8208
8210
8211
8212
8217
8218
8225
8227
8229
8230
8232
8235
8239
8240
8241
8242
8247
8248
8249
8254
8258
8259
8260
8262
8264
8265
8269
8272
8274
8276
8277
8279
8282
8283
8285
8286
8287
8289
8290
8291
8292
8293
8295
8296
8301
8303
8304
8306
8307
8309
8311
8312
8314
8319
8320
8322
8323
8326
8327
8328
8329
8331
8332
8333
8334
8336
8337
8340
8344
8345
8347
8350
8351
8354
8355
8357
8358
8362
8363
8366
8368
8369
8370
8373
8374
8385
8386
8389
8390
8391
8393
8394
8399
8402
8407
8410
8411
8413
8414
8415
8419
8421
8423
8425
8428
8429
8430
8432
8433
8436
8437
8439
8441
8443
8445
8446
8447
8448
8450
8454
8456
8460
8463
8465
8467
8468
8478
8479
8481
8483
8485
8487
8488
8490
8496
8498
8499
8501
8503
8504
8505
8506
8507
8511
8513
8515
8516
8519
8520
8522
8523
8525
8526
8528
8529
8530
8537
8544
8545
8549
8550
8551
8553
8562
8570
8573
8574
8576
8577
8578
8580
8584
8587
8589
8590
8592
8593
8595
8597
8599
8600
8602
8603
8606
8609
8610
8611
8615
8622
8624
8627
8628
8629
8632
8633
8634
8635
8641
8643
8645
8649
8653
8657
8658
8660
8664
8665
8666
8670
8673
8675
8678
8680
8681
8684
8694
8695
8696
8699
8700
8701
8705
8706
8711
8712
8715
8717
8719
8722
8724
8725
8727
8728
8733
8740
8741
8742
8744
8747
8749
8752
8754
8755
8758
8759
8760
8762
8764
8766
8773
8776
8777
8778
8780
8786
8792
8793
8794
8796
8797
8802
8803
8804
8806
8808
8809
8810
8814
8815
8816
8817
8819
8824
8826
8831
8833
8836
8837
8840
8843
8844
8853
8856
8858
8860
8862
8864
8866
8867
8869
8871
8873
8875
8877
8878
8879
8881
8883
8886
8889
8890
8895
8902
8905
8906
8913
8915
8916
8917
8920
8922
8923
8925
8927
8935
8939
8940
8941
8944
8947
8957
8961
8964
8966
8968
8971
8973
8979
8984
8989
8991
9000
9002
9007
9010
9011
9014
9018
9021
9024
9032
9034
9037
9038
9042
9044
9045
9046
9050
9052
9053
9055
9056
9061
9064
9065
9068
9069
9073
9075
9077
9087
9090
9092
9093
9101
9102
9103
9104
9110
9118
9119
9120
9121
9122
9131
9137
9139
9144
9148
9151
9152
9154
9156
9157
9159
9160
9172
9173
9174
9175
9178
9179
9181
9184
9187
9189
9190
9191
9192
9193
9195
9196
9202
9207
9209
9212
9217
9224
9226
9235
9237
9240
9241
9247
9249
9254
9258
9272
9273
9279
9286
9305
9313
9315
9317
9319
9325
9332
9333
9334
9337
9338
9344
9354
9358
9360
9363
9365
9367
9374
9376
9378
9385
9386
9391
9394
9395
9398
9399
9400
9401
9403
9405
9406
9407
9414
9415
9417
9420
9425
9432
9435
9440
9444
9449
9451
9456
9461
9466
9473
9474
9475
9478
9481
9483
9491
9492
9493
9494
9495
9497
9504
9511
9513
9515
9516
9517
9525
9529
9530
9536
9538
9540
9548
9551
9554
9555
9562
9569
9572
9573
9580
9589
9591
9592
9594
9596
9597
9598
9599
9602
9606
9611
9613
9614
9621
9631
9634
9646
9651
9665
9670
9675
9676
9680
9686
9689
9701
9703
9708
9710
9714
9722
9724
9725
9730
9735
9745
9747
9748
9755
9756
9757
9759
9761
9769
9774
9775
9776
9778
9779
9783
9784
9789
9791
9798
9801
9802
9803
9805
9807
9809
9810
9811
9812
9814
9815
9816
9818
9819
9821
9822
9823
9824
9826
9828
9829
9830
9834
9835
9837
9838
9842
9843
9846
9850
9852
9856
9857
9858
9860
9866
9871
9872
9873
9876
9877
9879
9881
9882
9883
9886
9887
9890
9893
9901
9902
9907
9911
9914
9915
9916
9917
9918
9920
9921
9924
9926
9927
9928
9929
9930
9931
9932
9933
9934
9935
9938
9939
9940
9941
9942
9943
9946
9948
9949
9951
9952
9953
9954
9956
9957
9958
9959
9960
9965
9966
9967
9968
9969
9970
9971
9972
9974
9976
9977
9980
9981
9982
9984
9985
9986
9987
9989
9990
9992
9993
9995
9997
9998
9999
10001
10002
10004
10005
10006
10007
10009
10011
10012
10014
10015
10016
10018
10019
10023
10024
10025
10026
10027
10028
10029
10030
10032
10033
10034
10035
10036
10037
10040
10041
10042
10043
10045
10046
10047
10051
10052
10054
10056
10057
10058
10059
10061
10062
10063
10064
10065
10067
10069
10071
10073
10076
10078
10079
10082
10083
10085
10087
10088
10089
10092
10094
10095
10096
10098
10100
10102
10103
10104
10106
10107
10108
10109
10111
10112
10113
10114
10117
10119
10120
10123
10125
10126
10127
10128
10129
10131
10136
10139
10140
10141
10142
10145
10147
10149
10150
10151
10152
10153
10154
10155
10156
10157
10159
10161
10163
10164
10166
10167
10168
10172
10173
10174
10175
10177
10179
10180
10183
10186
10188
10190
10193
10195
10200
10201
10205
10207
10208
10210
10212
10214
10222
10223
10225
10226
10228
10233
10236
10237
10238
10239
10240
10243
10244
10249
10250
10253
10254
10255
10257
10258
10259
10261
10264
10265
10266
10270
10271
10273
10274
10276
10280
10281
10283
10284
10286
10287
10293
10295
10296
10298
10301
10302
10304
10305
10312
10314
10316
10318
10320
10326
10328
10330
10332
10335
10337
10339
10340
10342
10343
10345
10347
10351
10355
10356
10358
10361
10362
10364
10366
10367
10368
10370
10371
10372
10373
10375
10377
10380
10385
10386
10388
10389
10390
10393
10396
10398
10402
10404
10408
10409
10411
10412
10413
10414
10416
10417
10418
10420
10424
10426
10427
10428
10431
10433
10435
10438
10439
10444
10445
10446
10450
10451
10458
10460
10461
10462
10463
10464
10465
10466
10467
10468
10471
10472
10475
10476
10478
10480
10484
10485
10486
10489
10491
10495
10498
10500
10501
10503
10504
10506
10512
10516
10518
10523
10526
10527
10529
10530
10531
10532
10534
10536
10538
10539
10543
10548
10550
10551
10554
10555
10556
10560
10562
10566
10576
10577
10578
10582
10584
10587
10592
10595
10596
10602
10606
10611
10615
10619
10620
10623
10625
10628
10632
10634
10635
10642
10643
10647
10650
10658
10660
10664
10665
10667
10668
10671
10672
10673
10676
10677
10681
10682
10683
10684
10685
10686
10687
10689
10690
10693
10694
10704
10705
10706
10713
10714
10715
10718
10719
10720
10721
10722
10723
10725
10726
10729
10732
10734
10735
10736
10738
10740
10742
10743
10744
10745
10746
10747
10748
10750
10751
10752
10753
10756
10762
10765
10766
10778
10779
10781
10782
10784
10785
10786
10788
10789
10790
10791
10792
10793
10794
10798
10800
10803
10808
10812
10813
10814
10815
10816
10822
10823
10825
10826
10832
10834
10835
10839
10840
10845
10847
10849
10850
10851
10853
10854
10855
10857
10858
10860
10862
10863
10864
10866
10867
10870
10873
10874
10878
10879
10883
10885
10887
10888
10889
10891
10894
10895
10896
10900
10902
10904
10905
10906
10908
10910
10911
10913
10914
10917
10918
10920
10923
10928
10929
10930
10931
10934
10936
10941
10945
10947
10949
10952
10954
10955
10958
10959
10960
10962
10963
10964
10965
10968
10972
10973
10974
10976
10980
10981
10982
10983
10984
10985
10986
10987
10989
10990
10991
10997
11000
11001
11005
11009
11010
11012
11013
11016
11017
11027
11030
11032
11034
11036
11037
11038
11045
11046
11047
11050
11051
11057
11058
11059
11062
11065
11066
11067
11068
11070
11071
11072
11073
11074
11075
11078
11080
11081
11082
11084
11085
11086
11089
11091
11093
11094
11095
11098
11099
11100
11101
11103
11104
11105
11106
11107
11109
11110
11115
11116
11119
11121
11122
11124
11125
11126
11127
11130
11131
11133
11134
11140
11141
11142
11153
11154
11161
11168
11171
11180
11181
11196
11197
11199
11201
11204
11205
11217
11220
11221
11226
11230
11232
11240
11243
11249
11252
11255
11256
11258
11260
11262
11263
11265
11266
11267
11268
11276
11278
11280
11283
11284
11286
11287
11290
11294
11299
11300
11303
11304
11310
11312
11321
11324
11325
11327
11330
11331
11332
11348
11353
11358
11361
11372
11374
11380
11381
11382
11388
11400
11403
11404
11407
11410
11415
11416
11423
11433
11440
11442
11443
11461
11463
11472
11478
11486
11487
11488
11495
11501
11504
11510
11513
11515
11516
11522
11528
11534
11537
11545
11546
11547
11560
11567
11569
11576
11577
11583
11585
11595
11597
11610
11611
11613
11618
11624
11630
11632
11635
11639
11644
11650
11651
11652
11659
11665
11666
11668
11673
11674
11677
11686
11692
11698
11707
11714
11715
11722
11725
11736
11744
11759
11761
11764
11765
11775
11788
11793
11796
11799
11816
11817
11818
11820
11821
11822
11823
11824
11825
11826
11827
11828
11829
11830
11831
11832
11833
11835
11836
11838
11839
11840
11841
11842
11843
11844
11846
11847
11848
11849
11850
11852
11853
11856
11857
11858
11859
11860
11863
11864
11865
11867
11868
11869
11870
11872
11873
11877
11878
11880
11881
11883
11884
11887
11888
11889
11890
11892
11893
11895
11896
11898
11900
11901
11902
11904
11905
11906
11907
11908
11909
11910
11911
11913
11914
11915
11917
11922
11923
11924
11926
11930
11931
11938
11940
11941
11943
11944
11946
11947
11949
11953
11954
11955
11956
11957
11960
11965
11966
11970
11974
11975
11976
11977
11978
11979
11980
11982
11983
11984
11986
11987
11994
11997
12000
12002
12004
12005
12006
12007
12008
12013
12014
12020
12025
12026
12030
12032
12034
12036
12037
12039
12040
12048
12051
12053
12058
12059
12064
12065
12066
12067
12072
12073
12074
12076
12081
12082
12083
12084
12086
12087
12090
12097
12098
12100
12104
12106
12108
12111
12114
12115
12118
12121
12125
12127
12129
12130
12131
12135
12139
12140
12141
12143
12147
12149
12150
12151
12152
12154
12155
12158
12159
12160
12161
12162
12165
12178
12181
12186
12192
12193
12195
12197
12199
12203
12204
12206
12207
12209
12210
12212
12215
12216
12217
12218
12222
12225
12226
12228
12229
12230
12231
12233
12235
12239
12240
12241
12242
12243
12245
12248
12250
12251
12252
12253
12255
12256
12258
12259
12261
12264
12265
12266
12268
12270
12271
12273
12274
12276
12277
12278
12282
12287
12288
12292
12293
12294
12302
12304
12306
12309
12314
12319
12320
12323
12329
12333
12335
12336
12338
12340
12341
12342
12344
12346
12347
12349
12356
12358
12359
12363
12364
12365
12372
12373
12374
12375
12376
12378
12379
12380
12382
12384
12387
12390
12391
12392
12394
12395
12397
12399
12400
12402
12405
12408
12410
12414
12415
12417
12418
12421
12423
12424
12425
12429
12433
12436
12438
12439
12440
12441
12442
12444
12445
12446
12450
12454
12458
12459
12461
12463
12467
12468
12469
12470
12472
12475
12476
12478
12479
12480
12481
12482
12483
12484
12487
12489
12490
12492
12494
12496
12498
12500
12505
12509
12510
12513
12517
12518
12519
12522
12523
12528
12530
12532
12533
12534
12535
12536
12538
12540
12542
12545
12547
12552
12553
12554
12555
12557
12558
12569
12570
12571
12575
12576
12577
12578
12581
12583
12585
12587
12588
12591
12595
12600
12607
12609
12612
12616
12617
12620
12621
12627
12630
12631
12634
12636
12637
12639
12640
12641
12642
12643
12644
12645
12647
12649
12652
12653
12655
12657
12658
12659
12662
12665
12666
12667
12668
12669
12671
12673
12675
12677
12678
12680
12683
12685
12686
12687
12688
12689
12691
12694
12695
12696
12705
12706
12707
12709
12711
12712
12713
12716
12718
12721
12728
12729
12732
12734
12735
12736
12739
12740
12741
12749
12750
12751
12756
12757
12758
12759
12760
12764
12771
12775
12776
12779
12780
12782
12784
12790
12791
12792
12793
12795
12798
12802
12804
12805
12812
12815
12817
12818
12821
12824
12827
12828
12832
12834
12837
12839
12840
12842
12844
12851
12852
12853
12858
12859
12862
12864
12865
12867
12868
12874
12877
12878
12881
12886
12889
12895
12896
12901
12902
12903
12904
12905
12907
12908
12909
12911
12916
12918
12920
12922
12924
12925
12927
12928
12929
12930
12937
12938
12946
12949
12950
12951
12954
12961
12964
12965
12968
12973
12977
12989
12991
12994
12998
13000
13003
13006
13009
13010
13022
13029
13035
13039
13044
13047
13052
13058
13061
13069
13081
13082
13086
13090
13092
13094
13098
13100
13104
13105
13108
13109
13113
13114
13115
13117
13118
13119
13120
13122
13123
13126
13137
13139
13145
13149
13151
13154
13155
13158
13159
13160
13165
13168
13170
13171
13173
13182
13183
13184
13185
13186
13187
13188
13189
13196
13197
13206
13208
13209
13212
13221
13223
13224
13226
13229
13231
13235
13236
13240
13244
13245
13246
13248
13253
13254
13258
13260
13261
13262
13269
13276
13284
13292
13296
13309
13310
13316
13320
13327
13331
13332
13337
13341
13345
13350
13356
13358
13365
13367
13370
13372
13377
13386
13390
13392
13398
13400
13404
13408
13410
13415
13416
13417
13419
13420
13421
13424
13427
13436
13440
13443
13444
13449
13452
13455
13457
13460
13461
13467
13468
13469
13470
13472
13473
13479
13480
13483
13486
13488
13492
13493
13494
13497
13498
13499
13500
13501
13502
13503
13505
13506
13508
13512
13514
13522
13523
13524
13525
13527
13529
13530
13533
13536
13539
13543
13545
13546
13549
13551
13552
13556
13557
13560
13562
13563
13564
13569
13570
13573
13575
13577
13579
13580
13584
13585
13586
13587
13588
13589
13593
13595
13597
13599
13601
13602
13603
13618
13619
13621
13624
13629
13630
13631
13632
13633
13635
13636
13637
13639
13640
13643
13647
13648
13650
13651
13652
13653
13654
13655
13657
13660
13662
13663
13664
13665
13666
13667
13668
13670
13671
13672
13673
13674
13675
13676
13677
13678
13679
13680
13683
13684
13685
13687
13688
13689
13690
13691
13692
13693
13695
13696
13698
13700
13701
13702
13703
13704
13705
13706
13708
13709
13710
13711
13712
13713
13714
13715
13716
13717
13718
13719
13720
13723
13724
13725
13727
13728
13730
13732
13733
13736
13737
13738
13739
13740
13741
13743
13746
13747
13749
13750
13751
13752
13754
13755
13756
13757
13758
13759
13760
13762
13763
13764
13766
13768
13769
13770
13771
13775
13776
13777
13778
13779
13781
13782
13783
13784
13785
13786
13788
13789
13793
13794
13795
13796
13797
13798
13799
13800
13801
13803
13805
13806
13807
13809
13810
13811
13812
13814
13815
13817
13818
13819
13820
13821
13823
13824
13825
13826
13827
13828
13831
13832
13833
13835
13837
13839
13841
13842
13843
13846
13848
13851
13852
13854
13859
13860
13861
13862
13863
13864
13865
13866
13869
13870
13871
13872
13873
13878
13879
13880
13881
13882
13885
13886
13888
13889
13890
13891
13895
13897
13900
13901
13902
13903
13904
13907
13908
13909
13915
13916
13917
13918
13920
13921
13922
13924
13926
13928
13929
13934
13935
13937
13938
13939
13941
13942
13948
13955
13958
13960
13961
13963
13964
13966
13967
13968
13971
13972
13973
13978
13979
13980
13983
13984
13985
13986
13987
13991
13994
13996
13997
13998
14000
14001
14005
14006
14007
14008
14010
14012
14013
14015
14016
14019
14021
14025
14026
14028
14029
14030
14032
14033
14034
14036
14037
14038
14039
14040
14044
14045
14046
14048
14049
14052
14053
14054
14055
14056
14057
14059
14060
14061
14062
14063
14064
14065
14067
14069
14070
14072
14073
14075
14077
14079
14080
14081
14082
14084
14085
14088
14089
14090
14091
14092
14094
14096
14099
14101
14102
14103
14104
14106
14112
14113
14115
14116
14120
14122
14124
14125
14126
14128
14130
14133
14134
14135
14136
14140
14141
14142
14143
14144
14145
14150
14153
14154
14155
14157
14158
14161
14164
14165
14167
14170
14171
14174
14175
14177
14178
14179
14180
14182
14183
14184
14186
14187
14188
14190
14194
14195
14197
14203
14205
14209
14218
14221
14222
14223
14224
14225
14231
14232
14233
14236
14237
14238
14239
14240
14241
14242
14243
14244
14246
14248
14250
14252
14253
14257
14258
14262
14263
14265
14267
14269
14273
14274
14276
14280
14288
14292
14296
14297
14299
14303
14304
14305
14306
14309
14314
14315
14319
14320
14322
14328
14331
14333
14335
14336
14337
14342
14346
14349
14352
14354
14355
14361
14362
14363
14364
14365
14368
14369
14372
14374
14375
14378
14380
14385
14388
14390
14393
14394
14395
14396
14398
14400
14401
14403
14404
14406
14407
14414
14418
14420
14422
14424
14426
14428
14429
14430
14431
14432
14433
14436
14438
14440
14441
14443
14444
14446
14449
14451
14453
14454
14457
14458
14459
14460
14461
14463
14464
14466
14467
14469
14472
14474
14476
14479
14481
14482
14489
14492
14493
14496
14498
14501
14502
14503
14506
14507
14511
14513
14522
14523
14524
14525
14526
14527
14530
14531
14534
14535
14537
14538
14540
14541
14546
14547
14550
14551
14553
14557
14558
14560
14561
14563
14564
14565
14566
14567
14568
14569
14574
14575
14578
14579
14580
14581
14582
14584
14587
14588
14590
14592
14596
14598
14599
14600
14601
14603
14604
14605
14608
14609
14612
14613
14615
14616
14617
14619
14622
14623
14625
14626
14628
14629
14630
14631
14632
14634
14636
14638
14640
14642
14645
14652
14654
14656
14657
14659
14660
14661
14663
14666
14671
14673
14674
14675
14676
14677
14678
14679
14680
14681
14682
14684
14686
14687
14690
14691
14692
14693
14695
14697
14698
14699
14701
14702
14703
14704
14707
14709
14710
14712
14713
14716
14718
14720
14723
14726
14728
14729
14730
14731
14732
14735
14737
14739
14741
14742
14744
14745
14748
14749
14751
14752
14755
14756
14757
14760
14765
14766
14771
14772
14773
14774
14775
14776
14777
14784
14786
14787
14789
14792
14795
14796
14798
14799
14800
14802
14807
14808
14809
14811
14814
14817
14818
14819
14820
14821
14823
14824
14826
14827
14829
14830
14833
14836
14837
14840
14841
14844
14845
14847
14848
14849
14850
14852
14853
14855
14858
14859
14876
14880
14887
14888
14890
14891
14893
14908
14911
14920
14922
14923
14928
14931
14944
14945
14956
14957
14958
14968
14969
14970
14972
14973
14975
14979
14980
14981
14982
14983
14986
14989
14991
14998
14999
15003
15010
15011
15014
15016
15017
15018
15026
15035
15041
15063
15082
15096
15103
15112
15116
15118
15125
15137
15144
15147
15149
15150
15168
15182
15183
15199
15202
15203
15212
15214
15215
15220
15221
15230
15236
15240
15249
15254
15255
15257
15261
15269
15281
15306
15307
15315
15322
15326
15329
15340
15344
15355
15367
15372
15373
15375
15377
15380
15382
15389
15391
15395
15400
15405
15439
15450
15454
15458
15463
15467
15472
15474
15475
15483
15489
15498
15520
15526
15530
15531
15532
15534
15535
15536
15539
15540
15542
15543
15544
15547
15548
15549
15550
15551
15552
15554
15556
15557
15558
15559
15561
15563
15565
15566
15567
15568
15569
15570
15572
15574
15576
15578
15580
15581
15583
15584
15585
15587
15588
15594
15596
15600
15601
15602
15605
15606
15609
15611
15613
15614
15615
15616
15617
15618
15623
15625
15626
15628
15629
15631
15634
15635
15638
15639
15640
15641
15642
15643
15644
15647
15648
15650
15653
15654
15655
15656
15657
15658
15659
15660
15661
15662
15663
15667
15669
15672
15674
15677
15680
15682
15684
15686
15688
15691
15692
15693
15697
15698
15701
15704
15708
15709
15712
15714
15716
15718
15719
15720
15724
15727
15731
15732
15733
15734
15737
15739
15740
15742
15744
15747
15749
15753
15756
15757
15760
15761
15762
15763
15768
15775
15778
15779
15781
15783
15786
15787
15789
15792
15794
15795
15797
15800
15801
15803
15804
15806
15809
15810
15811
15813
15814
15818
15819
15821
15822
15827
15833
15835
15837
15841
15842
15843
15844
15848
15850
15851
15855
15856
15857
15859
15860
15863
15864
15865
15867
15871
15872
15874
15877
15880
15885
15886
15887
15888
15896
15897
15906
15907
15915
15916
15917
15920
15922
15923
15925
15930
15931
15932
15936
15937
15940
15941
15943
15944
15948
15949
15953
15954
15957
15958
15963
15967
15968
15969
15970
15971
15978
15980
15982
15983
15986
15987
15991
15992
15996
15998
15999
16004
16005
16012
16015
16017
16018
16020
16021
16026
16028
16034
16037
16039
16043
16045
16047
16048
16051
16052
16054
16055
16058
16061
16063
16066
16070
16071
16073
16077
16079
16080
16083
16084
16085
16086
16092
16095
16096
16101
16106
16108
16109
16117
16118
16121
16122
16127
16132
16137
16139
16143
16147
16148
16150
16155
16156
16159
16161
16162
16163
16166
16167
16169
16170
16171
16172
16174
16175
16181
16182
16183
16188
16190
16194
16195
16197
16201
16204
16210
16219
16220
16222
16223
16224
16226
16229
16231
16232
16234
16235
16238
16239
16240
16241
16242
16243
16245
16246
16254
16255
16256
16259
16266
16267
16268
16272
16276
16277
16279
16282
16283
16285
16286
16290
16292
16295
16301
16302
16304
16306
16311
16312
16313
16314
16317
16320
16321
16323
16325
16328
16331
16333
16336
16337
16340
16343
16344
16345
16349
16350
16353
16355
16371
16372
16376
16383
16389
16391
16392
16393
16394
16395
16405
16406
16407
16411
16415
16416
16417
16418
16419
16420
16422
16423
16424
16425
16430
16431
16432
16435
16443
16449
16450
16451
16455
16456
16459
16461
16462
16463
16465
16466
16467
16469
16471
16473
16474
16476
16479
16480
16484
16488
16493
16494
16497
16501
16503
16504
16509
16511
16515
16518
16519
16520
16522
16526
16529
16530
16538
16539
16541
16542
16543
16547
16550
16551
16557
16559
16563
16565
16567
16570
16571
16572
16575
16576
16578
16579
16582
16585
16590
16594
16596
16599
16601
16602
16603
16604
16613
16614
16615
16618
16621
16623
16632
16635
16636
16641
16643
16644
16654
16658
16660
16663
16665
16669
16674
16675
16678
16680
16682
16695
16698
16703
16704
16705
16706
16711
16712
16722
16729
16730
16731
16736
16745
16747
16748
16750
16751
16763
16764
16771
16772
16778
16779
16785
16789
16790
16800
16810
16813
16823
16824
16825
16827
16830
16834
16836
16848
16853
16854
16857
16868
16871
16872
16877
16881
16887
16890
16893
16894
16897
16899
16902
16903
16911
16912
16913
16917
16919
16923
16933
16934
16935
16938
16943
16944
16954
16968
16972
16979
16983
16989
16995
17002
17003
17009
17010
17012
17017
17019
17024
17025
17027
17030
17055
17063
17067
17068
17071
17081
17085
17086
17089
17095
17104
17106
17110
17116
17119
17120
17122
17127
17128
17130
17131
17134
17137
17140
17154
17157
17158
17170
17176
17181
17183
17184
17186
17195
17197
17207
17208
17210
17211
17212
17214
17219
17236
17238
17239
17243
17244
17247
17248
17250
17253
17261
17262
17264
17266
17269
17271
17273
17276
17277
17278
17279
17280
17281
17283
17286
17288
17289
17292
17294
17299
17300
17303
17305
17307
17308
17309
17310
17313
17317
17318
17321
17325
17332
17338
17340
17343
17344
17345
17347
17348
17349
17351
17352
17353
17354
17355
17357
17359
17360
17361
17362
17364
17365
17366
17367
17368
17369
17370
17371
17372
17374
17375
17376
17377
17379
17380
17381
17382
17384
17385
17386
17388
17389
17390
17391
17393
17394
17396
17397
17398
17399
17400
17401
17402
17405
17407
17409
17410
17411
17412
17414
17415
17417
17418
17419
17421
17422
17424
17425
17426
17427
17428
17429
17430
17432
17433
17434
17435
17436
17437
17438
17439
17440
17441
17442
17444
17445
17446
17447
17450
17451
17452
17453
17454
17455
17457
17458
17460
17462
17463
17466
17467
17468
17470
17471
17472
17473
17474
17475
17476
17477
17478
17479
17482
17484
17487
17489
17490
17492
17493
17494
17497
17500
17501
17502
17506
17507
17508
17510
17511
17512
17514
17515
17516
17517
17520
17523
17524
17525
17526
17528
17530
17531
17532
17534
17535
17539
17541
17543
17545
17546
17547
17548
17549
17550
17553
17555
17556
17557
17558
17559
17562
17564
17566
17567
17568
17572
17573
17574
17576
17577
17579
17580
17582
17585
17586
17589
17591
17592
17594
17596
17600
17601
17602
17603
17604
17609
17610
17611
17612
17614
17616
17617
17618
17620
17621
17622
17629
17632
17635
17637
17638
17639
17640
17642
17643
17645
17651
17652
17655
17656
17662
17665
17667
17669
17670
17671
17672
17674
17677
17678
17680
17681
17683
17684
17685
17686
17692
17694
17695
17697
17698
17699
17701
17704
17707
17708
17715
17717
17721
17723
17724
17726
17730
17732
17736
17737
17738
17739
17741
17742
17743
17744
17746
17748
17751
17753
17754
17755
17758
17759
17760
17765
17767
17768
17769
17770
17771
17773
17774
17775
17776
17778
17779
17784
17785
17786
17793
17798
17800
17801
17802
17803
17804
17805
17806
17807
17811
17812
17817
17818
17821
17824
17826
17827
17830
17831
17832
17836
17839
17840
17842
17847
17848
17849
17850
17852
17854
17855
17857
17858
17859
17862
17865
17867
17871
17874
17875
17877
17878
17881
17883
17886
17889
17892
17894
17896
17898
17901
17903
17904
17906
17908
17909
17911
17912
17917
17919
17921
17926
17927
17930
17934
17938
17941
17945
17950
17951
17952
17953
17954
17955
17958
17963
17967
17973
17974
17975
17979
17980
17981
17983
17984
17985
17987
17990
18001
18002
18005
18007
18009
18010
18012
18013
18015
18018
18019
18020
18021
18027
18028
18030
18031
18032
18033
18035
18041
18042
18043
18045
18048
18049
18051
18054
18055
18056
18060
18061
18063
18064
18065
18066
18067
18069
18070
18075
18078
18079
18082
18084
18086
18088
18092
18095
18096
18099
18103
18104
18108
18109
18110
18113
18116
18117
18118
18121
18125
18127
18131
18132
18133
18134
18135
18142
18145
18146
18150
18152
18153
18155
18157
18161
18162
18163
18164
18165
18167
18168
18169
18171
18172
18173
18174
18178
18179
18181
18184
18185
18186
18191
18193
18196
18205
18207
18209
18210
18216
18217
18218
18219
18221
18222
18230
18231
18234
18236
18239
18241
18244
18245
18248
18253
18255
18260
18263
18267
18270
18274
18276
18278
18279
18281
18282
18284
18285
18286
18288
18290
18291
18292
18294
18295
18296
18298
18302
18304
18306
18309
18313
18314
18317
18318
18319
18320
18321
18322
18323
18326
18328
18329
18333
18336
18339
18340
18341
18342
18345
18348
18349
18350
18352
18353
18359
18362
18364
18368
18371
18373
18374
18375
18376
18377
18380
18386
18387
18388
18391
18392
18393
18395
18396
18398
18400
18401
18404
18409
18410
18411
18412
18413
18415
18416
18417
18418
18420
18421
18424
18426
18429
18430
18434
18435
18437
18438
18440
18441
18444
18445
18446
18448
18451
18452
18453
18455
18456
18458
18459
18460
18462
18463
18465
18466
18467
18468
18470
18473
18475
18479
18481
18482
18485
18486
18487
18490
18491
18492
18493
18496
18498
18499
18500
18502
18503
18505
18506
18509
18510
18512
18514
18515
18516
18517
18518
18521
18522
18523
18526
18527
18528
18530
18531
18532
18533
18534
18535
18536
18538
18540
18544
18547
18548
18550
18552
18554
18555
18557
18559
18561
18562
18563
18565
18568
18569
18570
18571
18573
18575
18576
18578
18579
18594
18596
18599
18601
18608
18611
18613
18616
18620
18621
18623
18627
18639
18640
18645
18651
18660
18664
18666
18667
18671
18677
18682
18684
18686
18687
18689
18693
18694
18696
18699
18700
18702
18707
18708
18711
18712
18714
18715
18717
18722
18725
18726
18728
18729
18732
18734
18736
18738
18742
18748
18776
18777
18807
18810
18815
18844
18845
18852
18858
18868
18884
18891
18896
18902
18910
18911
18916
18943
18956
18957
18958
18962
18968
18969
18975
18976
18983
18990
18998
19004
19012
19013
19024
19028
19031
19036
19049
19050
19055
19058
19079
19099
19103
19125
19126
19142
19145
19147
19153
19158
19164
19165
19167
19172
19173
19174
19194
19206
19214
19224
19225
19227
19240
19244
19248
19249
19250
19251
19252
19253
19254
19255
19257
19258
19260
19261
19262
19263
19264
19265
19266
19267
19269
19270
19274
19276
19278
19279
19280
19281
19283
19284
19286
19287
19288
19290
19291
19292
19293
19294
19295
19297
19298
19299
19300
19301
19302
19303
19304
19305
19308
19309
19310
19311
19312
19314
19316
19317
19320
19326
19327
19328
19332
19333
19334
19337
19338
19339
19340
19343
19344
19345
19346
19349
19351
19352
19354
19355
19358
19359
19361
19362
19364
19366
19367
19368
19369
19370
19371
19375
19377
19378
19380
19381
19383
19384
19385
19386
19387
19388
19390
19393
19394
19395
19396
19402
19403
19405
19406
19407
19408
19410
19411
19412
19414
19415
19417
19420
19423
19424
19425
19426
19428
19432
19433
19434
19435
19437
19438
19439
19440
19442
19445
19447
19449
19450
19455
19458
19460
19462
19464
19465
19467
19468
19470
19471
19474
19477
19478
19479
19486
19487
19492
19493
19495
19497
19498
19500
19501
19505
19506
19507
19508
19509
19512
19518
19520
19527
19528
19529
19530
19532
19533
19536
19538
19541
19542
19544
19547
19548
19549
19552
19553
19555
19556
19557
19559
19562
19563
19564
19565
19568
19569
19570
19571
19575
19577
19578
19579
19586
19589
19590
19596
19597
19599
19608
19614
19616
19620
19621
19623
19625
19629
19631
19632
19633
19634
19637
19638
19639
19644
19646
19648
19649
19651
19652
19653
19654
19655
19657
19658
19659
19661
19664
19665
19666
19667
19668
19670
19671
19673
19675
19682
19683
19686
19691
19693
19694
19698
19701
19702
19704
19706
19707
19709
19710
19712
19715
19716
19718
19720
19722
19723
19725
19731
19734
19742
19744
19746
19747
19748
19750
19751
19754
19758
19762
19764
19765
19769
19770
19771
19777
19779
19781
19783
19786
19787
19789
19790
19791
19792
19793
19794
19797
19798
19800
19801
19803
19804
19806
19814
19816
19822
19823
19825
19827
19829
19830
19833
19836
19837
19838
19840
19841
19842
19843
19846
19847
19848
19849
19853
19858
19863
19864
19866
19868
19869
19870
19871
19873
19874
19877
19879
19880
19881
19884
19886
19889
19890
19891
19893
19894
19896
19900
19901
19902
19904
19905
19906
19908
19909
19911
19917
19918
19919
19922
19923
19924
19928
19929
19930
19934
19935
19937
19938
19942
19943
19944
19945
19946
19948
19950
19951
19956
19958
19959
19960
19961
19964
19965
19968
19972
19973
19978
19986
19987
19992
19997
19998
19999
20001
20002
20006
20007
20011
20013
20014
20015
20016
20018
20019
20020
20024
20025
20027
20028
20029
20030
20031
20032
20034
20036
20038
20044
20046
20048
20049
20051
20052
20055
20058
20059
20062
20063
20064
20065
20067
20068
20070
20071
20074
20075
20076
20077
20081
20082
20083
20085
20086
20087
20089
20094
20097
20099
20102
20103
20105
20106
20107
20109
20111
20112
20114
20121
20122
20123
20125
20126
20127
20130
20133
20134
20137
20138
20139
20140
20142
20146
20147
20151
20153
20154
20156
20159
20161
20163
20168
20169
20171
20174
20175
20176
20177
20183
20186
20187
20188
20193
20197
20199
20200
20206
20207
20208
20211
20212
20214
20225
20227
20229
20231
20232
20235
20240
20242
20243
20244
20251
20252
20253
20256
20260
20263
20265
20268
20269
20270
20273
20279
20282
20283
20285
20292
20293
20296
20301
20303
20304
20312
20314
20320
20321
20323
20327
20332
20333
20335
20337
20339
20340
20343
20355
20357
20361
20366
20367
20368
20369
20372
20374
20375
20379
20381
20384
20385
20387
20390
20391
20392
20399
20402
20403
20404
20407
20412
20413
20414
20415
20417
20421
20424
20426
20427
20428
20432
20435
20436
20438
20441
20442
20443
20444
20445
20447
20448
20456
20459
20460
20467
20475
20476
20477
20478
20482
20486
20494
20499
20503
20504
20505
20509
20511
20514
20515
20518
20521
20522
20523
20524
20525
20527
20528
20531
20536
20538
20539
20544
20545
20548
20549
20550
20551
20552
20554
20557
20560
20561
20563
20565
20569
20572
20579
20582
20584
20591
20593
20595
20597
20602
20603
20605
20606
20610
20611
20616
20617
20620
20625
20626
20627
20628
20633
20639
20640
20643
20644
20649
20652
20654
20655
20659
20667
20669
20671
20672
20674
20678
20679
20681
20682
20683
20685
20686
20690
20695
20696
20697
20704
20714
20716
20732
20736
20737
20738
20739
20741
20742
20744
20745
20748
20749
20750
20752
20755
20756
20757
20770
20771
20772
20780
20782
20786
20792
20793
20798
20805
20807
20809
20812
20817
20819
20823
20828
20834
20835
20852
20853
20855
20864
20865
20867
20872
20884
20888
20893
20898
20899
20900
20909
20911
20916
20918
20920
20921
20922
20924
20925
20926
20927
20928
20929
20931
20937
20940
20941
20942
20943
20947
20949
20951
20952
20953
20957
20958
20959
20961
20963
20964
20965
20966
20967
20971
20977
20979
20980
20982
20984
20985
20986
20988
20990
20991
20992
20993
20997
20999
21000
21001
21004
21005
21008
21011
21012
21013
21014
21015
21017
21018
21019
21021
21023
21024
21025
21027
21028
21029
21030
21031
21032
21033
21040
21044
21047
21052
21054
21055
21057
21058
21059
21061
21064
21065
21066
21068
21069
21074
21075
21079
21080
21081
21082
21083
21085
21086
21088
21090
21091
21092
21094
21095
21096
21098
21099
21102
21103
21104
21106
21108
21109
21110
21111
21112
21113
21114
21115
21116
21118
21120
21121
21123
21124
21128
21131
21132
21133
21134
21135
21136
21138
21139
21140
21141
21142
21143
21144
21145
21147
21148
21150
21151
21152
21153
21154
21156
21158
21159
21161
21162
21165
21166
21168
21169
21171
21172
21177
21182
21184
21185
21187
21188
21189
21191
21193
21194
21196
21198
21199
21200
21201
21203
21204
21205
21206
21207
21209
21211
21215
21216
21217
21218
21220
21221
21223
21224
21225
21226
21228
21229
21230
21231
21232
21233
21236
21237
21238
21240
21242
21244
21245
21246
21247
21248
21249
21252
21254
21255
21256
21257
21259
21260
21262
21263
21264
21269
21270
21271
21273
21276
21278
21279
21280
21281
21282
21283
21286
21288
21289
21290
21291
21292
21293
21294
21295
21297
21298
21299
21301
21304
21305
21306
21307
21308
21310
21313
21314
21316
21317
21318
21319
21324
21325
21327
21329
21330
21331
21333
21335
21336
21343
21344
21346
21350
21351
21352
21353
21354
21356
21358
21365
21367
21368
21369
21370
21373
21374
21375
21376
21377
21378
21379
21383
21384
21391
21392
21393
21394
21396
21397
21400
21401
21403
21406
21407
21411
21412
21413
21414
21415
21417
21418
21419
21420
21422
21423
21425
21429
21430
21432
21435
21437
21440
21441
21442
21446
21447
21448
21449
21452
21454
21456
21457
21458
21460
21462
21464
21465
21467
21468
21474
21477
21479
21481
21483
21484
21485
21486
21487
21488
21489
21490
21492
21493
21495
21496
21497
21499
21506
21507
21508
21510
21512
21516
21517
21518
21519
21521
21522
21523
21524
21529
21532
21534
21535
21538
21543
21544
21545
21546
21550
21551
21553
21556
21561
21562
21563
21564
21572
21573
21575
21577
21578
21580
21581
21582
21584
21585
21586
21588
21589
21590
21591
21592
21593
21595
21599
21600
21602
21603
21605
21606
21608
21612
21615
21618
21620
21621
21622
21623
21625
21629
21631
21633
21637
21640
21646
21647
21653
21656
21659
21660
21662
21664
21665
21668
21669
21671
21672
21676
21678
21680
21683
21690
21691
21693
21697
21698
21699
21700
21702
21704
21706
21708
21709
21716
21721
21724
21726
21728
21732
21737
21742
21744
21746
21747
21749
21755
21757
21760
21762
21763
21765
21767
21771
21774
21777
21778
21781
21783
21792
21796
21797
21798
21799
21800
21802
21806
21810
21813
21815
21818
21819
21820
21821
21823
21824
21825
21826
21828
21829
21830
21831
21832
21834
21836
21838
21839
21841
21842
21844
21845
21846
21847
21848
21849
21852
21856
21857
21858
21863
21864
21869
21870
21871
21873
21874
21876
21877
21881
21882
21886
21888
21889
21892
21895
21899
21900
21904
21905
21907
21908
21909
21910
21911
21912
21914
21916
21917
21918
21920
21921
21924
21925
21928
21929
21930
21931
21934
21935
21936
21940
21944
21946
21947
21948
21950
21955
21957
21958
21959
21961
21965
21967
21968
21969
21974
21976
21979
21983
21984
21985
21986
21989
21990
21992
21993
21994
21995
21996
21997
21998
22000
22003
22006
22007
22010
22012
22015
22020
22026
22027
22028
22029
22030
22032
22033
22034
22036
22037
22039
22042
22047
22048
22051
22052
22055
22056
22057
22058
22059
22060
22063
22064
22065
22067
22073
22079
22080
22082
22084
22085
22087
22088
22089
22091
22094
22097
22100
22101
22104
22105
22108
22109
22110
22111
22112
22114
22115
22116
22118
22119
22120
22122
22123
22125
22126
22127
22128
22129
22131
22132
22135
22138
22139
22140
22141
22144
22146
22148
22151
22153
22156
22159
22160
22162
22163
22170
22172
22174
22176
22179
22180
22181
22183
22184
22187
22188
22189
22190
22191
22192
22194
22195
22197
22199
22201
22202
22204
22205
22207
22210
22212
22214
22217
22219
22220
22223
22227
22228
22230
22236
22237
22240
22241
22243
22244
22245
22246
22247
22249
22251
22254
22255
22257
22258
22260
22261
22262
22263
22264
22266
22267
22268
22269
22271
22273
22275
22276
22277
22278
22279
22282
22283
22287
22288
22290
22293
22302
22303
22318
22320
22321
22327
22338
22339
22340
22343
22345
22350
22363
22368
22370
22372
22373
22380
22382
22385
22387
22390
22392
22393
22396
22397
22398
22400
22401
22402
22404
22407
22408
22410
22411
22412
22413
22414
22415
22419
22421
22422
22425
22427
22428
22430
22432
22433
22436
22438
22439
22442
22445
22446
22452
22456
22463
22467
22469
22470
22471
22474
22482
22491
22495
22510
22514
22529
22532
22542
22543
22546
22548
22565
22570
22577
22591
22603
22611
22622
22623
22624
22636
22641
22643
22651
22658
22660
22664
22670
22671
22690
22700
22701
22702
22709
22733
22735
22746
22748
22750
22752
22753
22762
22764
22768
22772
22793
22795
22796
22801
22803
22805
22810
22811
22813
22819
22823
22846
22849
22857
22858
22862
22886
22892
22893
22896
22903
22908
22929
22953
22954
22959
22960
22962
22963
22965
22968
22969
22970
22971
22973
22974
22975
22976
22977
22978
22979
22980
22985
22986
22987
22988
22989
22994
22995
22996
22997
22998
22999
23000
23001
23002
23003
23005
23006
23008
23010
23011
23012
23015
23017
23018
23019
23020
23021
23022
23024
23026
23028
23031
23034
23037
23038
23039
23040
23041
23042
23044
23045
23048
23053
23055
23057
23058
23059
23062
23064
23065
23066
23069
23073
23074
23075
23080
23083
23084
23085
23086
23087
23088
23091
23093
23095
23096
23097
23098
23099
23100
23102
23103
23104
23105
23108
23111
23112
23114
23115
23116
23117
23119
23120
23124
23125
23126
23128
23129
23133
23134
23135
23136
23138
23140
23142
23143
23144
23145
23146
23147
23148
23149
23151
23152
23153
23157
23158
23160
23162
23163
23166
23168
23170
23172
23176
23177
23178
23179
23180
23181
23183
23185
23186
23188
23191
23193
23194
23196
23199
23203
23205
23207
23208
23209
23211
23213
23215
23219
23220
23222
23223
23224
23228
23229
23231
23233
23234
23235
23237
23241
23242
23246
23247
23248
23249
23250
23251
23253
23256
23257
23258
23259
23260
23261
23263
23266
23267
23269
23270
23271
23276
23278
23279
23282
23283
23284
23285
23287
23288
23291
23293
23298
23304
23306
23310
23312
23313
23316
23321
23323
23325
23328
23329
23335
23337
23338
23339
23343
23345
23346
23347
23351
23352
23353
23355
23356
23357
23358
23359
23360
23363
23364
23365
23366
23367
23368
23371
23372
23373
23374
23377
23381
23382
23385
23386
23387
23390
23393
23394
23395
23396
23397
23399
23404
23405
23407
23409
23412
23415
23416
23417
23418
23420
23423
23424
23425
23427
23428
23430
23431
23432
23433
23434
23436
23437
23439
23440
23443
23444
23446
23447
23448
23452
23455
23458
23459
23461
23462
23463
23464
23466
23469
23474
23477
23478
23479
23482
23484
23487
23489
23491
23493
23495
23501
23503
23505
23507
23511
23512
23514
23518
23519
23520
23521
23523
23524
23528
23534
23535
23536
23539
23541
23542
23546
23547
23550
23552
23554
23556
23562
23568
23573
23577
23581
23584
23585
23586
23587
23592
23594
23595
23597
23603
23607
23608
23609
23610
23613
23614
23617
23619
23620
23622
23625
23632
23633
23634
23636
23642
23644
23647
23650
23652
23653
23655
23657
23658
23659
23660
23661
23662
23664
23666
23667
23668
23670
23674
23676
23679
23682
23683
23684
23686
23687
23690
23691
23692
23694
23695
23699
23700
23705
23709
23711
23713
23720
23723
23725
23729
23730
23733
23739
23740
23742
23745
23746
23751
23752
23753
23756
23760
23761
23762
23763
23764
23765
23766
23772
23778
23779
23783
23785
23788
23791
23792
23794
23795
23796
23797
23803
23804
23806
23808
23811
23813
23819
23827
23833
23839
23840
23845
23846
23847
23848
23853
23854
23856
23858
23860
23863
23864
23871
23874
23876
23877
23879
23880
23883
23888
23892
23893
23894
23895
23904
23906
23907
23909
23914
23917
23921
23922
23926
23931
23935
23937
23938
23941
23943
23945
23946
23954
23957
23959
23964
23966
23973
23974
23977
23980
23982
23984
23987
23988
23993
23995
23996
24004
24006
24007
24009
24010
24011
24013
24015
24016
24017
24021
24029
24031
24032
24035
24037
24040
24043
24045
24046
24050
24051
24060
24071
24072
24073
24075
24077
24079
24080
24082
24095
24097
24101
24108
24110
24112
24123
24125
24126
24132
24145
24148
24151
24158
24163
24166
24173
24174
24181
24188
24191
24194
24206
24208
24213
24217
24218
24219
24221
24223
24234
24239
24241
24242
24245
24250
24251
24253
24255
24257
24260
24264
24268
24270
24274
24285
24286
24288
24293
24299
24300
24301
24303
24317
24318
24323
24330
24331
24338
24339
24340
24353
24354
24357
24363
24366
24368
24369
24372
24381
24382
24386
24392
24395
24397
24399
24400
24401
24407
24409
24413
24417
24418
24419
24430
24437
24449
24450
24452
24453
24454
24455
24456
24458
24469
24471
24473
24479
24480
24486
24487
24491
24496
24498
24499
24502
24507
24513
24523
24527
24531
24548
24553
24556
24557
24558
24566
24567
24570
24572
24574
24582
24585
24586
24591
24593
24598
24600
24604
24612
24614
24625
24626
24630
24638
24639
24640
24641
24644
24647
24656
24659
24661
24665
24666
24671
24672
24677
24678
24681
24682
24684
24689
24692
24693
24694
24699
24701
24704
24705
24706
24712
24715
24716
24719
24722
24726
24727
24728
24729
24730
24731
24734
24735
24737
24738
24739
24743
24745
24747
24748
24749
24752
24756
24759
24761
24763
24768
24769
24771
24772
24773
24774
24775
24776
24777
24779
24780
24781
24783
24785
24787
24788
24789
24790
24793
24794
24795
24796
24797
24798
24799
24802
24803
24804
24805
24806
24807
24808
24809
24810
24811
24812
24813
24814
24819
24821
24822
24826
24827
24828
24829
24830
24831
24834
24835
24836
24837
24840
24842
24843
24845
24846
24847
24849
24850
24852
24853
24854
24855
24857
24858
24859
24860
24861
24863
24864
24865
24867
24868
24869
24870
24872
24873
24874
24875
24876
24877
24879
24880
24881
24882
24883
24885
24886
24888
24889
24890
24891
24892
24896
24898
24900
24902
24903
24904
24907
24908
24910
24913
24914
24915
24917
24918
24920
24921
24924
24925
24926
24928
24929
24930
24932
24934
24937
24938
24939
24943
24944
24945
24946
24947
24949
24950
24951
24954
24955
24956
24958
24959
24960
24961
24962
24965
24967
24969
24970
24973
24974
24975
24977
24979
24981
24982
24983
24984
24985
24986
24987
24988
24989
24990
24993
24994
24995
24996
24998
25002
25004
25006
25010
25012
25013
25014
25015
25017
25018
25020
25021
25022
25023
25025
25028
25030
25031
25037
25042
25044
25045
25048
25049
25056
25057
25060
25061
25063
25068
25070
25079
25082
25084
25089
25090
25091
25093
25096
25097
25100
25103
25106
25108
25109
25110
25113
25114
25115
25120
25121
25122
25123
25125
25126
25128
25129
25130
25131
25133
25135
25136
25137
25140
25141
25142
25143
25148
25149
25150
25151
25153
25158
25160
25162
25163
25164
25165
25167
25168
25169
25170
25172
25174
25176
25178
25179
25181
25182
25183
25188
25190
25191
25192
25197
25198
25199
25200
25201
25202
25203
25204
25206
25207
25209
25210
25212
25216
25218
25223
25224
25226
25227
25228
25229
25230
25232
25235
25236
25237
25243
25249
25252
25253
25254
25256
25257
25259
25260
25261
25262
25264
25265
25267
25268
25272
25273
25275
25276
25277
25278
25285
25286
25287
25290
25291
25295
25302
25303
25306
25307
25313
25314
25316
25317
25320
25322
25323
25324
25326
25329
25332
25333
25334
25336
25337
25339
25340
25341
25345
25347
25353
25354
25357
25358
25360
25362
25366
25373
25382
25383
25384
25386
25387
25394
25395
25397
25399
25403
25404
25406
25407
25409
25410
25411
25412
25413
25415
25416
25418
25422
25434
25438
25442
25446
25448
25450
25451
25453
25456
25458
25463
25471
25476
25477
25478
25479
25480
25481
25483
25487
25489
25490
25492
25493
25494
25497
25501
25503
25504
25505
25506
25512
25513
25515
25518
25520
25522
25524
25525
25527
25532
25536
25537
25539
25543
25546
25548
25550
25555
25558
25559
25560
25561
25562
25563
25566
25567
25568
25570
25571
25575
25577
25578
25579
25581
25583
25585
25586
25588
25592
25593
25596
25601
25603
25608
25609
25613
25615
25616
25621
25622
25627
25628
25631
25633
25635
25640
25644
25645
25648
25649
25650
25652
25653
25654
25657
25658
25659
25661
25662
25664
25669
25670
25672
25673
25676
25677
25678
25685
25687
25690
25694
25697
25698
25700
25702
25704
25705
25706
25707
25709
25710
25713
25714
25718
25719
25720
25722
25723
25724
25730
25732
25734
25735
25737
25738
25739
25740
25741
25745
25746
25747
25750
25751
25754
25756
25757
25758
25761
25766
25767
25768
25769
25770
25772
25774
25775
25777
25780
25781
25784
25786
25788
25789
25794
25795
25796
25803
25805
25808
25810
25813
25814
25815
25816
25817
25818
25819
25821
25822
25823
25824
25826
25828
25831
25832
25839
25840
25841
25844
25845
25846
25849
25851
25852
25854
25856
25858
25859
25860
25861
25865
25867
25868
25869
25873
25876
25877
25880
25884
25886
25888
25889
25894
25897
25898
25900
25901
25902
25903
25905
25906
25907
25908
25909
25910
25911
25913
25915
25919
25920
25921
25922
25924
25926
25927
25928
25931
25934
25935
25937
25938
25939
25941
25942
25944
25945
25946
25949
25950
25951
25954
25955
25956
25957
25958
25959
25960
25961
25962
25963
25966
25968
25969
25971
25972
25973
25975
25976
25978
25979
25980
25981
25982
25986
25988
25991
25993
25995
25996
25997
26000
26015
26018
26019
26020
26024
26027
26031
26036
26041
26044
26052
26054
26057
26059
26060
26070
26080
26087
26088
26089
26100
26104
26109
26112
26113
26114
26117
26121
26130
26132
26140
26144
26145
26149
26150
26152
26156
26168
26171
26174
26181
26183
26186
26202
26212
26214
26217
26225
26232
26233
26243
26256
26259
26260
26262
26282
26289
26291
26294
26301
26302
26304
26319
26338
26340
26344
26347
26365
26367
26372
26377
26390
26400
26406
26415
26419
26432
26438
26451
26463
26464
26469
26484
26492
26496
26497
26504
26508
26517
26522
26525
26531
26533
26536
26563
26570
26571
26579
26592
26596
26600
26620
26628
26629
26635
26639
26652
26660
26671
26672
26673
26674
26676
26677
26678
26679
26680
26681
26682
26683
26685
26687
26688
26693
26694
26695
26697
26698
26700
26701
26702
26703
26705
26706
26707
26708
26709
26710
26711
26712
26713
26714
26715
26716
26717
26718
26719
26720
26722
26723
26724
26725
26726
26727
26729
26730
26732
26733
26734
26736
26737
26740
26742
26744
26746
26747
26749
26750
26751
26754
26755
26756
26758
26760
26762
26764
26766
26767
26770
26771
26773
26774
26776
26777
26778
26781
26782
26783
26784
26786
26787
26788
26789
26790
26791
26792
26793
26794
26797
26801
26802
26803
26805
26807
26808
26809
26811
26813
26815
26816
26817
26818
26819
26820
26821
26822
26828
26830
26831
26832
26833
26834
26836
26837
26839
26840
26841
26842
26845
26848
26849
26856
26859
26860
26862
26863
26864
26865
26866
26869
26872
26873
26874
26876
26877
26878
26879
26881
26885
26886
26888
26889
26890
26891
26892
26893
26894
26898
26899
26900
26901
26902
26906
26914
26915
26919
26920
26923
26925
26926
26929
26933
26934
26935
26936
26937
26938
26941
26943
26948
26951
26952
26953
26954
26955
26956
26957
26959
26960
26961
26962
26963
26964
26965
26966
26967
26969
26970
26971
26972
26973
26975
26976
26977
26980
26983
26984
26985
26990
26992
26996
26997
26999
27004
27005
27006
27007
27009
27010
27012
27016
27017
27018
27021
27025
27026
27027
27031
27036
27037
27038
27039
27042
27048
27052
27053
27057
27058
27059
27060
27061
27066
27067
27069
27072
27073
27075
27076
27077
27080
27081
27085
27087
27088
27091
27092
27095
27096
27098
27099
27100
27101
27103
27106
27107
27108
27110
27111
27112
27119
27121
27125
27126
27127
27129
27130
27131
27132
27133
27134
27135
27136
27137
27138
27141
27143
27146
27148
27150
27151
27154
27155
27158
27159
27160
27161
27162
27165
27170
27172
27173
27175
27176
27177
27178
27179
27185
27189
27191
27192
27193
27196
27197
27198
27200
27201
27202
27205
27209
27210
27211
27213
27215
27216
27219
27220
27223
27224
27225
27226
27228
27229
27230
27232
27234
27237
27248
27250
27251
27256
27257
27258
27259
27260
27264
27266
27269
27270
27272
27274
27275
27276
27277
27279
27281
27282
27284
27287
27292
27297
27298
27301
27303
27306
27307
27313
27314
27317
27319
27321
27322
27323
27326
27327
27328
27331
27332
27338
27339
27345
27346
27347
27349
27350
27355
27357
27361
27362
27363
27364
27365
27366
27367
27371
27372
27373
27374
27376
27380
27385
27389
27396
27399
27401
27404
27405
27406
27407
27408
27411
27414
27415
27416
27421
27422
27424
27425
27426
27430
27434
27435
27437
27440
27441
27443
27445
27447
27448
27453
27454
27455
27456
27458
27459
27460
27463
27465
27466
27467
27468
27470
27473
27474
27475
27476
27479
27480
27481
27482
27483
27485
27486
27487
27490
27492
27495
27497
27498
27500
27501
27503
27504
27505
27508
27510
27511
27514
27515
27518
27521
27522
27525
27527
27528
27529
27531
27532
27533
27534
27535
27536
27537
27538
27539
27540
27541
27542
27545
27547
27548
27549
27554
27557
27559
27560
27561
27562
27565
27566
27567
27570
27572
27574
27575
27576
27581
27582
27584
27587
27591
27592
27593
27597
27601
27602
27603
27604
27605
27610
27611
27613
27614
27615
27616
27618
27619
27621
27622
27623
27625
27626
27633
27634
27636
27639
27640
27643
27645
27646
27647
27649
27655
27657
27666
27671
27672
27674
27680
27681
27683
27684
27688
27691
27692
27693
27695
27696
27698
27700
27701
27707
27708
27709
27710
27713
27714
27719
27721
27723
27727
27728
27730
27732
27733
27735
27741
27744
27745
27748
27750
27752
27759
27760
27761
27762
27764
27765
27766
27771
27778
27781
27783
27786
27789
27791
27793
27796
27800
27802
27803
27804
27807
27811
27817
27818
27819
27820
27822
27823
27826
27829
27832
27836
27840
27843
27844
27845
27846
27849
27851
27857
27859
27860
27862
27863
27864
27865
27866
27871
27872
27876
27878
27882
27886
27888
27889
27893
27894
27895
27900
27903
27908
27910
27914
27916
27922
27924
27928
27930
27931
27932
27934
27935
27937
27938
27940
27942
27944
27946
27950
27952
27954
27955
27959
27963
27964
27966
27971
27972
27976
27978
27979
27982
27987
27989
27991
27993
27995
28001
28003
28010
28019
28021
28023
28024
28025
28031
28032
28036
28039
28042
28044
28045
28052
28053
28054
28055
28059
28060
28061
28065
28071
28077
28079
28082
28087
28096
28100
28101
28109
28110
28111
28121
28125
28134
28135
28137
28140
28145
28148
28151
28165
28166
28168
28172
28176
28182
28183
28188
28197
28200
28201
28204
28205
28206
28207
28208
28209
28210
28212
28213
28214
28218
28221
28222
28225
28227
28230
28232
28234
28235
28238
28239
28242
28246
28250
28251
28252
28253
28256
28258
28259
28262
28264
28268
28273
28278
28280
28282
28286
28300
28304
28305
28306
28313
28318
28323
28324
28326
28327
28331
28335
28339
28340
28345
28347
28348
28349
28350
28352
28353
28355
28356
28357
28359
28364
28368
28370
28372
28373
28375
28379
28381
28382
28385
28386
28388
28389
28392
28393
28394
28395
28396
28398
28399
28402
28407
28408
28409
28413
28415
28416
28419
28420
28421
28422
28424
28427
28430
28433
28436
28440
28442
28443
28449
28450
28451
28453
28456
28457
28459
28467
28468
28475
28476
28477
28479
28480
28482
28483
28485
28486
28487
28488
28489
28490
28492
28493
28494
28496
28497
28501
28502
28503
28504
28505
28507
28509
28511
28512
28513
28514
28515
28516
28517
28518
28520
28522
28524
28526
28527
28528
28530
28531
28532
28533
28534
28535
28536
28537
28538
28539
28540
28541
28542
28544
28546
28548
28549
28550
28551
28552
28554
28555
28556
28559
28560
28562
28564
28565
28567
28568
28569
28572
28573
28575
28577
28578
28580
28582
28583
28584
28586
28589
28590
28593
28594
28595
28596
28597
28599
28600
28602
28603
28605
28606
28608
28610
28611
28612
28614
28616
28617
28618
28621
28624
28625
28626
28629
28634
28635
28637
28638
28639
28640
28641
28642
28646
28650
28651
28652
28653
28654
28657
28658
28659
28661
28662
28663
28664
28665
28666
28667
28668
28669
28670
28673
28674
28675
28676
28677
28679
28680
28683
28684
28685
28687
28689
28690
28691
28692
28693
28695
28696
28698
28699
28701
28703
28704
28706
28708
28709
28710
28711
28712
28714
28715
28716
28717
28718
28719
28722
28723
28724
28727
28728
28729
28733
28735
28736
28737
28738
28742
28744
28745
28751
28752
28754
28756
28757
28758
28760
28762
28766
28771
28772
28774
28776
28778
28779
28781
28782
28784
28793
28795
28796
28797
28798
28802
28803
28804
28805
28810
28811
28812
28813
28814
28816
28819
28820
28821
28822
28823
28824
28828
28829
28830
28831
28832
28834
28835
28836
28837
28839
28840
28843
28847
28848
28850
28854
28856
28859
28860
28863
28865
28866
28868
28869
28870
28871
28872
28874
28875
28876
28879
28881
28882
28884
28885
28886
28888
28891
28893
28896
28898
28900
28902
28904
28905
28906
28908
28910
28911
28912
28913
28915
28916
28917
28918
28919
28921
28923
28924
28926
28928
28931
28932
28933
28934
28935
28936
28939
28940
28942
28943
28946
28947
28950
28951
28952
28954
28956
28957
28958
28962
28966
28969
28971
28974
28978
28979
28981
28983
28984
28985
28986
28992
28998
28999
29000
29001
29006
29007
29012
29014
29016
29017
29020
29021
29026
29027
29030
29031
29034
29035
29036
29038
29040
29043
29046
29050
29051
29053
29059
29066
29073
29081
29083
29085
29086
29092
29093
29098
29099
29104
29106
29108
29109
29113
29114
29115
29120
29121
29125
29132
29134
29135
29136
29147
29148
29152
29153
29155
29156
29160
29161
29162
29163
29164
29165
29169
29170
29175
29177
29184
29185
29188
29189
29190
29193
29197
29199
29203
29208
29209
29211
29212
29213
29215
29218
29220
29223
29224
29226
29230
29231
29232
29234
29238
29239
29241
29243
29245
29246
29247
29249
29250
29251
29252
29256
29258
29259
29260
29262
29263
29266
29271
29274
29275
29276
29277
29280
29281
29283
29284
29285
29289
29291
29292
29293
29295
29296
29299
29300
29303
29305
29306
29307
29308
29309
29310
29314
29315
29317
29318
29320
29321
29323
29327
29328
29330
29331
29333
29335
29339
29343
29345
29348
29349
29350
29356
29357
29359
29360
29361
29362
29363
29364
29368
29371
29372
29376
29377
29378
29381
29382
29383
29385
29386
29387
29390
29400
29404
29411
29412
29414
29416
29417
29419
29420
29423
29424
29425
29426
29427
29431
29432
29434
29436
29437
29440
29443
29444
29448
29449
29451
29452
29454
29455
29456
29457
29458
29460
29464
29465
29471
29472
29473
29475
29480
29482
29483
29485
29486
29487
29488
29489
29492
29494
29495
29496
29497
29498
29499
29501
29502
29504
29508
29510
29512
29513
29514
29515
29516
29517
29519
29522
29524
29525
29527
29528
29529
29530
29531
29532
29533
29534
29535
29542
29546
29551
29553
29554
29555
29556
29557
29558
29559
29562
29563
29564
29565
29566
29568
29572
29575
29576
29579
29580
29582
29583
29584
29585
29586
29588
29590
29591
29592
29594
29598
29599
29600
29602
29604
29605
29607
29611
29612
29615
29619
29620
29621
29622
29625
29626
29627
29628
29629
29630
29634
29637
29638
29640
29641
29642
29643
29645
29648
29651
29652
29653
29655
29656
29657
29658
29659
29660
29663
29665
29667
29670
29672
29673
29674
29675
29676
29677
29680
29682
29683
29685
29686
29688
29689
29690
29691
29692
29694
29695
29696
29697
29698
29699
29700
29701
29703
29706
29709
29711
29714
29716
29717
29718
29720
29722
29724
29727
29731
29733
29734
29735
29736
29738
29740
29741
29742
29749
29750
29751
29753
29754
29757
29758
29762
29763
29769
29771
29774
29777
29778
29779
29782
29783
29784
29787
29792
29793
29794
29802
29805
29808
29810
29812
29813
29825
29826
29827
29830
29834
29835
29836
29839
29841
29842
29846
29848
29849
29852
29853
29854
29855
29856
29857
29858
29860
29866
29867
29869
29870
29873
29874
29877
29884
29897
29901
29912
29918
29919
29926
29928
29931
29937
29938
29939
29942
29943
29945
29947
29948
29950
29957
29964
29965
29970
29973
29974
29987
29993
30002
30008
30014
30015
30031
30034
30051
30058
30064
30068
30071
30081
30085
30104
30110
30120
30129
30135
30136
30137
30153
30155
30165
30168
30181
30183
30189
30196
30197
30200
30204
30228
30233
30236
30249
30251
30254
30277
30280
30284
30286
30289
30290
30298
30300
30306
30310
30321
30330
30335
30343
30356
30366
30368
30375
30380
30387
30390
30393
30394
30395
30396
30397
30398
30399
30401
30405
30406
30407
30408
30409
30411
30414
30415
30416
30417
30418
30419
30422
30423
30424
30425
30426
30428
30429
30430
30431
30432
30434
30435
30436
30437
30439
30441
30443
30445
30446
30447
30448
30449
30450
30451
30452
30456
30458
30459
30461
30462
30465
30466
30469
30470
30471
30472
30474
30475
30477
30478
30480
30481
30482
30484
30485
30487
30488
30490
30492
30494
30495
30499
30501
30502
30503
30505
30506
30507
30508
30510
30512
30514
30515
30516
30517
30518
30519
30521
30522
30523
30524
30525
30527
30529
30530
30532
30533
30535
30536
30537
30538
30542
30544
30545
30547
30548
30549
30551
30552
30553
30556
30557
30558
30559
30562
30564
30566
30569
30570
30572
30573
30574
30575
30577
30578
30580
30581
30583
30585
30586
30587
30588
30591
30592
30593
30595
30596
30600
30602
30604
30605
30606
30607
30608
30609
30613
30614
30616
30617
30619
30621
30622
30623
30624
30626
30627
30628
30629
30633
30634
30635
30636
30639
30641
30643
30644
30645
30646
30648
30649
30650
30651
30652
30654
30655
30656
30657
30661
30662
30665
30666
30668
30669
30670
30672
30673
30674
30675
30676
30677
30678
30679
30681
30682
30684
30686
30689
30691
30695
30696
30697
30698
30699
30701
30703
30704
30705
30706
30707
30709
30712
30713
30714
30716
30718
30720
30721
30723
30724
30725
30727
30730
30731
30733
30735
30737
30738
30739
30740
30741
30744
30746
30748
30749
30751
30753
30756
30762
30763
30766
30767
30771
30774
30776
30777
30779
30780
30783
30784
30785
30786
30787
30789
30791
30793
30794
30796
30797
30799
30800
30803
30805
30806
30809
30810
30812
30814
30817
30819
30820
30821
30822
30823
30824
30825
30826
30827
30828
30829
30831
30832
30833
30835
30837
30839
30840
30841
30842
30843
30844
30845
30846
30847
30848
30851
30852
30853
30854
30855
30857
30858
30860
30861
30862
30864
30865
30866
30867
30868
30871
30872
30873
30874
30876
30880
30881
30883
30884
30886
30890
30891
30893
30897
30899
30901
30902
30905
30908
30911
30912
30914
30915
30916
30919
30920
30924
30925
30927
30928
30929
30931
30932
30933
30935
30936
30937
30938
30939
30940
30944
30946
30947
30948
30949
30950
30951
30952
30953
30957
30958
30962
30963
30964
30965
30969
30970
30971
30974
30975
30977
30978
30983
30984
30985
30988
30989
30992
30995
30996
31000
31001
31002
31004
31006
31009
31010
31012
31013
31014
31015
31017
31018
31019
31020
31022
31023
31027
31028
31031
31032
31033
31034
31035
31036
31038
31042
31044
31046
31047
31050
31052
31055
31058
31064
31066
31068
31071
31073
31078
31080
31081
31082
31083
31085
31087
31088
31089
31090
31091
31093
31094
31095
31098
31099
31101
31102
31103
31104
31105
31107
31108
31109
31110
31114
31115
31118
31123
31125
31127
31128
31130
31132
31133
31135
31138
31139
31140
31141
31142
31145
31148
31149
31150
31151
31153
31157
31158
31159
31160
31161
31162
31166
31169
31170
31173
31174
31176
31181
31182
31184
31185
31186
31189
31190
31194
31195
31196
31200
31201
31202
31205
31206
31207
31208
31209
31210
31213
31216
31218
31221
31222
31223
31224
31225
31231
31233
31234
31236
31237
31239
31240
31241
31242
31243
31245
31246
31247
31248
31250
31251
31252
31258
31261
31265
31268
31270
31271
31272
31273
31275
31276
31279
31281
31284
31286
31287
31288
31290
31292
31295
31297
31299
31301
31303
31305
31306
31308
31310
31311
31315
31316
31317
31318
31319
31324
31325
31327
31329
31332
31334
31335
31336
31341
31345
31346
31349
31350
31352
31353
31354
31359
31361
31368
31371
31372
31374
31375
31376
31377
31378
31379
31382
31383
31385
31388
31390
31391
31392
31393
31398
31399
31404
31405
31406
31409
31410
31412
31415
31421
31423
31424
31427
31428
31430
31431
31432
31433
31435
31437
31438
31441
31443
31444
31446
31447
31448
31449
31459
31462
31463
31465
31468
31470
31473
31474
31478
31479
31480
31485
31491
31492
31493
31495
31496
31497
31498
31500
31503
31510
31513
31516
31519
31521
31523
31524
31525
31528
31529
31531
31533
31538
31541
31545
31547
31551
31557
31560
31564
31571
31574
31575
31576
31578
31579
31580
31585
31587
31588
31590
31592
31594
31595
31598
31601
31602
31603
31606
31607
31609
31614
31617
31619
31620
31625
31627
31628
31630
31632
31641
31645
31646
31647
31648
31649
31653
31656
31658
31660
31662
31664
31665
31666
31667
31668
31670
31673
31674
31675
31678
31679
31680
31682
31683
31684
31685
31686
31687
31688
31690
31692
31693
31699
31700
31702
31703
31704
31709
31710
31713
31716
31718
31719
31724
31727
31728
31730
31733
31736
31737
31739
31740
31741
31744
31745
31746
31747
31750
31751
31752
31758
31759
31766
31767
31770
31772
31777
31778
31781
31786
31791
31792
31794
31796
31797
31800
31801
31808
31809
31810
31813
31814
31818
31825
31835
31836
31837
31847
31848
31849
31851
31853
31856
31857
31858
31859
31864
31865
31868
31873
31874
31875
31880
31881
31883
31884
31887
31890
31893
31898
31899
31901
31904
31906
31910
31911
31915
31916
31918
31920
31927
31928
31935
31936
31941
31947
31950
31951
31952
31953
31956
31961
31962
31964
31968
31970
31972
31974
31982
31985
31991
31994
31995
31997
32000
32003
32009
32010
32026
32029
32030
32031
32032
32033
32035
32040
32041
32045
32048
32053
32054
32055
32057
32058
32059
32062
32063
32066
32067
32068
32069
32070
32071
32073
32075
32083
32084
32088
32092
32093
32094
32095
32097
32098
32099
32101
32103
32104
32106
32107
32109
32110
32112
32113
32116
32117
32120
32121
32122
32125
32126
32127
32130
32131
32132
32134
32135
32137
32139
32141
32142
32143
32144
32147
32150
32151
32153
32154
32155
32156
32158
32161
32165
32167
32169
32170
32171
32172
32173
32174
32176
32177
32179
32184
32186
32189
32191
32192
32194
32197
32198
32199
32200
32201
32203
32204
32205
32206
32207
32208
32210
32212
32213
32215
32216
32217
32218
32219
32220
32221
32223
32224
32225
32226
32227
32228
32231
32232
32233
32234
32235
32236
32237
32238
32239
32240
32241
32242
32243
32244
32245
32246
32247
32248
32250
32251
32253
32254
32255
32256
32258
32260
32261
32262
32263
32264
32266
32267
32268
32269
32270
32271
32272
32273
32274
32275
32276
32277
32278
32281
32282
32283
32284
32285
32286
32287
32289
32290
32291
32292
32294
32295
32297
32298
32300
32302
32303
32305
32306
32307
32308
32309
32310
32311
32312
32313
32314
32315
32316
32317
32318
32319
32320
32322
32323
32324
32325
32326
32327
32328
32329
32330
32331
32332
32333
32334
32335
32336
32338
32339
32340
32341
32343
32345
32346
32347
32348
32349
32350
32351
32353
32354
32355
32357
32359
32360
32362
32365
32366
32367
32368
32369
32370
32371
32372
32373
32375
32376
32378
32379
32380
32381
32382
32384
32387
32388
32390
32391
32392
32393
32394
32396
32397
32398
32399
32400
32401
32403
32404
32405
32407
32409
32410
32411
32412
32413
32414
32415
32418
32419
32420
32422
32423
32424
32425
32426
32428
32429
32430
32431
32432
32433
32435
32438
32440
32441
32443
32445
32446
32447
32448
32449
32450
32452
32453
32456
32458
32459
32460
32461
32463
32465
32467
32469
32470
32471
32472
32473
32474
32485
32488
32489
32491
32494
32495
32498
32500
32501
32502
32504
32507
32509
32511
32512
32514
32515
32516
32518
32519
32520
32524
32525
32527
32528
32529
32531
32533
32534
32536
32537
32538
32539
32540
32541
32542
32544
32545
32546
32549
32550
32552
32554
32555
32557
32559
32560
32561
32562
32564
32565
32566
32567
32569
32570
32571
32572
32574
32575
32576
32577
32578
32580
32581
32582
32583
32585
32586
32590
32592
32593
32595
32597
32598
32599
32600
32601
32602
32604
32605
32607
32609
32610
32611
32612
32614
32615
32616
32619
32621
32622
32624
32625
32626
32627
32628
32629
32630
32631
32632
32634
32635
32638
32639
32640
32641
32642
32645
32648
32649
32651
32652
32654
32655
32656
32657
32658
32661
32664
32668
32669
32670
32671
32676
32677
32678
32680
32682
32683
32684
32685
32686
32687
32689
32690
32692
32695
32696
32699
32700
32701
32702
32704
32707
32708
32709
32710
32712
32713
32714
32715
32717
32721
32722
32723
32724
32725
32727
32728
32730
32731
32733
32734
32735
32737
32739
32741
32742
32743
32744
32745
32747
32748
32749
32750
32751
32757
32758
32760
32761
32762
32764
32768
32769
32771
32772
32773
32784
32785
32786
32787
32788
32789
32793
32796
32797
32799
32800
32801
32802
32803
32806
32811
32812
32813
32816
32818
32819
32822
32823
32825
32827
32832
32834
32835
32837
32839
32843
32846
32850
32851
32853
32856
32857
32861
32862
32863
32865
32866
32867
32869
32870
32873
32874
32876
32877
32879
32881
32882
32885
32886
32887
32888
32889
32891
32892
32895
32897
32901
32902
32903
32904
32907
32908
32910
32911
32912
32916
32917
32919
32920
32922
32923
32924
32926
32927
32931
32932
32934
32935
32937
32941
32942
32943
32944
32950
32951
32952
32954
32955
32956
32957
32960
32961
32965
32966
32968
32969
32970
32973
32976
32978
32980
32988
32989
32990
32991
32996
32997
32998
32999
33000
33001
33002
33006
33010
33011
33013
33015
33017
33018
33022
33023
33024
33027
33029
33030
33031
33033
33034
33035
33037
33040
33042
33046
33047
33049
33050
33051
33053
33054
33057
33058
33059
33061
33062
33063
33065
33067
33068
33069
33072
33073
33074
33076
33077
33082
33083
33084
33085
33087
33090
33091
33092
33093
33095
33096
33097
33099
33100
33101
33104
33105
33106
33108
33109
33110
33111
33112
33116
33118
33119
33121
33122
33124
33127
33129
33130
33133
33134
33135
33137
33138
33139
33141
33142
33143
33146
33147
33148
33149
33150
33154
33157
33162
33163
33164
33166
33167
33168
33169
33171
33172
33174
33175
33176
33177
33178
33179
33181
33182
33184
33185
33187
33189
33192
33195
33196
33197
33198
33199
33201
33203
33204
33205
33206
33207
33209
33212
33215
33217
33219
33220
33221
33222
33226
33227
33229
33230
33231
33232
33233
33235
33236
33237
33238
33240
33241
33242
33243
33244
33246
33247
33249
33250
33251
33252
33254
33255
33256
33257
33258
33260
33262
33263
33265
33267
33269
33270
33271
33272
33273
33274
33275
33276
33278
33279
33280
33283
33284
33285
33286
33289
33290
33291
33294
33295
33300
33301
33304
33305
33306
33307
33309
33311
33312
33314
33316
33317
33318
33320
33321
33322
33325
33326
33329
33331
33333
33334
33335
33336
33337
33338
33340
33341
33342
33343
33344
33346
33347
33349
33350
33352
33354
33355
33356
33357
33359
33360
33362
33364
33365
33366
33367
33368
33369
33370
33371
33373
33374
33376
33377
33378
33379
33380
33381
33382
33383
33384
33385
33386
33387
33388
33389
33390
33391
33396
33398
33399
33400
33401
33402
33403
33404
33405
33406
33407
33408
33409
33410
33411
33412
33413
33414
33415
33416
33417
33418
33419
33421
33423
33425
33426
33429
33431
33433
33436
33439
33441
33443
33445
33451
33452
33455
33456
33457
33458
33459
33460
33461
33463
33464
33465
33466
33467
33468
33469
33470
33472
33473
33480
33483
33488
33491
33494
33495
33496
33504
33512
33514
33516
33520
33521
33528
33536
33544
33545
33549
33550
33551
33552
33555
33558
33559
33563
33566
33567
33570
33571
33574
33575
33582
33585
33587
33590
33593
33594
33596
33602
33616
33623
33630
33632
33633
33635
33640
33642
33653
33657
33666
33671
33672
33673
33676
33683
33685
33686
33691
33694
33696
33700
33703
33706
33714
33716
33717
33719
33722
33729
33742
33749
33752
33753
33755
33758
33760
33762
33763
33768
33770
33772
33801
33806
33808
33814
33817
33820
33823
33824
33825
33827
33829
33830
33831
33837
33853
33862
33865
33868
33870
33875
33877
33892
33895
33897
33906
33907
33909
33912
33914
33927
33928
33937
33952
33954
33962
33968
33970
33971
33976
33981
33982
33985
33997
33998
33999
34006
34008
34015
34020
34021
34024
34027
34035
34043
34055
34057
34061
34065
34070
34072
34075
34091
34092
34094
34098
34100
34102
34103
34105
34106
34107
34108
34109
34110
34111
34113
34115
34116
34117
34119
34120
34121
34122
34123
34125
34126
34127
34128
34130
34131
34132
34133
34134
34137
34138
34139
34140
34141
34142
34143
34144
34145
34146
34148
34150
34151
34152
34153
34154
34155
34157
34159
34160
34162
34163
34164
34166
34168
34170
34173
34174
34175
34176
34178
34179
34180
34181
34182
34183
34184
34185
34186
34187
34188
34189
34190
34191
34192
34193
34194
34196
34198
34199
34200
34202
34204
34205
34206
34207
34208
34210
34211
34212
34213
34215
34216
34217
34218
34219
34220
34221
34222
34223
34225
34226
34228
34229
34230
34231
34233
34235
34237
34239
34241
34242
34244
34250
34251
34253
34254
34256
34257
34258
34259
34260
34261
34262
34263
34266
34267
34268
34269
34270
34272
34273
34277
34278
34279
34280
34281
34284
34285
34286
34288
34289
34290
34292
34294
34297
34298
34301
34303
34304
34306
34307
34308
34309
34310
34311
34312
34313
34314
34315
34316
34317
34318
34320
34322
34323
34326
34327
34328
34329
34330
34332
34333
34334
34335
34336
34337
34338
34339
34340
34341
34342
34343
34349
34351
34352
34353
34355
34357
34359
34361
34364
34365
34366
34369
34371
34375
34376
34377
34382
34383
34384
34385
34388
34391
34392
34395
34397
34398
34399
34400
34402
34403
34405
34407
34408
34411
34412
34413
34414
34415
34417
34418
34420
34421
34424
34425
34426
34428
34429
34431
34432
34433
34434
34435
34437
34438
34439
34440
34443
34445
34446
34449
34450
34452
34453
34454
34458
34460
34462
34463
34465
34466
34467
34470
34472
34474
34476
34477
34481
34486
34487
34488
34489
34493
34495
34497
34499
34500
34501
34504
34505
34507
34508
34510
34511
34513
34514
34519
34521
34523
34524
34527
34528
34530
34532
34534
34535
34536
34538
34539
34541
34542
34546
34549
34551
34553
34554
34556
34557
34560
34562
34563
34564
34565
34566
34569
34571
34573
34574
34575
34577
34578
34580
34582
34583
34585
34586
34588
34589
34590
34591
34597
34598
34600
34601
34603
34604
34605
34606
34607
34608
34609
34611
34612
34616
34617
34619
34620
34621
34622
34625
34626
34627
34628
34630
34633
34635
34636
34637
34639
34640
34641
34642
34643
34645
34646
34647
34649
34651
34652
34654
34656
34660
34661
34665
34668
34670
34672
34674
34678
34679
34681
34683
34684
34688
34689
34691
34692
34694
34696
34697
34698
34699
34701
34702
34703
34704
34709
34712
34713
34714
34715
34717
34718
34720
34722
34724
34725
34726
34727
34729
34733
34734
34735
34739
34740
34741
34742
34743
34745
34747
34749
34750
34751
34752
34755
34756
34757
34759
34760
34761
34762
34763
34767
34768
34769
34772
34774
34775
34778
34779
34780
34782
34783
34784
34785
34786
34789
34790
34791
34794
34796
34799
34801
34802
34807
34812
34816
34817
34818
34819
34821
34822
34823
34824
34826
34827
34829
34830
34832
34833
34834
34838
34839
34841
34842
34846
34847
34850
34851
34853
34854
34855
34856
34859
34860
34861
34862
34863
34865
34867
34868
34871
34872
34873
34874
34875
34876
34880
34881
34883
34886
34887
34893
34894
34895
34896
34897
34899
34901
34902
34904
34909
34911
34912
34913
34915
34916
34918
34919
34920
34921
34923
34924
34930
34931
34933
34934
34936
34937
34939
34944
34946
34949
34951
34954
34957
34958
34959
34960
34961
34962
34964
34966
34968
34970
34971
34972
34973
34975
34978
34979
34982
34983
34984
34985
34986
34988
34989
34990
34993
34994
34995
34996
34997
34998
35000
35005
35006
35008
35012
35013
35015
35016
35019
35021
35022
35025
35026
35028
35029
35030
35033
35034
35035
35038
35039
35041
35043
35045
35046
35047
35048
35049
35050
35056
35057
35058
35059
35062
35063
35064
35065
35067
35068
35069
35072
35073
35074
35075
35076
35077
35081
35084
35085
35088
35089
35090
35091
35092
35093
35096
35099
35100
35103
35104
35105
35107
35108
35109
35110
35112
35113
35116
35120
35123
35124
35126
35127
35129
35131
35132
35134
35135
35138
35139
35141
35142
35144
35151
35154
35155
35156
35157
35158
35160
35161
35165
35167
35169
35170
35171
35172
35173
35176
35179
35180
35182
35184
35185
35186
35187
35188
35191
35192
35194
35195
35196
35199
35202
35204
35208
35209
35215
35217
35219
35220
35222
35223
35224
35226
35227
35228
35229
35230
35231
35232
35233
35237
35238
35239
35242
35243
35245
35246
35247
35248
35249
35250
35254
35255
35257
35258
35261
35262
35265
35269
35270
35271
35272
35277
35280
35281
35282
35285
35287
35290
35293
35294
35299
35301
35304
35308
35312
35313
35315
35316
35318
35321
35323
35324
35326
35330
35331
35332
35333
35336
35338
35340
35341
35342
35344
35346
35348
35354
35356
35359
35360
35363
35367
35370
35371
35374
35375
35377
35378
35379
35380
35383
35387
35391
35393
35394
35396
35397
35398
35399
35402
35404
35405
35406
35407
35410
35412
35415
35417
35419
35421
35422
35423
35424
35429
35432
35438
35439
35440
35441
35442
35443
35446
35447
35451
35452
35454
35456
35457
35461
35462
35464
35465
35466
35467
35470
35471
35472
35473
35474
35475
35476
35481
35483
35484
35487
35490
35491
35492
35495
35498
35499
35500
35504
35506
35510
35511
35512
35513
35515
35519
35521
35524
35528
35531
35538
35539
35542
35545
35546
35547
35551
35553
35555
35559
35561
35565
35566
35567
35569
35573
35576
35578
35580
35582
35584
35589
35591
35593
35594
35595
35596
35598
35604
35605
35606
35609
35611
35613
35614
35616
35617
35621
35624
35625
35627
35628
35629
35631
35632
35637
35638
35639
35640
35641
35647
35649
35650
35651
35655
35656
35658
35659
35660
35661
35662
35667
35668
35671
35673
35674
35675
35678
35682
35683
35686
35689
35692
35693
35696
35701
35708
35709
35710
35712
35714
35715
35716
35721
35722
35723
35724
35727
35728
35729
35733
35737
35740
35743
35745
35746
35749
35754
35755
35756
35759
35761
35763
35764
35767
35770
35772
35773
35775
35776
35777
35778
35782
35783
35784
35787
35788
35789
35790
35791
35793
35795
35796
35798
35801
35807
35808
35809
35810
35813
35814
35816
35817
35818
35819
35820
35821
35822
35823
35824
35826
35829
35830
35831
35832
35833
35834
35836
35837
35839
35840
35841
35844
35847
35848
35849
35850
35853
35854
35856
35858
35859
35861
35864
35869
35870
35872
35873
35874
35875
35877
35880
35881
35883
35884
35885
35887
35888
35890
35891
35893
35894
35896
35898
35900
35903
35904
35905
35906
35907
35908
35909
35911
35912
35913
35914
35915
35916
35917
35918
35919
35921
35922
35923
35925
35926
35927
35928
35929
35930
35931
35932
35934
35935
35937
35939
35940
35941
35942
35943
35944
35945
35946
35947
35948
35949
35950
35951
35952
35953
35954
35955
35956
35957
35958
35959
35960
35961
35963
35964
35965
35967
35968
35969
35970
35972
35973
35974
35975
35976
35977
35979
35980
35981
35982
35985
35987
35988
35989
35991
35992
35993
35994
35995
35996
35997
35999
36000
36001
36003
36004
36005
36006
36007
36008
36009
36010
36011
36012
36014
36016
36017
36018
36019
36021
36022
36023
36024
36025
36027
36028
36029
36030
36031
36033
36034
36035
36038
36039
36040
36042
36044
36045
36046
36049
36050
36052
36053
36054
36055
36056
36057
36059
36060
36062
36064
36065
36067
36068
36070
36071
36073
36074
36077
36078
36079
36080
36081
36083
36085
36087
36088
36089
36090
36091
36092
36094
36095
36097
36099
36101
36102
36103
36104
36105
36108
36109
36112
36113
36115
36116
36117
36118
36120
36121
36123
36124
36126
36127
36128
36129
36131
36132
36134
36135
36136
36137
36138
36141
36142
36143
36146
36147
36148
36149
36150
36151
36152
36154
36155
36157
36158
36159
36160
36161
36162
36163
36164
36166
36169
36170
36172
36173
36174
36175
36177
36178
36179
36180
36182
36185
36186
36187
36188
36189
36190
36191
36192
36194
36195
36198
36199
36200
36201
36202
36206
36207
36209
36210
36211
36212
36214
36215
36216
36218
36219
36220
36221
36224
36225
36226
36228
36229
36230
36231
36233
36236
36237
36238
36239
36241
36242
36244
36247
36248
36249
36252
36254
36255
36256
36257
36258
36259
36260
36262
36263
36264
36265
36267
36268
36269
36271
36273
36274
36275
36277
36278
36279
36281
36284
36285
36288
36289
36290
36292
36293
36294
36295
36296
36297
36298
36299
36300
36302
36303
36305
36307
36308
36309
36310
36311
36312
36314
36316
36318
36319
36321
36322
36323
36324
36325
36329
36330
36332
36333
36335
36336
36337
36338
36339
36341
36343
36344
36345
36346
36349
36352
36354
36356
36359
36360
36361
36362
36363
36367
36368
36369
36370
36371
36373
36378
36379
36380
36383
36384
36385
36386
36387
36390
36392
36394
36396
36399
36400
36401
36402
36403
36406
36407
36409
36410
36413
36414
36415
36416
36418
36420
36421
36424
36425
36426
36427
36428
36429
36430
36431
36433
36437
36438
36441
36442
36443
36444
36445
36447
36448
36449
36451
36455
36456
36457
36458
36459
36462
36464
36465
36466
36468
36470
36471
36473
36474
36475
36476
36478
36479
36481
36482
36483
36487
36493
36496
36498
36501
36504
36506
36514
36516
36518
36521
36522
36523
36525
36526
36527
36528
36530
36532
36533
36534
36536
36537
36539
36541
36543
36545
36547
36548
36549
36550
36551
36552
36553
36554
36556
36557
36560
36561
36564
36566
36567
36569
36570
36574
36577
36578
36579
36580
36582
36583
36584
36587
36589
36590
36591
36593
36598
36599
36601
36604
36605
36608
36609
36612
36613
36616
36617
36619
36621
36625
36626
36628
36630
36631
36632
36633
36637
36638
36639
36640
36645
36646
36648
36658
36660
36664
36666
36668
36669
36670
36672
36673
36674
36675
36678
36679
36681
36682
36683
36685
36686
36687
36688
36689
36690
36694
36700
36701
36702
36704
36705
36707
36708
36709
36710
36711
36712
36713
36714
36715
36716
36717
36720
36723
36727
36732
36733
36734
36736
36737
36738
36741
36743
36747
36748
36749
36750
36751
36752
36753
36755
36756
36759
36761
36763
36764
36767
36771
36775
36776
36777
36779
36780
36783
36785
36788
36789
36791
36792
36793
36795
36796
36797
36799
36800
36802
36804
36806
36807
36808
36809
36810
36811
36814
36815
36816
36820
36821
36822
36823
36824
36825
36827
36830
36831
36832
36833
36836
36837
36838
36839
36840
36841
36843
36844
36848
36849
36850
36851
36852
36853
36855
36856
36858
36859
36860
36862
36863
36864
36865
36866
36868
36870
36871
36872
36875
36876
36879
36880
36881
36882
36883
36884
36885
36886
36887
36889
36890
36891
36892
36893
36894
36896
36899
36900
36902
36903
36906
36908
36909
36910
36911
36912
36913
36915
36918
36919
36920
36922
36923
36926
36927
36929
36930
36932
36935
36938
36939
36940
36941
36942
36943
36944
36945
36946
36947
36949
36950
36952
36955
36956
36957
36959
36961
36962
36963
36965
36966
36968
36971
36972
36975
36976
36979
36981
36982
36983
36984
36985
36986
36988
36990
36991
36992
36994
36995
36996
36997
37000
37003
37004
37006
37007
37008
37010
37011
37012
37015
37016
37018
37019
37021
37023
37025
37026
37028
37030
37032
37034
37035
37036
37039
37040
37042
37043
37044
37045
37047
37048
37049
37050
37051
37052
37054
37055
37056
37057
37058
37059
37061
37062
37063
37066
37068
37069
37071
37073
37074
37078
37079
37080
37081
37083
37084
37085
37086
37087
37088
37090
37091
37092
37093
37095
37096
37097
37098
37099
37100
37101
37103
37104
37105
37106
37107
37108
37110
37111
37113
37114
37115
37116
37117
37118
37119
37120
37121
37122
37123
37124
37127
37128
37129
37131
37132
37137
37138
37139
