0
2
3
5
17
20
21
26
39
41
43
55
57
61
64
65
74
75
76
78
80
84
89
90
92
95
96
101
107
112
114
115
116
118
119
120
121
122
123
124
127
131
134
135
141
142
143
144
145
146
147
158
159
162
163
165
168
172
173
176
177
179
182
185
190
202
206
207
214
215
216
219
226
230
232
234
240
247
258
259
261
262
266
272
273
274
280
284
295
298
300
304
306
308
311
319
336
338
345
346
356
365
368
372
379
383
387
395
403
405
410
413
418
425
427
430
434
438
442
443
450
453
460
466
470
476
483
489
493
497
498
499
502
503
504
508
509
511
516
517
518
519
528
529
539
542
549
550
572
588
609
611
620
621
623
625
631
632
633
636
637
642
645
646
651
655
656
658
659
668
670
674
676
677
678
680
681
682
683
684
685
687
688
689
690
691
692
693
694
695
696
698
699
700
701
703
706
708
709
710
711
713
714
715
716
717
719
720
722
723
725
726
728
729
730
731
732
733
734
735
738
742
745
746
750
753
755
757
758
759
762
763
764
765
766
767
768
769
770
773
774
775
778
779
780
781
782
784
786
787
788
789
792
793
795
797
798
800
801
802
803
804
805
810
811
812
813
814
816
817
818
819
820
821
822
823
824
825
826
827
830
831
832
833
835
836
837
838
840
841
842
843
846
847
848
849
850
851
852
853
854
857
858
860
862
865
867
868
869
871
873
875
876
879
881
882
886
888
890
892
893
894
895
896
897
898
900
901
902
903
904
905
906
909
910
911
912
915
916
917
918
920
922
923
925
926
927
928
929
931
932
933
935
936
938
939
940
941
942
943
944
945
947
951
953
954
956
957
958
959
961
962
963
964
965
966
967
968
969
970
971
972
973
975
976
977
980
982
985
986
987
989
990
992
994
995
996
997
998
999
1001
1002
1004
1006
1007
1008
1009
1010
1011
1013
1014
1016
1017
1018
1019
1021
1022
1023
1026
1029
1030
1031
1032
1037
1039
1040
1041
1045
1047
1048
1050
1051
1055
1056
1060
1061
1063
1064
1065
1071
1072
1073
1074
1075
1076
1078
1079
1080
1081
1082
1084
1085
1086
1087
1088
1089
1091
1093
1094
1097
1098
1100
1101
1102
1103
1104
1108
1109
1110
1111
1113
1116
1117
1120
1121
1123
1125
1126
1127
1128
1129
1131
1133
1134
1135
1138
1139
1143
1145
1146
1148
1149
1150
1152
1156
1157
1159
1162
1163
1164
1171
1172
1174
1175
1177
1178
1180
1182
1183
1185
1186
1187
1190
1191
1194
1197
1199
1207
1209
1214
1215
1217
1219
1220
1221
1223
1224
1225
1228
1229
1230
1233
1234
1236
1237
1241
1244
1247
1252
1253
1258
1261
1262
1264
1265
1266
1268
1270
1272
1274
1276
1279
1286
1288
1289
1290
1291
1294
1297
1299
1300
1303
1304
1310
1311
1312
1318
1319
1321
1323
1325
1326
1327
1329
1330
1332
1333
1334
1335
1336
1338
1339
1340
1342
1343
1345
1346
1348
1349
1351
1352
1356
1359
1361
1363
1364
1365
1368
1370
1371
1373
1374
1375
1376
1377
1378
1379
1383
1384
1386
1391
1392
1393
1396
1398
1400
1403
1406
1409
1411
1412
1416
1420
1421
1422
1427
1428
1429
1430
1431
1433
1436
1437
1439
1443
1444
1445
1446
1448
1450
1451
1457
1461
1463
1465
1466
1469
1475
1476
1478
1486
1488
1489
1490
1492
1495
1497
1499
1500
1501
1506
1507
1510
1512
1513
1514
1516
1518
1519
1521
1523
1528
1529
1530
1533
1535
1536
1538
1539
1540
1544
1545
1546
1550
1551
1552
1553
1554
1555
1557
1558
1559
1560
1562
1563
1564
1567
1569
1570
1571
1572
1573
1574
1576
1577
1578
1579
1583
1584
1585
1587
1590
1591
1593
1599
1603
1604
1606
1609
1610
1615
1616
1617
1623
1624
1628
1629
1630
1633
1635
1636
1637
1642
1645
1646
1648
1649
1651
1653
1655
1656
1662
1663
1664
1665
1668
1670
1673
1675
1676
1678
1680
1682
1683
1686
1687
1690
1693
1694
1695
1698
1701
1705
1709
1712
1715
1716
1718
1719
1720
1721
1722
1723
1725
1726
1729
1732
1733
1737
1741
1742
1746
1747
1750
1751
1752
1754
1757
1759
1761
1762
1763
1765
1766
1767
1768
1770
1772
1775
1781
1783
1788
1789
1790
1791
1792
1794
1795
1796
1797
1798
1799
1807
1809
1810
1812
1813
1816
1817
1818
1820
1821
1822
1824
1828
1830
1831
1832
1834
1839
1840
1846
1848
1849
1851
1852
1855
1856
1858
1860
1862
1863
1869
1872
1874
1881
1883
1884
1887
1892
1900
1904
1905
1906
1907
1908
1909
1910
1912
1913
1914
1918
1923
1925
1933
1935
1939
1940
1944
1945
1946
1948
1954
1955
1956
1957
1961
1962
1966
1967
1968
1970
1973
1974
1975
1978
1979
1980
1981
1984
1990
1991
1992
1995
1997
2003
2006
2009
2012
2014
2016
2017
2018
2021
2023
2025
2028
2029
2032
2033
2036
2037
2041
2046
2047
2049
2052
2054
2055
2061
2063
2067
2071
2073
2078
2079
2085
2087
2088
2089
2096
2097
2099
2101
2102
2104
2106
2107
2108
2111
2112
2113
2115
2116
2123
2125
2127
2131
2136
2139
2140
2141
2142
2145
2150
2152
2153
2154
2161
2162
2163
2165
2166
2167
2168
2171
2172
2174
2175
2180
2183
2185
2191
2193
2195
2197
2203
2205
2206
2208
2211
2214
2218
2220
2228
2230
2233
2234
2239
2240
2241
2244
2247
2250
2255
2256
2258
2260
2262
2264
2266
2270
2275
2279
2280
2285
2286
2288
2289
2291
2294
2298
2302
2306
2307
2311
2316
2317
2319
2327
2334
2341
2346
2351
2353
2356
2357
2365
2369
2370
2374
2375
2379
2380
2382
2383
2384
2387
2388
2390
2393
2394
2395
2396
2397
2399
2401
2403
2404
2407
2408
2410
2414
2415
2416
2418
2420
2425
2426
2427
2428
2430
2432
2433
2436
2438
2440
2442
2443
2444
2447
2448
2452
2453
2454
2455
2456
2460
2463
2465
2469
2474
2475
2480
2481
2484
2485
2486
2487
2488
2489
2490
2491
2492
2493
2494
2495
2497
2498
2499
2500
2501
2502
2503
2504
2505
2506
2508
2509
2510
2511
2513
2514
2515
2516
2518
2519
2520
2521
2522
2523
2524
2525
2526
2527
2528
2529
2530
2532
2533
2534
2536
2537
2538
2539
2540
2541
2542
2543
2544
2545
2546
2548
2549
2550
2551
2552
2553
2554
2558
2559
2560
2561
2562
2563
2564
2565
2566
2567
2568
2569
2570
2571
2572
2573
2574
2575
2577
2578
2579
2581
2582
2583
2584
2585
2586
2587
2588
2589
2590
2591
2592
2593
2595
2596
2597
2598
2599
2600
2601
2602
2604
2605
2607
2610
2611
2612
2614
2615
2616
2617
2619
2620
2621
2622
2624
2626
2627
2628
2629
2630
2631
2633
2634
2635
2636
2637
2639
2640
2641
2642
2643
2644
2646
2648
2649
2650
2651
2652
2653
2655
2656
2658
2659
2660
2661
2662
2663
2664
2665
2666
2667
2668
2669
2670
2671
2672
2674
2675
2676
2677
2678
2679
2680
2681
2682
2684
2685
2686
2689
2690
2691
2692
2693
2696
2697
2698
2699
2700
2701
2702
2703
2704
2706
2708
2711
2712
2713
2716
2717
2718
2719
2720
2721
2722
2723
2724
2725
2727
2728
2729
2730
2731
2733
2734
2735
2737
2738
2739
2740
2741
2742
2743
2745
2747
2749
2751
2752
2753
2755
2756
2758
2759
2760
2761
2762
2763
2764
2765
2766
2767
2769
2770
2771
2772
2773
2774
2776
2777
2779
2780
2782
2783
2784
2785
2788
2789
2790
2791
2792
2793
2795
2796
2798
2799
2800
2802
2805
2806
2809
2812
2813
2815
2816
2817
2818
2819
2821
2822
2825
2826
2827
2828
2829
2830
2831
2833
2834
2835
2836
2837
2839
2840
2841
2842
2844
2845
2846
2847
2849
2850
2852
2854
2855
2857
2859
2861
2862
2863
2865
2867
2868
2870
2872
2873
2874
2876
2883
2884
2886
2888
2889
2890
2893
2896
2897
2898
2901
2902
2903
2904
2907
2909
2910
2911
2912
2914
2915
2916
2917
2918
2919
2922
2923
2925
2926
2927
2928
2931
2934
2935
2937
2938
2939
2940
2941
2942
2943
2944
2945
2946
2947
2948
2949
2952
2956
2958
2959
2961
2964
2965
2966
2968
2969
2970
2971
2973
2974
2975
2976
2978
2979
2980
2982
2983
2984
2986
2987
2988
2989
2992
2993
2994
2996
2998
2999
3000
3001
3002
3003
3006
3010
3011
3016
3018
3021
3022
3023
3025
3027
3029
3030
3032
3033
3035
3036
3037
3038
3040
3042
3043
3045
3048
3049
3050
3052
3053
3055
3056
3057
3061
3063
3072
3073
3074
3076
3077
3078
3079
3080
3082
3083
3085
3088
3090
3091
3092
3094
3097
3098
3099
3100
3101
3102
3103
3106
3110
3111
3112
3120
3122
3123
3124
3126
3127
3128
3130
3131
3132
3134
3135
3137
3138
3140
3143
3144
3148
3149
3154
3155
3157
3158
3159
3162
3164
3166
3167
3168
3169
3172
3174
3177
3179
3184
3186
3189
3190
3191
3192
3195
3204
3205
3206
3207
3208
3210
3213
3217
3218
3219
3222
3226
3229
3232
3239
3240
3241
3243
3245
3246
3250
3251
3252
3253
3254
3257
3258
3260
3261
3262
3264
3266
3268
3269
3273
3274
3275
3276
3278
3280
3281
3282
3284
3285
3286
3287
3288
3290
3291
3293
3295
3296
3297
3298
3299
3301
3304
3306
3307
3308
3310
3315
3316
3317
3318
3319
3322
3323
3324
3325
3326
3327
3328
3329
3330
3331
3332
3334
3337
3340
3344
3345
3347
3349
3351
3353
3355
3357
3360
3361
3363
3365
3370
3371
3373
3378
3379
3380
3382
3383
3384
3385
3387
3388
3389
3391
3392
3393
3394
3395
3396
3397
3398
3403
3404
3405
3406
3407
3408
3409
3411
3413
3414
3415
3416
3418
3420
3421
3422
3423
3424
3425
3426
3427
3428
3429
3430
3431
3435
3436
3437
3438
3439
3441
3442
3444
3446
3448
3450
3453
3454
3456
3457
3458
3459
3460
3461
3462
3463
3464
3466
3467
3472
3473
3474
3477
3480
3483
3484
3485
3486
3487
3488
3490
3491
3492
3496
3497
3500
3501
3502
3503
3506
3507
3509
3512
3514
3517
3519
3524
3528
3529
3530
3531
3532
3534
3535
3537
3538
3539
3540
3543
3544
3545
3548
3549
3550
3552
3553
3554
3555
3557
3558
3559
3560
3562
3563
3566
3570
3573
3574
3579
3581
3582
3583
3588
3592
3593
3597
3599
3600
3602
3605
3606
3608
3610
3611
3612
3613
3614
3617
3618
3619
3622
3623
3625
3626
3629
3631
3632
3634
3637
3639
3640
3642
3643
3644
3645
3647
3650
3653
3655
3656
3657
3658
3659
3660
3661
3662
3665
3666
3667
3671
3672
3673
3674
3675
3676
3677
3678
3680
3682
3684
3686
3688
3690
3691
3694
3696
3697
3698
3699
3701
3702
3703
3705
3706
3708
3709
3710
3711
3712
3713
3714
3716
3717
3718
3734
3736
3749
3752
3760
3761
3762
3766
3767
3768
3769
3770
3771
3776
3778
3781
3783
3784
3787
3788
3789
3791
3797
3799
3801
3803
3804
3805
3811
3816
3820
3823
3825
3826
3827
3829
3832
3833
3835
3836
3837
3838
3840
3841
3847
3849
3851
3852
3853
3855
3856
3857
3858
3859
3860
3861
3866
3872
3873
3875
3876
3879
3882
3886
3887
3888
3892
3893
3897
3899
3903
3904
3916
3919
3920
3921
3923
3928
3930
3933
3934
3935
3938
3944
3946
3947
3948
3950
3954
3958
3959
3964
3966
3968
3969
3971
3975
3983
3992
3994
3998
4003
4005
4008
4010
4012
4015
4025
4033
4034
4035
4036
4041
4046
4050
4053
4060
4063
4069
4070
4071
4072
4075
4078
4082
4083
4084
4088
4097
4099
4102
4111
4112
4113
4116
4117
4131
4135
4141
4148
4154
4155
4157
4165
4177
4178
4179
4181
4182
4185
4188
4193
4197
4199
4201
4202
4207
4208
4211
4212
4213
4218
4222
4224
4230
4231
4233
4235
4238
4239
4240
4243
4251
4253
4261
4265
4266
4268
4276
4285
4291
4294
4297
4302
4316
4319
4322
4323
4324
4334
4337
4339
4343
4346
4347
4348
4349
4350
4354
4355
4356
4357
4358
4368
4369
4373
4379
4380
4382
4384
4388
4389
4390
4391
4392
4393
4394
4395
4396
4398
4399
4400
4401
4402
4403
4404
4406
4407
4408
4410
4411
4412
4413
4414
4415
4416
4417
4418
4419
4420
4421
4422
4424
4425
4426
4427
4428
4430
4431
4432
4433
4434
4435
4436
4438
4439
4441
4442
4443
4444
4445
4446
4447
4448
4450
4451
4452
4454
4455
4457
4459
4461
4463
4464
4467
4468
4469
4471
4472
4473
4474
4475
4476
4480
4481
4482
4484
4485
4487
4488
4491
4492
4493
4494
4496
4497
4500
4502
4503
4504
4507
4508
4511
4513
4514
4515
4516
4517
4518
4519
4520
4521
4522
4524
4525
4528
4530
4531
4532
4533
4534
4538
4543
4544
4545
4546
4547
4548
4549
4550
4551
4553
4555
4556
4557
4559
4563
4565
4570
4571
4572
4574
4576
4577
4579
4580
4581
4582
4587
4588
4590
4592
4593
4594
4596
4597
4598
4599
4602
4603
4605
4606
4608
4609
4610
4611
4612
4613
4614
4616
4617
4618
4619
4621
4622
4623
4625
4627
4628
4629
4630
4632
4633
4634
4637
4638
4639
4641
4643
4644
4647
4648
4650
4652
4653
4654
4658
4659
4660
4664
4665
4666
4669
4670
4671
4672
4673
4675
4676
4678
4679
4682
4685
4686
4687
4691
4693
4694
4695
4697
4698
4699
4700
4701
4702
4708
4709
4713
4714
4715
4716
4719
4721
4722
4723
4725
4726
4730
4731
4732
4733
4735
4736
4737
4738
4740
4742
4743
4744
4746
4747
4748
4751
4752
4753
4756
4758
4759
4760
4762
4765
4766
4768
4775
4776
4778
4780
4781
4783
4785
4786
4787
4791
4792
4793
4795
4796
4797
4798
4799
4800
4801
4802
4803
4807
4811
4812
4813
4815
4816
4817
4818
4819
4821
4822
4823
4825
4827
4828
4830
4831
4832
4835
4837
4842
4843
4845
4846
4848
4849
4850
4852
4853
4856
4857
4858
4860
4862
4863
4866
4870
4871
4874
4876
4877
4878
4882
4883
4885
4886
4889
4891
4892
4893
4895
4897
4899
4900
4902
4904
4905
4907
4908
4910
4913
4916
4917
4918
4919
4921
4922
4924
4925
4927
4935
4936
4937
4938
4942
4943
4944
4945
4946
4948
4951
4956
4959
4960
4963
4965
4966
4967
4972
4973
4975
4977
4979
4980
4981
4982
4984
4985
4986
4987
4990
4991
4993
4995
4997
4998
5000
5001
5002
5005
5008
5010
5012
5014
5017
5022
5026
5029
5033
5034
5035
5037
5039
5040
5041
5044
5045
5046
5047
5048
5049
5050
5051
5052
5053
5055
5056
5057
5062
5063
5064
5065
5066
5067
5069
5070
5072
5073
5074
5075
5077
5078
5079
5081
5082
5085
5087
5089
5090
5093
5094
5095
5096
5099
5100
5101
5102
5103
5106
5107
5109
5110
5112
5116
5117
5119
5120
5122
5123
5125
5128
5130
5131
5133
5134
5139
5140
5142
5143
5147
5148
5150
5151
5152
5153
5155
5157
5158
5159
5160
5162
5163
5165
5166
5169
5171
5172
5173
5174
5175
5179
5180
5183
5185
5188
5189
5190
5192
5193
5194
5199
5202
5203
5204
5205
5209
5213
5214
5215
5216
5217
5220
5221
5222
5226
5227
5229
5233
5234
5237
5239
5240
5241
5245
5246
5247
5250
5253
5254
5255
5257
5264
5267
5268
5269
5272
5274
5275
5276
5277
5278
5281
5282
5283
5284
5286
5287
5288
5290
5291
5293
5294
5297
5298
5300
5303
5304
5307
5308
5309
5312
5313
5318
5320
5326
5327
5329
5330
5331
5334
5335
5336
5337
5339
5340
5342
5343
5344
5347
5348
5350
5351
5354
5355
5356
5358
5360
5362
5363
5365
5367
5376
5379
5380
5384
5385
5386
5387
5388
5390
5393
5394
5395
5396
5397
5401
5406
5410
5412
5415
5417
5418
5423
5424
5430
5433
5434
5435
5436
5437
5438
5439
5440
5442
5443
5447
5448
5450
5451
5454
5457
5460
5461
5466
5467
5471
5473
5474
5475
5476
5477
5478
5479
5480
5481
5482
5483
5484
5487
5488
5490
5492
5497
5500
5501
5502
5504
5505
5506
5509
5511
5512
5518
5519
5521
5523
5525
5527
5530
5532
5534
5536
5545
5546
5548
5549
5553
5556
5559
5561
5562
5565
5569
5571
5572
5575
5576
5582
5585
5589
5590
5594
5596
5597
5600
5601
5602
5608
5619
5620
5621
5622
5623
5624
5626
5629
5632
5642
5646
5649
5653
5654
5658
5659
5660
5662
5664
5670
5672
5675
5677
5678
5680
5681
5682
5683
5689
5692
5694
5695
5698
5701
5705
5709
5726
5730
5735
5737
5739
5740
5742
5743
5748
5752
5753
5754
5755
5757
5760
5761
5762
5763
5764
5769
5777
5780
5781
5787
5793
5799
5800
5801
5802
5804
5805
5808
5810
5811
5812
5817
5818
5822
5826
5827
5830
5832
5835
5839
5840
5841
5843
5845
5847
5850
5851
5854
5858
5861
5862
5863
5864
5867
5870
5872
5875
5876
5877
5880
5881
5882
5883
5885
5886
5888
5889
5890
5893
5901
5903
5904
5905
5906
5911
5912
5913
5915
5916
5917
5920
5922
5923
5924
5925
5926
5928
5929
5932
5937
5938
5939
5943
5951
5953
5954
5955
5958
5961
5963
5964
5968
5970
5972
5974
5975
5977
5978
5984
5987
5992
5993
5994
5999
6002
6003
6009
6010
6011
6014
6016
6017
6019
6021
6023
6025
6029
6031
6033
6041
6042
6047
6048
6051
6055
6056
6058
6059
6060
6061
6062
6064
6065
6066
6070
6071
6072
6075
6077
6081
6084
6085
6086
6087
6090
6092
6093
6095
6096
6097
6098
6101
6102
6105
6106
6107
6108
6110
6111
6115
6118
6119
6121
6124
6128
6129
6130
6132
6134
6135
6136
6137
6141
6142
6144
6146
6148
6156
6157
6158
6161
6162
6164
6165
6166
6169
6170
6171
6173
6174
6176
6177
6178
6181
6183
6188
6189
6190
6191
6194
6195
6198
6200
6201
6202
6203
6204
6205
6206
6207
6208
6209
6212
6214
6215
6217
6218
6219
6220
6221
6223
6224
6225
6226
6227
6228
6229
6230
6232
6233
6234
6235
6237
6238
6239
6240
6241
6242
6243
6244
6245
6246
6248
6249
6250
6251
6252
6254
6255
6256
6257
6258
6259
6260
6261
6262
6263
6264
6265
6266
6267
6268
6270
6272
6273
6274
6275
6276
6277
6278
6279
6280
6282
6283
6284
6285
6287
6288
6289
6290
6291
6292
6293
6294
6295
6296
6297
6298
6299
6300
6302
6303
6304
6305
6306
6307
6308
6309
6310
6311
6312
6313
6315
6316
6317
6318
6321
6322
6324
6326
6327
6328
6329
6330
6331
6332
6333
6334
6337
6338
6340
6341
6342
6343
6344
6345
6347
6348
6349
6350
6351
6352
6353
6354
6355
6356
6357
6358
6359
6361
6362
6363
6364
6365
6366
6367
6368
6369
6370
6371
6373
6374
6375
6377
6378
6379
6380
6381
6382
6384
6386
6388
6389
6390
6391
6392
6393
6395
6396
6398
6399
6401
6402
6404
6405
6406
6407
6409
6410
6411
6412
6413
6414
6415
6416
6417
6420
6421
6423
6424
6425
6426
6428
6429
6430
6431
6432
6433
6434
6435
6437
6438
6439
6441
6442
6443
6444
6445
6447
6449
6450
6451
6452
6454
6455
6456
6457
6458
6459
6460
6461
6465
6467
6469
6470
6472
6473
6474
6475
6477
6478
6479
6481
6486
6487
6488
6490
6492
6493
6494
6496
6498
6499
6500
6502
6503
6504
6505
6507
6508
6509
6511
6512
6513
6514
6517
6520
6522
6523
6525
6526
6527
6528
6529
6532
6533
6535
6536
6537
6538
6539
6540
6541
6543
6544
6545
6546
6547
6551
6555
6556
6558
6561
6563
6565
6566
6567
6568
6569
6572
6573
6575
6576
6580
6581
6582
6583
6584
6587
6588
6592
6595
6597
6598
6599
6600
6601
6602
6603
6604
6606
6608
6609
6612
6613
6614
6616
6618
6621
6624
6625
6626
6627
6629
6630
6631
6632
6633
6634
6636
6638
6640
6642
6644
6645
6649
6652
6653
6654
6656
6657
6658
6659
6660
6661
6663
6664
6665
6666
6667
6668
6673
6674
6675
6676
6678
6679
6680
6684
6685
6687
6688
6689
6690
6691
6694
6695
6697
6700
6702
6703
6705
6706
6707
6708
6710
6712
6713
6714
6715
6718
6722
6724
6725
6728
6730
6731
6732
6733
6734
6736
6737
6741
6742
6746
6747
6749
6750
6751
6752
6754
6756
6757
6759
6762
6764
6765
6766
6767
6769
6770
6773
6775
6776
6777
6778
6781
6782
6783
6786
6789
6790
6792
6795
6798
6799
6800
6802
6804
6805
6808
6810
6811
6813
6814
6815
6816
6818
6820
6822
6823
6824
6825
6827
6829
6835
6837
6839
6841
6842
6845
6848
6849
6851
6852
6854
6860
6863
6864
6867
6868
6872
6873
6875
6876
6880
6881
6882
6883
6885
6886
6888
6889
6890
6893
6896
6899
6900
6901
6902
6904
6905
6906
6909
6910
6912
6913
6914
6919
6920
6924
6925
6927
6931
6936
6937
6940
6942
6943
6944
6945
6946
6947
6948
6950
6953
6954
6956
6957
6960
6961
6962
6964
6966
6967
6968
6969
6971
6974
6975
6976
6977
6978
6979
6980
6982
6983
6985
6986
6987
6988
6990
6991
6992
6994
6996
6999
7000
7001
7002
7005
7006
7008
7009
7010
7011
7012
7013
7014
7015
7016
7021
7022
7029
7030
7031
7032
7035
7039
7040
7041
7042
7043
7044
7045
7046
7047
7048
7049
7051
7052
7054
7055
7058
7059
7060
7063
7064
7065
7069
7071
7075
7078
7079
7083
7089
7090
7094
7096
7098
7099
7102
7104
7106
7107
7109
7110
7111
7112
7116
7118
7119
7120
7121
7123
7125
7130
7132
7134
7138
7139
7140
7142
7143
7149
7150
7152
7153
7155
7157
7158
7163
7164
7165
7166
7167
7168
7170
7171
7173
7175
7177
7178
7180
7181
7182
7184
7186
7187
7188
7189
7191
7193
7194
7195
7197
7198
7200
7201
7206
7208
7210
7211
7215
7222
7223
7224
7228
7229
7231
7233
7234
7235
7237
7238
7240
7244
7245
7248
7249
7251
7252
7253
7254
7258
7259
7262
7263
7264
7267
7269
7271
7272
7274
7275
7276
7279
7280
7283
7284
7285
7286
7288
7292
7295
7296
7298
7302
7303
7310
7313
7314
7317
7320
7321
7323
7325
7326
7327
7331
7332
7336
7337
7339
7340
7342
7343
7344
7345
7346
7348
7349
7351
7354
7356
7357
7358
7359
7361
7363
7364
7367
7368
7369
7370
7371
7372
7374
7375
7376
7377
7378
7379
7381
7383
7384
7386
7387
7388
7389
7390
7391
7392
7393
7395
7396
7398
7401
7402
7404
7405
7406
7407
7408
7410
7412
7413
7415
7416
7417
7418
7419
7421
7422
7424
7425
7427
7434
7454
7457
7465
7467
7471
7472
7478
7481
7482
7483
7485
7490
7503
7505
7506
7513
7516
7517
7518
7519
7524
7525
7527
7529
7536
7539
7540
7542
7545
7546
7547
7548
7551
7552
7554
7561
7565
7566
7569
7570
7571
7572
7579
7580
7586
7589
7590
7591
7600
7610
7613
7621
7625
7635
7638
7642
7647
7653
7665
7667
7668
7676
7680
7688
7689
7691
7693
7696
7710
7729
7747
7754
7755
7764
7768
7780
7785
7796
7798
7802
7808
7811
7826
7829
7836
7837
7850
7855
7870
7881
7916
7927
7936
7939
7947
7952
7959
7969
7977
7983
7987
8003
8012
8017
8029
8030
8051
8072
8073
8083
8086
8088
8102
8105
8107
8108
8109
8112
8113
8114
8115
8116
8117
8118
8119
8120
8121
8122
8124
8125
8127
8128
8129
8131
8133
8134
8135
8136
8139
8140
8141
8142
8143
8144
8145
8146
8148
8150
8151
8153
8155
8156
8158
8160
8161
8162
8163
8165
8166
8167
8169
8170
8171
8175
8179
8180
8181
8182
8184
8185
8186
8187
8188
8190
8191
8192
8195
8196
8197
8201
8203
8204
8206
8208
8210
8212
8214
8215
8217
8219
8220
8222
8223
8224
8226
8230
8231
8233
8240
8241
8245
8246
8248
8249
8252
8254
8255
8258
8260
8262
8264
8265
8269
8271
8272
8273
8274
8275
8277
8279
8281
8282
8286
8287
8289
8290
8291
8294
8295
8296
8301
8302
8303
8309
8311
8312
8315
8317
8318
8319
8320
8321
8322
8323
8325
8328
8329
8331
8332
8333
8335
8338
8339
8343
8344
8345
8348
8350
8351
8355
8358
8359
8361
8363
8366
8367
8368
8371
8372
8373
8374
8379
8382
8383
8384
8385
8386
8387
8388
8389
8390
8391
8394
8397
8399
8400
8401
8402
8404
8405
8408
8410
8413
8414
8415
8417
8418
8420
8421
8422
8423
8425
8429
8430
8432
8434
8435
8436
8437
8438
8439
8442
8444
8446
8447
8451
8453
8454
8458
8459
8460
8471
8473
8475
8477
8478
8479
8480
8481
8482
8483
8484
8490
8491
8494
8497
8498
8501
8502
8505
8507
8509
8510
8512
8515
8517
8519
8521
8525
8526
8528
8529
8531
8533
8535
8537
8539
8540
8541
8542
8544
8548
8549
8551
8554
8556
8558
8559
8562
8563
8569
8570
8571
8572
8574
8576
8577
8578
8580
8588
8589
8592
8594
8602
8603
8606
8609
8616
8620
8621
8627
8628
8630
8635
8636
8637
8639
8640
8642
8643
8645
8647
8649
8651
8653
8656
8661
8665
8667
8669
8670
8675
8676
8678
8680
8681
8683
8685
8693
8694
8695
8696
8704
8705
8707
8711
8716
8717
8719
8720
8721
8725
8728
8729
8731
8735
8739
8744
8746
8747
8749
8752
8753
8754
8755
8757
8758
8759
8760
8761
8766
8767
8775
8776
8777
8779
8782
8785
8801
8803
8804
8806
8807
8814
8819
8821
8825
8826
8829
8830
8831
8843
8844
8849
8855
8861
8862
8864
8872
8873
8876
8877
8878
8879
8880
8884
8888
8889
8892
8895
8896
8897
8900
8905
8906
8907
8912
8914
8916
8917
8918
8923
8925
8927
8928
8931
8932
8933
8935
8936
8943
8944
8945
8947
8948
8950
8952
8953
8954
8955
8957
8959
8960
8961
8963
8964
8965
8966
8967
8968
8978
8983
8985
8986
8988
8991
8995
8996
8997
8998
8999
9002
9004
9007
9008
9034
9037
9038
9041
9043
9048
9049
9051
9056
9058
9062
9064
9066
9069
9075
9079
9080
9084
9085
9091
9092
9093
9095
9097
9099
9101
9103
9104
9107
9110
9112
9114
9118
9120
9122
9125
9127
9128
9135
9137
9141
9146
9148
9149
9150
9151
9154
9157
9159
9160
9164
9165
9175
9178
9181
9182
9187
9189
9190
9195
9196
9198
9203
9205
9208
9213
9215
9216
9221
9223
9227
9233
9234
9235
9237
9241
9244
9247
9249
9250
9256
9258
9262
9263
9267
9273
9274
9275
9279
9280
9282
9286
9290
9292
9296
9299
9303
9306
9310
9311
9312
9313
9318
9319
9322
9325
9327
9328
9332
9336
9337
9346
9348
9351
9352
9355
9356
9361
9365
9366
9367
9368
9373
9374
9376
9384
9391
9394
9395
9397
9399
9400
9402
9403
9406
9408
9409
9417
9420
9428
9432
9435
9440
9444
9445
9449
9451
9453
9457
9465
9466
9473
9474
9475
9476
9483
9485
9488
9494
9501
9502
9507
9510
9513
9521
9522
9524
9530
9536
9537
9538
9545
9548
9555
9565
9567
9568
9572
9575
9590
9591
9594
9595
9596
9597
9599
9600
9614
9618
9630
9640
9642
9646
9651
9656
9661
9663
9666
9668
9669
9676
9681
9683
9684
9686
9689
9692
9703
9707
9708
9713
9714
9718
9719
9721
9722
9726
9727
9730
9735
9743
9747
9750
9753
9756
9764
9765
9766
9769
9774
9775
9776
9778
9779
9783
9784
9785
9791
9796
9800
9802
9803
9809
9811
9814
9815
9816
9818
9819
9822
9824
9825
9827
9828
9832
9833
9834
9843
9844
9848
9851
9856
9860
9864
9870
9871
9872
9876
9883
9884
9885
9886
9887
9893
9901
9904
9912
9913
9915
9916
9917
9919
9921
9922
9923
9925
9926
9928
9930
9931
9933
9934
9936
9937
9938
9939
9940
9941
9942
9943
9946
9948
9949
9951
9952
9953
9954
9956
9957
9960
9961
9963
9964
9965
9966
9967
9968
9969
9970
9971
9972
9973
9974
9975
9977
9978
9979
9980
9981
9982
9984
9985
9986
9987
9988
9989
9990
9991
9992
9995
9996
9997
9998
9999
10000
10001
10002
10004
10005
10007
10008
10009
10010
10011
10012
10013
10014
10016
10017
10018
10019
10020
10022
10023
10024
10025
10026
10027
10028
10029
10030
10032
10035
10038
10040
10042
10043
10044
10045
10046
10047
10048
10049
10050
10051
10052
10056
10057
10058
10059
10061
10062
10063
10064
10067
10069
10070
10071
10072
10073
10074
10076
10077
10078
10079
10080
10081
10082
10083
10084
10086
10087
10088
10089
10090
10091
10092
10094
10095
10096
10097
10098
10099
10102
10103
10104
10105
10106
10109
10111
10112
10113
10114
10117
10118
10119
10120
10121
10123
10124
10125
10126
10127
10128
10129
10130
10134
10137
10139
10140
10145
10146
10147
10148
10151
10152
10153
10154
10155
10156
10157
10158
10163
10166
10168
10169
10170
10172
10173
10174
10175
10176
10177
10179
10180
10181
10182
10183
10184
10186
10188
10190
10192
10193
10194
10195
10197
10201
10202
10204
10206
10209
10210
10212
10214
10217
10219
10220
10222
10223
10225
10226
10227
10228
10230
10231
10235
10237
10238
10240
10241
10244
10247
10249
10250
10253
10254
10257
10258
10261
10265
10266
10269
10270
10273
10278
10280
10281
10282
10283
10286
10287
10289
10294
10296
10298
10299
10300
10302
10306
10310
10312
10314
10316
10318
10321
10322
10324
10325
10326
10330
10332
10334
10335
10337
10339
10340
10342
10343
10345
10346
10347
10348
10351
10353
10356
10361
10362
10366
10368
10370
10371
10372
10374
10376
10377
10381
10382
10385
10386
10387
10390
10393
10396
10398
10399
10401
10402
10403
10404
10408
10409
10411
10412
10414
10415
10416
10417
10418
10420
10421
10424
10426
10430
10431
10432
10433
10438
10439
10444
10445
10446
10448
10451
10453
10456
10457
10461
10462
10463
10464
10465
10466
10468
10470
10471
10476
10477
10478
10480
10481
10482
10488
10489
10491
10493
10500
10501
10504
10505
10506
10507
10512
10517
10522
10523
10527
10529
10531
10532
10539
10542
10544
10548
10549
10550
10554
10555
10556
10557
10558
10559
10562
10563
10566
10572
10573
10574
10577
10581
10582
10584
10586
10589
10590
10592
10593
10597
10600
10601
10602
10605
10607
10609
10611
10613
10614
10615
10620
10621
10622
10623
10624
10628
10629
10632
10633
10635
10638
10639
10640
10646
10647
10649
10650
10658
10660
10662
10663
10664
10667
10669
10671
10673
10676
10677
10679
10680
10681
10682
10686
10689
10690
10692
10693
10694
10697
10699
10701
10703
10704
10705
10706
10708
10710
10711
10713
10714
10715
10716
10718
10723
10725
10726
10727
10728
10729
10730
10731
10736
10740
10741
10742
10743
10745
10747
10750
10751
10753
10757
10760
10762
10765
10770
10772
10774
10775
10777
10779
10781
10784
10786
10787
10788
10789
10790
10791
10795
10797
10801
10806
10807
10808
10811
10812
10813
10816
10817
10821
10823
10824
10825
10826
10827
10829
10833
10834
10835
10839
10840
10849
10850
10852
10853
10854
10855
10860
10862
10864
10865
10866
10867
10868
10869
10870
10874
10875
10878
10881
10885
10887
10888
10890
10891
10892
10894
10895
10900
10901
10902
10905
10906
10907
10908
10911
10912
10913
10914
10915
10916
10918
10920
10921
10925
10926
10928
10929
10930
10931
10934
10935
10936
10938
10940
10942
10943
10947
10949
10951
10952
10958
10959
10962
10963
10968
10970
10973
10976
10977
10981
10982
10983
10984
10985
10986
10988
10989
10990
10991
10993
10994
10996
10997
10998
10999
11001
11002
11006
11007
11009
11012
11013
11016
11017
11018
11020
11021
11027
11030
11031
11032
11034
11035
11036
11037
11039
11040
11041
11042
11045
11046
11050
11051
11053
11054
11055
11057
11059
11062
11065
11066
11070
11071
11075
11078
11081
11082
11083
11085
11086
11087
11088
11089
11093
11098
11100
11101
11102
11103
11104
11106
11107
11109
11110
11112
11115
11116
11118
11119
11120
11122
11124
11125
11126
11127
11129
11131
11133
11135
11137
11139
11140
11141
11142
11144
11145
11151
11164
11178
11179
11180
11181
11183
11184
11185
11187
11190
11196
11198
11199
11206
11207
11210
11212
11213
11217
11220
11221
11223
11230
11231
11232
11233
11237
11238
11240
11243
11244
11248
11249
11251
11253
11254
11256
11257
11259
11260
11262
11268
11269
11272
11273
11277
11279
11280
11283
11285
11286
11287
11288
11297
11300
11301
11303
11304
11305
11306
11307
11312
11314
11316
11321
11325
11327
11334
11338
11344
11350
11354
11358
11361
11367
11368
11369
11377
11382
11383
11389
11402
11403
11404
11414
11419
11426
11428
11438
11441
11443
11449
11454
11456
11464
11465
11468
11478
11482
11491
11492
11495
11496
11498
11500
11501
11506
11510
11511
11522
11525
11536
11539
11551
11552
11553
11557
11558
11560
11566
11569
11575
11576
11577
11584
11591
11598
11602
11603
11607
11608
11610
11611
11618
11632
11633
11640
11641
11648
11650
11655
11661
11663
11664
11668
11675
11678
11679
11680
11681
11684
11686
11690
11694
11697
11698
11699
11704
11705
11717
11719
11720
11725
11728
11732
11744
11745
11753
11761
11762
11765
11767
11774
11775
11776
11778
11781
11784
11785
11791
11792
11795
11804
11811
11812
11816
11818
11819
11820
11821
11822
11825
11826
11827
11828
11829
11830
11831
11834
11836
11837
11839
11840
11841
11842
11843
11844
11846
11847
11848
11849
11850
11851
11852
11853
11854
11856
11857
11858
11859
11860
11861
11862
11864
11866
11867
11869
11870
11874
11875
11876
11878
11879
11880
11882
11883
11884
11886
11888
11889
11891
11892
11893
11894
11895
11898
11900
11902
11903
11904
11906
11909
11912
11913
11914
11915
11917
11918
11920
11921
11922
11926
11928
11929
11930
11931
11932
11933
11934
11935
11939
11942
11943
11945
11947
11948
11950
11951
11952
11954
11955
11956
11957
11958
11959
11960
11961
11962
11963
11969
11972
11973
11974
11975
11978
11979
11980
11983
11984
11985
11987
11991
11994
12002
12004
12007
12009
12011
12015
12017
12019
12021
12023
12026
12030
12032
12034
12035
12036
12037
12038
12039
12040
12041
12043
12046
12047
12048
12049
12050
12051
12053
12056
12060
12064
12065
12067
12069
12070
12073
12074
12076
12077
12080
12081
12082
12086
12087
12098
12099
12100
12103
12104
12108
12109
12110
12112
12113
12116
12119
12121
12122
12123
12125
12126
12127
12129
12131
12133
12135
12136
12137
12141
12142
12143
12147
12148
12149
12151
12157
12159
12161
12163
12164
12165
12166
12168
12174
12176
12180
12181
12183
12184
12185
12190
12191
12192
12193
12194
12195
12196
12197
12199
12201
12202
12203
12207
12208
12211
12213
12214
12215
12216
12217
12218
12219
12220
12223
12225
12227
12228
12229
12231
12235
12239
12240
12243
12244
12245
12246
12247
12253
12254
12255
12256
12258
12259
12260
12263
12264
12266
12267
12271
12273
12274
12276
12277
12285
12291
12292
12293
12294
12296
12298
12301
12302
12304
12306
12310
12311
12314
12316
12317
12319
12321
12322
12325
12327
12330
12333
12336
12337
12338
12340
12341
12342
12346
12349
12351
12352
12353
12361
12363
12364
12365
12366
12370
12371
12372
12376
12377
12379
12384
12388
12390
12391
12392
12394
12395
12397
12403
12404
12405
12406
12408
12409
12412
12413
12414
12415
12419
12425
12428
12429
12433
12434
12436
12438
12440
12441
12442
12443
12446
12447
12452
12453
12454
12457
12459
12461
12463
12466
12467
12468
12469
12472
12473
12474
12476
12477
12478
12482
12484
12487
12490
12491
12494
12497
12498
12500
12501
12503
12505
12506
12511
12512
12515
12517
12518
12519
12524
12525
12526
12527
12528
12529
12538
12544
12545
12550
12552
12553
12558
12563
12568
12570
12574
12575
12578
12579
12582
12583
12585
12588
12590
12593
12594
12599
12600
12603
12606
12607
12608
12617
12619
12620
12621
12622
12624
12629
12630
12632
12634
12636
12637
12638
12639
12641
12643
12644
12645
12647
12648
12649
12651
12654
12655
12658
12662
12669
12670
12675
12678
12680
12682
12685
12686
12687
12689
12694
12697
12701
12703
12705
12706
12707
12711
12714
12715
12718
12721
12722
12724
12725
12727
12729
12730
12731
12732
12734
12735
12737
12740
12741
12743
12745
12746
12751
12752
12753
12755
12757
12758
12762
12765
12766
12769
12770
12771
12774
12777
12779
12781
12783
12790
12793
12795
12801
12802
12804
12806
12812
12815
12818
12820
12821
12824
12827
12828
12829
12832
12833
12835
12836
12837
12839
12840
12845
12851
12852
12853
12858
12859
12862
12863
12864
12865
12866
12867
12868
12870
12871
12874
12878
12879
12882
12883
12888
12893
12894
12895
12901
12904
12907
12908
12909
12914
12916
12918
12925
12929
12930
12937
12938
12939
12943
12946
12949
12951
12956
12958
12962
12963
12964
12966
12971
12974
12981
12984
12986
12987
12990
12991
13003
13004
13009
13017
13020
13023
13024
13025
13030
13031
13032
13042
13050
13052
13054
13058
13060
13064
13076
13077
13079
13086
13089
13092
13096
13097
13103
13108
13113
13114
13117
13120
13129
13132
13139
13140
13142
13149
13152
13153
13154
13158
13161
13163
13165
13167
13170
13173
13174
13176
13177
13179
13180
13185
13188
13197
13199
13202
13215
13222
13223
13226
13229
13230
13231
13238
13240
13242
13243
13244
13245
13248
13250
13258
13259
13262
13263
13288
13290
13292
13294
13298
13301
13303
13305
13308
13310
13314
13328
13334
13335
13339
13342
13345
13349
13353
13354
13357
13358
13367
13370
13371
13372
13375
13377
13378
13381
13383
13390
13391
13396
13404
13406
13408
13409
13414
13421
13422
13425
13426
13427
13438
13439
13440
13442
13443
13444
13449
13451
13457
13461
13465
13469
13470
13471
13476
13483
13488
13489
13491
13492
13494
13497
13498
13499
13500
13503
13505
13508
13512
13513
13517
13519
13523
13524
13525
13526
13529
13530
13532
13533
13534
13536
13538
13539
13540
13545
13547
13548
13549
13556
13557
13558
13560
13562
13564
13570
13571
13572
13577
13578
13580
13584
13585
13586
13589
13591
13592
13593
13596
13597
13599
13600
13606
13612
13616
13618
13619
13622
13624
13628
13629
13630
13631
13632
13633
13634
13635
13636
13637
13640
13641
13643
13647
13648
13649
13651
13652
13653
13654
13655
13656
13657
13660
13661
13662
13665
13666
13667
13668
13670
13673
13674
13675
13676
13677
13678
13679
13680
13682
13683
13684
13685
13686
13688
13691
13692
13693
13695
13696
13698
13700
13701
13703
13704
13706
13707
13708
13710
13711
13712
13713
13715
13716
13717
13718
13720
13722
13723
13724
13725
13726
13727
13728
13729
13730
13731
13732
13733
13736
13738
13739
13740
13741
13742
13743
13744
13746
13747
13749
13750
13751
13753
13754
13756
13757
13758
13760
13761
13762
13763
13765
13766
13768
13769
13770
13771
13772
13773
13775
13776
13777
13778
13779
13781
13782
13783
13785
13786
13790
13791
13792
13795
13796
13797
13800
13801
13803
13805
13808
13809
13810
13811
13812
13814
13816
13818
13819
13820
13821
13823
13824
13826
13827
13831
13832
13833
13834
13835
13838
13840
13841
13842
13843
13844
13845
13846
13848
13850
13852
13853
13854
13856
13858
13859
13860
13861
13862
13863
13865
13866
13867
13869
13870
13871
13872
13873
13875
13880
13882
13884
13886
13889
13890
13891
13893
13894
13895
13897
13898
13900
13901
13902
13903
13904
13907
13908
13909
13910
13915
13916
13917
13918
13921
13923
13925
13926
13928
13929
13931
13932
13934
13935
13936
13937
13938
13939
13941
13942
13944
13950
13951
13954
13955
13956
13958
13961
13964
13966
13967
13968
13969
13971
13972
13973
13974
13975
13979
13980
13981
13983
13984
13986
13987
13990
13991
13994
13997
14000
14001
14004
14005
14007
14008
14009
14010
14012
14013
14015
14016
14018
14019
14021
14023
14025
14027
14028
14029
14032
14034
14038
14040
14041
14045
14046
14048
14049
14050
14051
14052
14054
14055
14057
14059
14060
14061
14062
14063
14068
14069
14070
14076
14077
14079
14080
14083
14084
14087
14089
14091
14095
14096
14100
14101
14107
14110
14115
14116
14117
14122
14130
14131
14132
14133
14134
14136
14140
14142
14143
14145
14146
14147
14148
14152
14153
14158
14160
14161
14164
14165
14171
14174
14175
14177
14178
14179
14180
14182
14184
14186
14188
14190
14196
14202
14205
14209
14211
14216
14221
14225
14228
14230
14234
14236
14237
14240
14243
14248
14250
14251
14253
14255
14256
14257
14264
14265
14269
14270
14273
14276
14277
14280
14281
14284
14287
14290
14296
14297
14299
14300
14301
14303
14306
14313
14314
14315
14316
14317
14318
14321
14326
14328
14329
14332
14334
14335
14337
14339
14340
14341
14343
14347
14352
14353
14354
14355
14361
14368
14369
14371
14372
14373
14374
14381
14382
14383
14385
14387
14388
14390
14392
14394
14395
14396
14397
14398
14400
14403
14404
14405
14406
14407
14408
14410
14413
14414
14416
14418
14419
14420
14421
14422
14424
14426
14427
14428
14430
14431
14432
14433
14434
14437
14438
14439
14440
14441
14443
14444
14445
14448
14449
14454
14456
14457
14458
14459
14467
14468
14470
14471
14474
14475
14476
14479
14481
14484
14485
14486
14488
14489
14491
14493
14499
14502
14507
14508
14509
14510
14511
14512
14515
14520
14521
14526
14527
14530
14531
14534
14536
14538
14539
14540
14543
14545
14546
14547
14548
14553
14556
14558
14562
14563
14566
14567
14568
14569
14571
14572
14574
14575
14576
14577
14578
14580
14581
14583
14584
14586
14587
14592
14593
14595
14598
14599
14601
14602
14603
14605
14606
14608
14609
14613
14615
14619
14620
14622
14624
14626
14627
14628
14631
14632
14633
14634
14638
14639
14641
14643
14650
14656
14657
14661
14663
14666
14668
14669
14671
14672
14673
14674
14677
14678
14679
14681
14682
14683
14684
14686
14687
14690
14694
14695
14697
14699
14701
14702
14703
14704
14705
14709
14712
14713
14716
14717
14718
14719
14720
14723
14726
14729
14730
14731
14739
14741
14742
14744
14746
14747
14748
14749
14751
14752
14754
14755
14759
14760
14764
14765
14767
14771
14772
14773
14776
14778
14779
14782
14784
14785
14794
14795
14797
14799
14800
14801
14802
14803
14809
14811
14814
14815
14816
14817
14818
14820
14821
14824
14829
14830
14833
14834
14835
14836
14837
14838
14839
14840
14841
14843
14845
14847
14849
14850
14851
14852
14855
14856
14858
14860
14861
14863
14865
14867
14875
14880
14882
14886
14888
14890
14895
14900
14902
14904
14905
14906
14910
14913
14916
14918
14919
14924
14928
14931
14932
14937
14942
14952
14957
14968
14970
14975
14980
14982
14984
14998
14999
15000
15001
15003
15004
15011
15014
15016
15017
15018
15035
15039
15041
15047
15061
15062
15063
15079
15083
15084
15092
15111
15116
15117
15127
15137
15146
15147
15152
15154
15160
15175
15178
15183
15192
15194
15208
15219
15227
15239
15243
15254
15261
15264
15274
15280
15281
15290
15298
15320
15321
15324
15336
15344
15347
15353
15355
15375
15377
15385
15391
15399
15408
15412
15413
15414
15415
15429
15444
15457
15458
15465
15466
15480
15494
15495
15499
15524
15531
15535
15537
15538
15539
15540
15541
15542
15543
15544
15546
15547
15548
15549
15550
15551
15552
15555
15556
15557
15559
15560
15561
15566
15567
15568
15569
15570
15571
15572
15574
15575
15576
15577
15578
15580
15581
15583
15584
15585
15588
15590
15591
15592
15593
15595
15596
15597
15598
15600
15601
15602
15603
15605
15607
15609
15611
15614
15616
15618
15620
15621
15624
15625
15628
15629
15630
15631
15634
15636
15637
15639
15640
15641
15644
15646
15648
15649
15650
15652
15656
15658
15659
15661
15662
15663
15668
15669
15670
15674
15675
15677
15678
15679
15680
15682
15683
15685
15686
15688
15689
15692
15693
15695
15696
15697
15698
15701
15702
15704
15705
15706
15707
15708
15712
15714
15716
15718
15722
15728
15729
15731
15735
15737
15740
15742
15744
15745
15746
15747
15748
15750
15751
15753
15757
15758
15761
15762
15763
15764
15765
15766
15771
15773
15775
15776
15777
15779
15780
15783
15786
15788
15789
15790
15791
15792
15793
15794
15795
15796
15800
15801
15804
15807
15808
15809
15811
15813
15814
15818
15821
15822
15824
15825
15826
15830
15833
15839
15840
15841
15843
15845
15852
15853
15854
15855
15856
15857
15858
15860
15863
15864
15866
15867
15869
15875
15882
15883
15886
15888
15892
15893
15896
15901
15903
15907
15910
15911
15916
15917
15919
15922
15923
15927
15928
15929
15931
15933
15934
15935
15937
15940
15942
15943
15944
15949
15950
15953
15956
15957
15958
15961
15962
15967
15969
15972
15979
15980
15981
15984
15987
15988
15989
15991
15994
15996
15999
16000
16002
16003
16005
16006
16008
16009
16012
16015
16016
16017
16018
16019
16020
16021
16026
16030
16032
16033
16034
16036
16040
16042
16046
16048
16049
16050
16052
16053
16054
16063
16065
16073
16075
16077
16078
16079
16080
16084
16085
16087
16088
16090
16095
16097
16100
16103
16104
16105
16106
16108
16109
16112
16114
16115
16116
16117
16118
16119
16120
16122
16124
16126
16132
16135
16136
16137
16140
16142
16143
16145
16146
16147
16149
16151
16161
16163
16166
16168
16169
16170
16171
16172
16173
16175
16177
16180
16181
16182
16185
16186
16187
16188
16189
16190
16192
16195
16197
16201
16204
16205
16210
16211
16212
16214
16215
16217
16219
16220
16222
16224
16226
16229
16230
16231
16234
16238
16239
16242
16244
16247
16249
16250
16252
16253
16254
16255
16256
16257
16259
16260
16263
16264
16266
16267
16269
16271
16272
16283
16286
16288
16290
16292
16293
16295
16301
16302
16304
16305
16306
16311
16314
16316
16317
16318
16320
16321
16323
16326
16328
16330
16332
16333
16334
16339
16342
16344
16346
16353
16354
16356
16357
16360
16362
16363
16364
16365
16366
16368
16369
16372
16373
16375
16376
16380
16383
16388
16392
16393
16394
16402
16406
16407
16408
16412
16413
16416
16417
16418
16419
16422
16423
16424
16425
16426
16428
16430
16432
16433
16435
16436
16439
16440
16441
16442
16446
16448
16449
16452
16459
16466
16467
16473
16475
16476
16477
16479
16480
16482
16485
16486
16489
16493
16498
16506
16507
16512
16518
16522
16529
16530
16531
16532
16534
16535
16536
16538
16542
16543
16544
16547
16552
16554
16555
16561
16567
16570
16571
16573
16578
16579
16581
16582
16584
16585
16587
16588
16590
16591
16593
16595
16599
16602
16603
16604
16605
16607
16609
16615
16618
16619
16621
16622
16623
16624
16634
16643
16647
16649
16652
16660
16667
16677
16678
16680
16684
16685
16688
16690
16697
16701
16707
16710
16711
16712
16713
16718
16723
16724
16729
16734
16737
16739
16740
16745
16751
16752
16753
16755
16756
16760
16763
16764
16770
16771
16776
16784
16793
16795
16797
16800
16802
16808
16810
16815
16818
16819
16821
16824
16825
16827
16829
16830
16834
16836
16842
16853
16856
16868
16872
16873
16877
16879
16881
16882
16884
16887
16889
16893
16894
16901
16902
16903
16907
16913
16917
16918
16920
16929
16930
16933
16934
16935
16937
16939
16943
16950
16958
16964
16966
16968
16969
16972
16978
16983
16996
16999
17008
17013
17018
17019
17020
17025
17026
17028
17031
17037
17038
17040
17041
17042
17046
17051
17052
17056
17057
17060
17064
17071
17078
17084
17085
17089
17090
17091
17094
17096
17097
17100
17104
17107
17108
17111
17114
17117
17123
17126
17130
17138
17139
17140
17143
17147
17158
17159
17163
17165
17167
17175
17176
17179
17181
17183
17184
17185
17191
17195
17197
17200
17202
17204
17206
17207
17208
17210
17212
17213
17214
17217
17218
17219
17227
17228
17231
17234
17237
17238
17239
17241
17243
17244
17247
17250
17253
17257
17259
17263
17266
17267
17268
17271
17274
17278
17284
17286
17288
17290
17291
17292
17294
17299
17300
17303
17304
17311
17315
17317
17319
17320
17321
17326
17327
17329
17330
17334
17336
17337
17338
17339
17343
17344
17346
17347
17348
17349
17350
17351
17352
17353
17354
17357
17359
17362
17365
17367
17368
17369
17370
17371
17373
17374
17375
17376
17377
17378
17380
17381
17382
17384
17385
17386
17387
17388
17390
17391
17392
17393
17394
17395
17396
17397
17398
17400
17402
17403
17404
17405
17406
17407
17408
17409
17410
17412
17414
17415
17416
17418
17419
17420
17421
17422
17423
17424
17425
17426
17427
17428
17429
17430
17431
17432
17433
17434
17435
17437
17438
17440
17441
17442
17444
17446
17447
17451
17452
17454
17455
17457
17458
17460
17461
17463
17466
17468
17470
17472
17473
17474
17475
17476
17477
17479
17480
17482
17483
17485
17486
17487
17489
17490
17491
17492
17495
17497
17498
17499
17500
17502
17504
17506
17507
17508
17509
17510
17511
17512
17514
17516
17517
17519
17520
17525
17526
17528
17532
17533
17534
17535
17537
17541
17543
17545
17546
17548
17550
17552
17553
17556
17557
17559
17560
17562
17563
17564
17566
17568
17572
17574
17575
17576
17579
17580
17582
17583
17584
17585
17586
17587
17591
17592
17593
17594
17596
17597
17600
17602
17603
17605
17606
17608
17609
17611
17612
17614
17616
17617
17618
17621
17623
17628
17629
17632
17633
17634
17635
17636
17640
17642
17643
17644
17645
17648
17651
17652
17654
17662
17663
17664
17667
17668
17669
17672
17673
17674
17675
17677
17678
17680
17681
17682
17683
17684
17685
17686
17687
17688
17690
17693
17695
17698
17699
17702
17705
17708
17709
17711
17715
17716
17717
17719
17722
17723
17724
17726
17727
17729
17730
17732
17739
17740
17742
17743
17744
17749
17751
17754
17758
17759
17760
17765
17767
17770
17771
17773
17774
17775
17776
17779
17783
17784
17790
17791
17794
17795
17796
17797
17798
17799
17801
17802
17806
17807
17808
17809
17812
17815
17816
17820
17822
17823
17826
17829
17831
17832
17835
17837
17839
17840
17841
17845
17846
17847
17848
17850
17852
17854
17855
17859
17862
17865
17867
17868
17870
17874
17878
17879
17883
17886
17891
17892
17894
17898
17899
17901
17902
17904
17910
17914
17915
17916
17917
17919
17922
17924
17926
17929
17930
17934
17935
17939
17941
17947
17949
17950
17955
17958
17962
17966
17967
17974
17975
17976
17977
17979
17981
17982
17983
17984
17987
17990
17994
18008
18010
18013
18014
18015
18018
18021
18023
18028
18030
18032
18033
18035
18040
18041
18043
18047
18051
18053
18054
18056
18058
18060
18062
18064
18066
18067
18069
18073
18077
18086
18088
18090
18092
18094
18099
18101
18102
18105
18106
18107
18109
18110
18113
18117
18118
18120
18122
18123
18125
18132
18134
18137
18138
18143
18144
18146
18147
18148
18149
18150
18152
18153
18154
18155
18156
18157
18159
18162
18163
18164
18167
18168
18171
18172
18173
18174
18175
18178
18180
18181
18184
18193
18196
18203
18206
18207
18213
18214
18215
18216
18217
18218
18219
18220
18221
18223
18229
18232
18236
18240
18241
18242
18243
18245
18250
18251
18253
18254
18255
18257
18263
18265
18273
18274
18275
18276
18277
18278
18279
18281
18282
18284
18286
18291
18292
18294
18295
18298
18302
18304
18306
18308
18310
18313
18314
18315
18317
18319
18320
18321
18323
18324
18327
18329
18330
18333
18334
18336
18339
18342
18344
18345
18346
18347
18348
18350
18352
18353
18356
18357
18363
18365
18368
18372
18375
18376
18377
18380
18385
18386
18387
18388
18390
18391
18393
18394
18396
18400
18401
18402
18404
18405
18406
18409
18411
18412
18416
18417
18422
18423
18424
18426
18427
18430
18433
18435
18437
18438
18439
18440
18442
18446
18448
18449
18451
18453
18455
18456
18458
18459
18460
18462
18463
18465
18466
18470
18473
18474
18477
18478
18479
18482
18484
18487
18488
18490
18491
18492
18493
18495
18496
18498
18499
18503
18507
18511
18512
18513
18514
18516
18521
18522
18523
18525
18527
18528
18529
18530
18531
18532
18535
18538
18540
18542
18543
18544
18545
18546
18547
18550
18552
18554
18555
18557
18558
18559
18561
18562
18563
18564
18565
18568
18569
18570
18581
18582
18589
18590
18592
18596
18599
18600
18604
18605
18606
18607
18609
18611
18622
18623
18624
18627
18635
18637
18638
18639
18645
18649
18650
18654
18660
18661
18665
18668
18680
18682
18685
18687
18693
18694
18696
18697
18700
18702
18704
18705
18707
18713
18714
18715
18717
18718
18721
18722
18726
18727
18728
18732
18734
18737
18738
18740
18742
18743
18744
18745
18749
18753
18755
18760
18766
18776
18777
18784
18786
18792
18793
18796
18797
18800
18803
18804
18806
18817
18820
18830
18832
18834
18842
18844
18847
18865
18871
18875
18876
18877
18885
18896
18897
18902
18908
18910
18914
18922
18927
18935
18939
18940
18944
18956
18957
18958
18968
18970
18971
18981
18988
18990
18991
18995
18997
19004
19008
19022
19023
19031
19032
19034
19036
19038
19039
19040
19049
19050
19052
19053
19058
19059
19066
19068
19069
19072
19073
19080
19087
19089
19091
19094
19105
19106
19109
19112
19120
19125
19126
19131
19136
19142
19143
19147
19150
19151
19152
19153
19161
19168
19170
19190
19193
19194
19199
19213
19215
19219
19228
19231
19240
19244
19247
19249
19251
19252
19253
19254
19256
19257
19258
19259
19260
19261
19262
19263
19264
19265
19266
19267
19269
19270
19272
19274
19276
19277
19278
19280
19281
19282
19284
19287
19288
19289
19292
19295
19296
19297
19298
19299
19301
19302
19303
19304
19307
19309
19310
19311
19312
19314
19317
19318
19320
19321
19322
19326
19327
19328
19331
19332
19333
19334
19335
19336
19339
19340
19341
19343
19348
19349
19351
19352
19353
19354
19358
19360
19361
19362
19365
19366
19368
19369
19370
19371
19373
19375
19376
19377
19379
19380
19381
19382
19386
19388
19389
19390
19392
19394
19398
19400
19402
19403
19404
19405
19406
19408
19410
19411
19412
19414
19415
19416
19418
19419
19420
19422
19423
19428
19431
19432
19433
19435
19438
19442
19443
19449
19453
19454
19457
19458
19461
19462
19464
19465
19467
19468
19469
19474
19475
19476
19479
19480
19481
19482
19484
19485
19488
19490
19492
19493
19494
19497
19498
19500
19501
19503
19504
19505
19508
19512
19515
19517
19519
19521
19522
19526
19527
19528
19529
19532
19533
19535
19536
19538
19541
19543
19544
19545
19547
19550
19552
19553
19555
19557
19558
19563
19564
19565
19566
19568
19569
19571
19572
19576
19577
19578
19579
19582
19586
19589
19591
19592
19598
19599
19601
19602
19604
19607
19609
19610
19611
19613
19616
19617
19618
19620
19622
19624
19625
19629
19630
19631
19634
19636
19638
19641
19643
19644
19645
19646
19647
19648
19650
19651
19652
19656
19657
19658
19662
19663
19664
19665
19667
19668
19670
19671
19672
19673
19675
19681
19682
19683
19684
19686
19687
19689
19691
19693
19699
19700
19701
19702
19708
19713
19714
19715
19719
19720
19722
19726
19729
19730
19731
19732
19734
19735
19736
19741
19742
19744
19747
19748
19750
19753
19755
19761
19763
19764
19765
19766
19768
19769
19770
19772
19774
19777
19779
19781
19783
19786
19787
19793
19794
19796
19798
19800
19804
19806
19807
19816
19817
19818
19819
19822
19823
19827
19831
19833
19836
19842
19843
19845
19846
19847
19849
19850
19851
19854
19856
19858
19859
19864
19866
19869
19870
19872
19875
19877
19880
19881
19883
19884
19887
19888
19889
19890
19893
19896
19897
19899
19900
19902
19904
19906
19907
19908
19910
19911
19912
19915
19918
19919
19920
19922
19925
19929
19933
19934
19940
19945
19947
19948
19950
19951
19952
19956
19957
19960
19961
19964
19966
19968
19973
19978
19980
19986
19996
19997
19999
20000
20001
20006
20009
20010
20011
20015
20016
20019
20021
20022
20024
20028
20031
20032
20035
20037
20038
20044
20045
20047
20049
20050
20056
20058
20059
20060
20062
20064
20065
20067
20069
20072
20075
20077
20081
20083
20085
20086
20087
20090
20091
20092
20094
20095
20096
20098
20100
20102
20105
20106
20108
20110
20111
20112
20114
20117
20119
20120
20123
20133
20134
20136
20138
20139
20140
20142
20144
20145
20146
20147
20148
20150
20153
20154
20160
20162
20163
20165
20168
20169
20173
20176
20177
20179
20180
20183
20185
20186
20187
20188
20190
20193
20194
20195
20196
20199
20200
20202
20204
20207
20208
20212
20218
20223
20228
20229
20232
20233
20234
20235
20240
20243
20244
20248
20249
20250
20252
20253
20254
20256
20257
20260
20264
20265
20267
20268
20269
20270
20273
20279
20281
20282
20284
20286
20287
20288
20289
20291
20293
20295
20296
20299
20301
20302
20303
20306
20312
20313
20315
20316
20321
20326
20328
20329
20335
20337
20338
20343
20346
20353
20355
20356
20358
20363
20365
20366
20368
20371
20374
20375
20378
20380
20391
20393
20396
20398
20402
20408
20409
20410
20412
20414
20416
20417
20419
20422
20423
20424
20428
20431
20441
20452
20454
20456
20460
20467
20469
20473
20474
20475
20476
20478
20485
20488
20494
20497
20501
20503
20507
20509
20514
20520
20523
20526
20527
20531
20536
20537
20541
20543
20545
20548
20551
20554
20564
20565
20567
20568
20579
20582
20589
20591
20593
20595
20598
20599
20601
20603
20604
20608
20609
20611
20616
20617
20620
20625
20626
20630
20633
20634
20637
20643
20644
20652
20658
20666
20668
20672
20674
20678
20682
20683
20684
20686
20692
20695
20699
20703
20707
20709
20710
20718
20720
20731
20732
20736
20738
20739
20740
20741
20745
20747
20755
20767
20770
20772
20776
20778
20785
20792
20797
20798
20799
20800
20804
20807
20811
20817
20820
20822
20824
20828
20829
20830
20834
20836
20838
20844
20846
20849
20852
20853
20856
20861
20865
20867
20868
20877
20881
20885
20886
20889
20892
20897
20905
20908
20911
20916
20917
20925
20926
20927
20928
20931
20940
20944
20945
20946
20951
20952
20954
20955
20956
20957
20958
20964
20965
20966
20967
20973
20976
20977
20980
20982
20983
20984
20985
20988
20989
20990
20991
20992
20996
20997
20999
21000
21005
21006
21008
21011
21013
21014
21015
21019
21020
21021
21024
21027
21029
21033
21034
21035
21036
21044
21046
21048
21049
21050
21056
21057
21058
21059
21060
21061
21062
21064
21065
21066
21067
21069
21070
21073
21075
21076
21078
21079
21080
21081
21082
21083
21084
21085
21088
21090
21091
21092
21093
21096
21097
21098
21099
21100
21102
21103
21104
21105
21106
21108
21109
21110
21111
21112
21113
21114
21116
21118
21119
21120
21121
21122
21123
21124
21126
21129
21130
21131
21132
21133
21134
21135
21136
21139
21141
21142
21143
21144
21147
21148
21149
21150
21151
21153
21154
21155
21156
21158
21159
21161
21164
21166
21167
21168
21169
21170
21171
21172
21174
21175
21176
21177
21178
21182
21183
21184
21185
21186
21188
21189
21190
21193
21194
21196
21199
21200
21201
21203
21204
21206
21207
21209
21211
21212
21213
21218
21220
21221
21223
21224
21225
21227
21228
21229
21231
21232
21233
21235
21236
21237
21238
21240
21241
21242
21245
21246
21247
21248
21249
21250
21251
21252
21253
21254
21255
21256
21257
21259
21260
21262
21263
21264
21265
21269
21270
21271
21274
21276
21277
21278
21279
21281
21282
21283
21285
21286
21287
21288
21289
21290
21291
21292
21293
21294
21295
21297
21299
21300
21301
21304
21305
21306
21307
21308
21309
21310
21313
21314
21316
21317
21318
21319
21321
21326
21329
21330
21331
21333
21334
21335
21337
21338
21340
21341
21343
21346
21348
21349
21350
21354
21356
21359
21360
21362
21365
21367
21370
21374
21378
21379
21381
21382
21383
21386
21389
21391
21392
21394
21395
21396
21399
21400
21406
21409
21412
21413
21414
21415
21416
21419
21422
21424
21425
21426
21428
21429
21431
21432
21433
21435
21437
21438
21441
21442
21444
21446
21449
21451
21452
21455
21458
21460
21463
21465
21467
21468
21472
21474
21476
21477
21479
21483
21484
21485
21486
21487
21488
21489
21493
21494
21495
21497
21498
21499
21500
21501
21503
21504
21507
21508
21509
21510
21512
21513
21516
21519
21520
21524
21526
21528
21529
21530
21532
21535
21536
21538
21539
21543
21546
21550
21551
21553
21554
21556
21557
21559
21560
21561
21562
21563
21564
21568
21575
21578
21580
21581
21584
21585
21586
21588
21592
21593
21595
21598
21599
21602
21603
21604
21607
21608
21612
21613
21617
21618
21620
21623
21625
21631
21633
21636
21640
21651
21653
21656
21657
21658
21660
21662
21664
21665
21668
21674
21678
21680
21681
21683
21688
21689
21691
21693
21697
21700
21701
21703
21704
21708
21709
21717
21718
21720
21721
21723
21724
21725
21732
21735
21737
21738
21745
21749
21752
21755
21757
21758
21759
21760
21761
21765
21766
21768
21769
21774
21775
21777
21778
21781
21783
21787
21789
21790
21799
21800
21802
21803
21805
21808
21809
21814
21822
21823
21825
21826
21832
21833
21835
21836
21841
21845
21846
21848
21852
21854
21855
21856
21857
21858
21859
21860
21861
21864
21871
21872
21875
21878
21880
21882
21884
21885
21886
21887
21889
21894
21895
21898
21903
21904
21905
21907
21908
21911
21912
21914
21917
21920
21922
21925
21927
21928
21931
21932
21933
21935
21943
21944
21946
21948
21950
21952
21954
21955
21958
21961
21963
21964
21965
21966
21967
21971
21972
21974
21977
21979
21982
21984
21986
21987
21988
21991
21993
21994
21995
21996
21998
22000
22001
22004
22005
22006
22007
22008
22009
22012
22014
22016
22017
22018
22020
22024
22027
22030
22031
22032
22033
22036
22037
22040
22041
22042
22043
22044
22045
22047
22050
22051
22052
22053
22054
22057
22058
22059
22062
22063
22064
22065
22066
22067
22068
22071
22072
22073
22077
22078
22079
22080
22082
22083
22084
22085
22087
22088
22089
22090
22091
22094
22096
22097
22099
22100
22101
22102
22104
22105
22106
22107
22109
22110
22111
22112
22114
22115
22117
22118
22122
22123
22125
22126
22127
22128
22129
22130
22131
22132
22134
22136
22137
22139
22140
22141
22144
22145
22146
22148
22151
22154
22155
22157
22158
22159
22160
22161
22162
22164
22166
22170
22171
22172
22173
22174
22176
22177
22178
22179
22180
22183
22184
22191
22192
22198
22199
22200
22201
22202
22204
22205
22210
22211
22212
22213
22214
22215
22216
22217
22220
22221
22222
22223
22224
22225
22227
22228
22229
22232
22233
22234
22235
22236
22238
22240
22241
22242
22244
22245
22246
22247
22249
22252
22254
22256
22257
22258
22261
22264
22266
22268
22269
22270
22271
22272
22273
22275
22276
22278
22280
22282
22283
22287
22289
22291
22292
22297
22308
22310
22320
22321
22325
22326
22329
22332
22338
22346
22349
22350
22359
22363
22371
22374
22375
22382
22394
22396
22398
22399
22400
22407
22408
22410
22411
22413
22419
22425
22427
22428
22429
22435
22436
22438
22442
22445
22446
22448
22449
22463
22469
22478
22480
22490
22491
22522
22529
22541
22542
22545
22552
22572
22580
22603
22611
22620
22622
22628
22630
22631
22636
22638
22659
22660
22663
22665
22667
22678
22683
22689
22694
22701
22702
22704
22718
22727
22736
22750
22764
22769
22772
22774
22783
22792
22796
22810
22824
22832
22840
22857
22862
22878
22913
22917
22920
22922
22927
22938
22948
22954
22958
22960
22964
22967
22968
22969
22970
22971
22973
22974
22976
22978
22979
22980
22981
22983
22984
22985
22986
22987
22988
22991
22992
22994
22996
22997
22998
22999
23000
23001
23002
23003
23004
23006
23008
23009
23010
23011
23012
23014
23015
23016
23017
23020
23021
23022
23023
23026
23028
23030
23031
23034
23035
23037
23039
23040
23041
23042
23045
23046
23047
23051
23053
23054
23055
23056
23057
23059
23060
23061
23062
23063
23066
23070
23071
23072
23073
23075
23080
23082
23083
23084
23085
23086
23087
23088
23090
23091
23096
23098
23099
23101
23102
23104
23105
23108
23110
23111
23114
23115
23116
23117
23119
23120
23121
23132
23133
23135
23136
23141
23142
23146
23147
23148
23150
23152
23154
23156
23159
23160
23162
23164
23166
23167
23168
23170
23171
23172
23174
23176
23178
23179
23180
23181
23185
23186
23188
23190
23192
23193
23196
23198
23199
23203
23206
23207
23209
23214
23215
23216
23217
23219
23222
23223
23225
23228
23229
23231
23234
23235
23238
23239
23240
23241
23242
23243
23245
23246
23248
23249
23250
23251
23253
23258
23260
23261
23262
23266
23268
23269
23270
23271
23273
23276
23278
23280
23281
23282
23283
23284
23285
23286
23287
23289
23290
23292
23293
23295
23296
23301
23303
23304
23307
23309
23310
23312
23313
23316
23318
23321
23322
23323
23324
23325
23330
23335
23337
23344
23346
23348
23351
23352
23353
23354
23355
23357
23358
23359
23360
23363
23364
23365
23366
23367
23370
23371
23372
23375
23377
23381
23385
23386
23387
23388
23389
23392
23393
23394
23395
23396
23397
23398
23401
23403
23405
23407
23412
23414
23418
23419
23423
23426
23427
23430
23432
23434
23437
23438
23440
23441
23444
23445
23446
23448
23452
23453
23458
23459
23461
23462
23464
23466
23468
23470
23473
23474
23478
23480
23482
23485
23486
23488
23491
23496
23497
23498
23501
23503
23505
23506
23507
23511
23518
23520
23521
23523
23525
23526
23528
23532
23536
23542
23546
23550
23551
23552
23554
23555
23557
23560
23563
23565
23567
23569
23570
23573
23575
23576
23581
23584
23586
23587
23595
23598
23599
23600
23603
23605
23607
23608
23610
23611
23612
23614
23617
23618
23619
23620
23623
23627
23629
23632
23633
23636
23642
23648
23651
23654
23656
23657
23658
23659
23661
23663
23666
23667
23670
23672
23674
23680
23682
23684
23687
23688
23689
23692
23694
23695
23700
23701
23705
23708
23710
23711
23712
23715
23717
23720
23721
23723
23729
23730
23733
23737
23740
23744
23749
23750
23752
23755
23756
23757
23760
23761
23762
23763
23767
23770
23771
23772
23774
23778
23781
23782
23783
23790
23791
23794
23796
23797
23799
23800
23803
23804
23805
23807
23810
23813
23817
23819
23820
23839
23840
23841
23845
23846
23847
23848
23849
23851
23853
23855
23856
23858
23859
23860
23864
23867
23874
23875
23876
23877
23880
23882
23886
23888
23890
23901
23904
23906
23907
23908
23911
23919
23921
23922
23926
23931
23932
23933
23935
23941
23946
23949
23950
23952
23957
23959
23960
23962
23963
23965
23966
23968
23969
23970
23971
23972
23975
23977
23979
23982
23987
23993
23994
23995
23997
23998
23999
24000
24006
24007
24010
24012
24015
24016
24017
24018
24023
24025
24030
24035
24037
24038
24043
24045
24046
24047
24049
24050
24051
24054
24055
24057
24064
24067
24069
24080
24081
24088
24090
24091
24095
24097
24101
24103
24105
24111
24113
24115
24117
24119
24120
24123
24126
24132
24136
24142
24146
24150
24152
24155
24164
24165
24172
24173
24178
24187
24188
24189
24190
24196
24200
24209
24211
24217
24221
24228
24232
24236
24238
24241
24242
24245
24250
24251
24254
24255
24257
24258
24262
24265
24268
24269
24279
24281
24286
24294
24296
24300
24305
24309
24313
24315
24317
24318
24325
24328
24329
24330
24331
24339
24362
24369
24372
24373
24377
24381
24382
24386
24390
24396
24397
24400
24406
24407
24417
24418
24423
24424
24427
24430
24431
24433
24436
24437
24445
24451
24452
24453
24454
24456
24458
24461
24469
24470
24471
24476
24479
24480
24481
24483
24485
24487
24488
24492
24496
24499
24504
24509
24512
24525
24528
24529
24532
24536
24544
24545
24547
24548
24552
24557
24559
24560
24568
24569
24573
24576
24581
24583
24584
24585
24586
24591
24598
24599
24601
24604
24609
24611
24612
24617
24630
24634
24635
24636
24640
24641
24645
24647
24649
24658
24659
24661
24662
24664
24665
24666
24667
24668
24671
24672
24675
24678
24680
24681
24682
24685
24686
24687
24691
24692
24694
24696
24698
24699
24702
24704
24706
24711
24713
24714
24720
24722
24726
24727
24728
24731
24733
24734
24737
24738
24740
24741
24742
24743
24745
24747
24749
24756
24758
24760
24762
24770
24771
24772
24773
24774
24775
24778
24779
24783
24785
24786
24787
24789
24790
24791
24793
24795
24796
24798
24799
24800
24801
24802
24804
24807
24808
24809
24810
24812
24814
24815
24816
24817
24818
24822
24823
24824
24825
24826
24827
24828
24830
24832
24834
24835
24836
24837
24838
24839
24840
24841
24843
24844
24846
24847
24848
24850
24852
24853
24854
24855
24857
24858
24859
24860
24863
24865
24866
24868
24869
24872
24874
24875
24876
24878
24879
24880
24881
24882
24883
24885
24886
24888
24891
24892
24894
24895
24896
24897
24898
24899
24900
24901
24902
24903
24904
24905
24906
24907
24908
24911
24912
24914
24915
24917
24918
24920
24921
24925
24927
24928
24932
24934
24935
24936
24937
24938
24939
24940
24941
24942
24943
24944
24947
24950
24951
24952
24954
24958
24959
24960
24962
24963
24965
24966
24967
24969
24970
24973
24974
24976
24978
24979
24980
24981
24982
24984
24985
24987
24988
24989
24990
24991
24995
24996
24998
24999
25000
25001
25002
25003
25004
25005
25006
25008
25009
25011
25013
25014
25015
25016
25017
25020
25021
25022
25023
25024
25026
25027
25028
25029
25031
25032
25033
25035
25037
25038
25039
25040
25042
25043
25044
25046
25048
25056
25057
25058
25060
25066
25067
25068
25070
25079
25081
25084
25086
25087
25090
25091
25095
25096
25097
25100
25102
25105
25106
25108
25109
25110
25112
25113
25114
25115
25121
25126
25127
25128
25129
25130
25131
25133
25136
25138
25139
25140
25142
25143
25146
25147
25151
25152
25154
25157
25160
25167
25168
25170
25172
25176
25179
25180
25181
25182
25183
25185
25186
25188
25191
25192
25193
25194
25195
25197
25198
25199
25200
25201
25203
25204
25207
25209
25212
25215
25217
25218
25219
25220
25222
25223
25224
25225
25226
25228
25229
25230
25231
25233
25240
25243
25244
25254
25257
25260
25262
25263
25264
25265
25266
25267
25269
25270
25271
25273
25276
25277
25278
25280
25282
25283
25284
25285
25287
25291
25292
25294
25295
25298
25301
25302
25303
25306
25317
25318
25319
25320
25322
25324
25326
25329
25331
25332
25333
25335
25337
25338
25339
25340
25341
25344
25347
25350
25357
25367
25369
25373
25376
25382
25383
25384
25385
25387
25389
25391
25392
25394
25397
25402
25404
25405
25407
25410
25411
25412
25413
25418
25422
25423
25438
25444
25448
25450
25454
25455
25456
25457
25458
25459
25463
25464
25471
25474
25476
25477
25479
25480
25481
25483
25489
25495
25499
25502
25506
25512
25513
25514
25515
25516
25517
25518
25519
25522
25524
25525
25526
25527
25530
25532
25537
25538
25539
25541
25546
25547
25552
25558
25559
25560
25562
25566
25567
25569
25570
25571
25572
25573
25576
25578
25583
25584
25585
25586
25590
25591
25592
25596
25599
25600
25601
25602
25606
25607
25608
25609
25615
25618
25621
25624
25628
25630
25635
25641
25642
25643
25645
25646
25648
25649
25651
25652
25656
25657
25659
25660
25661
25664
25665
25669
25672
25673
25674
25677
25679
25681
25685
25688
25690
25694
25696
25698
25702
25705
25706
25707
25708
25709
25710
25711
25713
25718
25719
25720
25721
25722
25726
25728
25729
25733
25734
25735
25736
25738
25742
25746
25747
25749
25750
25751
25757
25761
25762
25765
25767
25768
25769
25773
25774
25776
25778
25779
25781
25783
25785
25791
25794
25796
25798
25799
25801
25802
25803
25805
25808
25813
25814
25815
25816
25817
25818
25819
25821
25823
25826
25828
25829
25832
25833
25834
25836
25837
25839
25840
25841
25843
25844
25845
25846
25847
25848
25849
25850
25852
25855
25858
25861
25862
25864
25865
25866
25868
25870
25872
25874
25876
25877
25878
25880
25881
25882
25883
25884
25886
25888
25897
25898
25900
25901
25902
25906
25907
25914
25915
25917
25918
25919
25921
25924
25926
25927
25928
25929
25931
25934
25935
25937
25938
25939
25940
25941
25942
25944
25945
25946
25949
25950
25951
25952
25953
25954
25955
25956
25957
25958
25959
25960
25961
25962
25963
25964
25966
25968
25969
25971
25972
25975
25978
25980
25982
25985
25986
25987
25989
25991
25992
25993
25995
25997
25999
26000
26001
26002
26005
26006
26007
26011
26015
26016
26017
26020
26024
26025
26029
26030
26037
26039
26040
26044
26049
26051
26055
26057
26065
26067
26072
26073
26082
26088
26089
26096
26097
26111
26113
26114
26116
26117
26118
26121
26124
26125
26126
26127
26131
26134
26136
26141
26142
26143
26145
26146
26147
26148
26150
26159
26160
26163
26174
26181
26188
26195
26204
26205
26212
26219
26224
26227
26229
26237
26240
26252
26253
26254
26255
26256
26259
26261
26270
26272
26274
26276
26296
26302
26303
26304
26320
26324
26336
26354
26355
26357
26367
26372
26378
26383
26384
26390
26395
26396
26397
26403
26408
26409
26418
26419
26423
26425
26440
26447
26449
26451
26452
26463
26464
26465
26470
26473
26478
26486
26503
26506
26507
26522
26526
26533
26541
26544
26549
26553
26560
26563
26570
26571
26578
26581
26599
26600
26607
26610
26631
26641
26654
26666
26672
26673
26674
26676
26677
26678
26679
26680
26682
26683
26684
26685
26688
26689
26690
26692
26695
26697
26698
26699
26700
26701
26703
26705
26706
26708
26710
26712
26713
26714
26715
26716
26717
26718
26719
26720
26722
26724
26725
26726
26727
26729
26731
26732
26733
26736
26738
26742
26743
26744
26745
26747
26748
26749
26751
26754
26755
26756
26758
26760
26761
26762
26763
26765
26766
26767
26768
26769
26770
26771
26772
26773
26778
26781
26782
26785
26786
26787
26788
26789
26791
26793
26794
26795
26796
26797
26798
26800
26804
26805
26809
26812
26813
26815
26816
26818
26821
26822
26823
26825
26828
26829
26830
26831
26832
26833
26834
26835
26837
26838
26839
26840
26841
26842
26845
26850
26852
26853
26854
26856
26857
26860
26863
26865
26866
26867
26871
26874
26875
26877
26878
26879
26881
26884
26886
26888
26890
26891
26892
26893
26894
26896
26899
26902
26903
26904
26905
26907
26909
26910
26913
26914
26918
26919
26920
26921
26922
26925
26926
26927
26929
26930
26932
26933
26935
26936
26937
26938
26939
26945
26947
26948
26949
26950
26954
26956
26957
26959
26960
26962
26963
26964
26965
26966
26969
26970
26975
26976
26978
26979
26980
26981
26982
26983
26985
26986
26990
26992
26993
26999
27000
27002
27003
27004
27005
27006
27007
27008
27009
27010
27014
27016
27017
27019
27023
27024
27028
27033
27035
27036
27037
27038
27039
27041
27042
27043
27044
27045
27046
27048
27049
27050
27052
27053
27054
27058
27059
27060
27061
27064
27069
27071
27073
27076
27077
27078
27079
27084
27085
27086
27087
27089
27090
27091
27093
27095
27096
27098
27099
27100
27101
27102
27103
27104
27107
27108
27109
27110
27111
27112
27114
27115
27116
27117
27119
27121
27123
27124
27125
27126
27127
27128
27130
27132
27136
27140
27141
27142
27144
27146
27147
27148
27150
27151
27156
27158
27160
27161
27164
27167
27168
27170
27173
27175
27176
27177
27178
27180
27183
27185
27190
27191
27197
27198
27199
27200
27201
27203
27205
27206
27207
27209
27211
27212
27213
27214
27215
27217
27219
27220
27221
27222
27223
27225
27226
27227
27228
27231
27232
27235
27237
27244
27250
27251
27255
27256
27257
27258
27263
27264
27265
27266
27268
27271
27272
27274
27277
27280
27281
27282
27284
27285
27287
27297
27298
27299
27303
27304
27306
27309
27310
27311
27312
27313
27316
27317
27318
27319
27323
27324
27328
27330
27331
27332
27334
27336
27343
27346
27347
27348
27350
27351
27352
27356
27357
27358
27362
27363
27364
27365
27366
27368
27369
27371
27373
27374
27377
27384
27385
27386
27388
27389
27392
27394
27396
27397
27398
27404
27405
27406
27409
27413
27414
27417
27420
27425
27426
27427
27428
27432
27434
27435
27439
27440
27441
27442
27444
27446
27447
27448
27456
27457
27458
27459
27460
27466
27468
27470
27473
27477
27478
27479
27480
27483
27484
27486
27487
27492
27497
27499
27501
27503
27504
27505
27510
27511
27512
27514
27517
27518
27520
27522
27523
27524
27525
27526
27530
27533
27534
27537
27539
27541
27542
27547
27551
27553
27555
27558
27559
27560
27561
27564
27565
27567
27568
27569
27570
27571
27572
27576
27577
27578
27580
27581
27588
27591
27592
27594
27596
27597
27598
27602
27605
27608
27609
27612
27613
27614
27615
27616
27618
27619
27620
27621
27628
27630
27632
27635
27639
27643
27645
27646
27648
27650
27656
27657
27660
27661
27663
27666
27668
27669
27671
27678
27679
27680
27682
27684
27685
27688
27692
27693
27698
27703
27707
27712
27715
27717
27718
27720
27721
27724
27726
27727
27729
27730
27732
27734
27735
27743
27744
27745
27749
27751
27752
27756
27757
27758
27760
27762
27764
27765
27766
27768
27771
27774
27778
27781
27785
27786
27793
27794
27796
27797
27802
27803
27804
27809
27810
27811
27815
27817
27818
27819
27820
27828
27830
27836
27839
27840
27841
27849
27851
27856
27859
27860
27862
27864
27870
27880
27881
27882
27883
27885
27887
27888
27889
27890
27893
27896
27897
27898
27900
27901
27903
27904
27905
27906
27908
27909
27910
27914
27921
27927
27943
27945
27950
27952
27953
27954
27955
27959
27964
27971
27972
27973
27991
27993
27995
28000
28002
28006
28007
28008
28009
28013
28014
28017
28019
28022
28023
28026
28027
28030
28031
28032
28035
28036
28037
28039
28043
28044
28045
28047
28048
28049
28051
28052
28053
28055
28058
28060
28064
28066
28071
28078
28082
28086
28088
28093
28094
28096
28099
28100
28107
28110
28111
28114
28118
28123
28137
28144
28145
28149
28150
28151
28154
28158
28161
28163
28166
28167
28168
28169
28173
28181
28182
28183
28184
28186
28187
28195
28197
28199
28201
28204
28208
28211
28215
28219
28221
28222
28227
28228
28237
28239
28242
28245
28250
28252
28254
28256
28258
28262
28264
28271
28272
28274
28275
28280
28282
28284
28289
28291
28295
28304
28306
28310
28317
28318
28321
28325
28334
28338
28344
28347
28348
28350
28351
28353
28354
28355
28356
28359
28364
28368
28372
28373
28374
28375
28379
28380
28381
28385
28386
28389
28392
28393
28396
28397
28398
28403
28404
28405
28408
28409
28410
28412
28413
28414
28416
28418
28419
28420
28421
28424
28426
28427
28431
28433
28434
28436
28441
28442
28443
28444
28446
28447
28448
28449
28453
28455
28457
28458
28459
28461
28465
28468
28470
28472
28475
28479
28480
28484
28485
28486
28487
28488
28490
28491
28493
28496
28500
28501
28502
28503
28504
28507
28508
28509
28510
28512
28513
28515
28516
28517
28518
28520
28522
28524
28526
28527
28528
28530
28531
28533
28534
28536
28537
28538
28540
28542
28544
28545
28546
28547
28548
28549
28550
28551
28552
28553
28554
28555
28556
28557
28559
28560
28562
28563
28564
28566
28567
28568
28569
28571
28572
28574
28575
28576
28578
28579
28581
28583
28584
28586
28589
28590
28592
28593
28594
28595
28596
28597
28598
28599
28600
28602
28603
28605
28606
28608
28609
28611
28612
28614
28615
28617
28618
28622
28624
28628
28629
28631
28633
28634
28635
28637
28638
28639
28641
28642
28644
28648
28651
28652
28653
28656
28657
28661
28664
28665
28666
28667
28669
28673
28674
28675
28676
28677
28678
28679
28682
28683
28684
28685
28686
28687
28688
28690
28695
28696
28698
28699
28701
28704
28708
28709
28710
28711
28712
28713
28714
28715
28716
28718
28719
28720
28721
28722
28723
28724
28725
28726
28727
28728
28729
28733
28734
28735
28736
28737
28738
28739
28740
28742
28744
28745
28749
28753
28754
28755
28756
28757
28758
28763
28765
28766
28770
28771
28772
28774
28777
28778
28779
28780
28781
28786
28787
28791
28798
28802
28805
28810
28811
28813
28814
28816
28817
28819
28820
28821
28823
28824
28828
28830
28831
28834
28835
28837
28839
28840
28841
28842
28843
28846
28847
28848
28850
28852
28853
28857
28859
28861
28862
28863
28864
28865
28868
28869
28874
28876
28877
28879
28881
28882
28883
28884
28885
28886
28887
28889
28891
28892
28894
28895
28896
28900
28902
28904
28905
28907
28908
28909
28910
28911
28912
28913
28914
28915
28916
28917
28925
28926
28927
28931
28934
28935
28938
28941
28942
28944
28946
28948
28951
28952
28954
28958
28959
28960
28962
28963
28964
28968
28969
28971
28972
28973
28974
28977
28978
28979
28981
28983
28984
28985
28986
28987
28990
28992
28994
28996
28997
28999
29000
29001
29002
29008
29009
29010
29011
29012
29013
29016
29018
29019
29020
29021
29028
29031
29033
29034
29035
29036
29037
29040
29042
29043
29045
29046
29047
29048
29052
29053
29055
29059
29060
29066
29068
29072
29074
29078
29080
29081
29082
29090
29092
29097
29098
29108
29109
29112
29117
29118
29121
29123
29125
29132
29136
29137
29141
29148
29149
29152
29156
29162
29163
29164
29171
29172
29175
29176
29177
29180
29182
29183
29193
29202
29204
29206
29208
29209
29210
29211
29212
29216
29217
29218
29223
29228
29230
29232
29234
29237
29241
29243
29246
29247
29251
29252
29253
29254
29255
29257
29259
29264
29266
29267
29271
29272
29273
29274
29275
29276
29277
29278
29280
29282
29283
29284
29285
29286
29287
29288
29289
29290
29292
29293
29297
29298
29300
29302
29303
29304
29305
29306
29309
29310
29313
29315
29320
29321
29323
29324
29326
29327
29328
29329
29332
29333
29335
29338
29342
29343
29344
29346
29349
29352
29354
29355
29359
29360
29363
29364
29367
29368
29370
29372
29373
29374
29375
29376
29377
29378
29382
29383
29384
29386
29387
29390
29391
29393
29394
29395
29396
29400
29401
29402
29404
29405
29409
29410
29412
29413
29416
29417
29419
29420
29421
29422
29423
29424
29426
29427
29428
29429
29432
29434
29435
29436
29437
29438
29442
29443
29444
29445
29448
29452
29454
29455
29456
29460
29461
29464
29465
29468
29470
29471
29475
29477
29478
29481
29485
29487
29490
29491
29492
29493
29495
29499
29500
29504
29507
29508
29511
29512
29517
29518
29521
29522
29523
29528
29529
29530
29533
29535
29538
29542
29544
29549
29551
29554
29555
29556
29557
29558
29559
29560
29562
29564
29565
29568
29571
29572
29575
29579
29580
29582
29584
29585
29586
29587
29591
29592
29593
29598
29600
29602
29605
29607
29608
29610
29611
29612
29613
29617
29618
29619
29620
29621
29624
29626
29627
29628
29629
29630
29631
29632
29633
29638
29640
29641
29642
29645
29646
29647
29648
29651
29653
29654
29655
29656
29657
29658
29659
29660
29663
29664
29665
29667
29670
29672
29673
29674
29675
29677
29680
29681
29682
29684
29685
29686
29689
29690
29691
29692
29693
29694
29695
29696
29697
29698
29699
29700
29702
29703
29705
29706
29707
29709
29710
29711
29712
29713
29718
29719
29727
29739
29742
29749
29751
29752
29753
29755
29763
29764
29766
29768
29769
29770
29771
29775
29778
29784
29786
29791
29799
29802
29803
29808
29809
29820
29824
29825
29826
29835
29837
29838
29843
29848
29849
29853
29854
29855
29856
29857
29858
29863
29866
29869
29870
29872
29874
29876
29880
29884
29888
29897
29904
29914
29918
29919
29926
29928
29945
29953
29957
29958
29967
29972
29973
29983
29986
29987
30002
30007
30008
30016
30018
30025
30029
30031
30044
30048
30067
30071
30075
30081
30092
30100
30110
30114
30123
30124
30133
30137
30141
30153
30155
30166
30171
30174
30180
30181
30192
30195
30196
30200
30203
30207
30209
30211
30213
30220
30229
30231
30233
30238
30247
30254
30262
30263
30264
30266
30270
30287
30290
30295
30310
30314
30336
30337
30343
30344
30345
30348
30356
30366
30370
30372
30380
30382
30386
30389
30390
30391
30392
30393
30394
30395
30396
30397
30398
30399
30401
30403
30404
30405
30407
30408
30409
30410
30411
30413
30414
30416
30418
30420
30422
30423
30424
30425
30427
30428
30429
30430
30431
30432
30433
30434
30435
30436
30438
30439
30440
30441
30442
30443
30444
30445
30446
30447
30448
30449
30450
30452
30454
30455
30456
30457
30458
30459
30460
30461
30462
30463
30464
30465
30466
30468
30469
30470
30471
30472
30474
30475
30476
30477
30478
30479
30480
30481
30483
30484
30485
30486
30487
30489
30490
30491
30493
30494
30495
30497
30499
30500
30501
30503
30505
30506
30507
30508
30510
30511
30512
30513
30514
30515
30516
30517
30519
30520
30521
30523
30525
30526
30527
30528
30529
30530
30531
30532
30533
30534
30535
30536
30538
30540
30542
30543
30544
30545
30547
30548
30549
30551
30552
30553
30554
30555
30556
30557
30558
30560
30562
30563
30564
30567
30570
30572
30574
30575
30576
30577
30578
30582
30583
30587
30588
30591
30592
30594
30595
30596
30597
30599
30600
30601
30602
30604
30605
30606
30608
30609
30611
30612
30613
30616
30618
30620
30621
30624
30625
30626
30628
30631
30632
30635
30637
30639
30640
30642
30643
30644
30645
30646
30647
30650
30651
30652
30655
30656
30657
30659
30661
30662
30665
30667
30669
30670
30672
30673
30674
30675
30676
30677
30678
30679
30680
30681
30682
30684
30686
30687
30688
30689
30691
30694
30695
30696
30697
30698
30699
30707
30709
30710
30712
30713
30714
30715
30718
30719
30721
30722
30724
30725
30738
30741
30742
30744
30748
30749
30753
30756
30758
30760
30764
30765
30769
30773
30774
30775
30776
30777
30778
30779
30780
30781
30782
30783
30784
30785
30786
30790
30791
30793
30794
30796
30797
30799
30802
30803
30805
30806
30808
30809
30811
30813
30815
30817
30821
30823
30824
30825
30826
30829
30831
30832
30833
30834
30835
30836
30837
30840
30843
30847
30848
30853
30856
30857
30858
30860
30861
30862
30864
30865
30868
30870
30871
30873
30874
30875
30876
30877
30879
30880
30883
30884
30885
30887
30889
30890
30891
30892
30894
30895
30899
30901
30903
30904
30905
30906
30909
30911
30913
30915
30916
30917
30918
30919
30924
30925
30926
30927
30929
30930
30931
30933
30935
30939
30940
30941
30942
30945
30946
30948
30949
30950
30951
30952
30953
30959
30960
30962
30964
30965
30969
30970
30971
30973
30974
30979
30980
30988
30989
30990
30991
30993
30995
30997
30998
31000
31002
31004
31005
31008
31009
31012
31013
31015
31016
31018
31019
31020
31021
31022
31024
31025
31027
31028
31033
31035
31036
31037
31038
31039
31041
31042
31044
31045
31046
31048
31049
31050
31053
31058
31059
31060
31061
31064
31071
31076
31077
31078
31080
31084
31085
31086
31087
31089
31090
31093
31094
31095
31098
31099
31103
31104
31105
31107
31108
31111
31112
31114
31115
31117
31118
31123
31128
31129
31130
31137
31139
31140
31141
31142
31145
31148
31151
31152
31153
31157
31158
31159
31161
31162
31169
31170
31173
31177
31178
31181
31182
31185
31188
31189
31190
31191
31192
31196
31198
31199
31200
31202
31204
31206
31207
31208
31209
31213
31215
31216
31217
31218
31219
31220
31221
31222
31224
31225
31227
31230
31232
31233
31234
31235
31236
31237
31239
31246
31247
31248
31249
31254
31256
31257
31258
31259
31261
31263
31264
31266
31267
31268
31271
31272
31273
31274
31276
31278
31282
31284
31289
31290
31292
31295
31299
31301
31302
31304
31305
31309
31311
31315
31316
31318
31321
31325
31329
31332
31334
31336
31338
31341
31346
31349
31350
31353
31358
31359
31360
31361
31362
31363
31364
31367
31370
31371
31374
31376
31378
31380
31382
31385
31386
31388
31391
31392
31393
31395
31397
31399
31402
31406
31409
31410
31411
31419
31421
31424
31427
31429
31432
31434
31435
31436
31438
31441
31442
31446
31449
31451
31452
31456
31457
31460
31461
31463
31466
31469
31471
31473
31474
31475
31476
31479
31480
31481
31482
31486
31488
31490
31492
31495
31497
31499
31503
31504
31505
31506
31507
31509
31510
31516
31519
31521
31523
31525
31529
31531
31532
31533
31534
31536
31540
31543
31545
31551
31554
31558
31567
31570
31571
31573
31577
31578
31587
31592
31594
31599
31601
31602
31603
31607
31609
31612
31619
31620
31622
31624
31626
31628
31632
31634
31635
31645
31648
31649
31650
31651
31656
31657
31658
31660
31664
31666
31667
31673
31678
31683
31685
31690
31692
31693
31700
31706
31707
31714
31723
31724
31726
31727
31728
31731
31732
31733
31737
31739
31740
31742
31743
31745
31750
31753
31755
31757
31758
31759
31761
31762
31766
31767
31768
31770
31773
31777
31782
31785
31786
31788
31791
31792
31794
31801
31807
31808
31810
31812
31813
31820
31822
31823
31825
31828
31835
31837
31838
31849
31860
31864
31865
31873
31875
31876
31880
31881
31882
31883
31884
31886
31890
31897
31898
31901
31902
31904
31913
31915
31918
31920
31921
31922
31923
31924
31932
31937
31941
31944
31946
31953
31956
31960
31964
31967
31968
31970
31978
31979
31981
31985
31986
31987
31988
31991
31995
31996
31998
32002
32007
32008
32010
32011
32014
32015
32018
32023
32028
32030
32032
32035
32040
32041
32050
32053
32056
32058
32059
32061
32062
32064
32066
32067
32068
32069
32070
32073
32075
32077
32078
32082
32083
32086
32087
32088
32090
32092
32093
32095
32096
32098
32099
32100
32103
32106
32107
32109
32111
32112
32113
32115
32117
32118
32119
32120
32127
32129
32130
32132
32133
32137
32139
32140
32142
32143
32144
32145
32147
32148
32150
32154
32155
32156
32158
32161
32162
32163
32164
32166
32170
32171
32173
32174
32175
32178
32179
32184
32185
32189
32190
32192
32194
32195
32197
32198
32199
32200
32201
32202
32203
32204
32205
32206
32207
32208
32210
32212
32213
32215
32216
32217
32218
32220
32221
32222
32223
32224
32225
32226
32227
32229
32230
32231
32232
32233
32235
32236
32237
32238
32240
32241
32242
32243
32244
32245
32246
32247
32248
32250
32251
32253
32254
32255
32256
32257
32258
32261
32262
32263
32264
32265
32267
32268
32270
32271
32272
32273
32274
32275
32276
32278
32280
32281
32282
32283
32284
32285
32286
32287
32288
32289
32290
32291
32292
32293
32294
32295
32296
32297
32298
32300
32302
32304
32306
32307
32308
32309
32310
32311
32313
32314
32316
32317
32318
32319
32320
32324
32325
32326
32328
32329
32330
32331
32332
32333
32335
32336
32338
32340
32341
32342
32343
32347
32348
32349
32351
32353
32354
32355
32356
32358
32360
32361
32362
32363
32364
32365
32366
32367
32368
32370
32371
32374
32375
32378
32380
32382
32384
32386
32387
32389
32391
32392
32393
32394
32395
32396
32397
32399
32401
32402
32403
32404
32407
32408
32409
32410
32411
32412
32413
32414
32418
32420
32422
32423
32428
32430
32432
32433
32434
32436
32437
32438
32439
32441
32442
32443
32445
32446
32448
32449
32450
32451
32453
32454
32455
32456
32457
32459
32460
32461
32462
32463
32464
32465
32467
32470
32471
32472
32474
32476
32477
32479
32480
32485
32487
32488
32489
32491
32492
32493
32495
32496
32497
32498
32499
32500
32502
32503
32505
32507
32509
32512
32513
32514
32516
32518
32520
32521
32522
32523
32525
32526
32527
32528
32531
32533
32534
32536
32537
32538
32539
32541
32542
32543
32545
32549
32550
32551
32552
32554
32555
32556
32557
32558
32560
32561
32564
32567
32570
32571
32573
32575
32577
32582
32583
32585
32588
32589
32590
32591
32593
32595
32596
32597
32598
32599
32600
32602
32603
32604
32607
32609
32610
32611
32612
32613
32614
32615
32616
32618
32619
32620
32621
32623
32625
32627
32629
32633
32635
32637
32640
32641
32643
32644
32645
32646
32647
32648
32649
32651
32652
32653
32654
32655
32656
32657
32658
32662
32663
32666
32668
32669
32670
32673
32674
32676
32677
32678
32680
32682
32685
32686
32687
32688
32690
32691
32692
32693
32696
32701
32702
32704
32705
32709
32710
32711
32712
32713
32715
32717
32721
32723
32726
32727
32728
32730
32731
32733
32734
32735
32736
32740
32741
32745
32746
32747
32748
32749
32750
32752
32754
32757
32760
32761
32762
32764
32765
32771
32773
32775
32777
32778
32780
32785
32786
32787
32794
32795
32796
32797
32801
32805
32806
32808
32810
32811
32812
32813
32815
32816
32817
32818
32819
32820
32825
32826
32829
32830
32831
32832
32833
32834
32835
32839
32840
32843
32845
32846
32848
32850
32852
32858
32859
32860
32863
32866
32867
32871
32874
32875
32876
32879
32882
32884
32885
32886
32889
32892
32895
32897
32899
32900
32904
32907
32908
32909
32910
32911
32912
32914
32916
32917
32921
32924
32925
32927
32930
32931
32933
32934
32935
32937
32938
32942
32944
32946
32947
32948
32952
32954
32955
32957
32960
32961
32962
32964
32965
32966
32967
32968
32969
32970
32972
32974
32975
32978
32979
32980
32987
32988
32990
32992
32994
32996
32998
32999
33000
33001
33010
33011
33013
33014
33017
33018
33019
33022
33024
33027
33028
33029
33031
33034
33035
33036
33037
33039
33041
33043
33044
33045
33046
33049
33051
33054
33056
33057
33058
33059
33060
33061
33063
33069
33070
33071
33072
33074
33075
33076
33077
33079
33082
33083
33086
33088
33092
33093
33095
33097
33100
33101
33102
33104
33106
33107
33109
33111
33118
33121
33122
33123
33126
33127
33129
33130
33131
33132
33133
33134
33138
33139
33141
33143
33146
33147
33148
33150
33151
33152
33154
33155
33156
33158
33160
33162
33164
33166
33167
33169
33171
33173
33174
33175
33176
33177
33178
33179
33183
33184
33185
33186
33189
33191
33192
33194
33195
33196
33197
33199
33200
33201
33202
33203
33204
33206
33207
33209
33211
33215
33217
33219
33220
33221
33223
33224
33226
33227
33228
33229
33230
33233
33234
33235
33236
33238
33242
33243
33245
33247
33249
33251
33252
33253
33256
33257
33260
33261
33262
33264
33265
33267
33268
33269
33270
33271
33272
33273
33274
33275
33277
33278
33279
33280
33281
33282
33283
33285
33286
33289
33290
33293
33295
33296
33297
33298
33299
33300
33301
33304
33305
33306
33311
33312
33314
33315
33318
33319
33321
33324
33325
33326
33328
33329
33330
33331
33334
33335
33336
33337
33338
33339
33340
33341
33342
33343
33344
33346
33347
33348
33349
33351
33352
33354
33355
33356
33357
33359
33361
33362
33363
33365
33366
33367
33368
33369
33370
33371
33373
33374
33376
33377
33378
33379
33381
33384
33385
33386
33387
33388
33389
33391
33394
33396
33397
33399
33402
33403
33404
33405
33406
33407
33409
33410
33411
33413
33414
33415
33417
33418
33419
33420
33421
33422
33423
33424
33425
33426
33428
33429
33430
33431
33432
33434
33435
33436
33443
33445
33447
33452
33455
33456
33463
33466
33467
33471
33474
33478
33485
33488
33489
33492
33493
33495
33500
33501
33502
33510
33511
33513
33514
33516
33517
33522
33526
33528
33531
33534
33537
33538
33539
33540
33541
33542
33544
33546
33548
33550
33551
33554
33555
33556
33559
33564
33567
33568
33571
33572
33573
33574
33577
33578
33582
33584
33587
33588
33589
33590
33591
33592
33596
33597
33598
33602
33608
33609
33611
33616
33617
33618
33632
33640
33642
33643
33647
33656
33666
33686
33687
33691
33692
33701
33710
33712
33713
33718
33722
33727
33729
33736
33749
33753
33765
33766
33768
33770
33772
33777
33778
33789
33792
33794
33795
33798
33800
33803
33809
33812
33820
33824
33828
33829
33835
33841
33843
33847
33850
33851
33852
33853
33857
33858
33860
33865
33866
33878
33883
33891
33892
33893
33895
33896
33911
33914
33925
33937
33940
33945
33947
33948
33950
33953
33955
33961
33968
33971
33972
33976
33977
33978
33989
33991
33993
33994
33998
33999
34001
34006
34022
34024
34025
34028
34038
34041
34046
34050
34055
34064
34065
34071
34073
34080
34083
34085
34094
34096
34100
34101
34102
34103
34104
34105
34106
34108
34109
34110
34111
34112
34113
34115
34116
34117
34118
34119
34121
34122
34123
34125
34126
34127
34128
34129
34131
34133
34134
34136
34137
34138
34140
34141
34142
34143
34144
34146
34147
34148
34149
34150
34151
34152
34153
34154
34155
34157
34158
34159
34161
34162
34163
34164
34169
34170
34171
34172
34173
34174
34175
34176
34178
34179
34181
34182
34183
34184
34186
34188
34189
34194
34195
34196
34197
34199
34201
34204
34205
34206
34207
34208
34210
34211
34212
34213
34214
34215
34216
34217
34220
34221
34222
34223
34224
34225
34226
34228
34229
34230
34231
34232
34233
34235
34236
34237
34238
34239
34241
34242
34243
34244
34246
34247
34249
34250
34251
34252
34253
34254
34256
34257
34258
34259
34262
34263
34265
34266
34267
34268
34269
34271
34273
34274
34275
34276
34279
34280
34281
34283
34284
34286
34287
34288
34289
34291
34292
34293
34295
34298
34299
34301
34302
34303
34304
34305
34306
34307
34308
34309
34312
34313
34314
34316
34317
34318
34319
34321
34322
34323
34324
34325
34326
34327
34328
34330
34332
34333
34334
34336
34337
34338
34340
34344
34347
34348
34349
34350
34351
34353
34354
34355
34356
34357
34359
34360
34361
34362
34364
34365
34367
34368
34369
34370
34372
34373
34374
34375
34376
34377
34378
34379
34380
34381
34382
34383
34385
34387
34388
34389
34390
34391
34392
34393
34394
34395
34398
34399
34400
34401
34403
34406
34408
34409
34411
34412
34413
34414
34417
34418
34420
34424
34425
34426
34427
34428
34430
34431
34432
34433
34434
34435
34436
34437
34439
34440
34443
34444
34445
34446
34447
34448
34449
34450
34451
34452
34454
34457
34458
34460
34462
34463
34464
34465
34466
34467
34471
34474
34476
34477
34479
34480
34482
34485
34486
34487
34488
34489
34493
34494
34496
34497
34498
34499
34500
34501
34507
34508
34510
34511
34512
34513
34514
34515
34517
34519
34520
34521
34523
34524
34526
34527
34528
34535
34536
34537
34538
34539
34540
34541
34543
34547
34548
34549
34550
34551
34554
34555
34556
34558
34560
34564
34565
34566
34568
34569
34570
34571
34572
34573
34575
34578
34580
34582
34585
34587
34588
34590
34591
34592
34593
34594
34595
34597
34598
34602
34603
34604
34605
34606
34609
34611
34612
34614
34616
34617
34621
34625
34626
34627
34628
34629
34630
34631
34633
34635
34639
34643
34645
34646
34647
34648
34650
34654
34655
34656
34658
34660
34661
34664
34665
34667
34671
34673
34674
34675
34677
34678
34679
34680
34683
34684
34687
34688
34691
34692
34693
34694
34696
34697
34698
34699
34701
34702
34703
34704
34705
34706
34707
34709
34712
34713
34715
34716
34718
34720
34721
34722
34723
34724
34726
34732
34733
34735
34737
34738
34739
34740
34742
34743
34745
34747
34749
34750
34751
34753
34754
34756
34757
34758
34759
34760
34762
34763
34764
34766
34767
34769
34774
34775
34776
34778
34779
34780
34781
34782
34783
34784
34785
34786
34787
34789
34791
34792
34794
34798
34799
34801
34802
34804
34807
34808
34809
34811
34812
34813
34817
34818
34819
34820
34822
34823
34824
34825
34828
34829
34830
34831
34832
34834
34837
34839
34842
34844
34845
34846
34847
34848
34849
34850
34853
34854
34855
34856
34858
34859
34861
34862
34863
34867
34869
34870
34871
34872
34873
34874
34875
34876
34879
34880
34882
34883
34884
34886
34887
34888
34889
34891
34893
34895
34897
34898
34901
34903
34904
34905
34907
34908
34912
34913
34914
34916
34918
34920
34921
34925
34927
34928
34929
34933
34936
34938
34939
34940
34942
34943
34945
34946
34949
34950
34953
34955
34958
34959
34961
34962
34963
34964
34965
34966
34968
34970
34976
34978
34981
34983
34985
34986
34987
34988
34989
34993
34994
34995
34996
34997
34998
35000
35001
35002
35005
35006
35008
35010
35011
35013
35015
35017
35018
35019
35021
35024
35025
35028
35029
35030
35031
35032
35037
35039
35040
35041
35042
35043
35046
35047
35048
35049
35050
35051
35055
35056
35057
35058
35060
35062
35063
35064
35065
35066
35067
35068
35069
35073
35074
35076
35077
35078
35079
35080
35082
35083
35088
35089
35090
35091
35092
35094
35096
35097
35100
35103
35104
35105
35106
35110
35116
35119
35120
35123
35124
35125
35126
35135
35137
35139
35140
35142
35147
35148
35149
35150
35151
35152
35153
35154
35155
35157
35158
35159
35160
35161
35162
35166
35168
35169
35171
35173
35175
35177
35179
35180
35181
35183
35186
35187
35188
35190
35191
35192
35194
35196
35197
35198
35199
35206
35208
35211
35212
35213
35216
35217
35221
35222
35223
35226
35230
35231
35233
35234
35237
35239
35240
35241
35243
35244
35245
35246
35247
35250
35251
35255
35258
35260
35262
35264
35265
35268
35269
35271
35273
35275
35276
35277
35280
35281
35283
35284
35285
35289
35291
35292
35294
35295
35297
35298
35300
35301
35302
35304
35307
35308
35314
35316
35317
35318
35322
35323
35324
35326
35328
35329
35330
35332
35336
35338
35339
35340
35342
35343
35344
35348
35351
35355
35356
35359
35360
35361
35363
35368
35370
35373
35374
35378
35379
35383
35386
35387
35389
35390
35392
35393
35394
35395
35397
35399
35401
35404
35406
35407
35412
35413
35415
35416
35417
35420
35421
35423
35428
35433
35438
35439
35441
35442
35447
35450
35451
35455
35457
35458
35459
35463
35464
35465
35467
35470
35471
35472
35473
35476
35480
35481
35482
35483
35487
35488
35489
35494
35498
35499
35505
35506
35509
35511
35513
35514
35516
35517
35519
35523
35524
35526
35527
35528
35530
35534
35538
35540
35542
35544
35546
35549
35551
35555
35556
35557
35559
35562
35563
35565
35566
35567
35569
35570
35572
35573
35576
35583
35587
35588
35589
35590
35591
35593
35594
35595
35596
35597
35598
35600
35604
35611
35612
35613
35626
35627
35628
35629
35632
35633
35637
35638
35641
35642
35644
35646
35649
35650
35655
35660
35664
35667
35669
35670
35673
35674
35677
35678
35680
35681
35684
35685
35687
35688
35689
35690
35692
35693
35698
35699
35700
35708
35710
35712
35714
35716
35717
35718
35720
35721
35723
35724
35725
35727
35728
35731
35733
35740
35741
35744
35746
35749
35756
35757
35759
35761
35766
35767
35768
35770
35771
35772
35777
35778
35781
35782
35783
35784
35786
35787
35789
35790
35791
35793
35796
35798
35799
35800
35801
35802
35803
35807
35808
35809
35811
35812
35813
35814
35816
35817
35819
35820
35821
35822
35823
35824
35826
35827
35832
35833
35834
35835
35836
35838
35839
35840
35841
35843
35844
35846
35847
35848
35849
35853
35856
35857
35858
35861
35862
35863
35864
35865
35868
35869
35870
35871
35872
35874
35875
35877
35879
35880
35881
35882
35883
35884
35885
35887
35890
35895
35898
35900
35901
35903
35904
35905
35908
35909
35910
35911
35912
35913
35914
35915
35916
35917
35918
35919
35920
35921
35922
35924
35925
35926
35927
35929
35931
35935
35937
35938
35939
35940
35941
35942
35943
35944
35945
35946
35947
35948
35949
35950
35951
35952
35954
35955
35956
35958
35959
35960
35962
35963
35964
35965
35967
35968
35969
35970
35971
35972
35974
35975
35976
35977
35979
35980
35981
35983
35985
35987
35988
35990
35991
35992
35993
35994
35995
35996
35997
35998
35999
36000
36001
36002
36003
36004
36005
36007
36010
36011
36012
36014
36015
36016
36017
36018
36021
36022
36024
36025
36026
36027
36028
36029
36030
36031
36033
36034
36037
36038
36039
36040
36041
36042
36043
36044
36045
36046
36047
36049
36050
36052
36053
36054
36055
36056
36057
36059
36060
36061
36062
36063
36064
36065
36067
36069
36070
36073
36074
36075
36076
36077
36080
36081
36084
36085
36087
36089
36090
36091
36092
36093
36094
36095
36096
36097
36098
36101
36102
36103
36104
36105
36107
36109
36110
36112
36113
36114
36115
36116
36117
36119
36120
36122
36124
36125
36126
36127
36128
36129
36131
36132
36133
36134
36136
36137
36138
36142
36143
36144
36145
36147
36150
36151
36152
36153
36154
36155
36156
36157
36159
36160
36161
36162
36163
36164
36165
36166
36169
36170
36171
36172
36173
36174
36175
36179
36180
36181
36182
36186
36188
36190
36191
36194
36196
36199
36201
36202
36203
36206
36207
36208
36209
36210
36212
36214
36215
36217
36221
36224
36225
36226
36232
36233
36234
36235
36237
36238
36239
36241
36242
36243
36244
36245
36246
36247
36248
36250
36252
36254
36255
36256
36257
36259
36261
36262
36264
36265
36267
36268
36269
36271
36274
36276
36278
36280
36281
36284
36285
36287
36288
36289
36290
36291
36294
36296
36297
36298
36299
36300
36302
36304
36306
36308
36309
36310
36311
36313
36314
36316
36318
36320
36321
36323
36324
36325
36326
36328
36329
36330
36332
36333
36334
36335
36336
36337
36338
36340
36341
36342
36343
36344
36345
36347
36348
36349
36351
36352
36353
36354
36355
36356
36359
36361
36362
36363
36364
36365
36366
36367
36368
36369
36370
36374
36375
36376
36379
36383
36384
36385
36387
36388
36391
36392
36394
36396
36398
36399
36401
36402
36405
36406
36407
36409
36412
36414
36418
36420
36421
36422
36423
36425
36427
36428
36429
36430
36434
36435
36437
36439
36440
36441
36442
36444
36445
36447
36448
36449
36451
36453
36455
36456
36457
36460
36461
36462
36463
36466
36469
36470
36471
36473
36474
36475
36476
36478
36479
36480
36486
36487
36491
36492
36495
36497
36499
36500
36501
36505
36506
36508
36511
36520
36526
36527
36529
36532
36536
36541
36549
36552
36553
36554
36556
36557
36559
36560
36561
36564
36565
36566
36567
36572
36576
36578
36579
36580
36581
36583
36590
36594
36596
36598
36600
36601
36602
36603
36605
36609
36613
36615
36617
36618
36620
36621
36622
36624
36625
36626
36628
36630
36632
36633
36634
36635
36636
36637
36639
36640
36642
36643
36644
36645
36646
36647
36648
36651
36652
36654
36655
36656
36657
36658
36660
36661
36662
36664
36665
36666
36668
36669
36671
36672
36674
36675
36677
36679
36680
36681
36682
36684
36686
36687
36688
36689
36690
36692
36693
36694
36695
36697
36701
36702
36703
36704
36705
36707
36708
36710
36712
36714
36716
36717
36718
36720
36724
36725
36726
36727
36728
36729
36730
36731
36732
36733
36734
36735
36738
36741
36742
36743
36744
36745
36746
36748
36750
36751
36752
36754
36755
36757
36758
36759
36760
36761
36764
36765
36767
36769
36771
36772
36773
36775
36777
36779
36781
36783
36784
36787
36788
36789
36795
36796
36798
36799
36800
36801
36803
36805
36806
36808
36809
36810
36811
36815
36816
36817
36818
36819
36821
36822
36823
36824
36825
36828
36830
36832
36836
36837
36838
36842
36843
36844
36845
36847
36848
36849
36850
36851
36852
36853
36854
36855
36856
36860
36861
36862
36863
36864
36865
36866
36867
36868
36869
36870
36871
36872
36873
36875
36876
36877
36878
36880
36881
36882
36883
36886
36888
36889
36890
36892
36893
36897
36898
36899
36900
36902
36903
36906
36908
36910
36911
36913
36914
36915
36918
36919
36920
36921
36922
36923
36925
36928
36930
36932
36933
36935
36936
36938
36940
36941
36945
36947
36948
36949
36950
36951
36953
36955
36956
36957
36958
36960
36961
36963
36964
36966
36967
36968
36969
36973
36974
36976
36979
36980
36981
36982
36983
36984
36985
36986
36987
36991
36992
36993
36994
36996
36997
36998
36999
37000
37003
37004
37007
37008
37011
37013
37014
37015
37019
37023
37026
37028
37030
37032
37033
37035
37036
37037
37038
37040
37042
37043
37044
37045
37047
37048
37049
37051
37052
37053
37054
37055
37056
37057
37058
37059
37060
37061
37063
37065
37066
37067
37068
37069
37070
37079
37081
37082
37083
37084
37085
37086
37087
37088
37089
37090
37092
37093
37095
37096
37098
37099
37100
37101
37102
37103
37104
37105
37108
37110
37111
37113
37116
37117
37118
37120
37122
37123
37124
37125
37126
37127
37128
37129
37130
37131
37133
37134
37135
37137
37138
37139
