2
9
12
14
17
19
20
23
29
36
37
39
40
41
42
44
46
49
50
52
54
55
56
57
62
63
64
74
75
78
79
80
83
85
90
96
98
103
105
111
113
116
121
122
124
125
126
132
133
135
137
138
140
141
143
144
145
146
151
156
157
158
159
161
162
167
168
171
188
192
194
197
206
207
214
216
218
221
226
230
231
239
242
254
257
258
260
261
265
269
271
274
279
289
293
295
301
303
321
327
328
332
333
336
338
339
349
355
359
372
374
376
383
384
401
403
410
413
416
417
427
432
434
435
442
443
453
454
457
466
468
471
488
491
499
504
505
512
517
519
521
523
526
535
536
539
542
546
550
555
556
563
566
569
570
573
577
583
588
592
597
598
602
604
609
615
618
621
623
625
627
634
635
639
646
649
651
655
662
674
675
676
677
678
679
680
681
683
684
685
686
687
688
689
690
691
692
693
694
695
696
697
700
703
704
708
709
711
712
713
714
715
716
717
718
720
721
722
724
725
728
729
730
731
732
733
734
735
736
737
738
742
743
744
746
747
748
749
753
755
756
757
758
759
760
761
762
763
764
768
769
770
772
773
775
777
778
779
781
782
784
786
787
788
792
793
795
798
799
800
801
802
803
804
805
806
807
809
810
811
812
813
815
816
817
818
819
820
822
825
828
833
834
835
837
841
842
843
844
846
847
849
850
852
856
858
859
862
863
865
868
869
872
873
875
879
880
883
884
885
887
888
890
891
892
893
894
895
897
898
900
901
902
903
904
905
906
908
909
910
914
916
917
918
920
922
923
925
930
931
933
938
939
940
944
945
947
949
950
952
954
955
956
957
958
959
960
962
964
966
969
970
971
973
974
975
977
978
979
981
982
985
987
990
994
995
998
999
1001
1004
1007
1009
1012
1013
1015
1016
1017
1018
1019
1025
1026
1027
1028
1029
1030
1037
1039
1040
1042
1043
1044
1045
1049
1050
1051
1052
1053
1055
1057
1058
1059
1060
1061
1063
1064
1065
1066
1067
1068
1069
1071
1072
1074
1075
1076
1077
1078
1079
1080
1081
1082
1083
1084
1085
1087
1088
1091
1092
1094
1097
1098
1100
1101
1103
1104
1106
1108
1109
1111
1112
1113
1116
1119
1121
1122
1123
1128
1129
1131
1132
1133
1134
1135
1136
1138
1139
1142
1143
1144
1145
1146
1148
1149
1157
1160
1161
1162
1163
1164
1165
1166
1173
1174
1175
1177
1178
1181
1183
1186
1187
1191
1194
1196
1198
1200
1203
1204
1205
1207
1209
1210
1211
1212
1213
1216
1217
1219
1220
1221
1222
1227
1228
1230
1232
1236
1239
1241
1244
1245
1246
1250
1253
1254
1255
1257
1261
1263
1264
1265
1266
1268
1269
1270
1271
1272
1273
1274
1275
1276
1278
1279
1283
1286
1287
1289
1291
1293
1294
1296
1297
1298
1299
1300
1301
1304
1308
1311
1312
1313
1316
1319
1324
1325
1326
1330
1331
1332
1333
1334
1335
1336
1337
1338
1339
1340
1342
1344
1345
1348
1349
1350
1352
1353
1355
1358
1359
1363
1370
1371
1373
1374
1375
1376
1379
1382
1383
1386
1387
1388
1391
1393
1396
1397
1398
1401
1403
1404
1406
1407
1408
1410
1411
1416
1420
1424
1427
1433
1436
1437
1439
1440
1441
1445
1446
1448
1452
1454
1456
1457
1459
1460
1461
1463
1466
1472
1474
1475
1476
1477
1478
1482
1486
1487
1488
1489
1492
1493
1494
1498
1499
1501
1503
1504
1506
1507
1508
1512
1513
1516
1518
1521
1523
1525
1528
1529
1530
1531
1533
1535
1536
1538
1539
1540
1541
1543
1545
1547
1548
1549
1550
1551
1552
1554
1555
1556
1559
1561
1562
1563
1564
1565
1567
1568
1569
1570
1572
1574
1576
1579
1582
1583
1585
1587
1590
1593
1597
1599
1602
1605
1606
1607
1610
1615
1617
1619
1621
1623
1624
1628
1629
1633
1634
1637
1638
1639
1643
1649
1653
1656
1659
1661
1664
1665
1670
1673
1674
1675
1678
1680
1681
1682
1686
1687
1691
1693
1695
1696
1698
1700
1701
1703
1705
1709
1710
1711
1712
1715
1716
1719
1724
1725
1726
1728
1731
1732
1736
1737
1742
1743
1747
1749
1750
1751
1752
1756
1757
1760
1761
1762
1763
1765
1766
1767
1768
1773
1775
1781
1782
1787
1790
1791
1795
1796
1797
1801
1803
1805
1806
1807
1809
1811
1812
1813
1819
1820
1821
1822
1824
1830
1834
1835
1836
1837
1839
1840
1842
1846
1848
1849
1851
1853
1854
1855
1856
1861
1862
1863
1865
1868
1869
1871
1872
1873
1883
1884
1887
1888
1894
1897
1902
1905
1906
1908
1909
1910
1918
1919
1922
1923
1924
1930
1937
1938
1939
1944
1946
1949
1950
1953
1954
1955
1956
1961
1962
1963
1966
1971
1973
1978
1980
1981
1983
1989
1995
1997
1998
2003
2004
2006
2008
2009
2012
2016
2020
2021
2023
2024
2025
2026
2028
2030
2031
2037
2038
2041
2045
2046
2047
2050
2054
2055
2056
2057
2061
2062
2073
2079
2085
2086
2088
2091
2092
2094
2098
2102
2103
2107
2108
2111
2112
2113
2114
2115
2116
2120
2130
2133
2137
2139
2141
2144
2147
2148
2150
2152
2156
2157
2165
2167
2168
2169
2170
2171
2172
2174
2178
2182
2184
2185
2191
2198
2201
2206
2208
2212
2217
2218
2219
2221
2225
2229
2230
2234
2235
2237
2238
2239
2240
2241
2244
2246
2248
2251
2252
2255
2258
2260
2264
2266
2270
2275
2276
2279
2280
2282
2283
2285
2286
2289
2290
2297
2298
2302
2305
2306
2307
2309
2316
2317
2318
2319
2320
2325
2327
2328
2329
2330
2331
2334
2336
2341
2345
2346
2351
2352
2355
2356
2357
2359
2361
2362
2363
2364
2365
2367
2369
2370
2372
2373
2374
2376
2380
2381
2382
2383
2384
2387
2388
2391
2394
2395
2396
2401
2403
2404
2405
2407
2408
2411
2412
2414
2415
2418
2420
2422
2427
2429
2430
2432
2433
2435
2436
2437
2438
2440
2442
2443
2444
2445
2449
2451
2453
2455
2457
2458
2459
2461
2463
2464
2474
2476
2479
2480
2481
2483
2486
2487
2488
2489
2490
2492
2493
2494
2495
2496
2497
2498
2499
2500
2501
2503
2504
2505
2506
2507
2509
2510
2511
2512
2513
2514
2515
2516
2517
2518
2519
2520
2521
2522
2523
2524
2525
2526
2527
2528
2529
2530
2532
2533
2534
2535
2536
2538
2539
2540
2541
2542
2544
2546
2548
2550
2551
2552
2553
2554
2556
2557
2558
2559
2560
2561
2562
2563
2564
2565
2566
2567
2568
2569
2570
2573
2574
2575
2576
2577
2578
2579
2581
2583
2584
2585
2587
2588
2589
2590
2591
2592
2593
2595
2596
2597
2598
2599
2601
2602
2603
2604
2607
2608
2612
2613
2614
2615
2616
2617
2618
2619
2620
2622
2623
2624
2626
2627
2628
2629
2630
2631
2633
2634
2635
2636
2637
2641
2642
2643
2644
2645
2646
2649
2650
2652
2653
2654
2655
2656
2657
2658
2659
2660
2661
2663
2664
2666
2667
2668
2669
2670
2671
2672
2675
2676
2677
2678
2679
2680
2681
2683
2684
2685
2686
2687
2688
2689
2690
2691
2692
2693
2694
2695
2697
2698
2700
2701
2702
2703
2704
2706
2707
2708
2709
2710
2711
2712
2713
2714
2716
2717
2718
2719
2720
2721
2722
2723
2724
2726
2727
2728
2729
2730
2731
2733
2734
2736
2738
2739
2740
2741
2742
2744
2746
2747
2748
2751
2753
2755
2758
2759
2760
2762
2765
2767
2768
2769
2770
2773
2774
2775
2776
2777
2782
2784
2789
2790
2791
2795
2797
2799
2800
2802
2804
2805
2807
2809
2810
2811
2812
2813
2816
2818
2819
2821
2822
2824
2825
2826
2827
2828
2829
2830
2831
2833
2837
2841
2842
2844
2845
2846
2847
2848
2849
2852
2853
2854
2855
2859
2860
2861
2866
2867
2868
2870
2871
2872
2873
2874
2876
2878
2879
2886
2887
2888
2890
2895
2896
2897
2898
2900
2902
2904
2905
2906
2907
2910
2911
2912
2914
2915
2916
2917
2918
2919
2920
2921
2923
2925
2928
2931
2932
2935
2938
2940
2941
2942
2943
2944
2946
2949
2953
2955
2962
2965
2967
2968
2969
2970
2973
2974
2975
2976
2977
2980
2981
2984
2986
2989
2992
2993
2995
2998
2999
3001
3003
3004
3005
3010
3011
3015
3016
3017
3018
3019
3022
3023
3026
3029
3030
3032
3033
3035
3036
3037
3038
3040
3042
3044
3046
3047
3048
3049
3050
3052
3055
3061
3063
3064
3067
3068
3069
3071
3073
3075
3076
3078
3079
3082
3084
3086
3087
3089
3090
3091
3099
3100
3101
3102
3103
3106
3110
3111
3112
3115
3117
3120
3121
3122
3123
3126
3127
3128
3131
3134
3140
3141
3144
3149
3150
3151
3154
3155
3157
3159
3161
3162
3163
3165
3167
3170
3171
3177
3182
3185
3187
3190
3192
3195
3196
3197
3201
3204
3205
3207
3210
3211
3213
3215
3219
3225
3226
3229
3230
3232
3238
3239
3240
3245
3248
3252
3253
3254
3255
3257
3258
3260
3261
3262
3264
3266
3271
3274
3276
3277
3278
3279
3280
3282
3286
3287
3288
3289
3290
3291
3292
3297
3298
3299
3301
3302
3303
3307
3308
3310
3315
3317
3318
3319
3322
3323
3324
3325
3329
3331
3332
3334
3335
3337
3339
3340
3341
3343
3345
3348
3349
3351
3352
3356
3357
3359
3360
3361
3362
3363
3365
3369
3371
3372
3373
3376
3377
3378
3379
3380
3381
3382
3384
3385
3387
3388
3393
3394
3395
3396
3397
3398
3400
3404
3406
3414
3416
3417
3419
3420
3421
3422
3423
3425
3426
3428
3429
3430
3435
3438
3439
3442
3444
3445
3446
3447
3448
3450
3452
3454
3457
3458
3459
3460
3461
3462
3463
3464
3465
3466
3467
3468
3471
3472
3473
3474
3477
3478
3480
3483
3484
3485
3487
3488
3490
3491
3492
3493
3494
3495
3496
3497
3500
3501
3502
3503
3505
3506
3509
3510
3514
3515
3517
3519
3520
3521
3524
3530
3532
3534
3535
3536
3537
3539
3540
3543
3544
3545
3546
3547
3549
3550
3551
3552
3553
3555
3557
3558
3559
3560
3561
3562
3563
3564
3565
3566
3567
3568
3570
3571
3572
3573
3574
3578
3581
3582
3584
3586
3588
3589
3592
3597
3599
3600
3602
3603
3604
3606
3609
3610
3612
3613
3614
3616
3617
3618
3622
3623
3625
3626
3628
3629
3630
3631
3632
3634
3636
3637
3640
3642
3643
3644
3647
3650
3652
3654
3655
3656
3657
3658
3661
3662
3666
3667
3671
3672
3673
3674
3676
3677
3678
3679
3682
3683
3687
3688
3690
3691
3694
3696
3698
3699
3701
3703
3704
3705
3706
3707
3708
3709
3710
3713
3715
3716
3717
3731
3733
3734
3736
3738
3741
3746
3750
3751
3752
3760
3763
3766
3768
3770
3771
3779
3781
3786
3788
3789
3793
3797
3803
3804
3808
3809
3812
3815
3816
3818
3820
3822
3824
3826
3828
3830
3836
3837
3838
3840
3843
3844
3849
3850
3852
3853
3854
3855
3857
3858
3859
3861
3865
3868
3870
3872
3873
3875
3876
3877
3879
3881
3882
3884
3885
3897
3898
3899
3904
3906
3911
3915
3921
3924
3927
3930
3933
3940
3941
3943
3946
3947
3950
3959
3961
3968
3969
3972
3974
3975
3989
3992
3996
4003
4005
4008
4009
4010
4012
4015
4016
4018
4020
4021
4032
4033
4035
4036
4037
4038
4041
4046
4050
4056
4063
4066
4067
4068
4069
4070
4073
4075
4081
4083
4087
4088
4094
4097
4100
4104
4106
4107
4113
4116
4117
4121
4123
4124
4129
4132
4135
4139
4141
4148
4153
4155
4156
4157
4161
4165
4167
4168
4169
4177
4178
4179
4180
4182
4185
4191
4194
4196
4198
4201
4202
4206
4207
4211
4213
4219
4221
4222
4223
4225
4231
4232
4233
4234
4235
4238
4239
4243
4248
4249
4250
4253
4261
4265
4266
4268
4272
4273
4279
4283
4287
4288
4295
4297
4308
4316
4317
4319
4322
4325
4330
4334
4337
4339
4341
4342
4344
4347
4349
4350
4354
4356
4358
4360
4365
4370
4379
4382
4383
4389
4390
4391
4392
4393
4394
4395
4396
4397
4398
4399
4400
4401
4402
4403
4404
4405
4406
4407
4408
4409
4410
4411
4412
4413
4414
4416
4417
4419
4420
4421
4422
4425
4426
4427
4428
4429
4430
4431
4433
4434
4438
4439
4440
4442
4443
4445
4446
4447
4449
4450
4451
4452
4453
4455
4456
4457
4460
4462
4463
4466
4468
4469
4470
4471
4472
4473
4474
4475
4476
4477
4478
4479
4480
4482
4484
4485
4487
4489
4491
4492
4496
4497
4499
4500
4502
4504
4505
4506
4507
4510
4511
4512
4513
4514
4516
4517
4518
4520
4521
4522
4523
4524
4525
4526
4527
4529
4530
4532
4533
4534
4536
4537
4538
4539
4540
4541
4542
4544
4546
4548
4549
4550
4551
4552
4553
4554
4556
4560
4563
4564
4565
4566
4569
4570
4571
4572
4573
4574
4576
4577
4578
4579
4580
4584
4586
4588
4590
4591
4593
4594
4595
4596
4598
4601
4602
4603
4606
4607
4608
4609
4612
4613
4617
4619
4620
4621
4623
4625
4626
4629
4632
4637
4638
4639
4641
4642
4643
4644
4645
4647
4648
4649
4650
4652
4653
4659
4661
4662
4663
4664
4665
4666
4670
4671
4672
4673
4676
4680
4685
4686
4687
4688
4689
4690
4691
4692
4693
4694
4696
4698
4700
4701
4702
4703
4706
4709
4710
4711
4714
4715
4716
4718
4720
4721
4722
4723
4724
4727
4728
4730
4731
4732
4737
4738
4739
4740
4743
4746
4749
4750
4752
4753
4754
4757
4758
4759
4764
4765
4768
4775
4777
4778
4780
4781
4783
4788
4789
4790
4791
4792
4793
4794
4795
4796
4797
4800
4801
4802
4803
4805
4807
4811
4812
4814
4815
4818
4819
4820
4823
4824
4825
4826
4827
4830
4832
4833
4835
4837
4838
4839
4840
4845
4847
4848
4849
4852
4853
4856
4859
4860
4861
4863
4865
4866
4867
4873
4874
4876
4878
4879
4880
4883
4886
4891
4892
4895
4897
4903
4904
4907
4910
4911
4913
4914
4917
4919
4921
4922
4923
4924
4925
4926
4931
4933
4936
4937
4938
4941
4942
4944
4945
4946
4948
4950
4951
4952
4953
4954
4955
4956
4957
4959
4961
4964
4966
4967
4972
4975
4978
4979
4980
4982
4983
4984
4985
4986
4987
4988
4989
4990
4993
4997
4998
5001
5003
5008
5009
5010
5011
5014
5019
5021
5024
5025
5028
5030
5032
5033
5035
5037
5039
5040
5041
5043
5044
5045
5049
5051
5052
5062
5063
5066
5068
5069
5070
5071
5072
5073
5080
5082
5083
5084
5087
5088
5089
5090
5092
5093
5094
5095
5096
5097
5100
5101
5105
5108
5109
5110
5111
5112
5115
5116
5117
5118
5119
5123
5124
5128
5129
5130
5131
5136
5138
5139
5140
5141
5142
5143
5147
5148
5150
5151
5153
5155
5157
5158
5159
5162
5163
5164
5165
5166
5169
5170
5171
5172
5173
5174
5175
5176
5179
5180
5184
5185
5186
5188
5189
5190
5191
5192
5193
5194
5195
5201
5202
5203
5204
5205
5208
5209
5211
5213
5215
5216
5220
5221
5222
5223
5225
5226
5227
5230
5231
5233
5234
5237
5238
5243
5244
5245
5247
5249
5250
5251
5252
5253
5254
5255
5257
5261
5264
5265
5266
5267
5268
5269
5274
5275
5276
5279
5280
5283
5286
5288
5290
5291
5293
5294
5296
5297
5300
5303
5304
5307
5309
5311
5320
5321
5322
5327
5329
5330
5331
5332
5335
5337
5339
5340
5343
5344
5347
5350
5352
5354
5355
5356
5359
5362
5363
5366
5370
5371
5373
5375
5376
5379
5384
5386
5387
5389
5390
5392
5394
5396
5397
5400
5401
5402
5404
5406
5408
5412
5413
5414
5416
5418
5421
5423
5424
5425
5428
5429
5431
5432
5433
5434
5437
5438
5439
5440
5441
5443
5444
5446
5447
5450
5451
5452
5455
5457
5458
5459
5460
5461
5462
5465
5466
5468
5471
5472
5473
5474
5476
5479
5480
5481
5482
5483
5484
5487
5489
5490
5494
5496
5501
5502
5504
5505
5507
5508
5511
5512
5513
5519
5523
5525
5533
5534
5535
5544
5545
5547
5553
5560
5561
5565
5566
5567
5568
5571
5573
5576
5580
5581
5584
5586
5588
5592
5594
5596
5598
5601
5602
5604
5606
5608
5610
5614
5619
5620
5621
5622
5623
5624
5626
5627
5630
5632
5634
5638
5639
5640
5643
5649
5651
5653
5654
5660
5662
5663
5664
5668
5671
5674
5676
5677
5679
5680
5681
5682
5683
5684
5685
5686
5687
5688
5689
5691
5692
5694
5695
5699
5702
5704
5706
5709
5710
5711
5713
5714
5716
5724
5725
5726
5730
5732
5733
5737
5738
5739
5741
5742
5743
5751
5752
5760
5761
5764
5771
5774
5777
5778
5781
5784
5787
5793
5795
5796
5801
5802
5809
5810
5816
5818
5820
5822
5826
5827
5830
5834
5837
5840
5841
5842
5843
5845
5847
5849
5851
5858
5866
5868
5870
5872
5875
5877
5879
5881
5882
5883
5886
5889
5892
5894
5895
5898
5899
5911
5915
5917
5922
5923
5930
5932
5937
5945
5952
5954
5958
5961
5964
5968
5971
5972
5974
5977
5978
5980
5989
5990
5992
5995
5996
5997
6002
6003
6010
6011
6012
6016
6019
6020
6021
6023
6025
6029
6032
6033
6039
6041
6043
6047
6050
6053
6054
6055
6056
6060
6061
6065
6066
6067
6069
6070
6071
6075
6079
6081
6084
6085
6086
6087
6088
6089
6090
6094
6096
6097
6100
6101
6102
6103
6105
6106
6108
6109
6111
6113
6114
6118
6119
6120
6121
6122
6124
6128
6129
6130
6131
6132
6134
6135
6136
6137
6139
6142
6144
6146
6147
6148
6150
6152
6156
6157
6158
6159
6160
6162
6163
6164
6165
6166
6169
6171
6172
6175
6177
6178
6179
6188
6190
6193
6198
6201
6202
6203
6204
6206
6207
6208
6209
6210
6211
6213
6215
6217
6218
6219
6220
6221
6222
6223
6224
6225
6226
6227
6228
6229
6231
6232
6233
6234
6235
6236
6237
6238
6239
6240
6241
6242
6243
6244
6245
6246
6248
6249
6250
6251
6252
6253
6254
6255
6256
6258
6260
6261
6263
6264
6265
6266
6267
6268
6269
6270
6272
6273
6274
6275
6276
6277
6278
6279
6280
6281
6282
6283
6284
6285
6287
6288
6290
6291
6292
6293
6294
6295
6296
6297
6298
6299
6300
6302
6304
6305
6306
6308
6310
6311
6312
6313
6314
6315
6316
6317
6318
6319
6320
6321
6322
6324
6325
6326
6327
6328
6329
6330
6331
6332
6333
6334
6335
6336
6337
6338
6340
6341
6342
6343
6344
6345
6347
6348
6349
6350
6351
6352
6353
6354
6355
6356
6357
6358
6359
6360
6361
6363
6364
6365
6366
6367
6368
6369
6370
6371
6372
6373
6375
6377
6380
6381
6382
6383
6384
6386
6389
6390
6391
6392
6393
6395
6396
6397
6398
6399
6401
6402
6404
6406
6407
6408
6409
6410
6411
6412
6413
6414
6415
6416
6417
6418
6420
6421
6424
6425
6426
6427
6428
6429
6430
6431
6432
6433
6434
6435
6437
6438
6439
6440
6441
6442
6443
6444
6445
6447
6448
6450
6451
6452
6453
6454
6456
6457
6458
6459
6461
6462
6467
6469
6470
6472
6474
6475
6476
6478
6479
6480
6481
6483
6484
6485
6486
6487
6488
6489
6490
6493
6495
6498
6499
6500
6502
6504
6506
6507
6509
6511
6513
6514
6516
6518
6520
6521
6522
6523
6524
6525
6526
6527
6529
6530
6531
6532
6533
6535
6536
6538
6539
6540
6543
6544
6547
6548
6555
6556
6557
6559
6561
6562
6563
6566
6567
6568
6569
6573
6575
6576
6577
6580
6581
6582
6584
6586
6587
6588
6590
6592
6593
6595
6597
6600
6601
6602
6604
6605
6608
6612
6613
6615
6618
6621
6624
6625
6627
6628
6629
6630
6631
6632
6633
6634
6636
6637
6639
6641
6642
6644
6645
6651
6652
6654
6655
6656
6657
6658
6660
6662
6663
6664
6665
6667
6672
6673
6674
6675
6676
6678
6679
6682
6684
6687
6688
6689
6690
6691
6693
6694
6700
6703
6705
6706
6707
6709
6710
6712
6714
6715
6716
6717
6718
6719
6723
6724
6725
6726
6728
6730
6732
6733
6735
6736
6737
6741
6743
6744
6746
6747
6748
6749
6750
6754
6756
6757
6759
6762
6763
6764
6765
6766
6768
6769
6770
6771
6774
6777
6780
6781
6782
6783
6784
6788
6797
6800
6801
6803
6805
6807
6808
6813
6814
6816
6820
6822
6824
6825
6829
6830
6834
6835
6836
6837
6839
6841
6842
6843
6845
6848
6852
6854
6859
6861
6864
6868
6872
6875
6881
6886
6887
6888
6889
6891
6893
6896
6899
6900
6901
6904
6905
6906
6909
6910
6911
6916
6918
6919
6920
6922
6924
6926
6927
6933
6934
6935
6936
6939
6940
6941
6943
6944
6946
6948
6953
6954
6955
6957
6959
6962
6964
6966
6967
6968
6969
6972
6975
6976
6977
6978
6980
6985
6986
6987
6988
6990
6991
6992
6996
6997
6999
7000
7002
7004
7005
7006
7008
7009
7011
7013
7014
7015
7016
7020
7021
7022
7023
7025
7027
7029
7030
7031
7033
7036
7037
7039
7040
7043
7046
7048
7049
7051
7052
7053
7054
7055
7056
7058
7063
7065
7067
7071
7072
7074
7075
7076
7078
7079
7080
7083
7087
7088
7091
7092
7093
7094
7096
7098
7099
7102
7103
7106
7107
7108
7109
7111
7112
7113
7118
7119
7120
7127
7128
7130
7131
7132
7133
7134
7135
7136
7137
7138
7139
7140
7141
7142
7144
7146
7148
7149
7152
7153
7155
7156
7159
7160
7162
7164
7168
7171
7173
7174
7177
7179
7180
7181
7183
7184
7185
7187
7191
7194
7197
7199
7200
7201
7204
7205
7206
7208
7210
7214
7215
7216
7217
7220
7223
7226
7227
7229
7231
7233
7234
7235
7236
7237
7238
7240
7242
7243
7245
7246
7248
7249
7251
7253
7254
7257
7258
7259
7260
7264
7267
7269
7270
7271
7272
7273
7274
7275
7276
7279
7284
7285
7288
7290
7292
7295
7296
7299
7302
7303
7306
7307
7308
7311
7313
7314
7316
7318
7320
7321
7322
7323
7324
7326
7327
7328
7331
7332
7334
7336
7338
7339
7340
7341
7343
7344
7345
7348
7349
7351
7353
7354
7356
7357
7358
7359
7360
7363
7366
7367
7368
7369
7370
7371
7372
7373
7374
7375
7376
7379
7380
7381
7386
7387
7388
7389
7390
7391
7392
7393
7396
7402
7403
7404
7405
7407
7408
7409
7410
7412
7413
7414
7415
7416
7417
7419
7422
7423
7424
7427
7430
7438
7443
7454
7457
7460
7466
7467
7468
7472
7482
7483
7487
7490
7491
7492
7500
7512
7538
7544
7548
7552
7554
7563
7565
7569
7570
7571
7575
7579
7582
7584
7586
7587
7589
7590
7592
7596
7604
7613
7615
7633
7634
7642
7644
7647
7652
7657
7658
7676
7684
7688
7691
7693
7712
7719
7724
7747
7749
7750
7755
7759
7769
7777
7783
7784
7800
7808
7811
7814
7820
7822
7825
7834
7838
7840
7848
7850
7855
7861
7862
7870
7877
7878
7881
7893
7894
7906
7915
7927
7931
7936
7939
7940
7949
7958
7961
7979
7980
7984
7994
8002
8008
8012
8014
8022
8048
8051
8057
8064
8070
8083
8094
8098
8102
8103
8108
8109
8110
8111
8112
8113
8114
8115
8116
8117
8118
8119
8120
8121
8125
8127
8129
8131
8132
8134
8135
8138
8139
8140
8141
8142
8143
8144
8146
8147
8148
8149
8150
8152
8153
8155
8156
8157
8158
8159
8160
8161
8163
8164
8166
8167
8168
8170
8171
8174
8175
8179
8180
8182
8186
8187
8188
8189
8190
8191
8192
8194
8195
8196
8197
8198
8199
8200
8201
8203
8204
8205
8206
8207
8208
8210
8211
8212
8215
8217
8220
8221
8222
8223
8224
8226
8227
8228
8231
8232
8233
8234
8235
8236
8237
8239
8240
8241
8244
8246
8248
8249
8250
8252
8254
8258
8259
8260
8261
8263
8264
8266
8270
8272
8274
8275
8277
8278
8279
8280
8282
8284
8286
8287
8288
8289
8290
8292
8293
8296
8300
8301
8305
8307
8309
8311
8313
8315
8317
8318
8319
8320
8322
8324
8326
8328
8330
8331
8332
8333
8335
8336
8338
8340
8345
8347
8357
8358
8359
8360
8361
8363
8364
8365
8366
8367
8368
8372
8373
8374
8376
8379
8380
8381
8382
8383
8385
8387
8388
8390
8393
8394
8395
8396
8399
8400
8401
8402
8405
8406
8408
8410
8413
8415
8419
8420
8421
8422
8424
8428
8429
8430
8435
8436
8437
8440
8442
8446
8453
8454
8458
8460
8465
8468
8469
8471
8473
8474
8478
8479
8481
8482
8483
8487
8488
8489
8490
8491
8492
8493
8495
8496
8497
8498
8499
8500
8502
8503
8505
8507
8509
8510
8512
8516
8517
8521
8525
8528
8529
8531
8537
8539
8540
8541
8542
8547
8549
8551
8553
8556
8560
8562
8563
8567
8569
8570
8572
8574
8575
8576
8577
8578
8580
8581
8584
8587
8588
8590
8592
8593
8594
8602
8603
8605
8606
8613
8614
8615
8616
8617
8619
8620
8622
8624
8627
8629
8633
8637
8640
8641
8642
8645
8647
8649
8650
8651
8656
8658
8660
8662
8665
8668
8671
8672
8674
8675
8676
8678
8680
8681
8684
8685
8689
8693
8696
8697
8699
8700
8701
8702
8704
8706
8710
8714
8715
8716
8717
8721
8722
8724
8725
8726
8728
8733
8734
8737
8738
8739
8741
8742
8747
8749
8751
8752
8753
8754
8757
8758
8759
8760
8763
8765
8766
8767
8769
8770
8773
8775
8777
8780
8786
8787
8788
8792
8796
8801
8803
8804
8805
8807
8809
8814
8816
8824
8825
8826
8828
8829
8831
8832
8836
8837
8838
8844
8849
8851
8855
8857
8861
8864
8867
8872
8873
8876
8879
8883
8884
8889
8897
8900
8904
8905
8906
8907
8911
8914
8916
8917
8919
8923
8925
8927
8929
8931
8932
8933
8934
8935
8938
8940
8944
8948
8955
8957
8959
8961
8963
8964
8965
8966
8967
8971
8972
8976
8978
8979
8980
8984
8985
8988
8989
8990
8994
8995
8996
8997
9000
9003
9005
9007
9010
9011
9013
9018
9021
9022
9023
9024
9027
9043
9046
9051
9054
9061
9065
9066
9069
9070
9087
9089
9090
9091
9093
9095
9098
9101
9103
9104
9110
9114
9118
9120
9124
9127
9128
9129
9130
9136
9138
9144
9145
9147
9150
9151
9153
9160
9165
9172
9182
9187
9188
9189
9192
9193
9195
9201
9203
9214
9215
9217
9223
9224
9235
9237
9243
9249
9250
9256
9257
9260
9263
9267
9268
9270
9279
9283
9298
9299
9315
9318
9320
9325
9327
9332
9335
9336
9340
9344
9355
9361
9363
9365
9367
9371
9372
9378
9381
9382
9383
9384
9385
9389
9395
9400
9402
9408
9409
9414
9419
9425
9429
9432
9439
9440
9444
9449
9451
9453
9457
9459
9465
9466
9474
9478
9482
9483
9485
9494
9495
9502
9507
9513
9514
9518
9526
9536
9537
9540
9541
9543
9544
9545
9548
9551
9553
9557
9558
9565
9567
9572
9574
9580
9590
9591
9598
9600
9602
9606
9618
9619
9629
9630
9635
9636
9640
9643
9645
9646
9648
9650
9651
9653
9663
9665
9668
9669
9671
9672
9676
9688
9695
9702
9707
9709
9711
9722
9725
9726
9728
9735
9739
9741
9743
9747
9748
9756
9767
9768
9769
9770
9773
9774
9775
9779
9780
9781
9783
9784
9787
9789
9790
9795
9800
9805
9810
9811
9814
9815
9816
9818
9819
9820
9822
9825
9829
9832
9833
9834
9836
9842
9843
9844
9850
9854
9855
9856
9858
9860
9863
9864
9866
9867
9868
9872
9873
9877
9882
9883
9888
9889
9890
9893
9894
9903
9904
9908
9909
9910
9914
9915
9916
9917
9918
9921
9922
9923
9924
9929
9931
9933
9934
9937
9938
9939
9940
9941
9942
9943
9946
9948
9949
9950
9952
9953
9954
9956
9957
9958
9959
9960
9961
9962
9963
9964
9965
9966
9969
9970
9971
9972
9973
9974
9978
9979
9980
9981
9982
9984
9985
9986
9987
9988
9989
9990
9991
9992
9994
9995
9996
9997
9998
9999
10000
10001
10002
10003
10004
10005
10006
10007
10010
10012
10013
10016
10017
10018
10019
10020
10023
10024
10025
10026
10027
10029
10030
10032
10033
10035
10036
10038
10040
10041
10042
10044
10045
10046
10047
10048
10051
10052
10053
10054
10055
10056
10057
10058
10059
10061
10062
10064
10065
10067
10068
10069
10070
10071
10072
10073
10076
10077
10078
10079
10080
10081
10082
10083
10084
10086
10088
10089
10091
10092
10094
10095
10096
10097
10098
10099
10100
10102
10103
10104
10105
10106
10107
10108
10109
10110
10112
10113
10114
10115
10117
10118
10119
10120
10121
10123
10125
10126
10127
10128
10129
10130
10134
10135
10136
10137
10138
10139
10140
10142
10143
10145
10146
10147
10148
10149
10151
10153
10154
10156
10157
10159
10160
10161
10162
10163
10164
10165
10167
10168
10171
10172
10174
10176
10179
10183
10184
10186
10187
10188
10192
10196
10197
10200
10201
10202
10204
10205
10207
10208
10209
10212
10214
10216
10217
10219
10221
10222
10225
10226
10228
10230
10231
10232
10234
10235
10237
10238
10240
10241
10243
10244
10247
10249
10252
10253
10254
10256
10258
10259
10261
10263
10264
10265
10269
10270
10272
10273
10277
10280
10281
10282
10283
10286
10287
10291
10293
10294
10295
10296
10297
10298
10300
10301
10307
10308
10310
10311
10312
10318
10319
10320
10322
10323
10325
10326
10330
10331
10332
10335
10337
10342
10343
10344
10347
10348
10351
10357
10360
10363
10369
10370
10371
10375
10377
10378
10380
10381
10390
10393
10394
10396
10401
10402
10403
10408
10411
10413
10416
10417
10420
10421
10422
10424
10426
10428
10429
10430
10431
10438
10439
10440
10441
10444
10445
10446
10447
10451
10452
10453
10455
10457
10458
10459
10461
10463
10464
10466
10467
10468
10474
10476
10477
10478
10480
10489
10491
10495
10498
10501
10509
10511
10517
10519
10522
10527
10528
10529
10532
10535
10536
10538
10539
10542
10543
10547
10548
10549
10551
10555
10556
10562
10563
10566
10574
10577
10580
10582
10583
10584
10585
10586
10587
10591
10593
10595
10596
10599
10601
10602
10605
10610
10617
10620
10622
10623
10628
10629
10636
10638
10639
10640
10646
10649
10650
10652
10655
10656
10658
10659
10660
10662
10664
10666
10667
10669
10670
10671
10676
10680
10681
10682
10685
10686
10689
10692
10693
10694
10695
10696
10697
10700
10704
10705
10706
10707
10710
10712
10714
10715
10718
10719
10720
10721
10722
10723
10724
10726
10727
10729
10732
10733
10734
10740
10743
10744
10746
10749
10750
10751
10752
10753
10758
10762
10765
10771
10772
10773
10774
10775
10778
10779
10783
10784
10787
10788
10789
10790
10795
10798
10800
10804
10806
10809
10812
10813
10815
10816
10817
10821
10825
10826
10827
10830
10832
10835
10839
10841
10842
10846
10850
10852
10853
10854
10855
10857
10858
10859
10863
10864
10865
10867
10876
10878
10882
10884
10885
10886
10887
10889
10890
10891
10892
10893
10894
10895
10896
10900
10901
10902
10905
10908
10909
10910
10911
10912
10914
10915
10916
10918
10920
10922
10924
10925
10927
10930
10931
10934
10936
10937
10938
10940
10941
10943
10945
10947
10949
10951
10952
10957
10958
10959
10960
10962
10963
10964
10968
10970
10972
10973
10976
10978
10980
10981
10983
10984
10985
10987
10988
10989
10990
10997
10998
10999
11002
11005
11006
11009
11011
11012
11013
11014
11016
11017
11019
11020
11021
11027
11028
11030
11031
11032
11033
11034
11035
11036
11037
11038
11040
11042
11045
11046
11047
11048
11049
11050
11051
11053
11060
11062
11063
11065
11068
11070
11075
11080
11081
11082
11085
11086
11087
11089
11092
11093
11094
11096
11098
11099
11100
11101
11102
11103
11104
11106
11107
11109
11110
11113
11115
11116
11119
11120
11121
11122
11126
11127
11130
11131
11133
11134
11135
11136
11140
11141
11142
11144
11145
11147
11148
11151
11168
11179
11182
11185
11186
11190
11192
11196
11199
11200
11204
11210
11216
11219
11220
11221
11222
11225
11231
11232
11234
11238
11242
11252
11253
11257
11258
11259
11262
11264
11265
11266
11268
11270
11271
11272
11273
11277
11278
11280
11283
11285
11287
11290
11294
11299
11300
11301
11302
11304
11305
11307
11310
11312
11314
11319
11320
11321
11325
11327
11332
11338
11348
11349
11352
11353
11361
11367
11380
11389
11392
11396
11399
11407
11411
11414
11415
11416
11420
11431
11433
11436
11438
11440
11443
11461
11464
11468
11469
11470
11473
11485
11491
11495
11497
11511
11512
11514
11516
11518
11521
11522
11524
11529
11530
11535
11545
11561
11563
11564
11566
11569
11576
11580
11583
11584
11586
11589
11593
11600
11603
11604
11606
11608
11609
11630
11641
11642
11645
11648
11650
11652
11661
11662
11663
11666
11667
11677
11678
11681
11686
11688
11694
11695
11697
11699
11704
11707
11720
11721
11724
11729
11730
11732
11733
11737
11741
11743
11744
11746
11753
11754
11762
11764
11766
11767
11769
11771
11775
11778
11783
11784
11785
11791
11796
11798
11804
11809
11812
11816
11817
11818
11820
11821
11822
11823
11824
11825
11826
11827
11828
11829
11832
11834
11835
11838
11839
11840
11841
11842
11843
11844
11845
11846
11847
11850
11852
11853
11854
11855
11856
11857
11858
11862
11863
11864
11865
11866
11867
11868
11870
11871
11873
11874
11875
11877
11879
11880
11883
11884
11885
11886
11888
11889
11890
11891
11896
11897
11898
11899
11900
11901
11904
11908
11909
11910
11913
11914
11915
11917
11918
11919
11921
11922
11926
11927
11928
11929
11930
11932
11933
11934
11938
11940
11941
11944
11948
11950
11951
11953
11956
11957
11958
11959
11960
11961
11962
11963
11965
11966
11967
11970
11972
11974
11977
11978
11979
11981
11983
11984
11987
11990
11991
11992
11993
11994
12000
12004
12005
12007
12009
12015
12017
12023
12026
12028
12029
12031
12032
12034
12036
12037
12038
12039
12040
12041
12043
12046
12047
12048
12049
12050
12051
12053
12056
12059
12062
12064
12065
12067
12068
12069
12073
12077
12080
12081
12082
12084
12086
12087
12089
12090
12094
12095
12099
12100
12104
12108
12109
12110
12111
12114
12115
12118
12119
12120
12121
12122
12126
12127
12128
12129
12130
12131
12136
12137
12144
12145
12147
12149
12151
12152
12155
12160
12161
12162
12164
12168
12174
12176
12181
12183
12186
12187
12190
12192
12195
12196
12197
12198
12202
12203
12205
12207
12209
12221
12222
12224
12225
12226
12227
12228
12229
12230
12236
12237
12238
12239
12240
12243
12244
12247
12249
12250
12251
12252
12253
12255
12258
12259
12263
12269
12273
12274
12276
12277
12279
12282
12284
12286
12290
12291
12293
12295
12298
12300
12302
12304
12306
12307
12308
12315
12316
12317
12323
12327
12332
12336
12337
12341
12342
12345
12346
12349
12351
12355
12356
12359
12361
12363
12364
12365
12366
12367
12368
12370
12372
12375
12376
12378
12379
12381
12383
12384
12387
12390
12392
12395
12401
12406
12407
12408
12410
12412
12415
12416
12421
12428
12429
12431
12433
12435
12438
12441
12442
12443
12446
12447
12453
12461
12462
12463
12466
12468
12469
12471
12472
12473
12476
12480
12481
12482
12485
12487
12488
12491
12493
12497
12498
12503
12504
12505
12506
12508
12510
12511
12512
12515
12517
12518
12520
12521
12524
12527
12528
12529
12530
12533
12534
12536
12538
12542
12543
12545
12546
12548
12549
12550
12552
12553
12556
12557
12558
12560
12561
12562
12564
12566
12568
12571
12579
12583
12585
12587
12591
12594
12595
12600
12601
12602
12603
12606
12607
12608
12609
12614
12619
12620
12621
12622
12627
12630
12631
12632
12633
12635
12636
12637
12642
12643
12644
12648
12654
12655
12657
12658
12661
12662
12664
12669
12671
12675
12677
12678
12681
12682
12683
12689
12693
12694
12697
12698
12705
12706
12707
12711
12714
12717
12718
12719
12721
12722
12723
12725
12727
12730
12732
12735
12737
12738
12739
12741
12749
12750
12752
12755
12756
12757
12758
12759
12763
12764
12765
12767
12771
12778
12783
12784
12790
12791
12793
12795
12804
12806
12807
12813
12814
12820
12821
12824
12827
12829
12834
12835
12838
12839
12842
12845
12846
12851
12854
12858
12862
12863
12864
12865
12868
12869
12871
12872
12874
12878
12879
12881
12887
12888
12889
12893
12895
12899
12900
12901
12903
12904
12905
12907
12908
12909
12910
12911
12916
12917
12922
12928
12929
12938
12940
12948
12949
12951
12959
12960
12963
12964
12968
12974
12975
12977
12981
12984
12987
12990
12991
12994
12996
12999
13002
13003
13007
13020
13024
13029
13033
13036
13039
13047
13048
13050
13052
13058
13059
13060
13067
13069
13070
13072
13075
13076
13079
13082
13087
13090
13098
13110
13111
13114
13115
13117
13120
13122
13123
13127
13131
13137
13146
13148
13149
13153
13154
13157
13158
13160
13165
13166
13167
13169
13170
13173
13174
13177
13179
13180
13181
13185
13188
13191
13192
13199
13205
13215
13221
13226
13228
13233
13240
13243
13244
13250
13252
13254
13275
13283
13286
13287
13288
13292
13295
13301
13303
13305
13309
13311
13314
13316
13317
13320
13324
13325
13327
13332
13333
13340
13343
13348
13350
13356
13357
13358
13365
13370
13372
13378
13379
13384
13389
13396
13397
13400
13402
13403
13406
13409
13410
13416
13417
13421
13424
13425
13431
13436
13439
13443
13444
13449
13451
13453
13456
13457
13458
13461
13467
13471
13476
13483
13484
13488
13492
13493
13494
13497
13498
13499
13503
13506
13512
13513
13514
13517
13519
13523
13524
13525
13526
13533
13534
13535
13536
13537
13538
13539
13541
13542
13543
13545
13547
13548
13549
13550
13551
13552
13556
13557
13560
13562
13563
13564
13568
13569
13570
13571
13572
13574
13575
13577
13584
13585
13586
13591
13597
13598
13599
13601
13603
13607
13610
13616
13618
13619
13620
13621
13625
13628
13629
13631
13632
13633
13634
13635
13636
13637
13640
13641
13643
13645
13647
13648
13650
13651
13652
13653
13654
13656
13657
13658
13659
13660
13661
13662
13663
13664
13665
13666
13667
13668
13669
13670
13671
13672
13674
13675
13676
13677
13679
13680
13681
13682
13683
13684
13686
13687
13688
13690
13691
13692
13693
13695
13696
13698
13700
13701
13702
13703
13704
13705
13706
13707
13708
13709
13710
13711
13712
13713
13715
13716
13717
13718
13719
13726
13727
13730
13731
13732
13733
13736
13738
13739
13740
13741
13743
13744
13745
13746
13747
13749
13750
13751
13753
13754
13755
13756
13757
13758
13759
13761
13762
13764
13766
13768
13769
13770
13771
13773
13775
13776
13778
13779
13781
13782
13783
13785
13786
13787
13789
13790
13792
13793
13795
13796
13797
13798
13800
13801
13803
13805
13806
13807
13808
13809
13810
13812
13814
13815
13817
13818
13819
13820
13821
13822
13823
13826
13827
13828
13829
13830
13831
13832
13834
13835
13836
13837
13839
13840
13841
13842
13843
13844
13845
13848
13849
13851
13852
13853
13854
13856
13858
13860
13862
13863
13866
13867
13868
13871
13872
13873
13875
13879
13880
13882
13884
13886
13887
13888
13889
13890
13892
13896
13897
13901
13902
13903
13906
13907
13910
13912
13914
13915
13916
13917
13918
13921
13922
13923
13925
13926
13928
13930
13932
13934
13935
13937
13939
13941
13942
13944
13947
13949
13955
13957
13958
13961
13963
13964
13965
13966
13967
13968
13969
13971
13972
13973
13979
13980
13983
13984
13985
13986
13987
13991
13994
13995
13997
14003
14009
14010
14012
14015
14016
14018
14020
14023
14025
14027
14029
14030
14032
14038
14040
14041
14045
14046
14048
14049
14050
14053
14054
14055
14056
14057
14058
14059
14061
14062
14069
14070
14071
14072
14073
14075
14077
14079
14081
14084
14085
14086
14088
14090
14091
14094
14098
14099
14101
14102
14104
14107
14108
14110
14111
14112
14115
14120
14122
14123
14124
14125
14126
14128
14130
14131
14133
14134
14135
14137
14140
14141
14143
14145
14146
14150
14153
14155
14158
14160
14164
14165
14166
14167
14169
14171
14172
14174
14175
14177
14178
14180
14184
14185
14187
14189
14190
14192
14194
14196
14202
14203
14205
14207
14208
14215
14224
14227
14230
14232
14237
14240
14241
14243
14244
14246
14252
14253
14258
14265
14266
14267
14269
14270
14273
14276
14279
14280
14281
14283
14287
14288
14291
14292
14294
14295
14296
14299
14300
14304
14306
14309
14310
14312
14314
14315
14316
14319
14321
14326
14328
14330
14333
14334
14335
14337
14339
14344
14347
14348
14351
14352
14353
14354
14355
14361
14362
14369
14372
14374
14376
14377
14378
14381
14382
14383
14385
14389
14390
14391
14393
14395
14398
14400
14403
14404
14408
14410
14411
14413
14414
14417
14418
14419
14420
14424
14426
14427
14428
14430
14432
14433
14436
14439
14441
14443
14445
14446
14448
14454
14457
14458
14459
14464
14466
14467
14471
14474
14475
14476
14478
14479
14482
14487
14490
14491
14493
14494
14499
14502
14504
14505
14506
14507
14508
14509
14513
14515
14516
14517
14518
14520
14521
14522
14525
14526
14527
14530
14533
14535
14536
14537
14539
14540
14541
14545
14548
14550
14551
14552
14555
14556
14557
14558
14559
14562
14563
14564
14565
14566
14567
14569
14570
14572
14573
14574
14575
14576
14578
14579
14581
14582
14588
14592
14593
14594
14598
14599
14601
14602
14603
14604
14605
14606
14608
14609
14613
14615
14616
14618
14619
14625
14627
14628
14630
14634
14638
14639
14641
14643
14645
14646
14648
14650
14651
14653
14654
14655
14656
14657
14659
14660
14661
14663
14665
14666
14668
14671
14672
14673
14674
14676
14677
14678
14679
14681
14682
14684
14686
14687
14688
14690
14691
14695
14697
14698
14699
14700
14701
14702
14703
14704
14706
14707
14710
14712
14713
14714
14716
14720
14722
14723
14725
14726
14727
14729
14730
14731
14734
14735
14737
14738
14742
14743
14744
14745
14748
14751
14752
14754
14755
14756
14759
14760
14763
14764
14765
14767
14771
14773
14777
14779
14782
14784
14785
14787
14790
14792
14793
14794
14795
14796
14797
14799
14800
14801
14802
14803
14807
14808
14810
14814
14816
14817
14818
14819
14820
14821
14822
14824
14825
14826
14827
14829
14830
14833
14834
14835
14836
14840
14841
14843
14845
14849
14850
14851
14853
14854
14855
14862
14877
14880
14885
14894
14910
14915
14919
14929
14932
14934
14938
14945
14946
14952
14953
14954
14961
14968
14969
14973
14975
14979
14980
14982
14983
14990
14991
14994
14997
14999
15001
15003
15007
15008
15010
15011
15014
15015
15017
15021
15024
15039
15041
15048
15062
15063
15064
15065
15090
15096
15102
15120
15131
15134
15139
15146
15147
15175
15180
15192
15194
15202
15219
15220
15229
15232
15242
15244
15254
15257
15260
15261
15264
15266
15277
15282
15283
15286
15291
15298
15321
15336
15343
15344
15349
15351
15355
15357
15362
15365
15367
15391
15395
15398
15400
15407
15418
15421
15428
15434
15436
15438
15439
15440
15451
15454
15458
15465
15487
15516
15530
15531
15537
15539
15540
15541
15543
15544
15545
15546
15547
15549
15550
15552
15554
15555
15556
15558
15559
15560
15561
15562
15564
15566
15567
15568
15569
15570
15572
15574
15576
15580
15581
15584
15586
15587
15589
15590
15591
15593
15594
15596
15598
15602
15603
15605
15606
15608
15610
15612
15614
15615
15618
15619
15621
15625
15627
15628
15629
15631
15633
15634
15635
15636
15637
15638
15640
15644
15645
15646
15647
15648
15650
15652
15653
15655
15656
15657
15658
15659
15663
15664
15666
15667
15668
15673
15674
15677
15679
15680
15681
15687
15688
15689
15691
15692
15694
15695
15697
15699
15700
15701
15702
15703
15704
15705
15706
15708
15709
15710
15712
15714
15715
15717
15718
15721
15724
15725
15729
15731
15732
15735
15737
15739
15740
15743
15744
15746
15747
15748
15750
15753
15754
15757
15762
15765
15772
15773
15778
15779
15780
15781
15782
15787
15788
15789
15790
15794
15795
15796
15800
15801
15804
15807
15809
15811
15812
15814
15816
15817
15818
15819
15821
15822
15823
15828
15833
15835
15840
15841
15844
15845
15850
15852
15853
15855
15858
15862
15865
15867
15868
15869
15871
15873
15874
15875
15881
15882
15883
15885
15888
15890
15893
15896
15901
15910
15911
15912
15915
15916
15919
15924
15927
15928
15929
15930
15931
15932
15933
15934
15935
15937
15938
15939
15940
15943
15944
15945
15949
15950
15951
15952
15953
15961
15963
15965
15966
15969
15970
15972
15976
15977
15979
15980
15981
15991
15992
15998
15999
16001
16002
16003
16005
16006
16008
16013
16016
16020
16024
16026
16028
16029
16030
16034
16036
16038
16039
16041
16043
16046
16047
16049
16051
16056
16058
16060
16063
16065
16066
16070
16073
16075
16077
16078
16079
16080
16082
16083
16084
16086
16088
16093
16095
16097
16104
16105
16109
16114
16117
16122
16127
16132
16135
16136
16137
16138
16142
16143
16144
16145
16146
16148
16150
16152
16153
16155
16156
16159
16160
16167
16168
16169
16170
16171
16175
16176
16177
16181
16182
16187
16193
16195
16203
16204
16205
16208
16209
16212
16215
16219
16220
16222
16224
16229
16231
16232
16233
16235
16236
16237
16239
16242
16245
16247
16248
16250
16251
16252
16254
16257
16259
16265
16266
16268
16269
16272
16276
16277
16283
16284
16286
16289
16292
16299
16301
16303
16304
16306
16307
16308
16311
16314
16318
16323
16325
16327
16330
16331
16334
16336
16341
16342
16344
16345
16346
16348
16350
16351
16352
16355
16357
16360
16363
16365
16368
16369
16372
16373
16374
16375
16376
16379
16380
16381
16382
16383
16386
16387
16388
16389
16390
16391
16392
16393
16395
16396
16398
16403
16407
16411
16412
16413
16414
16417
16419
16422
16423
16425
16432
16433
16434
16436
16441
16442
16445
16446
16449
16453
16464
16480
16482
16490
16491
16492
16497
16498
16502
16504
16505
16507
16520
16521
16529
16530
16537
16538
16541
16546
16549
16553
16554
16556
16563
16565
16566
16567
16568
16571
16576
16579
16580
16581
16582
16585
16587
16602
16605
16609
16610
16614
16615
16618
16619
16621
16622
16623
16624
16631
16633
16639
16641
16643
16645
16646
16652
16653
16660
16665
16667
16669
16671
16675
16677
16685
16688
16690
16697
16703
16704
16711
16712
16713
16719
16721
16737
16739
16745
16746
16747
16748
16752
16753
16754
16760
16761
16766
16778
16785
16789
16793
16795
16797
16800
16802
16806
16808
16811
16814
16820
16823
16825
16827
16828
16829
16830
16831
16832
16834
16837
16840
16842
16844
16847
16848
16849
16851
16856
16861
16867
16868
16872
16877
16880
16881
16882
16884
16885
16894
16902
16906
16911
16918
16919
16922
16924
16926
16935
16936
16937
16941
16943
16944
16946
16950
16958
16966
16968
16969
16972
16978
16982
16991
16993
16999
17000
17001
17003
17004
17008
17010
17018
17019
17023
17024
17025
17026
17030
17037
17041
17042
17053
17057
17059
17062
17064
17070
17085
17086
17089
17093
17100
17108
17111
17122
17131
17132
17136
17138
17139
17140
17141
17152
17153
17154
17159
17163
17170
17171
17176
17181
17184
17185
17192
17197
17198
17200
17207
17208
17210
17213
17214
17217
17219
17220
17221
17228
17230
17232
17237
17238
17239
17240
17241
17243
17244
17246
17247
17250
17251
17254
17257
17258
17262
17263
17265
17266
17270
17271
17274
17278
17280
17283
17284
17286
17290
17291
17292
17294
17295
17299
17300
17301
17303
17305
17306
17307
17311
17313
17321
17322
17325
17329
17333
17336
17342
17343
17344
17345
17346
17347
17349
17350
17351
17352
17354
17355
17357
17359
17361
17362
17365
17366
17368
17369
17370
17371
17372
17374
17375
17376
17378
17379
17380
17381
17382
17384
17385
17386
17387
17388
17389
17390
17391
17392
17393
17394
17395
17396
17397
17398
17399
17400
17402
17403
17405
17406
17408
17409
17410
17412
17414
17415
17416
17417
17418
17420
17421
17422
17424
17425
17426
17427
17429
17430
17432
17433
17434
17435
17436
17437
17438
17440
17441
17444
17446
17447
17449
17450
17451
17452
17453
17454
17455
17457
17458
17460
17461
17463
17464
17466
17467
17468
17469
17470
17471
17472
17474
17475
17476
17479
17482
17483
17485
17486
17487
17489
17492
17493
17495
17497
17498
17500
17502
17504
17506
17507
17508
17509
17510
17511
17512
17513
17517
17519
17524
17526
17530
17534
17535
17538
17539
17542
17543
17545
17546
17547
17548
17549
17553
17554
17555
17556
17557
17558
17559
17561
17564
17566
17567
17568
17570
17571
17572
17573
17574
17577
17578
17579
17580
17582
17584
17585
17586
17587
17594
17595
17596
17598
17599
17600
17601
17602
17603
17605
17607
17609
17611
17612
17614
17616
17618
17621
17624
17626
17629
17632
17635
17636
17637
17640
17642
17643
17645
17648
17649
17651
17656
17665
17666
17667
17668
17669
17670
17671
17674
17675
17676
17677
17678
17679
17682
17683
17685
17686
17689
17691
17693
17697
17698
17701
17703
17704
17705
17708
17710
17711
17715
17716
17722
17724
17726
17728
17729
17732
17734
17735
17737
17738
17741
17742
17744
17746
17748
17750
17751
17754
17755
17758
17759
17760
17765
17767
17769
17770
17771
17772
17773
17774
17775
17776
17779
17781
17784
17785
17791
17798
17799
17800
17802
17804
17805
17807
17809
17811
17815
17817
17818
17822
17823
17824
17826
17829
17831
17832
17833
17835
17836
17837
17839
17842
17843
17844
17846
17848
17850
17851
17854
17855
17857
17859
17864
17867
17870
17872
17874
17878
17879
17880
17881
17883
17885
17886
17887
17888
17889
17891
17892
17896
17899
17901
17903
17904
17905
17906
17909
17917
17919
17929
17930
17931
17939
17943
17944
17945
17946
17950
17954
17955
17957
17959
17962
17966
17967
17975
17976
17977
17979
17982
17983
17985
17986
17990
17998
18001
18003
18008
18009
18010
18011
18019
18021
18028
18029
18030
18033
18038
18039
18041
18042
18043
18045
18047
18048
18051
18052
18054
18055
18059
18060
18062
18069
18075
18076
18077
18078
18081
18083
18086
18088
18092
18094
18095
18099
18103
18104
18106
18108
18109
18111
18113
18114
18115
18117
18118
18120
18132
18133
18134
18138
18142
18143
18144
18146
18149
18152
18153
18154
18157
18158
18163
18164
18167
18168
18171
18173
18177
18179
18180
18181
18182
18193
18195
18196
18201
18207
18209
18211
18212
18216
18218
18219
18220
18221
18226
18228
18229
18234
18235
18236
18239
18240
18241
18244
18245
18246
18249
18251
18252
18253
18254
18255
18256
18258
18262
18266
18268
18269
18270
18277
18278
18280
18281
18283
18284
18288
18292
18294
18295
18303
18304
18305
18306
18310
18311
18313
18317
18319
18320
18322
18323
18324
18326
18329
18333
18336
18337
18340
18342
18343
18346
18347
18348
18350
18353
18354
18355
18358
18359
18360
18362
18364
18365
18368
18370
18371
18373
18375
18377
18385
18386
18387
18388
18390
18391
18393
18394
18395
18396
18400
18401
18406
18409
18411
18412
18413
18414
18415
18416
18417
18418
18421
18422
18423
18424
18425
18429
18433
18437
18438
18440
18444
18445
18447
18449
18450
18451
18452
18453
18454
18455
18456
18458
18460
18462
18463
18464
18465
18470
18471
18473
18474
18478
18482
18485
18486
18487
18488
18489
18490
18491
18492
18496
18498
18499
18500
18503
18505
18506
18508
18511
18512
18513
18514
18517
18518
18519
18521
18525
18527
18528
18529
18530
18531
18532
18533
18535
18538
18540
18543
18544
18546
18547
18550
18551
18552
18554
18555
18556
18557
18558
18559
18561
18563
18564
18568
18569
18570
18574
18575
18579
18582
18585
18586
18587
18596
18599
18601
18602
18607
18608
18609
18611
18613
18620
18623
18624
18625
18628
18632
18641
18644
18653
18654
18655
18660
18668
18669
18673
18680
18682
18683
18684
18685
18687
18690
18694
18695
18697
18698
18699
18700
18702
18703
18709
18710
18711
18712
18713
18714
18715
18717
18718
18722
18727
18728
18729
18732
18735
18737
18738
18740
18741
18742
18745
18749
18753
18760
18761
18762
18768
18769
18773
18776
18781
18782
18784
18789
18796
18799
18802
18812
18822
18825
18828
18830
18831
18832
18848
18851
18856
18861
18863
18864
18866
18869
18876
18888
18890
18893
18919
18923
18925
18926
18931
18939
18944
18946
18953
18971
18978
18988
18989
18995
18997
19004
19011
19012
19018
19023
19025
19029
19032
19037
19039
19048
19051
19055
19058
19063
19073
19074
19079
19081
19083
19091
19094
19095
19099
19101
19105
19120
19123
19124
19125
19132
19142
19143
19146
19147
19150
19158
19162
19168
19169
19175
19179
19186
19193
19194
19205
19209
19213
19221
19226
19228
19238
19239
19245
19246
19248
19250
19251
19252
19253
19254
19255
19256
19257
19258
19261
19262
19263
19265
19266
19267
19268
19269
19270
19271
19274
19276
19277
19278
19280
19281
19283
19285
19286
19287
19289
19290
19291
19292
19294
19297
19300
19301
19303
19304
19305
19308
19309
19311
19312
19313
19314
19316
19317
19318
19319
19320
19322
19323
19325
19327
19328
19329
19330
19331
19332
19333
19334
19335
19336
19339
19340
19343
19345
19347
19348
19349
19351
19352
19353
19355
19357
19358
19360
19361
19362
19368
19369
19371
19373
19375
19376
19377
19379
19380
19381
19383
19385
19386
19388
19389
19390
19391
19394
19396
19398
19402
19406
19407
19410
19412
19413
19418
19420
19422
19427
19428
19429
19430
19432
19433
19435
19438
19445
19449
19451
19452
19453
19457
19458
19460
19461
19462
19463
19464
19465
19467
19468
19469
19471
19474
19475
19477
19479
19480
19481
19485
19487
19488
19491
19493
19494
19497
19499
19500
19503
19504
19506
19509
19510
19512
19514
19515
19517
19519
19520
19526
19528
19529
19532
19537
19538
19541
19543
19544
19547
19548
19549
19550
19551
19554
19555
19556
19557
19558
19559
19562
19564
19565
19568
19571
19572
19577
19578
19579
19581
19583
19585
19588
19589
19593
19596
19598
19599
19607
19608
19609
19610
19612
19614
19618
19620
19623
19625
19633
19636
19637
19641
19642
19645
19648
19649
19650
19651
19653
19656
19657
19658
19660
19663
19664
19666
19667
19668
19670
19671
19672
19675
19676
19681
19683
19684
19686
19691
19693
19694
19697
19698
19699
19700
19701
19702
19704
19705
19708
19709
19712
19715
19718
19719
19721
19722
19728
19730
19731
19733
19734
19742
19743
19746
19747
19748
19751
19755
19760
19763
19764
19770
19772
19774
19775
19777
19778
19781
19785
19787
19789
19790
19791
19793
19794
19796
19798
19799
19800
19803
19804
19806
19807
19810
19811
19812
19815
19818
19822
19823
19826
19828
19831
19832
19834
19838
19840
19842
19843
19844
19846
19847
19849
19857
19858
19860
19863
19864
19867
19868
19869
19870
19875
19877
19880
19881
19884
19887
19888
19890
19891
19894
19895
19896
19899
19900
19901
19902
19903
19904
19908
19910
19913
19919
19922
19926
19928
19934
19936
19938
19940
19942
19945
19946
19947
19949
19953
19954
19956
19960
19968
19973
19976
19980
19981
19982
19986
19996
19997
19999
20006
20007
20008
20011
20013
20015
20016
20018
20019
20021
20022
20023
20024
20025
20027
20029
20030
20031
20035
20036
20037
20042
20045
20046
20048
20049
20054
20056
20058
20062
20064
20065
20067
20069
20072
20073
20074
20076
20077
20080
20082
20083
20085
20087
20089
20090
20096
20099
20100
20103
20105
20106
20110
20111
20114
20117
20118
20119
20120
20121
20125
20130
20131
20133
20137
20138
20139
20141
20142
20144
20145
20146
20149
20150
20153
20155
20157
20159
20160
20167
20169
20173
20176
20180
20185
20187
20190
20193
20194
20196
20197
20199
20200
20207
20208
20209
20210
20211
20218
20219
20221
20222
20227
20229
20232
20235
20236
20239
20240
20242
20246
20248
20252
20253
20254
20260
20263
20264
20268
20269
20270
20279
20282
20287
20288
20289
20290
20293
20296
20300
20301
20302
20304
20305
20306
20307
20311
20313
20319
20320
20323
20336
20337
20338
20343
20344
20345
20346
20347
20353
20355
20356
20357
20358
20365
20366
20367
20369
20372
20374
20379
20381
20382
20386
20391
20402
20406
20407
20412
20413
20414
20415
20419
20425
20428
20429
20435
20436
20438
20444
20447
20456
20459
20460
20462
20464
20470
20473
20475
20476
20478
20480
20484
20486
20490
20495
20498
20503
20507
20512
20516
20517
20518
20522
20528
20536
20538
20539
20542
20543
20544
20545
20548
20550
20551
20557
20561
20562
20565
20566
20567
20571
20573
20574
20575
20578
20582
20585
20586
20589
20591
20593
20595
20598
20599
20601
20604
20605
20606
20607
20608
20610
20616
20617
20620
20625
20627
20633
20638
20639
20641
20643
20644
20647
20649
20655
20657
20659
20666
20668
20679
20682
20683
20686
20693
20695
20700
20703
20705
20709
20717
20720
20723
20724
20731
20732
20733
20735
20738
20739
20741
20742
20745
20751
20753
20755
20767
20771
20772
20776
20781
20785
20792
20793
20798
20801
20804
20807
20809
20810
20814
20815
20818
20820
20821
20822
20828
20831
20836
20837
20839
20842
20845
20846
20852
20854
20856
20858
20859
20864
20872
20877
20878
20879
20881
20885
20888
20889
20895
20897
20901
20906
20910
20911
20914
20915
20916
20918
20921
20922
20925
20926
20927
20928
20929
20932
20940
20942
20947
20950
20951
20952
20953
20954
20956
20957
20958
20959
20963
20964
20966
20971
20972
20974
20976
20977
20979
20980
20984
20988
20990
20991
20995
20996
20997
20999
21001
21003
21004
21005
21006
21013
21014
21018
21019
21024
21027
21029
21031
21032
21034
21042
21044
21046
21047
21051
21052
21054
21055
21057
21058
21059
21060
21061
21063
21064
21065
21066
21068
21069
21071
21073
21074
21075
21079
21080
21081
21082
21084
21085
21088
21090
21091
21092
21096
21097
21098
21100
21101
21102
21104
21105
21106
21108
21109
21110
21112
21113
21114
21115
21116
21117
21118
21119
21120
21121
21122
21123
21124
21128
21129
21130
21131
21132
21133
21136
21137
21140
21141
21142
21143
21144
21145
21147
21149
21152
21153
21154
21155
21156
21158
21160
21161
21162
21164
21165
21166
21167
21168
21169
21170
21171
21172
21174
21177
21180
21182
21183
21184
21185
21186
21187
21188
21189
21190
21191
21193
21194
21197
21198
21199
21200
21201
21203
21204
21205
21206
21209
21211
21212
21213
21215
21216
21218
21220
21222
21223
21224
21225
21226
21227
21228
21229
21231
21233
21236
21237
21238
21239
21240
21242
21246
21247
21248
21249
21251
21252
21253
21255
21257
21259
21260
21261
21262
21263
21267
21269
21270
21271
21275
21276
21279
21281
21282
21286
21288
21290
21291
21292
21293
21294
21296
21297
21298
21299
21300
21301
21303
21304
21306
21307
21308
21310
21312
21313
21314
21316
21317
21318
21320
21321
21323
21325
21328
21329
21330
21331
21335
21336
21338
21341
21342
21343
21344
21345
21346
21350
21352
21353
21354
21358
21359
21363
21365
21370
21375
21376
21377
21382
21384
21386
21387
21389
21391
21392
21394
21395
21396
21398
21400
21401
21402
21408
21411
21412
21413
21414
21415
21418
21419
21420
21421
21422
21423
21425
21426
21428
21429
21435
21436
21437
21438
21440
21443
21444
21445
21446
21449
21451
21453
21454
21455
21457
21458
21460
21462
21463
21468
21472
21473
21474
21477
21479
21484
21485
21487
21489
21490
21491
21496
21498
21501
21503
21505
21506
21511
21512
21513
21514
21516
21519
21522
21526
21527
21528
21530
21535
21536
21540
21543
21544
21545
21546
21549
21550
21553
21554
21555
21558
21559
21562
21565
21568
21571
21573
21574
21575
21576
21577
21581
21582
21583
21584
21587
21588
21589
21592
21593
21595
21599
21602
21603
21604
21608
21612
21613
21615
21616
21617
21618
21621
21622
21624
21625
21627
21631
21633
21636
21639
21640
21643
21646
21648
21649
21650
21653
21654
21658
21662
21664
21665
21667
21668
21669
21670
21671
21673
21674
21680
21683
21686
21690
21692
21693
21697
21698
21699
21701
21704
21708
21710
21713
21721
21724
21725
21726
21731
21732
21734
21737
21738
21739
21740
21744
21745
21748
21749
21750
21753
21756
21757
21759
21765
21770
21771
21774
21776
21777
21779
21782
21783
21788
21789
21800
21802
21805
21806
21808
21809
21810
21814
21815
21818
21819
21823
21824
21825
21829
21831
21834
21836
21839
21843
21844
21845
21846
21847
21848
21850
21852
21856
21857
21858
21860
21861
21862
21864
21871
21872
21874
21877
21882
21884
21885
21887
21888
21889
21891
21892
21894
21895
21896
21897
21898
21899
21907
21917
21918
21921
21924
21925
21929
21930
21933
21934
21936
21938
21940
21942
21943
21945
21946
21948
21950
21952
21953
21954
21955
21958
21959
21961
21962
21963
21964
21966
21967
21968
21969
21971
21973
21975
21976
21977
21979
21980
21981
21982
21984
21986
21987
21988
21989
21991
21992
21993
21994
21995
21996
21997
21998
21999
22000
22005
22007
22008
22009
22010
22012
22015
22016
22020
22027
22028
22032
22033
22036
22038
22040
22043
22045
22047
22048
22051
22052
22054
22055
22056
22057
22058
22059
22062
22066
22067
22068
22071
22073
22074
22076
22080
22081
22082
22084
22086
22087
22089
22091
22094
22096
22100
22101
22102
22104
22105
22110
22112
22114
22115
22117
22118
22119
22123
22125
22126
22127
22128
22129
22131
22132
22134
22136
22140
22141
22143
22144
22146
22148
22150
22151
22152
22153
22154
22155
22158
22159
22162
22163
22165
22167
22169
22170
22171
22172
22173
22176
22177
22178
22179
22180
22184
22187
22188
22192
22193
22194
22195
22199
22200
22201
22203
22204
22207
22209
22210
22211
22212
22213
22214
22215
22217
22219
22222
22223
22225
22226
22227
22228
22229
22230
22232
22235
22237
22238
22239
22241
22242
22244
22245
22246
22247
22248
22249
22252
22254
22257
22258
22261
22262
22264
22266
22267
22268
22269
22273
22279
22280
22281
22282
22283
22289
22294
22303
22314
22318
22320
22321
22322
22323
22337
22346
22347
22354
22359
22363
22368
22377
22378
22387
22393
22403
22409
22410
22411
22413
22419
22421
22426
22427
22429
22435
22442
22444
22445
22447
22469
22475
22489
22490
22493
22500
22514
22518
22524
22527
22531
22542
22544
22546
22562
22568
22570
22580
22582
22589
22592
22603
22611
22630
22633
22637
22647
22655
22658
22666
22670
22672
22685
22689
22694
22695
22702
22705
22711
22718
22750
22761
22764
22772
22783
22787
22795
22798
22803
22813
22819
22840
22854
22856
22857
22859
22864
22871
22886
22890
22896
22904
22913
22931
22935
22952
22958
22959
22960
22963
22965
22967
22968
22970
22972
22976
22977
22978
22979
22980
22981
22984
22985
22986
22987
22988
22989
22992
22994
22995
22996
22997
23000
23001
23002
23004
23006
23008
23009
23011
23012
23013
23014
23015
23017
23019
23021
23022
23023
23024
23025
23026
23027
23028
23029
23030
23031
23032
23033
23034
23036
23037
23039
23041
23042
23043
23044
23046
23047
23049
23050
23052
23054
23056
23057
23058
23059
23062
23064
23065
23067
23071
23072
23074
23075
23076
23077
23078
23080
23081
23084
23085
23086
23087
23091
23093
23094
23095
23096
23102
23103
23105
23108
23111
23112
23114
23116
23119
23120
23121
23122
23123
23124
23126
23128
23129
23131
23132
23133
23134
23135
23137
23142
23143
23145
23146
23147
23148
23149
23150
23151
23152
23154
23158
23159
23160
23163
23164
23169
23170
23171
23172
23173
23174
23176
23177
23178
23179
23181
23182
23185
23187
23188
23189
23191
23192
23193
23197
23206
23207
23208
23209
23213
23215
23216
23217
23218
23219
23222
23223
23224
23227
23228
23229
23233
23234
23235
23237
23239
23240
23242
23246
23247
23250
23251
23252
23253
23256
23257
23258
23261
23263
23269
23270
23271
23279
23282
23283
23284
23285
23286
23291
23292
23293
23294
23296
23300
23301
23303
23304
23308
23309
23311
23314
23316
23318
23326
23335
23343
23344
23347
23354
23356
23357
23359
23361
23363
23364
23365
23368
23370
23371
23372
23373
23375
23377
23380
23381
23382
23384
23385
23389
23391
23392
23394
23396
23400
23401
23404
23405
23407
23408
23409
23415
23419
23426
23427
23428
23429
23430
23431
23433
23434
23436
23440
23442
23444
23445
23446
23448
23452
23453
23456
23457
23461
23462
23466
23468
23469
23473
23482
23483
23484
23487
23491
23493
23496
23498
23499
23500
23501
23504
23505
23507
23511
23512
23514
23518
23521
23523
23525
23530
23534
23536
23537
23543
23545
23546
23549
23550
23551
23554
23555
23560
23562
23563
23565
23566
23568
23570
23578
23579
23580
23581
23583
23584
23586
23587
23589
23590
23591
23592
23593
23597
23598
23599
23600
23604
23605
23607
23609
23610
23613
23615
23618
23621
23622
23623
23627
23630
23632
23633
23635
23637
23642
23645
23647
23648
23650
23652
23654
23657
23658
23659
23665
23666
23667
23670
23675
23676
23680
23682
23686
23690
23696
23700
23701
23711
23712
23713
23714
23716
23717
23720
23722
23723
23725
23729
23730
23731
23733
23742
23745
23746
23747
23748
23749
23750
23751
23753
23755
23756
23760
23762
23764
23766
23769
23770
23772
23778
23781
23782
23783
23784
23788
23791
23795
23798
23799
23800
23802
23803
23804
23806
23811
23817
23819
23820
23828
23831
23834
23836
23839
23840
23842
23843
23844
23845
23847
23851
23852
23853
23854
23855
23856
23858
23861
23863
23864
23867
23870
23874
23876
23877
23879
23881
23883
23887
23889
23891
23901
23907
23908
23918
23922
23925
23926
23931
23932
23944
23946
23947
23950
23957
23958
23963
23965
23966
23967
23968
23974
23975
23978
23979
23983
23984
23990
23993
23995
23999
24000
24002
24006
24011
24013
24015
24016
24019
24025
24027
24029
24030
24031
24035
24037
24040
24044
24045
24046
24049
24051
24054
24064
24071
24072
24073
24075
24083
24088
24091
24093
24095
24097
24100
24101
24104
24106
24107
24108
24114
24120
24123
24124
24126
24127
24128
24131
24132
24135
24142
24149
24156
24174
24175
24181
24184
24185
24189
24190
24194
24195
24196
24197
24200
24207
24210
24217
24218
24221
24223
24224
24228
24232
24239
24240
24245
24246
24248
24250
24253
24255
24256
24257
24262
24263
24264
24268
24279
24281
24298
24299
24300
24305
24309
24310
24315
24317
24322
24324
24329
24330
24331
24339
24340
24347
24348
24352
24369
24371
24372
24373
24382
24384
24387
24396
24397
24418
24419
24420
24430
24431
24436
24437
24444
24447
24450
24452
24453
24454
24469
24470
24472
24485
24486
24487
24490
24492
24494
24496
24498
24502
24504
24507
24509
24511
24518
24519
24523
24525
24528
24532
24538
24539
24544
24547
24552
24553
24554
24568
24571
24573
24577
24580
24581
24586
24596
24598
24609
24611
24613
24624
24630
24631
24635
24639
24640
24641
24645
24648
24656
24657
24664
24665
24666
24667
24671
24672
24675
24676
24677
24678
24685
24687
24689
24691
24694
24695
24698
24699
24700
24704
24705
24711
24712
24716
24718
24720
24726
24727
24728
24731
24733
24734
24735
24737
24739
24745
24747
24749
24758
24759
24762
24763
24765
24767
24768
24771
24772
24773
24774
24776
24778
24779
24780
24785
24787
24789
24790
24793
24794
24795
24796
24797
24799
24802
24804
24805
24806
24808
24809
24810
24812
24813
24814
24816
24817
24818
24819
24820
24822
24823
24824
24825
24826
24827
24828
24830
24832
24833
24834
24835
24837
24838
24839
24840
24841
24843
24844
24845
24846
24848
24850
24853
24854
24855
24856
24857
24858
24859
24861
24862
24863
24864
24865
24866
24870
24872
24875
24877
24879
24880
24881
24882
24883
24885
24886
24887
24888
24891
24892
24895
24896
24898
24900
24901
24902
24903
24904
24907
24908
24911
24912
24914
24915
24917
24918
24920
24921
24923
24925
24927
24928
24930
24932
24935
24937
24939
24940
24945
24946
24947
24949
24950
24951
24952
24953
24956
24958
24959
24960
24962
24963
24965
24967
24969
24971
24973
24974
24975
24976
24977
24979
24981
24984
24985
24986
24987
24990
24994
24995
24996
24999
25000
25001
25002
25003
25004
25005
25008
25009
25011
25012
25013
25014
25015
25016
25017
25018
25019
25020
25021
25022
25027
25028
25031
25034
25035
25037
25038
25039
25042
25044
25045
25046
25047
25048
25049
25050
25053
25054
25057
25058
25060
25061
25062
25064
25066
25068
25071
25072
25074
25076
25078
25079
25081
25082
25084
25086
25090
25093
25095
25096
25097
25099
25100
25102
25103
25105
25108
25110
25111
25113
25114
25115
25116
25121
25125
25126
25127
25128
25129
25130
25133
25136
25138
25139
25143
25146
25149
25151
25152
25153
25154
25163
25165
25167
25168
25169
25170
25174
25177
25178
25179
25180
25181
25182
25183
25185
25187
25188
25191
25193
25195
25199
25201
25202
25203
25204
25205
25207
25212
25214
25215
25216
25217
25219
25221
25222
25223
25230
25231
25234
25237
25238
25240
25242
25245
25246
25252
25253
25256
25257
25260
25261
25263
25264
25266
25267
25268
25270
25272
25273
25274
25276
25278
25280
25282
25284
25285
25287
25290
25292
25294
25295
25302
25306
25309
25314
25315
25316
25317
25327
25331
25332
25335
25336
25338
25340
25341
25342
25346
25347
25352
25354
25355
25360
25362
25369
25370
25373
25375
25376
25378
25382
25384
25386
25387
25389
25390
25392
25394
25395
25397
25411
25412
25415
25418
25422
25424
25425
25434
25435
25436
25438
25441
25442
25446
25447
25449
25455
25457
25458
25463
25464
25466
25473
25477
25481
25482
25488
25491
25492
25495
25496
25500
25506
25514
25515
25516
25527
25534
25537
25541
25543
25545
25548
25550
25552
25553
25555
25560
25561
25562
25563
25564
25566
25568
25569
25570
25572
25574
25576
25584
25585
25586
25591
25592
25594
25595
25601
25606
25607
25609
25613
25617
25621
25624
25626
25630
25635
25638
25642
25643
25646
25652
25657
25660
25661
25662
25664
25668
25669
25673
25676
25677
25680
25681
25683
25688
25689
25690
25691
25697
25698
25700
25704
25705
25706
25707
25709
25710
25711
25712
25713
25714
25719
25723
25730
25732
25734
25738
25739
25741
25743
25744
25747
25751
25754
25756
25757
25758
25761
25762
25765
25766
25768
25771
25773
25774
25775
25776
25778
25779
25781
25786
25788
25796
25798
25803
25805
25808
25810
25812
25814
25815
25816
25817
25819
25821
25823
25827
25828
25829
25832
25833
25837
25838
25839
25840
25842
25843
25844
25845
25846
25848
25852
25857
25858
25862
25863
25865
25866
25868
25870
25872
25873
25874
25876
25877
25879
25880
25884
25886
25887
25888
25889
25890
25894
25895
25896
25897
25898
25904
25905
25906
25909
25910
25913
25916
25918
25921
25922
25924
25925
25926
25928
25934
25937
25938
25939
25940
25941
25942
25943
25944
25945
25946
25948
25949
25950
25951
25952
25955
25956
25957
25958
25959
25960
25961
25962
25963
25966
25968
25971
25972
25973
25974
25975
25976
25977
25978
25980
25981
25982
25983
25984
25985
25986
25987
25989
25990
25991
25992
25993
25995
25997
25998
25999
26000
26001
26002
26003
26010
26017
26020
26022
26030
26032
26035
26037
26038
26039
26040
26042
26043
26044
26052
26056
26057
26061
26070
26072
26073
26076
26078
26081
26082
26087
26088
26089
26094
26110
26113
26114
26115
26117
26118
26120
26121
26122
26123
26124
26126
26127
26129
26131
26135
26136
26138
26140
26141
26142
26150
26160
26162
26163
26166
26174
26177
26178
26180
26187
26188
26193
26199
26204
26205
26214
26230
26243
26247
26248
26252
26253
26254
26259
26274
26276
26288
26289
26291
26313
26317
26319
26325
26330
26334
26340
26347
26350
26357
26365
26366
26372
26380
26384
26386
26393
26394
26396
26400
26419
26425
26432
26440
26447
26448
26451
26463
26464
26467
26479
26482
26484
26486
26488
26499
26500
26504
26506
26509
26514
26517
26519
26526
26535
26537
26544
26562
26570
26571
26575
26576
26581
26599
26600
26607
26622
26625
26631
26634
26637
26641
26652
26655
26658
26660
26672
26673
26674
26676
26677
26678
26679
26680
26682
26684
26685
26687
26690
26691
26693
26694
26695
26697
26699
26700
26701
26702
26703
26705
26706
26708
26709
26710
26711
26712
26713
26714
26716
26718
26719
26720
26723
26724
26725
26728
26729
26730
26731
26732
26734
26736
26738
26740
26741
26742
26745
26746
26749
26751
26752
26753
26756
26757
26760
26761
26763
26765
26766
26767
26771
26773
26775
26776
26778
26779
26781
26784
26785
26788
26789
26790
26794
26795
26796
26798
26799
26800
26801
26802
26803
26805
26806
26808
26809
26810
26813
26814
26815
26816
26817
26821
26822
26825
26828
26830
26831
26832
26833
26834
26835
26836
26837
26839
26840
26842
26843
26844
26845
26851
26853
26855
26857
26860
26861
26863
26864
26871
26872
26875
26876
26877
26878
26883
26885
26886
26887
26888
26890
26891
26892
26893
26894
26896
26897
26898
26899
26902
26903
26906
26907
26909
26910
26917
26920
26921
26923
26925
26927
26928
26929
26933
26937
26938
26939
26940
26941
26943
26946
26956
26958
26959
26960
26964
26966
26967
26969
26970
26972
26977
26978
26979
26980
26982
26983
26985
26987
26992
26993
26995
26996
26998
26999
27000
27004
27006
27007
27008
27014
27015
27016
27017
27021
27022
27023
27024
27027
27030
27031
27035
27037
27041
27042
27048
27049
27051
27052
27053
27054
27055
27056
27058
27059
27061
27063
27064
27065
27067
27069
27071
27072
27073
27075
27076
27077
27079
27080
27082
27083
27084
27085
27086
27089
27091
27093
27094
27096
27098
27099
27103
27107
27109
27110
27111
27112
27113
27114
27117
27119
27120
27121
27122
27123
27124
27126
27127
27129
27130
27131
27132
27133
27135
27137
27138
27140
27141
27143
27145
27146
27147
27148
27149
27154
27156
27158
27159
27161
27163
27164
27166
27167
27170
27171
27174
27175
27176
27179
27183
27185
27188
27189
27196
27197
27201
27203
27205
27206
27209
27215
27217
27219
27220
27221
27222
27224
27226
27227
27228
27232
27234
27237
27240
27245
27246
27247
27250
27251
27258
27260
27261
27264
27265
27266
27268
27270
27271
27272
27274
27277
27279
27281
27284
27285
27287
27290
27297
27300
27301
27302
27303
27304
27305
27307
27309
27311
27312
27313
27316
27317
27319
27325
27327
27328
27329
27331
27334
27335
27336
27338
27343
27345
27346
27347
27350
27351
27352
27354
27356
27358
27360
27361
27362
27363
27366
27368
27371
27373
27374
27376
27379
27380
27384
27385
27386
27388
27389
27391
27392
27394
27396
27400
27401
27402
27403
27406
27407
27408
27409
27412
27414
27417
27418
27425
27426
27431
27432
27434
27435
27439
27440
27443
27445
27447
27450
27451
27452
27453
27454
27456
27457
27459
27460
27461
27463
27465
27466
27467
27468
27469
27471
27473
27474
27475
27476
27477
27479
27481
27482
27484
27485
27486
27487
27490
27492
27493
27496
27497
27499
27500
27501
27502
27505
27509
27511
27512
27515
27517
27518
27533
27534
27536
27538
27540
27541
27545
27549
27552
27553
27555
27556
27558
27559
27560
27561
27563
27564
27565
27566
27567
27568
27572
27575
27576
27577
27580
27581
27584
27587
27591
27592
27595
27597
27599
27601
27604
27605
27611
27613
27614
27615
27618
27619
27620
27621
27622
27627
27628
27631
27632
27635
27636
27637
27638
27640
27645
27646
27647
27654
27657
27660
27663
27664
27666
27668
27671
27673
27676
27680
27683
27684
27687
27688
27691
27692
27695
27698
27702
27703
27705
27707
27708
27709
27711
27713
27716
27720
27721
27724
27728
27733
27735
27743
27745
27747
27748
27749
27751
27752
27753
27755
27757
27758
27759
27760
27761
27762
27764
27766
27768
27769
27770
27771
27778
27781
27783
27785
27789
27794
27796
27802
27803
27804
27805
27807
27809
27811
27813
27816
27817
27818
27819
27820
27822
27827
27830
27831
27832
27833
27835
27837
27847
27851
27855
27856
27857
27859
27861
27871
27888
27889
27895
27897
27898
27904
27908
27910
27911
27912
27915
27916
27918
27928
27931
27935
27938
27942
27948
27950
27951
27952
27953
27956
27959
27961
27970
27971
27972
27973
27978
27979
27985
27986
27988
27993
27995
27998
28002
28005
28008
28010
28013
28014
28019
28020
28021
28024
28026
28027
28036
28038
28042
28045
28048
28052
28053
28054
28055
28061
28065
28066
28067
28071
28072
28076
28077
28082
28084
28086
28094
28095
28100
28104
28106
28110
28114
28116
28118
28122
28123
28131
28136
28139
28141
28144
28145
28148
28151
28152
28154
28155
28159
28161
28163
28165
28166
28168
28170
28172
28173
28181
28183
28185
28188
28193
28197
28198
28200
28201
28205
28208
28219
28221
28227
28229
28230
28231
28235
28237
28239
28240
28246
28248
28250
28252
28258
28262
28268
28271
28272
28273
28277
28280
28281
28282
28284
28289
28292
28294
28295
28297
28299
28300
28305
28310
28313
28316
28317
28318
28319
28321
28325
28327
28328
28336
28337
28339
28344
28347
28348
28349
28350
28353
28354
28355
28356
28359
28360
28361
28364
28373
28374
28375
28379
28380
28381
28385
28386
28389
28392
28393
28394
28395
28399
28400
28402
28403
28404
28405
28406
28408
28410
28412
28413
28414
28416
28419
28420
28422
28424
28426
28428
28430
28433
28434
28436
28440
28442
28443
28446
28447
28448
28449
28451
28452
28453
28455
28457
28460
28461
28462
28463
28466
28468
28469
28470
28472
28473
28475
28476
28477
28478
28479
28480
28483
28484
28485
28486
28487
28488
28489
28490
28492
28493
28496
28497
28499
28501
28502
28503
28505
28506
28507
28508
28509
28511
28512
28513
28516
28517
28518
28520
28522
28523
28524
28525
28526
28527
28530
28531
28532
28533
28535
28536
28537
28538
28539
28540
28544
28547
28548
28549
28550
28551
28552
28553
28557
28560
28562
28563
28564
28565
28566
28567
28568
28569
28570
28571
28572
28573
28574
28575
28576
28577
28578
28582
28583
28584
28586
28587
28588
28589
28593
28594
28595
28596
28597
28598
28599
28600
28602
28603
28604
28605
28606
28608
28609
28610
28612
28613
28614
28615
28618
28622
28624
28626
28627
28628
28629
28631
28632
28633
28635
28636
28637
28639
28640
28642
28643
28645
28648
28652
28653
28657
28659
28660
28661
28665
28666
28668
28670
28672
28674
28675
28676
28677
28680
28683
28684
28685
28686
28687
28688
28689
28694
28695
28696
28698
28701
28703
28704
28706
28709
28710
28714
28715
28716
28717
28719
28721
28724
28726
28727
28728
28729
28731
28732
28733
28735
28736
28738
28739
28742
28743
28744
28745
28746
28747
28748
28749
28751
28753
28756
28757
28758
28762
28766
28771
28773
28774
28775
28777
28778
28779
28780
28781
28784
28785
28786
28788
28789
28790
28791
28793
28795
28796
28797
28798
28804
28805
28809
28814
28817
28822
28823
28824
28825
28826
28827
28828
28830
28831
28832
28833
28834
28835
28836
28837
28839
28840
28841
28842
28843
28846
28848
28850
28852
28853
28854
28856
28857
28858
28859
28860
28863
28866
28868
28870
28871
28872
28874
28876
28877
28878
28880
28881
28882
28883
28886
28888
28895
28896
28898
28900
28901
28902
28904
28905
28906
28907
28908
28909
28910
28911
28912
28913
28914
28915
28916
28917
28918
28919
28921
28923
28924
28926
28927
28933
28937
28938
28940
28941
28944
28945
28947
28948
28956
28959
28968
28969
28971
28972
28977
28978
28979
28981
28983
28984
28985
28986
28987
28991
28992
28994
28996
28997
28999
29001
29003
29004
29009
29013
29014
29016
29017
29020
29021
29023
29027
29028
29030
29031
29032
29033
29034
29036
29040
29042
29043
29044
29046
29047
29048
29050
29051
29056
29059
29060
29061
29064
29067
29070
29071
29074
29077
29079
29080
29081
29082
29086
29087
29090
29092
29093
29094
29096
29097
29099
29101
29102
29104
29106
29108
29119
29121
29125
29126
29129
29132
29136
29137
29142
29146
29147
29148
29152
29153
29155
29163
29164
29165
29166
29170
29172
29175
29176
29177
29178
29180
29183
29184
29188
29190
29192
29193
29194
29195
29196
29199
29201
29202
29203
29204
29205
29209
29215
29216
29218
29219
29225
29226
29228
29229
29236
29237
29238
29239
29240
29241
29246
29248
29251
29252
29253
29258
29259
29260
29262
29273
29276
29277
29284
29285
29286
29290
29292
29297
29299
29300
29302
29303
29305
29306
29307
29308
29310
29313
29315
29320
29322
29324
29326
29327
29328
29330
29332
29333
29335
29338
29342
29345
29347
29349
29351
29352
29355
29356
29357
29359
29360
29361
29362
29364
29365
29369
29370
29372
29374
29376
29378
29381
29382
29383
29384
29386
29387
29389
29391
29393
29395
29396
29400
29401
29402
29404
29405
29409
29410
29411
29413
29415
29419
29420
29421
29422
29423
29424
29427
29432
29433
29434
29435
29436
29437
29443
29444
29448
29449
29452
29453
29455
29456
29458
29459
29460
29461
29462
29464
29465
29466
29470
29471
29472
29474
29475
29479
29481
29486
29487
29490
29493
29503
29504
29506
29507
29508
29510
29512
29513
29516
29517
29519
29522
29527
29528
29529
29530
29533
29534
29535
29537
29542
29543
29546
29547
29550
29551
29553
29554
29555
29557
29558
29559
29560
29561
29563
29564
29566
29568
29569
29570
29571
29572
29575
29577
29578
29580
29581
29584
29585
29586
29588
29590
29591
29592
29595
29597
29598
29600
29601
29604
29605
29608
29611
29612
29614
29615
29617
29618
29619
29620
29621
29623
29625
29626
29627
29629
29630
29632
29633
29635
29636
29638
29640
29641
29642
29643
29645
29646
29648
29651
29653
29655
29656
29657
29658
29659
29660
29661
29662
29663
29664
29665
29667
29668
29669
29670
29672
29673
29674
29675
29676
29677
29680
29682
29683
29685
29686
29687
29689
29690
29691
29692
29693
29694
29697
29698
29699
29701
29703
29704
29705
29707
29709
29712
29714
29717
29725
29726
29730
29733
29738
29747
29751
29760
29765
29766
29771
29773
29774
29775
29778
29781
29791
29802
29803
29806
29812
29818
29824
29827
29828
29829
29835
29836
29837
29838
29840
29842
29854
29855
29856
29857
29860
29863
29864
29867
29870
29871
29874
29875
29877
29879
29882
29884
29895
29897
29902
29909
29919
29923
29931
29943
29952
29958
29968
29972
29973
29986
30008
30010
30044
30048
30052
30054
30059
30061
30063
30071
30081
30082
30086
30093
30095
30109
30110
30120
30128
30129
30132
30133
30144
30145
30165
30189
30192
30193
30196
30200
30205
30211
30215
30217
30220
30231
30233
30236
30238
30241
30247
30251
30254
30256
30263
30274
30290
30295
30304
30309
30316
30317
30330
30344
30346
30353
30361
30366
30371
30377
30380
30382
30388
30389
30390
30391
30392
30393
30394
30395
30397
30398
30400
30401
30402
30403
30404
30405
30406
30407
30408
30409
30410
30411
30413
30414
30416
30417
30420
30421
30422
30423
30424
30425
30426
30427
30428
30429
30430
30431
30432
30434
30435
30436
30437
30438
30439
30440
30441
30443
30444
30446
30449
30450
30451
30452
30453
30454
30455
30456
30460
30461
30463
30466
30467
30468
30469
30470
30471
30472
30474
30479
30480
30481
30482
30484
30485
30486
30489
30490
30491
30492
30493
30494
30497
30498
30499
30500
30501
30502
30503
30505
30506
30508
30509
30510
30512
30513
30514
30516
30517
30518
30519
30521
30522
30523
30525
30526
30527
30528
30529
30530
30531
30532
30533
30535
30536
30538
30542
30543
30544
30545
30546
30547
30548
30549
30550
30551
30553
30554
30555
30557
30559
30562
30563
30564
30565
30570
30571
30574
30575
30576
30577
30578
30580
30581
30584
30585
30587
30588
30589
30590
30591
30592
30594
30595
30599
30600
30602
30604
30606
30607
30608
30609
30610
30612
30613
30614
30615
30616
30618
30620
30621
30622
30623
30625
30626
30627
30628
30631
30632
30634
30635
30636
30637
30639
30643
30645
30646
30647
30650
30651
30652
30653
30656
30657
30659
30661
30662
30664
30665
30667
30669
30670
30671
30674
30677
30678
30679
30680
30681
30682
30683
30684
30686
30689
30690
30691
30693
30694
30696
30697
30698
30699
30700
30703
30704
30706
30709
30710
30711
30712
30713
30714
30716
30717
30718
30719
30720
30721
30723
30724
30725
30726
30728
30732
30734
30738
30739
30741
30742
30744
30746
30749
30750
30751
30752
30753
30754
30760
30763
30771
30772
30773
30774
30775
30776
30777
30779
30780
30781
30782
30783
30785
30786
30787
30788
30789
30790
30792
30793
30794
30795
30798
30799
30800
30803
30805
30809
30810
30811
30813
30814
30818
30821
30823
30824
30825
30826
30831
30832
30833
30835
30836
30837
30838
30840
30842
30843
30844
30845
30847
30850
30852
30853
30855
30858
30859
30860
30861
30862
30863
30864
30865
30866
30868
30869
30870
30871
30872
30873
30874
30876
30879
30880
30883
30884
30886
30887
30888
30889
30890
30891
30892
30895
30897
30898
30899
30900
30901
30902
30903
30905
30906
30908
30909
30911
30913
30915
30917
30919
30920
30922
30923
30925
30926
30927
30928
30929
30931
30933
30934
30935
30937
30939
30940
30941
30942
30946
30948
30949
30953
30954
30957
30958
30959
30960
30964
30965
30969
30970
30971
30974
30978
30979
30980
30982
30983
30985
30988
30989
30993
30996
30999
31001
31004
31006
31008
31009
31010
31011
31012
31014
31015
31017
31019
31021
31022
31023
31025
31026
31028
31029
31032
31033
31034
31035
31036
31037
31038
31042
31043
31046
31048
31049
31050
31053
31059
31060
31061
31062
31063
31064
31066
31067
31068
31070
31072
31075
31078
31080
31082
31083
31084
31085
31087
31089
31090
31093
31098
31099
31100
31103
31104
31105
31108
31109
31110
31112
31115
31119
31120
31122
31123
31124
31125
31127
31128
31133
31135
31136
31139
31141
31142
31145
31146
31148
31149
31152
31153
31155
31157
31158
31159
31160
31161
31162
31163
31164
31166
31167
31170
31172
31173
31174
31177
31178
31179
31181
31182
31184
31186
31188
31189
31190
31191
31193
31196
31198
31200
31204
31206
31207
31208
31209
31211
31214
31215
31216
31218
31219
31221
31223
31225
31226
31232
31233
31235
31236
31237
31238
31239
31241
31242
31246
31247
31248
31250
31251
31252
31253
31254
31255
31258
31261
31262
31264
31269
31270
31272
31273
31274
31275
31279
31286
31287
31288
31289
31290
31292
31295
31296
31298
31301
31302
31303
31304
31305
31306
31311
31315
31316
31318
31319
31322
31323
31325
31326
31330
31332
31335
31341
31345
31349
31350
31352
31354
31357
31361
31363
31364
31369
31371
31374
31375
31376
31377
31379
31382
31385
31388
31391
31394
31395
31397
31399
31402
31405
31406
31410
31411
31413
31414
31416
31421
31422
31423
31425
31426
31427
31428
31429
31432
31434
31435
31439
31440
31442
31443
31444
31448
31449
31450
31451
31456
31457
31458
31459
31460
31463
31465
31466
31469
31474
31476
31478
31479
31491
31492
31495
31497
31500
31502
31503
31505
31507
31508
31509
31510
31511
31516
31518
31519
31521
31525
31531
31533
31534
31538
31540
31541
31544
31548
31551
31554
31565
31566
31567
31569
31571
31574
31577
31578
31583
31587
31595
31599
31600
31601
31602
31603
31606
31608
31614
31616
31617
31622
31624
31627
31628
31630
31636
31641
31645
31646
31649
31654
31656
31660
31664
31665
31666
31667
31672
31675
31676
31678
31680
31683
31685
31690
31691
31692
31693
31696
31701
31705
31709
31719
31723
31724
31727
31728
31730
31733
31734
31736
31737
31740
31741
31742
31743
31745
31750
31751
31753
31755
31757
31758
31759
31762
31765
31766
31767
31768
31769
31770
31780
31786
31791
31794
31797
31800
31801
31807
31810
31814
31818
31819
31823
31824
31828
31833
31835
31838
31841
31849
31850
31851
31856
31858
31860
31862
31869
31873
31874
31877
31878
31879
31880
31881
31882
31883
31884
31887
31890
31893
31894
31897
31899
31905
31912
31913
31915
31924
31927
31934
31935
31937
31940
31941
31942
31945
31946
31947
31949
31950
31951
31953
31954
31956
31959
31960
31963
31968
31972
31979
31982
31985
31987
31988
31991
31995
31999
32000
32002
32010
32011
32014
32015
32023
32026
32027
32030
32035
32039
32040
32041
32043
32045
32047
32053
32058
32059
32062
32063
32064
32069
32071
32072
32073
32074
32075
32077
32079
32082
32084
32086
32087
32088
32092
32093
32095
32099
32100
32102
32103
32106
32107
32109
32110
32111
32113
32114
32115
32116
32118
32119
32120
32121
32122
32124
32127
32129
32130
32132
32134
32135
32137
32139
32140
32141
32142
32144
32145
32146
32147
32148
32150
32151
32152
32154
32155
32156
32157
32158
32160
32161
32165
32166
32169
32170
32171
32172
32173
32175
32176
32177
32180
32181
32182
32184
32186
32188
32189
32190
32191
32193
32196
32198
32199
32200
32201
32202
32203
32204
32205
32206
32207
32208
32210
32211
32212
32213
32214
32215
32217
32218
32221
32222
32223
32224
32225
32226
32227
32228
32229
32230
32231
32232
32233
32234
32237
32238
32240
32241
32242
32244
32245
32246
32247
32249
32250
32252
32254
32255
32256
32258
32260
32262
32263
32264
32265
32266
32268
32270
32271
32272
32273
32274
32276
32278
32281
32282
32283
32285
32286
32287
32289
32290
32291
32292
32293
32294
32295
32296
32297
32298
32299
32300
32302
32303
32304
32307
32308
32309
32310
32311
32312
32313
32314
32315
32316
32319
32320
32321
32322
32324
32326
32328
32329
32330
32331
32332
32333
32335
32336
32338
32339
32340
32342
32343
32344
32345
32346
32347
32348
32349
32351
32353
32354
32355
32356
32357
32359
32360
32361
32363
32364
32365
32367
32368
32370
32371
32375
32377
32378
32379
32380
32381
32384
32386
32388
32390
32391
32393
32394
32396
32397
32398
32399
32400
32401
32402
32403
32406
32407
32408
32409
32410
32412
32413
32414
32415
32416
32418
32420
32421
32422
32423
32424
32426
32427
32428
32429
32430
32431
32432
32433
32434
32435
32436
32437
32439
32441
32442
32443
32445
32446
32447
32448
32449
32450
32451
32452
32456
32457
32459
32460
32461
32464
32465
32467
32468
32470
32471
32472
32474
32475
32477
32480
32485
32486
32487
32488
32489
32490
32491
32492
32493
32494
32495
32496
32497
32499
32500
32501
32502
32507
32508
32509
32510
32511
32512
32515
32517
32518
32519
32520
32521
32525
32527
32529
32530
32531
32533
32534
32536
32537
32538
32539
32540
32542
32544
32549
32552
32553
32555
32556
32560
32561
32564
32566
32569
32570
32571
32575
32576
32578
32579
32582
32583
32585
32586
32588
32589
32590
32591
32593
32594
32595
32597
32598
32599
32600
32602
32604
32607
32609
32610
32613
32614
32615
32616
32618
32619
32621
32623
32624
32625
32627
32628
32629
32630
32631
32632
32635
32638
32645
32647
32648
32649
32650
32651
32652
32653
32654
32655
32656
32658
32660
32661
32662
32669
32670
32671
32673
32676
32677
32678
32681
32683
32685
32686
32688
32689
32691
32692
32694
32695
32698
32700
32701
32702
32703
32704
32705
32707
32709
32710
32712
32713
32715
32717
32720
32722
32723
32724
32727
32728
32732
32733
32734
32741
32744
32745
32747
32748
32749
32751
32754
32755
32759
32760
32761
32764
32765
32768
32769
32770
32773
32775
32780
32784
32785
32786
32787
32788
32790
32792
32794
32796
32800
32801
32806
32807
32808
32811
32812
32813
32814
32816
32818
32819
32820
32824
32825
32827
32830
32831
32832
32835
32836
32837
32839
32842
32846
32849
32850
32856
32861
32865
32866
32868
32869
32874
32875
32877
32880
32881
32884
32886
32888
32889
32891
32892
32897
32899
32900
32901
32902
32905
32906
32907
32908
32909
32910
32911
32912
32915
32917
32918
32919
32922
32923
32924
32930
32931
32934
32937
32942
32944
32946
32947
32948
32950
32951
32953
32957
32958
32960
32961
32962
32963
32964
32965
32966
32967
32968
32969
32970
32974
32976
32977
32978
32979
32980
32981
32988
32989
32990
32991
32992
32993
32994
32995
32998
32999
33000
33001
33002
33006
33007
33011
33013
33017
33018
33019
33021
33024
33027
33029
33030
33031
33034
33035
33036
33037
33041
33042
33044
33045
33046
33049
33050
33052
33056
33057
33060
33061
33063
33064
33066
33069
33073
33074
33075
33076
33078
33081
33082
33083
33084
33087
33091
33092
33094
33095
33097
33098
33100
33101
33104
33105
33106
33107
33108
33111
33116
33117
33118
33121
33122
33123
33124
33125
33127
33128
33129
33130
33131
33133
33134
33135
33136
33137
33138
33139
33140
33141
33142
33146
33147
33148
33149
33151
33152
33154
33156
33157
33158
33162
33163
33164
33166
33167
33168
33169
33170
33171
33172
33173
33174
33175
33178
33179
33181
33182
33185
33189
33190
33191
33193
33194
33196
33198
33199
33200
33202
33203
33205
33206
33207
33208
33209
33214
33215
33221
33222
33224
33226
33227
33231
33233
33236
33237
33238
33241
33242
33243
33244
33246
33247
33248
33251
33252
33254
33256
33258
33260
33261
33262
33264
33265
33267
33268
33270
33271
33272
33273
33274
33277
33278
33281
33282
33283
33285
33286
33289
33290
33292
33293
33294
33297
33298
33299
33300
33301
33304
33305
33309
33311
33312
33314
33316
33317
33318
33319
33320
33321
33324
33326
33328
33329
33330
33331
33333
33334
33335
33338
33339
33341
33342
33343
33346
33347
33348
33349
33350
33352
33354
33355
33356
33357
33359
33360
33361
33362
33363
33365
33366
33367
33368
33369
33370
33371
33372
33373
33374
33377
33378
33379
33382
33384
33385
33386
33387
33389
33390
33391
33394
33396
33399
33400
33402
33403
33404
33405
33406
33408
33410
33411
33412
33413
33414
33415
33417
33418
33419
33420
33421
33422
33423
33424
33425
33429
33430
33437
33438
33442
33446
33447
33448
33450
33452
33455
33457
33460
33461
33462
33463
33464
33467
33470
33474
33479
33485
33488
33490
33492
33493
33503
33504
33510
33514
33516
33517
33522
33523
33525
33526
33528
33531
33533
33534
33535
33539
33540
33541
33542
33543
33545
33549
33550
33551
33552
33554
33555
33556
33559
33560
33563
33564
33567
33568
33569
33570
33571
33572
33573
33577
33578
33581
33583
33587
33588
33589
33594
33596
33598
33599
33608
33611
33615
33616
33621
33632
33640
33656
33662
33666
33676
33681
33686
33687
33688
33689
33691
33695
33699
33701
33702
33705
33719
33722
33727
33745
33758
33762
33763
33766
33768
33776
33781
33785
33795
33798
33800
33802
33809
33812
33814
33818
33821
33824
33831
33834
33836
33840
33846
33851
33853
33877
33880
33888
33893
33895
33906
33914
33916
33917
33920
33924
33925
33928
33932
33934
33935
33937
33945
33947
33951
33955
33957
33962
33965
33977
33978
33982
33989
33998
34001
34006
34014
34020
34024
34028
34029
34039
34042
34045
34050
34057
34062
34065
34069
34073
34075
34079
34080
34083
34084
34086
34091
34096
34100
34101
34102
34103
34104
34106
34107
34108
34110
34111
34112
34113
34114
34115
34116
34117
34118
34121
34122
34125
34126
34127
34128
34129
34130
34131
34132
34133
34134
34135
34136
34137
34139
34140
34141
34142
34143
34145
34146
34147
34148
34149
34151
34153
34157
34158
34159
34160
34161
34163
34164
34165
34166
34169
34173
34174
34175
34177
34178
34179
34180
34181
34182
34183
34184
34185
34186
34188
34189
34191
34192
34193
34194
34195
34196
34198
34199
34200
34201
34202
34203
34204
34206
34207
34209
34210
34211
34212
34213
34214
34215
34217
34218
34221
34223
34225
34229
34230
34231
34232
34233
34235
34236
34237
34239
34240
34241
34243
34244
34246
34249
34250
34256
34258
34259
34260
34261
34262
34263
34264
34267
34269
34270
34271
34272
34274
34276
34277
34279
34282
34284
34285
34286
34288
34289
34290
34291
34292
34293
34294
34296
34297
34299
34300
34301
34302
34304
34306
34307
34308
34309
34310
34311
34312
34313
34314
34315
34316
34318
34319
34320
34321
34322
34323
34324
34325
34326
34327
34328
34329
34330
34333
34337
34343
34345
34348
34349
34350
34351
34352
34354
34355
34357
34358
34359
34360
34362
34363
34364
34365
34366
34367
34368
34370
34376
34377
34378
34379
34383
34384
34386
34387
34388
34390
34391
34393
34394
34395
34396
34398
34400
34402
34403
34405
34406
34407
34408
34409
34410
34411
34412
34413
34415
34418
34421
34423
34424
34425
34426
34427
34428
34429
34431
34434
34435
34437
34438
34439
34442
34443
34444
34445
34446
34449
34450
34451
34452
34454
34455
34458
34460
34461
34464
34465
34469
34474
34476
34477
34478
34480
34481
34482
34483
34484
34485
34486
34487
34488
34490
34491
34492
34493
34494
34495
34498
34499
34500
34504
34507
34508
34511
34513
34514
34517
34519
34520
34522
34523
34524
34526
34527
34529
34531
34532
34535
34538
34539
34540
34542
34546
34547
34549
34551
34554
34557
34558
34559
34560
34561
34564
34566
34567
34569
34570
34571
34572
34573
34575
34576
34577
34580
34582
34584
34585
34587
34588
34590
34591
34594
34595
34596
34597
34598
34601
34603
34604
34605
34606
34607
34610
34611
34613
34616
34617
34618
34619
34621
34624
34625
34626
34629
34631
34632
34633
34634
34636
34637
34638
34640
34643
34645
34646
34647
34648
34649
34650
34651
34652
34653
34654
34655
34656
34657
34659
34660
34661
34663
34665
34667
34668
34673
34674
34676
34677
34679
34683
34684
34689
34691
34692
34694
34697
34698
34699
34702
34705
34706
34708
34712
34715
34718
34721
34723
34725
34726
34727
34729
34731
34732
34733
34734
34735
34737
34739
34740
34741
34742
34745
34746
34747
34750
34751
34752
34753
34754
34755
34756
34758
34759
34760
34762
34763
34764
34766
34767
34768
34769
34772
34773
34774
34775
34778
34779
34781
34782
34784
34785
34789
34790
34792
34793
34794
34796
34797
34799
34801
34802
34803
34805
34806
34807
34808
34810
34812
34813
34814
34818
34819
34821
34824
34826
34829
34830
34832
34833
34834
34836
34838
34839
34840
34841
34842
34844
34845
34846
34847
34848
34849
34850
34852
34853
34854
34855
34856
34862
34863
34865
34866
34867
34869
34872
34874
34875
34879
34880
34881
34882
34883
34884
34885
34886
34887
34888
34889
34894
34895
34896
34898
34900
34901
34902
34903
34904
34905
34907
34908
34909
34910
34914
34916
34918
34919
34922
34923
34925
34927
34929
34930
34933
34936
34938
34939
34942
34943
34945
34946
34948
34949
34950
34951
34952
34953
34954
34956
34958
34960
34961
34962
34963
34964
34966
34967
34968
34970
34972
34973
34974
34975
34984
34985
34986
34987
34989
34991
34992
34993
34994
34995
34996
34997
35000
35002
35003
35005
35006
35008
35011
35013
35014
35015
35017
35018
35019
35023
35025
35029
35030
35031
35033
35035
35036
35037
35039
35042
35043
35044
35046
35047
35049
35050
35054
35055
35057
35058
35059
35060
35063
35064
35065
35067
35068
35071
35072
35073
35074
35078
35083
35084
35085
35088
35089
35091
35096
35099
35103
35104
35105
35107
35108
35110
35111
35112
35113
35114
35116
35119
35121
35122
35125
35129
35131
35132
35133
35135
35136
35137
35139
35146
35148
35149
35150
35151
35152
35153
35154
35155
35157
35158
35159
35161
35163
35170
35171
35172
35173
35177
35178
35182
35185
35186
35187
35188
35190
35191
35192
35193
35196
35199
35206
35209
35211
35213
35214
35216
35217
35221
35222
35224
35225
35232
35235
35237
35238
35239
35245
35247
35248
35250
35252
35254
35255
35259
35261
35265
35270
35272
35273
35275
35278
35279
35280
35282
35283
35284
35285
35287
35288
35292
35293
35295
35302
35304
35307
35309
35313
35315
35316
35320
35322
35323
35326
35328
35330
35331
35336
35338
35340
35344
35346
35347
35348
35350
35351
35357
35359
35363
35365
35371
35374
35376
35380
35382
35384
35387
35390
35391
35392
35393
35396
35399
35403
35404
35406
35407
35411
35413
35417
35421
35423
35424
35430
35435
35437
35438
35441
35442
35444
35447
35452
35454
35455
35460
35461
35464
35465
35466
35470
35471
35472
35473
35475
35476
35478
35481
35482
35483
35488
35489
35490
35493
35494
35495
35498
35499
35504
35505
35507
35514
35516
35519
35521
35522
35523
35524
35526
35527
35528
35529
35532
35535
35536
35537
35538
35542
35544
35545
35551
35552
35561
35563
35565
35567
35572
35573
35577
35578
35582
35583
35587
35589
35591
35594
35595
35596
35597
35598
35604
35607
35611
35613
35617
35619
35621
35622
35623
35626
35627
35629
35632
35633
35634
35635
35637
35638
35640
35644
35645
35649
35654
35655
35656
35657
35658
35659
35660
35661
35664
35666
35667
35668
35670
35673
35674
35675
35676
35678
35680
35685
35686
35690
35691
35692
35706
35708
35709
35710
35712
35715
35716
35717
35718
35720
35721
35723
35725
35729
35733
35737
35738
35739
35740
35741
35743
35745
35746
35751
35752
35753
35754
35755
35759
35766
35769
35770
35772
35773
35776
35777
35778
35780
35782
35783
35784
35786
35787
35788
35790
35796
35798
35801
35802
35803
35805
35807
35808
35809
35810
35811
35813
35814
35815
35817
35820
35821
35824
35827
35828
35830
35832
35833
35835
35836
35837
35840
35843
35846
35848
35849
35852
35853
35854
35856
35858
35860
35861
35862
35863
35864
35869
35870
35871
35873
35874
35875
35877
35878
35879
35880
35881
35883
35885
35886
35889
35891
35892
35898
35900
35902
35903
35904
35905
35906
35908
35909
35910
35911
35912
35913
35914
35915
35917
35919
35920
35922
35923
35925
35927
35929
35930
35931
35932
35935
35936
35937
35938
35939
35940
35941
35942
35943
35944
35945
35946
35947
35948
35949
35950
35951
35952
35954
35955
35958
35959
35960
35962
35964
35965
35968
35969
35970
35972
35974
35975
35976
35977
35978
35979
35980
35982
35984
35985
35987
35988
35989
35990
35991
35992
35993
35995
35996
35997
35999
36000
36001
36002
36003
36005
36006
36007
36008
36009
36011
36012
36014
36016
36017
36021
36022
36023
36024
36025
36027
36028
36029
36030
36031
36033
36034
36035
36037
36038
36039
36040
36041
36042
36043
36044
36045
36046
36049
36050
36053
36054
36056
36057
36059
36060
36061
36062
36064
36065
36067
36068
36069
36070
36071
36074
36075
36076
36078
36079
36080
36081
36082
36083
36085
36086
36087
36089
36090
36091
36092
36093
36094
36096
36097
36098
36100
36101
36102
36103
36104
36105
36106
36108
36110
36111
36112
36113
36114
36116
36118
36119
36120
36121
36122
36123
36125
36126
36127
36129
36132
36133
36134
36136
36137
36138
36140
36142
36143
36144
36145
36146
36147
36149
36150
36151
36153
36154
36155
36156
36157
36159
36160
36161
36162
36163
36164
36165
36166
36169
36170
36173
36175
36179
36180
36182
36185
36186
36187
36188
36189
36190
36192
36193
36194
36197
36198
36199
36202
36204
36205
36206
36207
36208
36209
36210
36211
36212
36213
36214
36215
36218
36221
36222
36223
36226
36227
36229
36232
36233
36235
36237
36238
36239
36240
36241
36242
36245
36248
36251
36252
36256
36259
36260
36262
36267
36268
36269
36270
36271
36275
36276
36277
36278
36279
36280
36281
36282
36283
36284
36287
36288
36289
36291
36292
36293
36294
36296
36298
36299
36300
36302
36304
36307
36311
36312
36314
36316
36320
36321
36323
36324
36327
36328
36329
36330
36331
36333
36334
36335
36336
36338
36339
36340
36341
36343
36344
36345
36346
36347
36349
36351
36354
36355
36358
36359
36361
36363
36364
36365
36366
36367
36368
36369
36370
36371
36372
36376
36379
36380
36384
36385
36386
36387
36389
36391
36392
36396
36397
36399
36400
36401
36402
36403
36405
36406
36407
36409
36411
36412
36414
36415
36417
36418
36419
36420
36421
36424
36426
36428
36429
36431
36434
36437
36439
36440
36443
36444
36445
36447
36448
36450
36451
36454
36455
36456
36458
36459
36461
36462
36465
36469
36471
36473
36474
36475
36476
36479
36487
36492
36494
36495
36497
36498
36499
36504
36507
36508
36510
36511
36514
36515
36518
36519
36520
36521
36522
36523
36524
36529
36530
36532
36533
36534
36536
36537
36541
36542
36544
36545
36548
36549
36553
36554
36556
36557
36560
36564
36565
36566
36570
36572
36574
36576
36579
36580
36581
36582
36583
36587
36588
36589
36590
36593
36596
36597
36599
36600
36601
36602
36605
36606
36610
36611
36613
36614
36615
36616
36618
36619
36621
36622
36626
36628
36630
36635
36637
36638
36639
36641
36642
36645
36646
36649
36650
36651
36656
36658
36659
36661
36662
36666
36669
36671
36674
36679
36680
36681
36683
36684
36686
36690
36691
36692
36694
36695
36697
36698
36700
36701
36702
36703
36704
36705
36708
36709
36710
36712
36713
36714
36716
36717
36718
36720
36723
36725
36727
36728
36732
36734
36736
36741
36742
36743
36744
36745
36747
36749
36750
36751
36752
36753
36755
36759
36760
36761
36762
36763
36764
36766
36767
36768
36769
36771
36772
36773
36777
36779
36780
36781
36783
36784
36786
36787
36790
36792
36796
36798
36799
36801
36804
36806
36808
36809
36810
36811
36813
36815
36818
36819
36820
36821
36825
36828
36830
36832
36833
36834
36835
36836
36837
36838
36840
36841
36843
36844
36845
36847
36848
36850
36851
36852
36853
36854
36855
36856
36858
36859
36860
36861
36862
36863
36864
36865
36868
36870
36872
36873
36876
36877
36878
36880
36881
36883
36885
36887
36888
36889
36890
36892
36893
36894
36896
36897
36898
36899
36900
36903
36904
36905
36906
36908
36909
36913
36914
36916
36917
36918
36922
36923
36928
36930
36932
36934
36935
36936
36937
36938
36939
36940
36941
36943
36945
36946
36947
36950
36952
36955
36958
36960
36961
36962
36963
36965
36966
36968
36969
36970
36971
36972
36974
36975
36978
36979
36980
36981
36982
36983
36984
36985
36986
36987
36991
36992
36993
36996
36997
36999
37000
37004
37006
37007
37008
37009
37010
37013
37014
37015
37018
37019
37022
37026
37028
37029
37030
37031
37032
37033
37035
37036
37038
37039
37042
37043
37044
37045
37046
37052
37053
37055
37056
37057
37058
37059
37061
37062
37063
37065
37066
37068
37069
37070
37073
37075
37076
37078
37079
37080
37081
37082
37083
37084
37085
37087
37088
37090
37091
37092
37093
37095
37097
37098
37099
37100
37101
37102
37103
37104
37105
37107
37108
37109
37110
37111
37113
37114
37115
37116
37117
37118
37120
37121
37122
37123
37124
37125
37127
37128
37129
37130
37131
37133
37134
37135
37136
37138
37139
