2
9
14
17
19
26
36
40
41
50
56
61
62
64
74
79
89
90
93
95
97
98
102
110
111
112
114
116
123
124
125
127
129
142
143
145
146
151
167
179
180
181
183
185
199
200
207
209
213
214
219
228
230
238
241
247
254
261
262
268
270
276
281
291
295
302
312
313
317
319
321
324
327
331
335
343
346
349
355
361
369
381
383
384
388
400
401
402
408
410
424
425
427
434
442
451
455
459
465
466
470
478
483
492
493
498
506
508
517
520
521
522
532
535
548
552
588
598
605
619
623
627
631
633
634
636
645
646
674
675
676
677
680
681
683
685
686
687
688
689
690
691
692
693
694
695
696
699
700
701
702
703
704
705
706
707
708
709
710
711
712
713
714
716
718
720
721
725
726
727
728
730
731
733
734
735
737
738
739
741
742
743
744
746
747
748
749
751
752
753
754
757
758
759
760
762
765
766
767
768
769
770
771
773
774
775
776
777
778
779
781
782
783
785
788
789
791
792
793
795
796
797
798
799
800
801
803
804
805
806
807
809
811
812
814
815
816
819
820
821
824
830
831
833
835
836
837
838
839
840
841
842
844
846
847
849
850
851
852
853
858
859
861
862
863
865
866
867
868
869
870
871
872
875
877
879
880
881
882
883
884
888
890
892
895
898
899
901
904
905
906
907
909
919
924
925
929
931
932
933
934
936
938
939
940
942
943
945
947
949
951
953
956
957
958
959
961
962
965
966
967
968
969
973
974
975
976
979
980
981
982
984
985
986
987
988
989
991
993
994
995
999
1000
1002
1003
1009
1012
1014
1016
1017
1018
1019
1021
1026
1027
1028
1029
1033
1034
1035
1037
1038
1040
1042
1044
1045
1048
1050
1053
1055
1058
1060
1061
1062
1065
1069
1071
1073
1075
1076
1078
1081
1082
1083
1084
1086
1087
1088
1089
1093
1096
1097
1098
1102
1108
1111
1112
1113
1118
1121
1123
1130
1132
1134
1135
1136
1138
1139
1140
1142
1143
1146
1148
1149
1153
1157
1158
1160
1162
1164
1169
1170
1172
1173
1174
1175
1178
1182
1184
1188
1191
1193
1194
1197
1200
1203
1205
1207
1212
1213
1214
1215
1216
1217
1219
1221
1226
1230
1231
1239
1246
1247
1252
1253
1257
1260
1261
1262
1264
1265
1266
1268
1276
1281
1283
1285
1289
1291
1294
1295
1296
1298
1299
1300
1305
1306
1307
1310
1311
1313
1319
1320
1323
1324
1325
1326
1327
1328
1329
1330
1331
1332
1333
1335
1336
1339
1340
1342
1345
1352
1361
1364
1365
1366
1368
1369
1371
1374
1375
1376
1378
1379
1381
1382
1384
1385
1386
1387
1389
1391
1392
1394
1396
1398
1403
1404
1408
1410
1412
1416
1420
1422
1424
1426
1427
1429
1430
1433
1435
1437
1439
1443
1445
1446
1448
1454
1456
1458
1459
1460
1461
1465
1466
1469
1471
1472
1477
1478
1480
1488
1489
1494
1495
1499
1500
1501
1504
1505
1507
1512
1516
1521
1527
1529
1532
1533
1535
1536
1537
1538
1539
1540
1543
1544
1545
1549
1550
1551
1552
1555
1557
1559
1560
1561
1562
1564
1568
1569
1572
1574
1576
1577
1579
1580
1581
1583
1585
1589
1590
1593
1599
1605
1607
1609
1612
1615
1616
1617
1630
1638
1644
1646
1651
1652
1660
1665
1669
1670
1673
1674
1676
1678
1679
1682
1683
1686
1693
1697
1698
1699
1700
1701
1709
1715
1716
1723
1728
1729
1732
1734
1737
1744
1746
1747
1753
1754
1759
1760
1761
1765
1767
1768
1773
1774
1776
1779
1785
1787
1788
1789
1791
1792
1794
1796
1797
1801
1805
1807
1809
1813
1818
1819
1820
1822
1824
1830
1832
1833
1835
1846
1856
1858
1862
1863
1866
1867
1873
1875
1887
1890
1892
1895
1902
1904
1905
1908
1909
1910
1916
1918
1928
1931
1934
1939
1940
1942
1943
1944
1948
1952
1955
1956
1957
1959
1960
1961
1966
1967
1971
1973
1974
1975
1978
1987
1988
1989
1992
1995
1997
2000
2003
2006
2007
2012
2016
2018
2021
2023
2024
2025
2028
2029
2031
2032
2046
2047
2048
2055
2057
2063
2065
2073
2079
2080
2086
2088
2090
2094
2095
2096
2098
2102
2107
2108
2112
2113
2115
2116
2123
2133
2139
2143
2145
2152
2161
2165
2166
2168
2172
2178
2182
2187
2192
2196
2197
2201
2202
2205
2206
2210
2214
2218
2219
2225
2235
2240
2246
2247
2248
2254
2258
2266
2276
2279
2282
2288
2295
2297
2298
2302
2305
2307
2311
2314
2317
2318
2320
2323
2327
2331
2339
2341
2346
2349
2350
2351
2352
2356
2359
2361
2368
2376
2382
2383
2387
2388
2390
2391
2392
2394
2397
2399
2400
2401
2402
2404
2405
2406
2407
2415
2417
2418
2420
2427
2428
2429
2432
2435
2439
2442
2443
2444
2455
2457
2461
2476
2477
2486
2487
2488
2489
2490
2491
2492
2493
2494
2498
2499
2501
2503
2504
2505
2506
2509
2510
2512
2513
2514
2515
2517
2518
2519
2520
2521
2522
2523
2524
2525
2526
2527
2528
2529
2530
2531
2532
2534
2536
2537
2538
2540
2541
2542
2543
2544
2546
2547
2548
2549
2551
2552
2553
2554
2555
2556
2557
2558
2561
2562
2564
2565
2566
2567
2568
2569
2570
2571
2573
2575
2576
2577
2578
2579
2580
2581
2582
2583
2584
2585
2586
2587
2588
2589
2591
2593
2594
2595
2596
2597
2598
2599
2600
2601
2602
2603
2604
2605
2607
2609
2610
2611
2612
2613
2614
2615
2616
2618
2620
2621
2623
2624
2626
2627
2629
2630
2631
2633
2635
2636
2639
2641
2642
2643
2644
2645
2648
2650
2651
2652
2653
2654
2655
2656
2658
2660
2661
2662
2663
2664
2666
2668
2670
2672
2673
2674
2675
2676
2677
2678
2679
2680
2681
2682
2685
2687
2689
2690
2691
2692
2693
2696
2697
2699
2700
2701
2702
2703
2704
2707
2708
2709
2710
2711
2712
2716
2717
2718
2720
2721
2722
2723
2724
2725
2726
2729
2730
2731
2733
2734
2735
2736
2737
2738
2740
2741
2742
2743
2744
2751
2755
2757
2758
2759
2760
2764
2765
2766
2767
2769
2771
2773
2774
2775
2776
2779
2780
2784
2786
2787
2789
2795
2799
2800
2805
2806
2807
2810
2813
2815
2816
2821
2822
2823
2824
2825
2826
2827
2829
2830
2831
2832
2833
2836
2837
2840
2841
2842
2843
2848
2852
2853
2854
2855
2859
2862
2864
2865
2866
2867
2868
2870
2873
2874
2877
2878
2882
2883
2884
2886
2887
2888
2890
2893
2895
2897
2898
2899
2903
2904
2907
2909
2910
2911
2912
2913
2914
2915
2917
2918
2919
2920
2922
2923
2926
2928
2930
2933
2936
2937
2938
2940
2941
2942
2943
2944
2945
2948
2949
2952
2954
2959
2963
2965
2966
2968
2969
2971
2973
2974
2976
2980
2983
2984
2986
2987
2989
2990
2991
2992
2993
2994
2996
3000
3001
3002
3003
3006
3008
3010
3011
3016
3018
3021
3022
3025
3026
3027
3028
3030
3032
3033
3037
3038
3039
3040
3042
3045
3046
3048
3049
3050
3054
3055
3057
3060
3061
3063
3067
3068
3070
3071
3073
3076
3077
3083
3085
3086
3087
3089
3090
3099
3101
3102
3106
3107
3108
3110
3111
3115
3120
3121
3123
3126
3127
3128
3129
3132
3134
3138
3141
3144
3149
3150
3151
3162
3164
3165
3166
3167
3168
3171
3172
3173
3174
3175
3179
3180
3181
3182
3184
3185
3187
3190
3192
3195
3196
3200
3201
3202
3204
3212
3213
3214
3219
3222
3225
3229
3231
3232
3239
3240
3243
3246
3247
3248
3249
3252
3253
3254
3257
3258
3259
3260
3261
3262
3264
3266
3268
3271
3272
3278
3279
3280
3283
3284
3285
3286
3287
3288
3290
3292
3293
3295
3297
3299
3301
3302
3306
3307
3311
3315
3316
3317
3319
3321
3324
3325
3326
3329
3332
3337
3338
3339
3340
3341
3345
3349
3351
3357
3358
3359
3360
3361
3362
3363
3365
3370
3371
3373
3378
3379
3380
3381
3383
3384
3385
3388
3389
3392
3393
3394
3395
3396
3397
3398
3402
3403
3406
3411
3413
3414
3415
3416
3418
3420
3422
3423
3425
3426
3427
3430
3432
3434
3435
3437
3438
3439
3440
3444
3446
3448
3450
3453
3454
3456
3457
3458
3459
3460
3461
3462
3464
3465
3466
3467
3468
3471
3472
3473
3474
3476
3477
3478
3479
3483
3485
3486
3487
3488
3490
3491
3492
3493
3495
3497
3502
3503
3506
3508
3512
3513
3515
3517
3518
3521
3529
3530
3531
3532
3534
3535
3536
3537
3539
3540
3543
3544
3545
3546
3548
3553
3555
3557
3558
3559
3560
3561
3562
3566
3570
3572
3574
3576
3577
3578
3581
3584
3586
3589
3590
3591
3593
3596
3599
3600
3601
3603
3604
3610
3611
3617
3618
3622
3625
3626
3627
3629
3631
3634
3635
3637
3640
3642
3643
3644
3647
3650
3654
3655
3656
3657
3658
3660
3661
3663
3666
3668
3669
3672
3674
3675
3677
3678
3679
3680
3682
3684
3687
3688
3690
3691
3694
3696
3697
3698
3699
3700
3703
3705
3706
3709
3711
3712
3713
3717
3718
3740
3747
3764
3767
3771
3772
3775
3777
3789
3792
3795
3798
3802
3803
3804
3807
3814
3815
3820
3821
3822
3826
3828
3829
3832
3833
3835
3836
3839
3841
3844
3845
3846
3850
3851
3855
3857
3858
3859
3860
3863
3865
3871
3872
3873
3878
3883
3885
3893
3896
3897
3903
3921
3922
3928
3930
3937
3947
3949
3951
3952
3954
3960
3964
3968
3969
3975
3976
3977
3982
3990
3998
4007
4010
4023
4029
4033
4038
4047
4051
4052
4054
4057
4063
4073
4074
4075
4078
4084
4094
4098
4100
4102
4106
4112
4115
4116
4135
4137
4139
4140
4141
4147
4148
4149
4156
4175
4176
4178
4180
4183
4194
4196
4197
4198
4202
4207
4213
4218
4219
4228
4231
4235
4237
4238
4242
4247
4249
4250
4264
4269
4271
4273
4275
4278
4280
4291
4305
4308
4319
4330
4334
4337
4338
4343
4347
4348
4349
4350
4355
4358
4359
4360
4382
4383
4388
4389
4390
4393
4394
4395
4397
4398
4399
4401
4402
4403
4404
4405
4406
4407
4408
4409
4410
4411
4412
4413
4414
4415
4418
4419
4422
4423
4425
4426
4427
4428
4430
4431
4432
4434
4435
4438
4439
4440
4441
4442
4443
4444
4445
4446
4447
4448
4449
4450
4452
4453
4455
4456
4457
4458
4459
4460
4461
4462
4464
4468
4469
4470
4471
4472
4473
4477
4478
4479
4481
4482
4486
4487
4488
4489
4490
4492
4493
4496
4498
4499
4502
4505
4506
4507
4509
4510
4511
4512
4513
4514
4515
4517
4518
4524
4525
4526
4528
4530
4532
4533
4536
4537
4538
4541
4544
4545
4547
4548
4549
4550
4551
4553
4554
4555
4557
4558
4559
4560
4563
4564
4565
4566
4567
4568
4570
4572
4574
4575
4576
4577
4579
4580
4588
4589
4591
4593
4594
4595
4598
4599
4600
4601
4602
4605
4606
4607
4608
4609
4611
4612
4613
4614
4615
4617
4618
4620
4622
4623
4625
4626
4628
4629
4633
4634
4636
4637
4639
4641
4642
4643
4644
4645
4647
4648
4650
4652
4653
4654
4655
4656
4658
4659
4660
4661
4665
4666
4668
4670
4671
4672
4673
4677
4679
4680
4682
4685
4686
4687
4688
4690
4693
4695
4696
4698
4699
4701
4702
4703
4706
4708
4709
4710
4713
4715
4716
4717
4722
4723
4724
4725
4727
4728
4729
4730
4731
4733
4736
4740
4743
4744
4746
4747
4748
4749
4752
4758
4759
4760
4762
4764
4765
4766
4770
4775
4776
4778
4779
4780
4781
4783
4784
4785
4787
4788
4792
4793
4795
4796
4797
4798
4799
4800
4801
4802
4807
4810
4811
4812
4814
4816
4817
4819
4822
4823
4825
4827
4830
4831
4832
4833
4834
4835
4838
4840
4841
4844
4845
4846
4848
4849
4853
4855
4856
4857
4859
4860
4862
4863
4864
4865
4866
4868
4871
4872
4875
4876
4877
4878
4879
4882
4883
4886
4887
4888
4892
4894
4895
4897
4898
4900
4902
4904
4907
4908
4910
4914
4916
4917
4918
4921
4923
4924
4926
4931
4933
4935
4936
4938
4942
4944
4945
4946
4948
4951
4952
4953
4959
4960
4961
4962
4964
4965
4966
4967
4968
4971
4972
4973
4974
4976
4980
4981
4984
4986
4987
4988
4989
4991
4993
4996
5000
5002
5005
5008
5009
5010
5011
5012
5014
5021
5023
5025
5027
5030
5031
5033
5035
5039
5040
5041
5042
5043
5044
5045
5047
5048
5049
5050
5053
5057
5062
5063
5066
5067
5071
5072
5073
5075
5076
5078
5080
5084
5089
5091
5093
5094
5097
5099
5101
5103
5105
5107
5110
5111
5113
5114
5116
5117
5119
5120
5122
5123
5124
5129
5130
5135
5136
5138
5139
5141
5143
5145
5153
5155
5159
5160
5162
5165
5168
5172
5173
5175
5176
5177
5179
5184
5189
5191
5192
5193
5202
5203
5204
5206
5209
5211
5212
5213
5214
5215
5221
5223
5227
5233
5234
5235
5237
5241
5243
5247
5248
5249
5250
5251
5252
5253
5254
5255
5258
5259
5263
5265
5266
5267
5269
5273
5274
5275
5276
5277
5278
5281
5282
5283
5286
5287
5288
5290
5293
5294
5296
5297
5298
5299
5300
5307
5309
5313
5320
5322
5327
5329
5331
5332
5335
5337
5339
5342
5343
5351
5352
5356
5358
5362
5364
5365
5367
5370
5371
5373
5378
5379
5381
5384
5387
5389
5396
5398
5399
5400
5401
5402
5403
5404
5407
5408
5409
5412
5413
5419
5422
5423
5425
5426
5427
5429
5434
5438
5439
5440
5442
5446
5448
5450
5451
5453
5455
5456
5459
5460
5465
5466
5467
5468
5473
5474
5475
5477
5478
5479
5480
5481
5482
5484
5490
5491
5494
5496
5505
5507
5508
5509
5510
5515
5519
5523
5527
5529
5532
5533
5534
5536
5541
5544
5546
5548
5553
5556
5558
5561
5562
5563
5564
5567
5569
5577
5579
5581
5587
5588
5599
5600
5607
5608
5609
5610
5619
5620
5621
5622
5624
5626
5627
5630
5632
5636
5637
5640
5641
5642
5643
5647
5649
5651
5658
5660
5662
5666
5669
5674
5675
5676
5680
5681
5686
5687
5689
5692
5702
5705
5706
5707
5709
5711
5726
5727
5729
5730
5732
5733
5735
5737
5739
5742
5743
5748
5751
5752
5753
5759
5760
5761
5766
5769
5771
5772
5774
5776
5780
5781
5794
5799
5810
5811
5815
5816
5818
5820
5822
5826
5827
5830
5831
5834
5839
5849
5852
5853
5855
5856
5859
5860
5862
5864
5866
5871
5874
5876
5877
5879
5881
5882
5883
5885
5886
5888
5890
5892
5901
5903
5904
5915
5916
5920
5921
5924
5925
5926
5928
5937
5938
5939
5940
5942
5944
5951
5952
5953
5954
5955
5961
5963
5965
5966
5970
5972
5974
5975
5976
5978
5980
5982
5983
5991
6003
6016
6017
6020
6025
6026
6028
6029
6031
6032
6033
6034
6036
6039
6041
6043
6054
6055
6059
6060
6061
6063
6064
6065
6066
6069
6070
6071
6075
6079
6080
6084
6085
6087
6088
6089
6090
6095
6096
6097
6101
6102
6103
6105
6108
6110
6111
6115
6117
6121
6124
6129
6130
6131
6132
6134
6136
6137
6138
6139
6142
6143
6144
6145
6146
6148
6149
6150
6151
6152
6153
6156
6157
6158
6161
6162
6165
6166
6167
6168
6169
6170
6171
6173
6175
6176
6183
6195
6196
6201
6202
6203
6204
6206
6207
6208
6209
6212
6214
6215
6216
6217
6218
6219
6220
6222
6223
6224
6225
6226
6227
6228
6229
6232
6233
6234
6235
6236
6238
6239
6240
6241
6242
6243
6244
6245
6246
6247
6248
6249
6250
6251
6252
6253
6254
6256
6257
6258
6259
6260
6261
6262
6264
6265
6266
6267
6268
6269
6270
6271
6272
6273
6274
6275
6276
6277
6278
6279
6280
6282
6283
6284
6285
6287
6288
6289
6290
6291
6292
6293
6295
6296
6297
6298
6299
6300
6301
6304
6305
6306
6308
6309
6310
6311
6312
6313
6315
6316
6318
6319
6320
6321
6322
6324
6325
6326
6328
6329
6330
6331
6334
6335
6337
6338
6340
6341
6342
6343
6345
6346
6347
6349
6350
6351
6352
6353
6354
6356
6357
6358
6359
6360
6361
6362
6365
6366
6367
6368
6369
6370
6372
6373
6374
6375
6376
6377
6378
6379
6381
6382
6383
6384
6386
6388
6389
6390
6391
6392
6393
6395
6397
6398
6399
6401
6403
6404
6405
6406
6407
6410
6411
6413
6414
6415
6416
6418
6422
6423
6424
6425
6426
6429
6430
6433
6434
6435
6437
6438
6439
6442
6443
6444
6445
6449
6450
6452
6454
6455
6456
6457
6458
6461
6462
6463
6464
6465
6467
6469
6470
6473
6474
6476
6477
6478
6479
6482
6483
6484
6487
6488
6490
6493
6498
6500
6501
6502
6503
6505
6509
6512
6513
6514
6515
6516
6519
6522
6524
6526
6527
6528
6529
6530
6531
6532
6533
6536
6539
6540
6541
6542
6543
6544
6545
6546
6547
6551
6553
6555
6556
6559
6560
6564
6566
6568
6569
6573
6576
6581
6582
6584
6585
6587
6589
6590
6591
6593
6595
6596
6597
6598
6599
6600
6602
6603
6604
6605
6606
6608
6611
6612
6618
6619
6620
6621
6623
6624
6625
6627
6629
6631
6632
6633
6634
6636
6637
6638
6639
6640
6642
6644
6645
6647
6648
6649
6651
6653
6654
6656
6657
6658
6662
6663
6665
6668
6671
6673
6683
6686
6687
6688
6689
6690
6691
6694
6697
6698
6700
6701
6703
6704
6706
6707
6709
6710
6715
6716
6717
6722
6724
6725
6729
6730
6731
6732
6734
6736
6737
6739
6740
6742
6746
6747
6749
6750
6751
6752
6756
6757
6759
6760
6761
6762
6763
6764
6765
6766
6768
6769
6775
6777
6779
6790
6792
6797
6802
6805
6807
6808
6810
6813
6815
6816
6818
6822
6825
6826
6829
6834
6835
6836
6837
6841
6842
6845
6848
6851
6852
6859
6863
6864
6868
6869
6870
6872
6875
6876
6877
6879
6880
6881
6882
6885
6886
6887
6888
6893
6894
6896
6898
6899
6901
6905
6906
6909
6910
6914
6915
6916
6918
6919
6922
6924
6925
6926
6927
6933
6934
6937
6942
6948
6950
6953
6955
6957
6962
6963
6964
6966
6967
6968
6969
6970
6972
6973
6975
6978
6980
6981
6985
6987
6988
6989
6990
6991
6992
6994
6996
7000
7001
7002
7004
7005
7006
7007
7010
7013
7015
7018
7020
7021
7026
7028
7030
7031
7032
7040
7043
7046
7048
7049
7051
7053
7054
7056
7058
7059
7060
7063
7065
7067
7068
7070
7071
7073
7074
7075
7079
7080
7083
7084
7086
7087
7093
7094
7098
7099
7107
7110
7112
7117
7118
7119
7121
7126
7127
7128
7130
7133
7136
7138
7139
7140
7144
7148
7150
7151
7152
7156
7157
7160
7162
7164
7168
7169
7171
7172
7176
7177
7178
7179
7180
7181
7182
7183
7185
7186
7187
7197
7198
7199
7200
7201
7203
7204
7206
7207
7210
7211
7214
7215
7216
7217
7223
7224
7228
7229
7231
7232
7233
7234
7235
7238
7244
7245
7246
7248
7249
7250
7251
7253
7258
7259
7262
7264
7267
7268
7270
7271
7273
7274
7275
7276
7278
7279
7282
7284
7286
7288
7290
7292
7295
7296
7297
7298
7302
7303
7305
7306
7307
7309
7313
7314
7316
7317
7318
7323
7324
7326
7328
7332
7336
7337
7339
7340
7341
7342
7343
7345
7348
7351
7354
7356
7357
7358
7361
7363
7364
7366
7367
7368
7371
7372
7373
7378
7379
7380
7381
7382
7383
7385
7386
7387
7388
7389
7390
7391
7393
7396
7398
7400
7402
7403
7405
7406
7408
7410
7411
7412
7413
7415
7416
7417
7419
7421
7423
7425
7426
7427
7429
7430
7438
7444
7454
7465
7507
7510
7515
7518
7522
7541
7547
7552
7558
7559
7565
7570
7572
7573
7583
7586
7599
7611
7613
7615
7616
7617
7619
7647
7677
7682
7686
7689
7719
7737
7738
7750
7754
7755
7760
7800
7808
7820
7823
7836
7839
7843
7846
7855
7860
7862
7863
7879
7885
7892
7894
7895
7897
7908
7921
7926
7928
7936
7952
7955
7957
7963
7984
7990
8000
8022
8026
8030
8051
8061
8064
8070
8071
8072
8091
8094
8096
8102
8105
8108
8109
8111
8113
8114
8115
8116
8117
8119
8120
8121
8123
8124
8125
8126
8127
8129
8130
8131
8132
8133
8135
8137
8139
8140
8141
8142
8143
8145
8146
8148
8150
8151
8152
8153
8160
8161
8162
8164
8165
8166
8168
8169
8170
8172
8174
8175
8176
8178
8184
8185
8186
8187
8191
8192
8195
8198
8201
8202
8205
8207
8209
8210
8214
8216
8221
8227
8231
8232
8233
8234
8235
8239
8240
8242
8246
8247
8248
8252
8253
8258
8261
8262
8264
8265
8266
8269
8272
8274
8279
8284
8285
8286
8289
8290
8291
8292
8294
8295
8296
8298
8308
8309
8311
8312
8316
8318
8319
8320
8325
8326
8328
8329
8332
8333
8334
8335
8337
8339
8347
8351
8353
8354
8358
8359
8361
8362
8364
8366
8367
8368
8369
8372
8373
8374
8375
8377
8380
8384
8385
8386
8390
8393
8394
8399
8402
8405
8407
8410
8413
8415
8417
8418
8422
8424
8428
8430
8432
8435
8437
8444
8445
8446
8450
8453
8455
8460
8463
8471
8472
8473
8474
8476
8479
8483
8487
8488
8490
8491
8492
8502
8505
8506
8507
8508
8511
8512
8514
8515
8516
8519
8521
8522
8526
8530
8536
8537
8539
8541
8550
8551
8553
8561
8562
8564
8567
8573
8575
8576
8579
8580
8590
8592
8599
8602
8604
8606
8611
8613
8618
8622
8629
8633
8635
8637
8639
8644
8645
8649
8653
8658
8659
8664
8667
8668
8682
8683
8684
8685
8687
8689
8691
8693
8694
8695
8699
8700
8701
8702
8706
8719
8723
8724
8728
8739
8741
8746
8747
8755
8758
8759
8760
8761
8762
8764
8766
8776
8777
8778
8781
8784
8792
8794
8796
8803
8809
8811
8813
8814
8817
8820
8826
8831
8838
8844
8845
8852
8854
8856
8864
8865
8867
8869
8872
8877
8878
8884
8886
8887
8891
8892
8898
8900
8906
8908
8916
8917
8919
8922
8923
8925
8929
8930
8938
8940
8941
8944
8948
8951
8952
8955
8957
8958
8959
8960
8961
8963
8964
8965
8966
8968
8977
8978
8979
8982
8983
8984
8987
8990
8991
8995
9002
9005
9007
9011
9013
9018
9021
9027
9032
9036
9044
9046
9047
9054
9057
9059
9066
9069
9070
9072
9087
9090
9091
9093
9094
9101
9102
9103
9106
9110
9114
9118
9119
9121
9122
9127
9128
9130
9132
9133
9134
9137
9139
9143
9151
9154
9157
9182
9186
9187
9189
9192
9193
9194
9195
9206
9208
9216
9219
9224
9225
9226
9231
9234
9235
9237
9239
9249
9256
9259
9274
9279
9283
9286
9292
9293
9297
9320
9325
9326
9328
9338
9346
9347
9348
9352
9359
9371
9372
9374
9376
9378
9379
9380
9383
9389
9394
9395
9399
9401
9403
9405
9406
9407
9409
9412
9413
9415
9425
9426
9440
9444
9449
9450
9453
9461
9465
9468
9469
9471
9473
9474
9478
9483
9501
9502
9507
9509
9521
9525
9526
9535
9536
9540
9541
9544
9545
9548
9551
9565
9566
9567
9571
9574
9575
9584
9594
9596
9599
9600
9602
9606
9609
9613
9614
9639
9640
9643
9648
9654
9655
9674
9686
9689
9692
9697
9699
9710
9714
9727
9730
9735
9753
9757
9761
9769
9770
9773
9774
9775
9785
9786
9789
9794
9796
9800
9803
9809
9810
9815
9816
9818
9819
9822
9825
9828
9829
9830
9832
9834
9835
9838
9839
9843
9846
9848
9850
9857
9860
9864
9865
9866
9867
9868
9871
9872
9873
9875
9877
9878
9880
9881
9883
9885
9889
9890
9892
9902
9906
9907
9910
9913
9914
9915
9916
9917
9918
9919
9920
9921
9922
9923
9924
9927
9929
9930
9932
9933
9934
9938
9940
9941
9942
9943
9946
9948
9950
9952
9953
9954
9956
9958
9959
9960
9961
9964
9965
9966
9968
9969
9970
9971
9974
9975
9977
9978
9979
9980
9981
9982
9983
9985
9986
9987
9988
9989
9990
9992
9993
9996
9997
9998
9999
10001
10002
10003
10005
10007
10008
10009
10010
10012
10017
10020
10023
10024
10025
10026
10027
10028
10029
10030
10032
10033
10035
10036
10038
10039
10040
10041
10042
10043
10044
10045
10046
10047
10048
10049
10050
10051
10052
10054
10055
10056
10057
10058
10059
10060
10061
10062
10065
10066
10067
10069
10070
10071
10072
10073
10074
10076
10078
10079
10080
10081
10082
10083
10084
10086
10091
10092
10094
10096
10097
10099
10100
10101
10102
10104
10105
10106
10107
10111
10114
10115
10117
10122
10124
10125
10126
10128
10129
10132
10138
10139
10140
10141
10142
10144
10145
10147
10148
10149
10152
10154
10155
10157
10158
10159
10161
10164
10165
10166
10168
10169
10172
10175
10177
10183
10186
10187
10193
10197
10201
10202
10203
10204
10207
10210
10213
10217
10223
10227
10228
10231
10234
10235
10240
10241
10245
10246
10249
10250
10253
10254
10257
10258
10259
10261
10265
10266
10270
10273
10276
10277
10278
10280
10282
10283
10287
10293
10294
10295
10296
10298
10302
10307
10311
10312
10316
10318
10321
10325
10326
10327
10328
10332
10335
10338
10339
10341
10342
10343
10344
10345
10346
10347
10348
10350
10351
10353
10356
10358
10361
10365
10366
10367
10369
10370
10372
10373
10376
10377
10385
10387
10390
10396
10397
10401
10402
10403
10404
10408
10409
10412
10414
10416
10417
10418
10420
10421
10422
10426
10429
10431
10434
10436
10438
10439
10440
10444
10447
10450
10457
10461
10465
10466
10468
10470
10473
10474
10476
10489
10491
10492
10495
10496
10497
10502
10506
10511
10516
10517
10522
10527
10529
10530
10535
10538
10539
10543
10547
10548
10549
10550
10551
10553
10554
10555
10559
10560
10562
10565
10566
10567
10576
10578
10579
10581
10582
10583
10585
10586
10590
10593
10596
10598
10599
10601
10605
10606
10607
10610
10618
10619
10620
10623
10628
10632
10634
10639
10641
10647
10655
10657
10660
10665
10667
10673
10677
10679
10680
10682
10684
10685
10686
10689
10690
10692
10694
10698
10699
10701
10704
10705
10706
10707
10714
10715
10716
10717
10719
10725
10726
10727
10729
10731
10734
10735
10740
10743
10744
10745
10746
10747
10750
10752
10753
10754
10756
10757
10759
10760
10761
10765
10766
10771
10772
10773
10777
10779
10784
10788
10790
10795
10797
10804
10806
10807
10808
10809
10812
10813
10814
10815
10816
10817
10821
10824
10826
10827
10829
10831
10839
10841
10842
10844
10846
10847
10849
10850
10852
10853
10854
10855
10856
10858
10863
10864
10865
10866
10867
10871
10873
10874
10878
10881
10882
10884
10885
10888
10889
10891
10893
10894
10895
10896
10901
10902
10905
10908
10909
10911
10912
10913
10914
10918
10920
10922
10928
10929
10931
10934
10941
10943
10945
10947
10948
10949
10959
10960
10962
10963
10965
10967
10972
10976
10983
10984
10985
10987
10990
10993
10998
10999
11000
11003
11005
11006
11009
11020
11021
11023
11032
11038
11042
11046
11050
11051
11052
11053
11054
11057
11059
11062
11063
11065
11068
11069
11070
11071
11072
11075
11078
11080
11081
11083
11084
11085
11086
11088
11089
11090
11091
11093
11095
11097
11101
11102
11103
11104
11106
11107
11108
11109
11110
11116
11117
11118
11119
11120
11122
11126
11127
11131
11133
11134
11135
11136
11139
11140
11141
11143
11149
11151
11159
11168
11171
11186
11193
11195
11200
11209
11212
11217
11218
11221
11238
11250
11253
11254
11258
11261
11265
11266
11267
11268
11277
11285
11287
11293
11294
11301
11305
11310
11311
11312
11320
11327
11332
11336
11358
11364
11365
11380
11382
11384
11388
11418
11425
11435
11439
11446
11482
11484
11488
11501
11503
11511
11522
11534
11540
11545
11554
11567
11576
11592
11596
11608
11610
11612
11624
11626
11630
11637
11641
11646
11650
11663
11665
11699
11717
11728
11733
11734
11740
11753
11761
11771
11774
11785
11790
11816
11819
11820
11823
11824
11826
11827
11829
11830
11832
11833
11834
11835
11836
11837
11838
11839
11840
11841
11842
11844
11845
11846
11847
11848
11849
11850
11851
11852
11853
11854
11855
11856
11857
11860
11861
11862
11864
11866
11867
11868
11869
11870
11871
11873
11875
11876
11877
11878
11879
11880
11882
11883
11884
11885
11886
11887
11888
11889
11891
11896
11899
11900
11901
11902
11906
11907
11908
11909
11910
11912
11915
11917
11919
11921
11923
11924
11926
11929
11930
11933
11934
11937
11938
11939
11940
11941
11944
11945
11946
11947
11948
11950
11951
11952
11954
11956
11958
11960
11961
11963
11964
11965
11966
11968
11970
11971
11972
11973
11975
11978
11979
11981
11984
11987
11988
11992
11998
12000
12003
12004
12005
12009
12015
12016
12018
12022
12023
12025
12026
12030
12031
12033
12034
12035
12036
12037
12038
12039
12040
12041
12043
12044
12046
12048
12050
12051
12053
12061
12062
12065
12066
12067
12069
12073
12080
12081
12082
12084
12086
12089
12092
12094
12096
12098
12099
12100
12104
12106
12108
12111
12116
12117
12120
12127
12129
12131
12132
12136
12137
12138
12143
12144
12146
12147
12149
12152
12153
12155
12158
12159
12160
12161
12168
12169
12174
12184
12186
12187
12188
12192
12195
12197
12198
12201
12202
12204
12206
12207
12209
12213
12215
12216
12220
12221
12224
12225
12226
12229
12235
12237
12239
12240
12242
12244
12247
12249
12250
12253
12255
12258
12259
12261
12265
12267
12271
12272
12273
12274
12275
12277
12281
12284
12287
12288
12290
12291
12293
12294
12298
12299
12304
12306
12316
12317
12320
12323
12325
12328
12330
12333
12338
12341
12346
12348
12352
12359
12360
12363
12365
12370
12372
12376
12377
12379
12381
12385
12394
12395
12403
12404
12405
12407
12414
12415
12416
12417
12419
12421
12422
12423
12429
12437
12438
12442
12452
12453
12454
12455
12458
12461
12463
12465
12466
12467
12468
12469
12472
12476
12477
12478
12479
12481
12485
12487
12491
12496
12497
12500
12506
12510
12511
12512
12516
12517
12521
12528
12539
12540
12545
12547
12550
12552
12553
12558
12561
12564
12565
12569
12571
12575
12579
12581
12590
12594
12599
12600
12601
12603
12605
12606
12608
12609
12617
12619
12620
12622
12629
12630
12631
12636
12637
12641
12642
12647
12648
12649
12655
12658
12661
12664
12665
12666
12669
12673
12674
12675
12678
12679
12680
12683
12689
12692
12695
12697
12698
12701
12704
12705
12706
12709
12711
12712
12717
12719
12721
12727
12729
12732
12735
12737
12741
12748
12749
12755
12757
12758
12760
12761
12762
12763
12765
12768
12771
12778
12783
12784
12786
12790
12791
12793
12801
12806
12807
12809
12812
12818
12820
12824
12825
12826
12827
12828
12832
12833
12836
12841
12843
12844
12852
12853
12858
12862
12864
12865
12868
12869
12870
12871
12874
12881
12887
12888
12890
12895
12900
12901
12902
12904
12905
12907
12908
12909
12910
12911
12912
12913
12914
12925
12926
12931
12937
12940
12946
12949
12951
12954
12955
12961
12963
12964
12966
12972
12973
12976
12977
12981
12987
12988
12989
12993
12995
12997
13004
13017
13018
13021
13042
13050
13052
13053
13054
13058
13062
13066
13068
13074
13079
13086
13089
13092
13096
13097
13098
13104
13105
13107
13108
13109
13110
13120
13122
13137
13138
13139
13146
13149
13152
13154
13158
13161
13163
13165
13167
13171
13173
13174
13175
13177
13179
13180
13181
13182
13186
13188
13189
13197
13200
13205
13206
13215
13221
13223
13224
13226
13227
13231
13244
13249
13250
13252
13254
13255
13256
13258
13262
13265
13269
13271
13272
13279
13283
13286
13294
13299
13300
13303
13305
13310
13311
13313
13315
13317
13323
13330
13334
13350
13353
13354
13360
13362
13369
13370
13371
13381
13390
13393
13397
13400
13402
13403
13405
13406
13409
13410
13421
13431
13437
13440
13444
13449
13453
13461
13462
13467
13469
13481
13482
13483
13484
13488
13493
13497
13498
13499
13501
13502
13503
13504
13512
13516
13517
13518
13523
13524
13525
13529
13530
13531
13535
13536
13539
13543
13545
13548
13552
13554
13555
13557
13563
13564
13565
13567
13573
13577
13580
13584
13585
13586
13589
13590
13591
13593
13598
13599
13603
13604
13605
13609
13610
13613
13619
13622
13627
13628
13629
13630
13631
13632
13633
13634
13636
13637
13640
13643
13645
13646
13647
13648
13651
13652
13655
13656
13657
13660
13661
13662
13664
13665
13666
13667
13668
13669
13670
13671
13672
13673
13674
13675
13676
13677
13678
13680
13682
13683
13684
13687
13688
13689
13691
13692
13693
13694
13695
13696
13697
13698
13701
13703
13704
13705
13706
13707
13708
13709
13710
13711
13712
13713
13715
13716
13717
13718
13719
13720
13721
13722
13723
13724
13725
13726
13727
13728
13729
13730
13731
13733
13734
13737
13738
13739
13740
13741
13742
13743
13744
13745
13746
13747
13748
13749
13750
13752
13753
13754
13755
13756
13757
13758
13759
13760
13762
13763
13765
13766
13768
13769
13770
13771
13772
13773
13775
13776
13777
13778
13779
13782
13783
13786
13787
13789
13790
13792
13793
13794
13795
13796
13797
13798
13800
13802
13803
13805
13807
13808
13809
13810
13811
13812
13814
13816
13817
13818
13819
13820
13821
13824
13825
13826
13827
13831
13834
13835
13839
13840
13841
13842
13843
13845
13846
13848
13852
13853
13854
13858
13859
13862
13863
13865
13866
13868
13869
13870
13871
13872
13875
13877
13878
13880
13881
13882
13884
13885
13886
13889
13891
13892
13893
13895
13897
13900
13901
13902
13903
13904
13906
13907
13910
13911
13915
13916
13917
13918
13919
13921
13924
13926
13930
13931
13933
13937
13938
13940
13942
13944
13945
13951
13954
13955
13958
13959
13960
13961
13962
13963
13964
13967
13968
13971
13972
13974
13975
13978
13983
13984
13986
13987
13988
13990
13991
13992
13994
13996
13997
14000
14004
14005
14008
14009
14012
14013
14015
14016
14022
14024
14025
14028
14030
14032
14033
14035
14037
14038
14040
14046
14049
14051
14053
14055
14056
14057
14059
14060
14061
14062
14065
14066
14067
14068
14069
14070
14072
14073
14077
14079
14081
14083
14084
14086
14087
14088
14089
14091
14093
14094
14095
14096
14101
14103
14105
14106
14107
14111
14112
14115
14116
14117
14119
14121
14122
14125
14126
14128
14131
14134
14135
14138
14140
14141
14143
14145
14149
14156
14158
14159
14164
14165
14167
14171
14172
14173
14175
14177
14178
14180
14182
14185
14187
14188
14189
14190
14191
14192
14193
14194
14197
14198
14200
14203
14205
14210
14212
14213
14215
14217
14218
14226
14228
14229
14230
14234
14236
14240
14241
14243
14244
14246
14250
14252
14253
14255
14261
14262
14263
14264
14265
14268
14269
14270
14273
14274
14276
14280
14291
14292
14295
14296
14297
14298
14300
14304
14305
14306
14307
14309
14310
14312
14313
14316
14319
14321
14322
14324
14326
14327
14332
14333
14334
14337
14338
14339
14342
14346
14350
14352
14354
14355
14357
14359
14361
14367
14371
14372
14374
14378
14381
14383
14384
14387
14388
14389
14390
14394
14396
14398
14399
14400
14403
14406
14409
14411
14415
14418
14419
14420
14422
14424
14426
14427
14430
14433
14435
14441
14443
14449
14451
14453
14454
14457
14459
14460
14466
14467
14470
14471
14474
14476
14480
14481
14482
14483
14491
14493
14495
14499
14504
14506
14507
14508
14511
14512
14515
14518
14520
14521
14522
14524
14526
14527
14528
14530
14531
14535
14537
14538
14539
14540
14541
14542
14543
14547
14548
14550
14551
14555
14556
14558
14560
14562
14566
14567
14568
14569
14575
14577
14580
14581
14582
14584
14587
14588
14589
14590
14592
14593
14599
14600
14601
14603
14605
14608
14609
14610
14613
14614
14615
14619
14623
14625
14626
14627
14628
14631
14632
14634
14638
14643
14644
14645
14648
14650
14654
14655
14656
14659
14660
14661
14663
14666
14668
14672
14673
14674
14678
14680
14681
14682
14686
14687
14690
14692
14695
14696
14697
14698
14699
14701
14702
14703
14704
14705
14707
14708
14712
14713
14714
14716
14718
14719
14726
14730
14731
14732
14737
14741
14744
14745
14751
14752
14755
14759
14760
14761
14763
14766
14768
14771
14773
14774
14776
14779
14782
14784
14785
14789
14797
14800
14802
14803
14804
14807
14810
14811
14812
14814
14815
14816
14817
14818
14820
14821
14824
14826
14829
14830
14832
14833
14834
14836
14837
14838
14839
14840
14841
14845
14846
14847
14848
14849
14850
14851
14854
14855
14861
14866
14906
14909
14919
14946
14960
14968
14969
14970
14971
14972
14974
14980
14982
14983
14986
14987
14997
15003
15007
15011
15014
15025
15041
15062
15072
15077
15101
15111
15117
15123
15147
15157
15160
15187
15192
15198
15205
15219
15220
15230
15243
15248
15283
15291
15298
15313
15320
15322
15336
15344
15351
15353
15364
15375
15377
15386
15391
15398
15420
15490
15492
15534
15535
15537
15539
15540
15542
15543
15544
15545
15547
15549
15550
15551
15555
15556
15557
15558
15559
15560
15561
15562
15564
15566
15567
15568
15569
15570
15571
15572
15573
15574
15575
15577
15580
15581
15582
15584
15586
15588
15589
15591
15593
15594
15595
15596
15597
15599
15602
15606
15608
15609
15614
15615
15616
15617
15621
15622
15623
15624
15626
15628
15629
15632
15634
15635
15637
15638
15644
15645
15646
15647
15648
15654
15656
15659
15660
15661
15662
15663
15665
15667
15668
15670
15672
15673
15674
15675
15676
15677
15680
15687
15688
15693
15695
15698
15700
15701
15702
15704
15705
15706
15711
15712
15713
15714
15715
15717
15719
15720
15722
15723
15732
15734
15736
15738
15739
15740
15743
15744
15747
15748
15752
15753
15754
15756
15757
15760
15761
15762
15765
15767
15771
15775
15776
15778
15779
15780
15783
15784
15786
15787
15789
15791
15795
15800
15801
15804
15806
15813
15814
15816
15818
15819
15822
15826
15830
15831
15838
15839
15841
15843
15844
15845
15846
15847
15850
15851
15852
15855
15857
15858
15862
15865
15867
15870
15875
15879
15884
15894
15897
15900
15902
15907
15909
15911
15917
15921
15924
15927
15929
15931
15935
15938
15940
15942
15944
15946
15948
15949
15953
15954
15957
15958
15965
15967
15968
15969
15970
15972
15973
15976
15982
15986
15988
15989
15990
15991
15994
15995
16000
16009
16010
16012
16013
16017
16018
16020
16027
16030
16031
16033
16034
16038
16039
16041
16042
16049
16055
16061
16063
16064
16068
16072
16073
16075
16077
16079
16086
16088
16090
16093
16096
16105
16106
16109
16116
16118
16121
16122
16129
16132
16135
16137
16143
16145
16147
16149
16150
16151
16152
16153
16163
16166
16167
16169
16170
16177
16180
16182
16183
16188
16192
16194
16197
16204
16205
16210
16213
16214
16219
16222
16224
16228
16230
16231
16232
16237
16238
16239
16242
16245
16248
16256
16259
16264
16265
16266
16267
16271
16272
16273
16280
16284
16290
16292
16295
16301
16304
16305
16311
16312
16314
16317
16325
16329
16333
16334
16335
16338
16343
16344
16345
16349
16350
16351
16357
16360
16361
16366
16367
16368
16369
16375
16376
16380
16387
16389
16391
16395
16403
16408
16412
16417
16418
16419
16430
16433
16434
16435
16436
16441
16446
16449
16450
16452
16454
16455
16462
16463
16464
16479
16481
16486
16488
16493
16494
16498
16500
16503
16504
16512
16516
16518
16521
16526
16530
16531
16538
16539
16541
16542
16547
16548
16549
16554
16558
16565
16567
16571
16579
16583
16603
16605
16609
16615
16619
16623
16624
16626
16631
16632
16633
16635
16638
16641
16645
16647
16648
16654
16665
16666
16669
16673
16677
16699
16708
16710
16721
16734
16736
16745
16755
16756
16758
16760
16761
16766
16767
16768
16772
16787
16789
16790
16795
16800
16804
16811
16817
16823
16834
16837
16840
16844
16853
16863
16868
16871
16872
16877
16881
16882
16885
16894
16896
16901
16902
16903
16909
16911
16912
16929
16935
16943
16944
16953
16954
16958
16962
16969
16972
16979
16981
16985
16986
16991
16995
17002
17020
17022
17024
17025
17027
17030
17034
17038
17039
17053
17054
17058
17061
17069
17079
17080
17081
17082
17091
17095
17100
17103
17104
17109
17114
17139
17147
17148
17150
17153
17155
17167
17173
17179
17182
17183
17185
17186
17189
17191
17197
17200
17202
17207
17211
17213
17215
17217
17220
17221
17224
17229
17230
17233
17237
17238
17239
17243
17249
17250
17251
17254
17255
17257
17259
17262
17264
17266
17271
17274
17276
17284
17285
17288
17291
17294
17295
17299
17314
17318
17328
17330
17331
17336
17338
17339
17341
17342
17343
17344
17345
17346
17347
17348
17349
17351
17354
17356
17357
17358
17359
17361
17362
17365
17366
17367
17368
17369
17371
17372
17374
17375
17376
17379
17380
17381
17382
17384
17385
17386
17387
17390
17392
17393
17394
17396
17397
17399
17400
17402
17406
17407
17408
17409
17410
17411
17412
17414
17415
17416
17418
17419
17420
17421
17423
17425
17426
17427
17429
17430
17431
17433
17434
17436
17437
17440
17441
17442
17444
17446
17447
17450
17451
17452
17453
17454
17455
17456
17457
17458
17460
17461
17462
17464
17465
17466
17468
17470
17471
17473
17475
17476
17479
17480
17482
17483
17484
17485
17487
17488
17489
17490
17491
17492
17493
17495
17497
17498
17499
17500
17501
17504
17508
17509
17510
17511
17512
17516
17521
17524
17525
17526
17528
17530
17531
17532
17533
17534
17535
17536
17537
17541
17542
17545
17547
17548
17550
17551
17552
17553
17556
17557
17558
17560
17562
17566
17567
17568
17572
17573
17574
17576
17577
17578
17579
17582
17584
17585
17587
17589
17590
17592
17593
17594
17595
17598
17599
17600
17603
17604
17611
17613
17614
17615
17616
17621
17622
17629
17632
17637
17640
17645
17647
17651
17656
17658
17661
17662
17666
17668
17669
17678
17680
17681
17682
17685
17686
17687
17692
17693
17694
17700
17701
17704
17705
17708
17710
17711
17715
17716
17717
17718
17724
17727
17729
17730
17731
17738
17739
17742
17744
17746
17748
17749
17751
17753
17754
17755
17757
17759
17760
17762
17764
17765
17767
17769
17770
17771
17773
17774
17775
17776
17777
17779
17783
17784
17787
17789
17793
17796
17797
17798
17799
17800
17805
17806
17807
17808
17812
17813
17815
17818
17826
17827
17829
17830
17831
17837
17839
17842
17843
17845
17846
17848
17849
17850
17854
17855
17857
17858
17859
17860
17862
17872
17874
17876
17879
17881
17888
17889
17891
17892
17893
17894
17896
17898
17901
17903
17905
17906
17908
17909
17910
17911
17914
17917
17918
17919
17921
17923
17928
17929
17941
17946
17948
17950
17954
17955
17957
17958
17962
17964
17966
17976
17978
17979
17981
17982
17983
17984
17987
17988
17994
18000
18007
18010
18011
18015
18018
18021
18023
18027
18029
18030
18034
18036
18043
18047
18048
18059
18064
18066
18069
18070
18075
18078
18081
18088
18090
18095
18097
18098
18101
18104
18107
18110
18111
18112
18113
18114
18118
18120
18121
18122
18123
18127
18131
18132
18134
18136
18137
18138
18144
18147
18148
18153
18155
18157
18158
18161
18162
18163
18164
18167
18168
18173
18174
18175
18180
18181
18185
18188
18193
18196
18197
18199
18205
18207
18209
18210
18213
18214
18215
18217
18221
18226
18232
18235
18236
18238
18240
18241
18244
18245
18249
18251
18253
18254
18255
18257
18262
18267
18269
18270
18272
18278
18280
18281
18285
18292
18293
18295
18298
18302
18304
18306
18310
18313
18315
18317
18319
18320
18322
18323
18324
18328
18329
18333
18339
18343
18344
18348
18349
18350
18352
18353
18356
18362
18364
18366
18370
18371
18373
18375
18377
18380
18386
18387
18388
18390
18391
18392
18393
18395
18399
18400
18404
18405
18409
18411
18412
18415
18416
18417
18418
18420
18421
18425
18429
18430
18432
18434
18438
18440
18445
18448
18451
18455
18458
18462
18463
18465
18466
18468
18470
18474
18475
18477
18478
18480
18482
18485
18487
18490
18493
18496
18498
18499
18500
18503
18506
18507
18508
18511
18512
18513
18514
18516
18524
18525
18527
18528
18529
18530
18531
18532
18533
18534
18535
18536
18538
18543
18544
18546
18547
18549
18550
18554
18555
18556
18560
18561
18562
18563
18564
18565
18567
18568
18572
18574
18588
18589
18590
18596
18600
18611
18612
18613
18615
18622
18623
18624
18632
18636
18648
18654
18660
18666
18681
18684
18686
18687
18688
18691
18694
18698
18702
18711
18713
18715
18716
18717
18735
18738
18745
18755
18760
18763
18789
18800
18808
18822
18825
18828
18833
18849
18860
18868
18872
18875
18888
18891
18894
18897
18912
18919
18931
18949
18956
18957
18962
18965
18973
18976
18980
18991
19004
19013
19024
19025
19033
19036
19037
19042
19049
19076
19078
19089
19097
19109
19122
19132
19135
19143
19168
19172
19175
19194
19203
19207
19240
19243
19245
19246
19247
19251
19253
19254
19255
19256
19257
19258
19260
19261
19262
19263
19264
19265
19266
19267
19269
19270
19272
19274
19275
19277
19278
19280
19281
19282
19283
19284
19286
19288
19289
19290
19292
19294
19295
19296
19297
19298
19299
19300
19301
19302
19303
19304
19307
19308
19309
19311
19312
19315
19316
19317
19319
19322
19323
19324
19326
19327
19328
19329
19330
19332
19334
19335
19336
19338
19339
19343
19347
19349
19350
19351
19352
19354
19355
19357
19358
19359
19361
19363
19365
19367
19368
19369
19371
19372
19373
19375
19376
19377
19379
19381
19382
19383
19384
19385
19386
19387
19388
19389
19390
19392
19393
19394
19398
19400
19401
19402
19403
19405
19406
19409
19413
19414
19416
19422
19423
19428
19431
19432
19433
19438
19447
19448
19450
19453
19456
19460
19462
19464
19465
19467
19468
19469
19470
19471
19472
19474
19476
19477
19478
19481
19486
19488
19489
19492
19493
19494
19495
19496
19501
19504
19508
19509
19510
19511
19517
19518
19520
19521
19522
19524
19525
19526
19528
19529
19534
19535
19536
19537
19539
19541
19544
19546
19547
19549
19551
19552
19554
19555
19557
19558
19559
19563
19564
19565
19569
19571
19572
19577
19578
19579
19581
19583
19585
19586
19587
19588
19597
19598
19599
19602
19606
19607
19611
19612
19614
19617
19618
19620
19626
19630
19631
19633
19634
19636
19638
19639
19640
19643
19644
19647
19648
19649
19653
19656
19657
19658
19659
19662
19663
19664
19665
19667
19668
19669
19670
19671
19672
19675
19678
19679
19681
19682
19683
19686
19687
19689
19690
19691
19693
19700
19701
19702
19705
19707
19708
19709
19710
19712
19715
19716
19718
19727
19729
19730
19731
19732
19734
19739
19741
19742
19743
19744
19745
19746
19747
19748
19750
19751
19752
19756
19761
19762
19765
19772
19774
19777
19779
19781
19784
19785
19786
19788
19790
19791
19793
19794
19797
19798
19799
19800
19802
19804
19807
19809
19812
19816
19821
19823
19829
19831
19832
19833
19834
19835
19836
19838
19842
19847
19850
19852
19853
19857
19859
19862
19863
19864
19865
19867
19869
19870
19875
19877
19882
19883
19885
19889
19891
19894
19895
19896
19897
19899
19900
19901
19902
19905
19907
19909
19914
19919
19921
19922
19923
19925
19928
19929
19932
19934
19936
19938
19939
19944
19945
19946
19948
19951
19953
19955
19956
19957
19958
19959
19960
19961
19964
19968
19969
19973
19975
19976
19978
19981
19986
19995
19999
20003
20004
20006
20010
20011
20013
20016
20018
20019
20021
20025
20026
20027
20031
20032
20033
20038
20042
20045
20046
20048
20049
20057
20058
20065
20066
20067
20069
20074
20076
20082
20084
20089
20094
20097
20105
20106
20109
20110
20112
20113
20117
20118
20119
20120
20121
20123
20127
20129
20132
20133
20134
20137
20138
20139
20140
20144
20146
20147
20148
20149
20153
20155
20156
20165
20166
20173
20180
20186
20190
20191
20193
20196
20197
20199
20203
20204
20208
20210
20211
20212
20214
20216
20217
20221
20222
20229
20232
20233
20235
20244
20246
20251
20252
20257
20264
20266
20268
20271
20273
20275
20276
20277
20279
20281
20283
20285
20286
20287
20290
20292
20293
20295
20296
20299
20301
20302
20306
20312
20313
20314
20319
20323
20329
20331
20335
20337
20338
20343
20346
20352
20357
20358
20360
20365
20366
20367
20376
20377
20379
20381
20382
20383
20389
20390
20391
20394
20402
20409
20418
20424
20427
20431
20436
20437
20438
20448
20452
20455
20457
20459
20460
20461
20462
20470
20475
20482
20487
20488
20503
20507
20509
20514
20518
20522
20525
20526
20531
20532
20537
20541
20544
20551
20553
20554
20556
20557
20562
20565
20567
20574
20577
20582
20583
20586
20591
20592
20593
20596
20598
20599
20601
20603
20609
20610
20616
20617
20620
20627
20637
20638
20643
20649
20651
20655
20658
20659
20665
20666
20668
20672
20678
20682
20683
20685
20693
20695
20697
20709
20716
20723
20726
20732
20736
20738
20742
20743
20745
20751
20756
20765
20768
20773
20776
20777
20778
20779
20781
20782
20784
20788
20795
20797
20806
20807
20811
20814
20817
20821
20822
20825
20828
20830
20835
20849
20852
20853
20855
20856
20857
20858
20859
20870
20872
20881
20887
20889
20890
20895
20897
20900
20911
20920
20921
20922
20925
20926
20927
20928
20929
20930
20932
20938
20940
20942
20944
20947
20952
20957
20958
20961
20963
20964
20965
20967
20971
20973
20976
20977
20980
20981
20988
20992
20993
20997
20998
21008
21012
21013
21014
21018
21019
21021
21025
21027
21029
21031
21032
21034
21038
21050
21052
21056
21057
21059
21060
21061
21062
21063
21064
21068
21069
21071
21073
21074
21075
21076
21079
21080
21082
21083
21084
21085
21087
21088
21090
21092
21093
21095
21096
21097
21098
21099
21100
21101
21102
21103
21106
21107
21108
21110
21111
21112
21113
21114
21116
21117
21118
21120
21121
21122
21123
21124
21125
21126
21128
21131
21132
21134
21135
21136
21137
21138
21139
21141
21142
21143
21144
21145
21146
21147
21149
21150
21152
21153
21154
21155
21156
21157
21160
21162
21165
21166
21167
21169
21170
21171
21172
21174
21175
21177
21178
21180
21181
21182
21183
21184
21185
21187
21188
21189
21190
21191
21193
21194
21195
21196
21197
21198
21199
21200
21201
21202
21203
21204
21205
21206
21207
21209
21210
21211
21212
21213
21214
21215
21218
21221
21222
21223
21224
21225
21226
21228
21229
21230
21231
21233
21234
21236
21237
21238
21239
21242
21243
21244
21245
21246
21248
21249
21250
21251
21252
21253
21255
21256
21259
21260
21261
21262
21263
21267
21268
21270
21271
21273
21277
21278
21280
21281
21282
21286
21287
21290
21291
21292
21296
21298
21299
21300
21301
21305
21306
21307
21308
21309
21310
21312
21314
21316
21317
21318
21319
21321
21322
21323
21326
21329
21332
21335
21336
21337
21339
21343
21344
21346
21350
21351
21352
21353
21354
21358
21360
21365
21367
21369
21370
21371
21372
21373
21375
21383
21385
21387
21388
21389
21391
21392
21395
21396
21397
21399
21400
21403
21405
21407
21408
21411
21412
21413
21415
21418
21419
21422
21423
21425
21428
21429
21432
21435
21437
21438
21439
21440
21441
21444
21448
21453
21454
21456
21457
21459
21460
21461
21462
21467
21468
21469
21470
21471
21472
21474
21477
21479
21480
21481
21483
21484
21485
21486
21487
21488
21489
21490
21493
21494
21495
21498
21500
21505
21506
21507
21508
21511
21513
21515
21519
21521
21522
21529
21531
21532
21534
21535
21536
21539
21544
21545
21547
21550
21553
21554
21556
21558
21559
21560
21562
21563
21564
21565
21568
21571
21573
21575
21578
21579
21580
21581
21585
21586
21588
21589
21591
21592
21600
21603
21606
21607
21608
21610
21612
21615
21616
21617
21618
21619
21620
21623
21624
21625
21631
21633
21635
21636
21637
21638
21639
21643
21645
21652
21657
21659
21660
21661
21662
21664
21668
21669
21671
21674
21676
21678
21680
21690
21691
21694
21695
21696
21697
21701
21704
21708
21714
21718
21719
21720
21721
21724
21725
21726
21727
21731
21732
21737
21739
21742
21743
21746
21749
21750
21751
21755
21757
21761
21762
21764
21765
21769
21770
21771
21777
21781
21782
21783
21789
21790
21798
21799
21801
21808
21813
21816
21817
21823
21826
21827
21831
21832
21836
21837
21839
21841
21846
21847
21848
21852
21857
21858
21859
21860
21862
21864
21867
21869
21874
21876
21877
21882
21886
21887
21888
21891
21893
21898
21899
21902
21904
21905
21907
21910
21911
21917
21920
21921
21923
21928
21930
21931
21933
21934
21935
21940
21941
21942
21945
21946
21950
21951
21952
21954
21955
21958
21959
21960
21962
21966
21968
21969
21971
21973
21976
21977
21983
21984
21986
21988
21991
21992
21996
21999
22000
22001
22003
22004
22005
22006
22009
22010
22012
22014
22015
22016
22018
22019
22020
22022
22027
22028
22029
22032
22034
22035
22036
22037
22042
22043
22044
22047
22048
22051
22053
22054
22056
22057
22058
22059
22060
22062
22066
22069
22070
22071
22072
22073
22076
22077
22079
22080
22081
22082
22087
22088
22089
22090
22091
22093
22094
22098
22099
22101
22105
22106
22107
22109
22112
22113
22114
22118
22120
22122
22125
22127
22128
22129
22130
22131
22135
22136
22138
22139
22141
22142
22144
22147
22148
22150
22151
22154
22158
22159
22162
22166
22167
22170
22172
22176
22179
22180
22186
22187
22188
22191
22192
22193
22198
22199
22201
22202
22204
22205
22207
22210
22212
22213
22214
22217
22218
22219
22221
22223
22224
22225
22227
22228
22230
22231
22232
22235
22237
22238
22239
22241
22242
22243
22244
22245
22246
22247
22248
22249
22251
22252
22254
22257
22261
22262
22264
22267
22268
22269
22270
22272
22273
22275
22277
22278
22281
22282
22283
22310
22319
22322
22340
22341
22345
22346
22347
22398
22400
22404
22408
22413
22414
22426
22427
22428
22429
22435
22442
22456
22491
22500
22517
22522
22523
22524
22525
22547
22550
22560
22602
22614
22617
22624
22676
22705
22718
22726
22727
22744
22747
22749
22760
22772
22781
22786
22792
22793
22795
22812
22819
22825
22836
22840
22867
22872
22876
22883
22889
22893
22913
22917
22930
22958
22961
22963
22965
22967
22968
22969
22970
22972
22975
22976
22977
22978
22979
22980
22983
22984
22985
22986
22987
22988
22989
22990
22991
22994
22995
22997
22999
23000
23003
23004
23005
23006
23007
23008
23009
23010
23011
23013
23015
23016
23017
23018
23022
23024
23025
23026
23028
23030
23036
23037
23038
23040
23042
23043
23044
23045
23046
23049
23051
23053
23057
23060
23061
23062
23066
23067
23068
23072
23073
23074
23076
23077
23080
23082
23083
23086
23087
23089
23093
23095
23096
23097
23100
23102
23103
23104
23107
23108
23112
23114
23116
23117
23118
23121
23126
23128
23129
23130
23134
23140
23142
23146
23150
23154
23157
23160
23161
23162
23163
23164
23166
23167
23168
23170
23171
23172
23174
23177
23178
23181
23182
23185
23187
23188
23189
23190
23193
23194
23201
23202
23203
23206
23209
23211
23216
23217
23218
23223
23228
23231
23234
23237
23238
23240
23241
23242
23246
23247
23249
23250
23251
23253
23255
23256
23258
23260
23262
23266
23271
23273
23275
23278
23279
23280
23283
23286
23287
23289
23291
23293
23295
23296
23297
23298
23301
23302
23303
23305
23306
23312
23313
23316
23318
23320
23321
23322
23328
23329
23336
23337
23339
23342
23344
23345
23346
23347
23357
23358
23360
23362
23365
23366
23367
23368
23371
23372
23375
23376
23377
23379
23380
23381
23382
23386
23387
23389
23392
23393
23394
23395
23397
23398
23399
23401
23402
23405
23406
23407
23408
23409
23412
23413
23415
23416
23418
23419
23422
23423
23425
23427
23429
23434
23436
23439
23440
23441
23444
23446
23448
23451
23452
23453
23458
23461
23462
23464
23466
23467
23469
23473
23474
23475
23477
23480
23481
23484
23487
23489
23491
23492
23494
23497
23501
23503
23505
23507
23510
23512
23513
23514
23517
23522
23523
23524
23529
23535
23537
23541
23545
23546
23547
23550
23552
23561
23565
23576
23579
23584
23590
23593
23595
23597
23600
23603
23605
23607
23608
23609
23610
23611
23614
23616
23618
23621
23622
23623
23624
23625
23633
23636
23639
23643
23645
23646
23647
23649
23650
23652
23657
23658
23659
23661
23662
23665
23666
23668
23669
23672
23675
23677
23682
23687
23690
23700
23702
23706
23709
23710
23711
23714
23717
23728
23729
23730
23733
23735
23741
23742
23745
23746
23749
23751
23752
23753
23756
23758
23762
23771
23772
23778
23779
23782
23785
23791
23796
23797
23802
23803
23804
23813
23819
23820
23822
23824
23825
23832
23833
23834
23835
23845
23846
23847
23848
23851
23853
23854
23856
23861
23862
23863
23864
23865
23869
23873
23874
23877
23879
23883
23888
23892
23899
23900
23901
23904
23907
23913
23916
23921
23922
23923
23925
23926
23928
23933
23940
23943
23946
23948
23949
23959
23963
23966
23977
23983
23984
23985
23987
23993
23995
23997
24006
24007
24010
24011
24012
24017
24019
24020
24024
24025
24028
24031
24038
24043
24046
24050
24051
24054
24063
24071
24072
24075
24076
24077
24080
24093
24097
24104
24105
24106
24119
24123
24135
24136
24138
24141
24142
24143
24147
24150
24152
24164
24173
24174
24179
24188
24189
24191
24194
24198
24200
24204
24208
24213
24214
24217
24218
24221
24223
24228
24229
24230
24232
24234
24235
24238
24251
24252
24257
24259
24262
24264
24265
24272
24279
24281
24286
24287
24296
24304
24305
24307
24309
24310
24313
24314
24325
24329
24330
24331
24332
24340
24342
24347
24354
24362
24363
24372
24375
24381
24392
24395
24396
24397
24402
24404
24405
24407
24409
24413
24423
24430
24436
24448
24452
24453
24454
24458
24463
24469
24476
24487
24494
24495
24502
24503
24507
24522
24523
24528
24536
24542
24560
24563
24566
24567
24568
24572
24573
24586
24587
24607
24615
24625
24626
24628
24629
24630
24635
24639
24640
24645
24646
24647
24658
24661
24666
24667
24668
24671
24672
24675
24678
24679
24681
24683
24686
24687
24688
24689
24691
24692
24698
24699
24700
24702
24704
24706
24712
24713
24716
24719
24720
24721
24722
24724
24727
24728
24729
24732
24735
24739
24741
24742
24743
24745
24749
24756
24759
24760
24761
24762
24763
24773
24774
24775
24777
24778
24779
24780
24782
24783
24785
24787
24788
24789
24790
24793
24794
24795
24796
24797
24798
24799
24800
24802
24804
24805
24809
24810
24812
24813
24814
24818
24819
24820
24821
24822
24823
24825
24826
24827
24830
24831
24832
24834
24835
24836
24837
24840
24843
24844
24845
24846
24847
24849
24852
24853
24854
24855
24857
24858
24860
24861
24862
24863
24865
24866
24867
24868
24870
24872
24874
24875
24879
24880
24881
24882
24883
24885
24888
24889
24891
24892
24894
24896
24898
24900
24901
24903
24905
24906
24907
24908
24910
24911
24913
24915
24917
24919
24920
24921
24923
24925
24927
24928
24930
24932
24935
24936
24937
24938
24939
24940
24941
24942
24943
24945
24951
24952
24953
24954
24955
24959
24960
24961
24962
24963
24967
24968
24970
24971
24972
24973
24974
24975
24981
24983
24984
24986
24988
24990
24994
24995
24996
24997
24998
24999
25001
25002
25003
25004
25007
25008
25010
25011
25012
25014
25015
25017
25018
25020
25021
25022
25024
25028
25031
25033
25037
25039
25042
25043
25044
25046
25048
25049
25057
25058
25059
25060
25061
25063
25066
25067
25068
25074
25076
25079
25081
25083
25084
25085
25086
25087
25089
25090
25095
25099
25102
25106
25109
25114
25115
25118
25120
25126
25128
25129
25131
25133
25134
25136
25137
25138
25139
25143
25144
25154
25155
25157
25158
25160
25161
25162
25163
25167
25168
25170
25171
25172
25174
25181
25182
25184
25186
25187
25188
25190
25191
25195
25197
25198
25199
25202
25203
25206
25207
25212
25213
25217
25220
25221
25222
25224
25225
25226
25227
25228
25229
25234
25235
25236
25237
25243
25244
25245
25246
25252
25253
25254
25257
25264
25268
25269
25270
25273
25274
25275
25276
25277
25278
25283
25286
25287
25290
25292
25293
25295
25298
25302
25306
25308
25315
25316
25317
25319
25320
25322
25323
25326
25329
25330
25331
25332
25334
25336
25337
25338
25339
25340
25341
25344
25345
25347
25351
25352
25353
25355
25357
25368
25369
25373
25374
25375
25376
25383
25385
25393
25394
25395
25398
25399
25400
25401
25404
25407
25409
25411
25412
25416
25418
25422
25428
25433
25438
25441
25443
25444
25446
25448
25449
25452
25454
25455
25457
25460
25464
25466
25470
25471
25474
25475
25480
25481
25484
25490
25495
25497
25498
25503
25504
25508
25509
25523
25529
25530
25531
25533
25534
25537
25540
25543
25545
25547
25550
25552
25555
25558
25560
25562
25566
25572
25575
25576
25583
25585
25590
25591
25596
25600
25604
25608
25609
25610
25613
25615
25618
25619
25621
25622
25623
25624
25625
25627
25628
25633
25634
25635
25637
25638
25643
25645
25650
25654
25657
25658
25660
25664
25667
25668
25669
25672
25673
25674
25675
25676
25677
25678
25679
25681
25682
25683
25690
25697
25698
25699
25700
25702
25703
25704
25706
25710
25711
25713
25714
25718
25719
25720
25723
25730
25731
25735
25738
25740
25742
25746
25747
25750
25751
25752
25755
25757
25764
25765
25767
25769
25776
25778
25780
25786
25788
25790
25793
25794
25796
25798
25799
25803
25805
25813
25814
25815
25816
25818
25819
25821
25823
25824
25826
25827
25828
25830
25831
25832
25834
25837
25839
25840
25842
25843
25844
25845
25846
25851
25852
25853
25855
25856
25857
25858
25859
25861
25862
25865
25866
25867
25868
25872
25873
25876
25877
25879
25883
25884
25886
25887
25888
25890
25893
25896
25898
25899
25902
25904
25906
25907
25912
25913
25915
25918
25919
25921
25923
25924
25926
25927
25928
25931
25934
25939
25940
25942
25944
25945
25946
25953
25955
25956
25957
25958
25959
25960
25961
25962
25963
25965
25966
25972
25974
25975
25977
25978
25980
25982
25983
25984
25985
25987
25989
25990
25991
25992
25994
25995
25997
26015
26017
26020
26027
26030
26036
26038
26044
26052
26075
26077
26086
26098
26100
26101
26106
26109
26111
26113
26114
26116
26120
26122
26124
26128
26129
26130
26134
26141
26143
26145
26150
26152
26156
26157
26160
26163
26166
26169
26171
26174
26182
26188
26204
26214
26232
26236
26238
26248
26253
26255
26256
26261
26270
26300
26301
26305
26319
26321
26325
26344
26347
26357
26359
26360
26363
26364
26365
26366
26367
26384
26392
26408
26409
26415
26422
26423
26433
26440
26447
26493
26503
26507
26520
26562
26597
26622
26627
26631
26643
26645
26666
26672
26673
26675
26676
26679
26680
26681
26682
26683
26684
26685
26686
26687
26688
26689
26690
26691
26692
26694
26695
26697
26698
26699
26700
26701
26702
26703
26705
26706
26708
26709
26710
26712
26714
26717
26718
26720
26722
26723
26724
26727
26729
26730
26731
26732
26733
26735
26736
26739
26740
26741
26743
26744
26745
26746
26748
26749
26750
26751
26753
26755
26756
26757
26760
26761
26769
26771
26772
26775
26776
26777
26779
26782
26783
26786
26787
26789
26792
26796
26797
26798
26801
26802
26803
26805
26807
26808
26809
26810
26811
26812
26813
26814
26815
26816
26818
26819
26822
26825
26826
26827
26828
26830
26832
26833
26834
26835
26836
26837
26838
26842
26844
26845
26847
26850
26856
26857
26858
26859
26860
26861
26862
26864
26866
26868
26871
26874
26878
26879
26880
26881
26882
26888
26890
26892
26893
26894
26896
26898
26899
26902
26904
26908
26909
26910
26917
26919
26921
26923
26925
26928
26929
26930
26932
26935
26936
26937
26938
26939
26942
26945
26946
26948
26949
26950
26953
26957
26959
26960
26961
26963
26964
26966
26967
26969
26971
26972
26975
26977
26978
26979
26980
26982
26983
26986
26989
26990
26992
26995
26996
26997
26998
26999
27000
27001
27002
27003
27004
27005
27006
27007
27008
27009
27015
27016
27021
27022
27024
27025
27027
27030
27036
27039
27042
27045
27046
27052
27053
27054
27056
27059
27061
27063
27065
27068
27069
27072
27073
27074
27078
27079
27080
27085
27086
27087
27091
27092
27093
27094
27095
27096
27099
27103
27105
27106
27107
27109
27110
27111
27112
27113
27114
27118
27119
27120
27121
27125
27127
27128
27129
27130
27132
27133
27135
27138
27140
27141
27142
27144
27146
27150
27160
27161
27163
27168
27169
27170
27172
27176
27178
27180
27182
27183
27184
27188
27189
27190
27192
27193
27199
27200
27202
27203
27205
27207
27209
27214
27215
27219
27220
27222
27223
27224
27226
27228
27230
27231
27232
27236
27240
27244
27246
27250
27251
27256
27257
27260
27261
27263
27264
27268
27269
27271
27272
27274
27277
27281
27282
27284
27289
27292
27293
27294
27295
27296
27297
27298
27303
27304
27305
27307
27309
27310
27311
27317
27322
27323
27324
27326
27327
27328
27330
27331
27332
27334
27335
27336
27338
27340
27347
27348
27350
27351
27356
27357
27359
27361
27362
27363
27364
27366
27367
27368
27370
27371
27373
27376
27377
27380
27382
27385
27387
27389
27390
27391
27393
27395
27396
27399
27401
27407
27408
27409
27410
27414
27417
27419
27420
27421
27424
27425
27427
27430
27434
27435
27437
27439
27440
27441
27442
27443
27449
27452
27455
27456
27459
27460
27464
27467
27468
27473
27476
27477
27480
27484
27485
27487
27489
27491
27493
27495
27496
27498
27499
27500
27502
27505
27508
27509
27510
27511
27513
27514
27517
27518
27520
27522
27523
27524
27525
27526
27527
27528
27534
27537
27540
27541
27545
27548
27551
27559
27560
27563
27566
27567
27569
27570
27572
27573
27575
27576
27577
27578
27580
27581
27583
27584
27590
27591
27597
27599
27602
27607
27608
27611
27613
27614
27615
27616
27618
27619
27621
27622
27623
27624
27630
27632
27635
27636
27637
27645
27649
27657
27663
27668
27671
27674
27676
27678
27679
27680
27681
27684
27688
27690
27692
27693
27694
27696
27697
27698
27704
27707
27708
27709
27713
27718
27721
27723
27724
27726
27727
27730
27733
27737
27738
27743
27745
27751
27757
27759
27760
27762
27764
27766
27768
27780
27783
27785
27788
27793
27794
27796
27797
27799
27804
27805
27807
27810
27814
27815
27817
27819
27820
27825
27826
27829
27839
27845
27856
27857
27863
27864
27870
27871
27874
27875
27880
27884
27887
27888
27889
27890
27895
27897
27898
27901
27902
27903
27905
27909
27911
27912
27916
27917
27920
27922
27923
27926
27935
27936
27937
27941
27950
27953
27954
27958
27961
27962
27967
27972
27973
27978
27987
27990
27992
27994
27996
28002
28010
28014
28017
28019
28024
28027
28037
28041
28043
28044
28045
28053
28054
28059
28061
28062
28066
28067
28075
28076
28077
28083
28086
28094
28096
28098
28102
28108
28110
28111
28114
28123
28125
28144
28148
28149
28159
28160
28164
28167
28168
28169
28170
28172
28173
28175
28176
28181
28187
28192
28194
28196
28199
28204
28208
28213
28216
28221
28224
28227
28233
28237
28238
28239
28242
28244
28245
28252
28255
28256
28259
28261
28272
28275
28282
28284
28285
28287
28289
28291
28293
28304
28307
28309
28311
28317
28321
28323
28325
28326
28339
28344
28345
28347
28349
28354
28355
28357
28359
28360
28362
28368
28369
28374
28375
28379
28380
28385
28386
28389
28392
28399
28404
28406
28407
28408
28409
28411
28412
28413
28416
28418
28419
28421
28426
28427
28428
28430
28431
28434
28436
28440
28441
28442
28453
28455
28457
28459
28463
28464
28471
28473
28476
28477
28482
28485
28486
28487
28489
28490
28491
28492
28494
28499
28501
28502
28503
28509
28510
28512
28513
28514
28516
28517
28518
28520
28522
28523
28524
28526
28528
28530
28531
28532
28533
28534
28535
28536
28537
28538
28539
28540
28542
28543
28544
28545
28547
28548
28549
28551
28552
28553
28556
28557
28559
28563
28564
28566
28567
28568
28569
28571
28573
28575
28576
28578
28579
28580
28582
28583
28584
28586
28587
28588
28593
28594
28595
28596
28597
28599
28600
28601
28602
28603
28604
28605
28606
28608
28610
28612
28613
28614
28617
28618
28621
28622
28623
28624
28625
28626
28628
28629
28630
28631
28633
28634
28635
28637
28639
28640
28641
28642
28643
28644
28645
28646
28647
28648
28649
28651
28652
28653
28654
28657
28658
28659
28662
28664
28665
28666
28667
28668
28670
28673
28675
28676
28677
28678
28682
28683
28684
28685
28687
28690
28691
28693
28694
28695
28697
28698
28699
28700
28701
28703
28704
28706
28709
28711
28714
28715
28716
28717
28718
28719
28724
28726
28727
28728
28729
28731
28732
28733
28734
28735
28736
28738
28739
28742
28745
28746
28747
28751
28753
28754
28756
28757
28758
28760
28762
28763
28764
28767
28771
28772
28773
28774
28776
28777
28778
28782
28786
28789
28793
28797
28798
28804
28808
28811
28815
28819
28823
28824
28827
28828
28830
28831
28833
28834
28835
28837
28839
28840
28843
28846
28847
28850
28851
28853
28856
28857
28860
28863
28864
28865
28866
28868
28869
28871
28872
28876
28879
28882
28883
28884
28885
28888
28889
28892
28893
28895
28896
28898
28900
28901
28902
28904
28905
28908
28909
28911
28912
28913
28914
28915
28918
28921
28922
28923
28928
28934
28935
28936
28939
28940
28941
28942
28943
28945
28948
28949
28952
28955
28956
28958
28959
28960
28962
28967
28971
28972
28973
28974
28975
28978
28979
28980
28981
28983
28984
28987
28988
28990
28991
28992
28993
28994
28996
28999
29001
29003
29005
29006
29009
29013
29014
29016
29020
29021
29022
29027
29028
29036
29040
29042
29043
29045
29046
29047
29048
29050
29052
29053
29054
29055
29056
29059
29061
29065
29066
29067
29070
29071
29072
29081
29085
29086
29087
29088
29089
29090
29092
29097
29105
29106
29108
29109
29113
29121
29123
29124
29125
29126
29129
29132
29136
29137
29144
29147
29148
29149
29152
29155
29160
29162
29163
29164
29169
29170
29171
29172
29177
29178
29180
29182
29187
29190
29191
29193
29194
29196
29198
29199
29204
29206
29207
29208
29210
29211
29215
29220
29221
29223
29225
29227
29232
29234
29235
29238
29240
29241
29243
29244
29246
29249
29250
29251
29254
29256
29259
29260
29261
29263
29269
29271
29272
29274
29276
29280
29283
29285
29286
29288
29292
29297
29299
29300
29302
29304
29306
29310
29313
29314
29315
29316
29317
29321
29322
29323
29326
29327
29330
29335
29337
29338
29339
29340
29343
29345
29347
29348
29349
29356
29357
29360
29363
29366
29369
29370
29372
29373
29377
29378
29379
29380
29382
29383
29386
29387
29388
29391
29392
29394
29395
29402
29403
29404
29408
29410
29411
29414
29415
29416
29420
29424
29425
29428
29431
29433
29434
29437
29440
29442
29444
29445
29446
29448
29449
29452
29455
29457
29460
29463
29464
29465
29466
29468
29469
29470
29471
29472
29476
29481
29483
29484
29485
29488
29490
29491
29492
29493
29494
29495
29496
29497
29499
29500
29501
29507
29508
29509
29510
29512
29515
29517
29518
29519
29522
29524
29527
29528
29529
29530
29533
29534
29535
29537
29540
29541
29542
29546
29547
29548
29551
29552
29553
29554
29555
29556
29557
29558
29559
29560
29561
29562
29564
29565
29566
29567
29570
29571
29578
29579
29580
29586
29587
29591
29599
29600
29601
29604
29606
29607
29612
29613
29614
29616
29618
29620
29621
29625
29627
29629
29632
29638
29640
29641
29645
29647
29651
29653
29656
29657
29658
29660
29664
29667
29669
29670
29672
29673
29674
29675
29676
29677
29680
29685
29686
29689
29691
29692
29693
29694
29695
29696
29697
29698
29699
29701
29702
29703
29704
29706
29707
29708
29709
29710
29717
29721
29722
29726
29733
29738
29739
29746
29748
29749
29750
29753
29766
29768
29774
29775
29778
29779
29786
29789
29800
29805
29809
29814
29819
29827
29828
29838
29843
29849
29855
29864
29867
29869
29876
29877
29914
29922
29924
29925
29945
29948
29957
29962
29988
29991
30003
30008
30009
30013
30024
30033
30038
30039
30042
30061
30089
30092
30096
30103
30107
30108
30110
30116
30146
30154
30155
30172
30192
30195
30197
30200
30202
30205
30220
30235
30241
30244
30246
30250
30257
30296
30298
30309
30310
30312
30327
30334
30339
30341
30344
30347
30348
30349
30356
30372
30380
30382
30386
30387
30388
30390
30391
30393
30394
30395
30396
30397
30398
30399
30400
30401
30402
30403
30405
30406
30407
30408
30409
30410
30412
30414
30415
30416
30417
30418
30419
30422
30423
30424
30425
30426
30428
30429
30430
30432
30433
30434
30435
30436
30438
30439
30440
30442
30443
30445
30446
30448
30450
30451
30452
30454
30456
30457
30458
30459
30460
30461
30462
30464
30465
30467
30471
30475
30476
30477
30478
30480
30481
30484
30485
30487
30490
30491
30493
30494
30495
30498
30500
30501
30502
30503
30504
30505
30508
30509
30510
30513
30514
30515
30516
30517
30521
30522
30523
30525
30526
30530
30531
30534
30535
30536
30538
30540
30544
30545
30547
30549
30551
30554
30555
30556
30557
30561
30562
30564
30565
30568
30569
30570
30572
30573
30574
30575
30576
30577
30578
30579
30580
30582
30584
30585
30586
30587
30589
30592
30593
30595
30596
30597
30600
30604
30608
30609
30610
30611
30613
30616
30618
30621
30623
30624
30627
30628
30629
30630
30631
30632
30633
30634
30635
30636
30637
30639
30640
30643
30644
30645
30646
30647
30650
30651
30652
30655
30656
30658
30659
30661
30662
30664
30666
30668
30670
30673
30674
30675
30677
30678
30682
30685
30686
30688
30689
30691
30692
30694
30695
30696
30697
30698
30699
30701
30704
30706
30707
30709
30711
30714
30715
30717
30718
30719
30721
30722
30723
30724
30730
30731
30732
30736
30738
30739
30742
30744
30745
30747
30750
30752
30754
30756
30757
30758
30759
30760
30763
30764
30766
30767
30771
30773
30774
30775
30777
30779
30780
30782
30783
30785
30786
30787
30789
30790
30791
30796
30798
30800
30805
30807
30809
30810
30812
30813
30814
30820
30821
30822
30823
30825
30826
30829
30833
30834
30835
30836
30837
30840
30841
30842
30843
30845
30847
30850
30851
30853
30855
30856
30858
30862
30868
30872
30874
30879
30881
30884
30886
30888
30889
30890
30891
30892
30894
30895
30897
30900
30901
30902
30905
30907
30908
30914
30915
30916
30917
30919
30923
30925
30927
30929
30932
30933
30935
30936
30937
30939
30940
30948
30949
30951
30953
30954
30958
30960
30962
30964
30965
30969
30970
30971
30972
30974
30978
30980
30988
30989
30990
30991
30993
30994
30998
31001
31002
31003
31004
31005
31007
31008
31009
31010
31012
31014
31017
31019
31020
31021
31025
31026
31028
31031
31033
31036
31037
31038
31039
31041
31044
31048
31049
31050
31051
31053
31057
31060
31061
31070
31073
31075
31076
31077
31078
31079
31082
31083
31084
31085
31086
31087
31088
31090
31092
31093
31095
31096
31097
31099
31100
31101
31103
31104
31105
31106
31107
31111
31115
31118
31120
31123
31127
31128
31129
31130
31131
31133
31135
31137
31138
31139
31140
31141
31142
31145
31150
31151
31157
31158
31160
31161
31162
31163
31164
31170
31172
31173
31174
31178
31179
31181
31184
31190
31198
31200
31202
31204
31209
31212
31213
31214
31215
31216
31217
31218
31222
31224
31225
31232
31234
31236
31238
31242
31244
31246
31247
31248
31251
31252
31254
31257
31260
31261
31266
31273
31275
31279
31281
31284
31288
31289
31290
31292
31295
31296
31297
31301
31302
31305
31310
31316
31318
31319
31322
31324
31328
31329
31332
31335
31337
31338
31348
31349
31350
31353
31354
31357
31359
31363
31364
31368
31371
31372
31374
31382
31387
31394
31395
31398
31399
31402
31407
31410
31415
31416
31422
31430
31433
31435
31441
31444
31448
31451
31452
31455
31457
31459
31460
31462
31466
31471
31473
31474
31478
31479
31487
31492
31493
31498
31500
31502
31503
31505
31506
31507
31508
31509
31510
31514
31518
31519
31521
31525
31529
31531
31533
31542
31546
31548
31551
31556
31566
31575
31580
31586
31588
31590
31592
31594
31602
31603
31611
31615
31616
31624
31626
31627
31628
31630
31634
31636
31645
31646
31651
31652
31656
31657
31659
31664
31666
31668
31670
31672
31673
31678
31680
31683
31684
31685
31687
31691
31692
31695
31703
31704
31708
31714
31724
31727
31730
31733
31737
31738
31740
31743
31745
31749
31750
31752
31753
31759
31762
31766
31770
31776
31781
31791
31799
31800
31801
31808
31809
31813
31818
31823
31824
31825
31837
31842
31858
31859
31862
31865
31866
31873
31877
31879
31880
31881
31882
31883
31884
31886
31890
31893
31897
31898
31901
31902
31904
31907
31913
31924
31928
31930
31935
31941
31942
31944
31945
31947
31949
31950
31951
31959
31970
31971
31972
31973
31975
31976
31981
31986
31988
31994
31998
31999
32003
32014
32019
32020
32023
32025
32026
32029
32030
32035
32038
32039
32040
32043
32053
32054
32056
32058
32060
32062
32063
32064
32067
32068
32069
32073
32074
32075
32087
32089
32092
32094
32095
32100
32102
32103
32105
32106
32107
32110
32116
32120
32123
32124
32126
32127
32128
32130
32132
32133
32135
32139
32140
32141
32143
32144
32145
32147
32148
32149
32151
32155
32156
32159
32160
32161
32162
32163
32164
32167
32169
32170
32171
32173
32176
32182
32184
32186
32187
32188
32189
32190
32194
32196
32199
32200
32201
32202
32203
32204
32205
32206
32207
32209
32210
32211
32213
32215
32216
32217
32218
32219
32221
32222
32223
32224
32225
32226
32227
32228
32229
32230
32231
32232
32233
32234
32235
32236
32237
32238
32239
32240
32241
32242
32243
32244
32245
32246
32247
32249
32250
32252
32253
32254
32255
32256
32258
32259
32260
32261
32262
32263
32264
32265
32266
32267
32268
32269
32270
32271
32272
32273
32274
32275
32277
32278
32279
32281
32282
32283
32285
32286
32287
32288
32290
32291
32292
32293
32294
32297
32298
32300
32302
32308
32309
32310
32311
32312
32313
32314
32316
32317
32319
32320
32322
32323
32324
32325
32326
32327
32329
32330
32331
32332
32333
32334
32336
32338
32339
32340
32341
32343
32344
32345
32346
32347
32348
32349
32351
32354
32355
32358
32360
32363
32364
32365
32366
32367
32368
32370
32371
32372
32376
32377
32378
32379
32380
32381
32382
32384
32386
32387
32388
32389
32390
32391
32394
32395
32396
32397
32398
32399
32401
32402
32404
32409
32410
32411
32412
32413
32418
32420
32422
32423
32424
32426
32427
32428
32429
32432
32433
32435
32436
32437
32438
32441
32442
32443
32444
32445
32448
32449
32450
32451
32452
32453
32454
32456
32457
32459
32461
32463
32465
32469
32471
32472
32476
32479
32480
32481
32482
32483
32484
32485
32486
32487
32488
32491
32493
32494
32496
32498
32503
32504
32505
32506
32507
32509
32511
32512
32514
32517
32518
32519
32520
32522
32524
32525
32526
32527
32528
32529
32530
32531
32534
32535
32537
32538
32540
32541
32542
32544
32546
32547
32549
32551
32552
32554
32556
32557
32558
32560
32561
32564
32567
32568
32571
32573
32574
32575
32577
32579
32580
32582
32583
32584
32588
32591
32593
32595
32597
32598
32599
32601
32602
32603
32604
32606
32607
32609
32612
32613
32614
32615
32616
32618
32619
32621
32623
32624
32625
32626
32627
32628
32629
32630
32631
32635
32636
32640
32641
32642
32645
32646
32648
32649
32652
32655
32656
32657
32658
32659
32664
32665
32666
32670
32671
32673
32676
32677
32678
32681
32682
32683
32687
32689
32691
32692
32693
32696
32697
32698
32699
32700
32701
32702
32703
32705
32706
32707
32710
32711
32713
32718
32720
32726
32728
32730
32732
32734
32735
32738
32744
32745
32747
32749
32750
32751
32752
32754
32758
32759
32760
32762
32763
32764
32765
32767
32769
32770
32773
32774
32775
32779
32781
32783
32785
32786
32789
32790
32795
32796
32799
32800
32802
32804
32806
32808
32811
32813
32819
32820
32822
32823
32826
32827
32828
32832
32834
32835
32837
32838
32839
32840
32850
32851
32852
32856
32857
32861
32862
32863
32865
32866
32867
32868
32869
32871
32874
32875
32876
32877
32879
32880
32883
32885
32886
32889
32891
32892
32894
32896
32897
32898
32899
32902
32907
32912
32916
32920
32921
32922
32923
32924
32925
32931
32932
32933
32934
32935
32937
32939
32940
32942
32943
32950
32953
32954
32955
32957
32958
32959
32960
32964
32965
32966
32968
32969
32970
32973
32976
32977
32978
32980
32983
32986
32988
32990
32991
32993
32994
32996
32997
33000
33002
33003
33005
33008
33011
33013
33018
33019
33020
33023
33024
33025
33027
33029
33030
33031
33033
33035
33038
33041
33043
33044
33045
33046
33048
33049
33050
33052
33053
33054
33059
33061
33063
33064
33066
33068
33070
33076
33077
33080
33082
33083
33087
33088
33091
33092
33094
33096
33097
33100
33101
33104
33105
33107
33109
33110
33111
33116
33117
33118
33120
33122
33123
33124
33125
33126
33128
33129
33130
33131
33132
33133
33134
33135
33136
33137
33140
33141
33142
33147
33148
33150
33151
33154
33157
33158
33160
33162
33168
33169
33170
33171
33173
33174
33175
33176
33177
33178
33179
33180
33182
33188
33189
33191
33192
33193
33194
33195
33196
33197
33198
33201
33204
33209
33213
33214
33215
33216
33218
33219
33224
33225
33229
33231
33233
33236
33238
33241
33242
33243
33244
33246
33247
33248
33249
33250
33251
33254
33255
33256
33260
33261
33265
33267
33268
33269
33272
33273
33274
33276
33277
33279
33280
33281
33283
33284
33286
33287
33289
33290
33293
33294
33297
33300
33301
33304
33305
33307
33309
33310
33311
33312
33314
33316
33317
33318
33319
33321
33325
33326
33330
33334
33335
33336
33337
33339
33341
33343
33344
33346
33348
33352
33353
33354
33355
33356
33357
33359
33362
33364
33365
33366
33368
33369
33370
33372
33373
33374
33377
33378
33380
33381
33382
33383
33384
33385
33386
33387
33388
33390
33391
33394
33396
33399
33403
33405
33406
33410
33411
33412
33413
33414
33415
33417
33418
33419
33420
33422
33423
33424
33425
33429
33432
33434
33436
33437
33442
33444
33445
33446
33450
33451
33453
33458
33462
33463
33464
33465
33466
33467
33469
33470
33479
33480
33485
33495
33501
33503
33512
33528
33532
33533
33539
33540
33543
33550
33556
33557
33563
33566
33569
33570
33571
33572
33577
33578
33584
33585
33587
33590
33594
33602
33605
33607
33608
33609
33611
33614
33625
33633
33640
33664
33668
33677
33717
33727
33730
33739
33752
33770
33775
33776
33787
33791
33793
33796
33803
33804
33807
33812
33822
33848
33850
33852
33861
33874
33875
33879
33880
33885
33887
33892
33893
33907
33910
33914
33925
33954
33961
33972
33982
33985
33986
33994
34000
34007
34014
34024
34025
34034
34046
34049
34051
34057
34061
34068
34075
34100
34101
34102
34103
34105
34107
34108
34109
34110
34113
34114
34115
34116
34117
34118
34119
34122
34123
34124
34125
34126
34128
34130
34131
34132
34133
34134
34135
34136
34137
34138
34140
34141
34142
34144
34145
34146
34148
34149
34150
34151
34152
34153
34154
34157
34158
34159
34160
34161
34163
34164
34166
34167
34168
34169
34172
34173
34174
34175
34176
34178
34179
34181
34182
34183
34184
34185
34186
34187
34188
34193
34194
34195
34196
34198
34199
34201
34203
34204
34206
34207
34210
34212
34213
34214
34215
34218
34221
34223
34224
34225
34226
34228
34229
34232
34233
34235
34236
34237
34238
34241
34242
34243
34244
34245
34246
34247
34248
34250
34254
34256
34258
34259
34261
34262
34263
34264
34265
34266
34267
34268
34269
34270
34271
34273
34274
34275
34276
34278
34280
34284
34285
34287
34288
34289
34290
34291
34292
34293
34294
34299
34301
34302
34305
34308
34309
34310
34311
34313
34314
34318
34319
34320
34322
34323
34324
34325
34326
34327
34330
34332
34333
34335
34336
34337
34339
34345
34346
34348
34349
34352
34354
34356
34357
34359
34360
34361
34364
34365
34366
34367
34369
34373
34375
34376
34377
34378
34379
34380
34382
34383
34385
34387
34388
34389
34392
34393
34395
34398
34399
34400
34403
34405
34406
34408
34409
34410
34411
34413
34415
34416
34418
34420
34422
34423
34424
34425
34426
34427
34428
34430
34431
34433
34436
34437
34438
34439
34440
34442
34443
34444
34445
34446
34448
34449
34450
34452
34453
34454
34458
34461
34463
34470
34471
34475
34478
34479
34480
34481
34482
34485
34486
34487
34488
34493
34494
34496
34497
34499
34501
34502
34504
34505
34507
34508
34510
34511
34512
34513
34514
34515
34516
34519
34520
34521
34522
34523
34524
34525
34527
34528
34529
34531
34535
34537
34538
34539
34540
34542
34543
34545
34546
34547
34549
34550
34551
34554
34556
34557
34558
34559
34560
34562
34565
34567
34569
34570
34571
34574
34576
34580
34582
34583
34584
34585
34586
34587
34588
34590
34591
34597
34598
34599
34600
34603
34604
34606
34607
34608
34612
34615
34616
34617
34621
34623
34628
34630
34633
34636
34637
34641
34643
34645
34646
34648
34649
34650
34654
34658
34660
34662
34663
34664
34665
34667
34668
34672
34674
34678
34679
34680
34683
34684
34686
34687
34688
34690
34691
34692
34693
34694
34697
34698
34700
34702
34705
34706
34707
34713
34715
34717
34721
34723
34724
34725
34726
34727
34729
34735
34738
34739
34740
34746
34747
34752
34753
34756
34758
34761
34762
34763
34764
34765
34770
34775
34779
34780
34782
34783
34784
34787
34790
34791
34792
34794
34795
34796
34797
34798
34799
34800
34801
34802
34804
34807
34808
34809
34812
34813
34815
34818
34819
34823
34824
34826
34827
34829
34832
34834
34838
34842
34845
34848
34849
34850
34855
34859
34861
34863
34865
34867
34871
34872
34874
34875
34881
34883
34884
34886
34888
34891
34892
34893
34895
34898
34900
34902
34904
34907
34911
34913
34914
34915
34919
34920
34921
34925
34926
34927
34930
34931
34933
34937
34939
34941
34942
34945
34946
34950
34953
34955
34957
34959
34960
34961
34962
34963
34964
34965
34967
34970
34972
34973
34976
34978
34979
34982
34984
34986
34987
34988
34990
34993
34997
35000
35002
35003
35005
35006
35007
35008
35009
35011
35018
35019
35021
35023
35029
35037
35038
35040
35042
35043
35044
35046
35047
35049
35052
35059
35060
35061
35064
35065
35067
35068
35073
35074
35075
35077
35079
35084
35085
35088
35090
35091
35093
35096
35100
35103
35104
35105
35106
35107
35108
35110
35112
35114
35116
35119
35120
35121
35123
35124
35126
35129
35130
35132
35133
35134
35137
35139
35141
35142
35146
35149
35150
35151
35152
35153
35155
35157
35158
35164
35170
35171
35172
35173
35176
35177
35179
35183
35185
35186
35188
35189
35190
35192
35194
35196
35197
35199
35201
35202
35206
35211
35212
35213
35214
35216
35217
35221
35222
35230
35232
35233
35237
35238
35239
35243
35245
35247
35248
35256
35258
35259
35270
35271
35272
35276
35278
35279
35280
35281
35284
35291
35292
35293
35294
35302
35303
35304
35306
35308
35314
35315
35316
35317
35318
35321
35326
35333
35336
35338
35339
35340
35341
35342
35343
35346
35347
35350
35351
35352
35353
35356
35359
35360
35361
35365
35367
35374
35378
35380
35382
35386
35387
35390
35393
35395
35397
35399
35400
35401
35404
35406
35407
35409
35418
35420
35421
35422
35423
35427
35428
35435
35438
35445
35447
35450
35452
35454
35455
35456
35459
35464
35465
35466
35467
35471
35472
35474
35475
35476
35481
35482
35483
35484
35488
35489
35490
35491
35493
35496
35498
35499
35500
35505
35507
35508
35511
35513
35514
35515
35517
35521
35523
35524
35534
35538
35539
35546
35549
35551
35556
35560
35561
35563
35565
35566
35567
35569
35575
35583
35585
35587
35588
35592
35594
35595
35596
35598
35601
35604
35609
35611
35618
35619
35620
35625
35626
35628
35629
35632
35633
35637
35638
35642
35644
35649
35650
35654
35655
35657
35661
35663
35665
35667
35668
35670
35671
35674
35677
35680
35684
35686
35687
35692
35695
35696
35697
35700
35701
35702
35703
35708
35709
35710
35712
35721
35722
35724
35725
35728
35729
35733
35734
35737
35739
35740
35744
35745
35746
35749
35754
35755
35757
35761
35766
35767
35768
35773
35776
35777
35778
35781
35783
35784
35786
35787
35789
35790
35791
35796
35800
35801
35803
35807
35808
35811
35813
35814
35816
35817
35818
35819
35820
35821
35823
35825
35826
35827
35830
35833
35834
35835
35838
35839
35840
35841
35843
35844
35846
35850
35851
35852
35854
35855
35856
35857
35858
35861
35862
35865
35866
35868
35869
35870
35871
35872
35875
35876
35877
35878
35881
35882
35883
35887
35888
35892
35893
35896
35897
35898
35899
35901
35902
35903
35906
35908
35909
35910
35913
35914
35915
35916
35917
35919
35924
35925
35926
35927
35929
35930
35931
35932
35935
35936
35937
35938
35939
35940
35941
35943
35944
35945
35946
35947
35949
35950
35951
35952
35954
35955
35956
35958
35959
35961
35962
35963
35964
35965
35967
35968
35969
35970
35972
35973
35975
35976
35977
35978
35980
35981
35982
35983
35985
35986
35987
35988
35989
35990
35991
35992
35993
35994
35995
35996
35997
35998
35999
36000
36001
36002
36003
36004
36005
36006
36007
36009
36010
36011
36012
36013
36014
36015
36017
36018
36021
36022
36023
36024
36025
36026
36027
36028
36030
36031
36032
36033
36034
36036
36037
36038
36039
36040
36044
36045
36046
36047
36048
36050
36052
36053
36054
36055
36056
36057
36058
36059
36061
36063
36064
36065
36066
36067
36068
36069
36070
36071
36072
36073
36074
36077
36078
36079
36080
36081
36085
36086
36089
36090
36092
36094
36096
36097
36098
36100
36101
36102
36103
36104
36105
36107
36108
36109
36110
36113
36114
36115
36116
36117
36118
36119
36120
36121
36122
36123
36125
36126
36127
36128
36129
36132
36134
36135
36136
36137
36138
36139
36141
36142
36143
36144
36145
36146
36148
36149
36150
36151
36152
36153
36154
36155
36157
36158
36159
36160
36161
36162
36163
36164
36166
36167
36168
36170
36172
36173
36174
36175
36177
36179
36181
36183
36184
36185
36187
36191
36192
36193
36194
36195
36196
36197
36199
36200
36201
36202
36203
36204
36205
36207
36209
36210
36211
36212
36214
36215
36216
36217
36219
36220
36221
36222
36223
36224
36226
36228
36229
36231
36232
36233
36238
36239
36240
36241
36242
36244
36248
36251
36252
36255
36256
36257
36258
36259
36263
36264
36265
36267
36268
36269
36271
36272
36274
36275
36276
36278
36279
36281
36282
36284
36287
36288
36289
36290
36291
36292
36293
36296
36297
36301
36304
36307
36308
36309
36310
36311
36312
36313
36316
36317
36321
36322
36323
36324
36325
36326
36328
36329
36330
36331
36332
36333
36335
36337
36338
36339
36341
36343
36344
36345
36346
36347
36349
36350
36351
36354
36356
36359
36361
36362
36363
36364
36365
36366
36367
36369
36371
36372
36373
36375
36377
36378
36379
36380
36382
36383
36385
36387
36390
36394
36395
36396
36399
36401
36405
36406
36407
36409
36411
36412
36413
36415
36416
36417
36419
36420
36421
36425
36426
36427
36429
36431
36434
36435
36436
36437
36440
36441
36443
36444
36445
36446
36448
36449
36451
36454
36455
36456
36458
36459
36461
36463
36464
36466
36467
36468
36469
36471
36473
36474
36475
36477
36478
36479
36480
36481
36482
36484
36485
36487
36489
36493
36494
36495
36499
36503
36504
36508
36509
36510
36512
36513
36514
36515
36518
36520
36524
36525
36526
36527
36532
36534
36535
36536
36541
36542
36545
36546
36548
36549
36551
36552
36553
36555
36557
36560
36564
36566
36567
36572
36574
36576
36577
36579
36580
36581
36582
36583
36585
36588
36590
36591
36593
36598
36600
36601
36602
36603
36605
36606
36608
36612
36613
36614
36615
36616
36618
36619
36621
36622
36623
36624
36626
36627
36629
36630
36634
36635
36636
36637
36638
36639
36644
36646
36648
36649
36651
36652
36653
36654
36655
36656
36658
36660
36662
36664
36666
36669
36674
36677
36678
36679
36680
36681
36682
36683
36684
36687
36688
36689
36692
36694
36695
36699
36700
36701
36704
36705
36707
36708
36714
36715
36716
36721
36724
36725
36727
36728
36729
36731
36732
36735
36736
36737
36738
36740
36741
36742
36743
36747
36751
36754
36755
36756
36757
36759
36761
36767
36769
36771
36772
36775
36777
36780
36782
36783
36784
36786
36787
36791
36792
36796
36797
36798
36800
36802
36804
36806
36807
36808
36809
36811
36812
36813
36815
36816
36818
36819
36821
36822
36823
36824
36825
36827
36830
36831
36832
36836
36838
36839
36842
36843
36845
36848
36849
36852
36853
36854
36855
36856
36859
36860
36861
36862
36864
36865
36871
36872
36874
36875
36876
36877
36880
36882
36883
36884
36885
36886
36887
36888
36889
36890
36891
36892
36893
36894
36896
36897
36899
36903
36905
36906
36907
36908
36909
36911
36912
36913
36914
36915
36916
36917
36918
36919
36920
36921
36923
36924
36928
36929
36930
36931
36935
36936
36938
36940
36943
36944
36945
36946
36947
36949
36950
36951
36956
36957
36960
36961
36962
36963
36965
36966
36968
36969
36970
36972
36974
36978
36980
36981
36982
36983
36984
36985
36986
36987
36988
36990
36991
36993
36994
36996
36998
36999
37000
37001
37003
37004
37006
37007
37008
37010
37011
37012
37014
37015
37016
37018
37019
37021
37022
37023
37026
37027
37028
37029
37030
37032
37033
37035
37036
37037
37038
37040
37044
37047
37049
37050
37054
37055
37056
37057
37058
37060
37061
37063
37064
37066
37068
37069
37070
37071
37073
37074
37078
37079
37081
37082
37083
37084
37085
37086
37088
37089
37090
37092
37093
37094
37096
37097
37098
37099
37100
37101
37102
37103
37104
37105
37108
37109
37110
37113
37114
37116
37117
37118
37119
37120
37122
37123
37124
37125
37126
37127
37128
37129
37131
37132
37133
37134
37135
37139
