0
9
11
21
23
38
50
52
54
63
69
84
94
102
107
108
112
113
114
126
127
130
135
141
143
144
145
146
148
151
158
162
163
164
168
179
185
188
200
204
206
213
218
226
232
235
247
256
257
258
263
265
275
279
290
300
302
303
318
319
326
328
336
344
371
381
388
393
395
396
418
421
427
441
464
466
469
480
489
510
512
521
522
526
535
541
565
585
589
601
602
605
616
625
640
642
649
651
656
659
674
675
676
678
681
683
684
686
687
689
690
691
692
693
694
695
696
697
700
701
702
703
705
707
708
709
711
712
713
714
715
716
717
718
719
720
722
724
725
726
727
728
729
730
731
732
734
735
736
738
741
742
744
745
746
747
748
749
750
752
754
755
756
757
758
759
760
762
767
768
769
771
773
775
777
779
781
782
784
787
788
790
792
797
798
801
802
804
805
807
809
810
811
812
813
814
816
818
819
820
821
822
823
824
825
827
830
831
833
834
835
836
837
840
841
842
844
845
846
849
852
853
858
859
862
863
868
873
875
876
880
881
883
885
886
888
890
892
895
896
897
898
899
904
906
907
909
911
915
919
921
922
923
924
928
930
931
932
933
938
940
942
945
946
948
953
954
956
957
958
961
962
965
966
968
971
972
973
974
977
979
984
985
986
987
989
990
991
992
994
995
996
999
1000
1001
1002
1003
1005
1006
1009
1010
1012
1013
1016
1018
1019
1024
1025
1027
1028
1030
1032
1034
1035
1044
1045
1050
1051
1052
1053
1054
1056
1057
1058
1059
1061
1062
1065
1066
1070
1073
1074
1075
1077
1078
1080
1081
1082
1083
1084
1086
1088
1089
1091
1093
1094
1097
1098
1100
1102
1108
1109
1111
1113
1115
1120
1123
1129
1131
1133
1134
1135
1136
1137
1138
1139
1142
1143
1144
1145
1149
1150
1151
1152
1154
1156
1157
1159
1160
1162
1164
1173
1174
1182
1183
1187
1194
1196
1198
1202
1203
1205
1206
1209
1211
1212
1213
1217
1219
1221
1223
1224
1225
1230
1231
1232
1234
1236
1244
1246
1249
1253
1257
1261
1262
1263
1265
1266
1268
1271
1272
1273
1274
1275
1277
1278
1279
1284
1287
1289
1291
1295
1296
1297
1299
1308
1310
1311
1319
1321
1322
1323
1326
1327
1330
1331
1333
1334
1335
1338
1339
1345
1349
1351
1353
1356
1358
1359
1362
1364
1366
1368
1375
1376
1378
1379
1382
1383
1384
1386
1387
1390
1392
1394
1396
1398
1399
1400
1401
1403
1404
1408
1410
1416
1425
1429
1433
1436
1437
1438
1439
1441
1448
1449
1451
1452
1455
1458
1460
1461
1462
1464
1465
1466
1472
1473
1474
1478
1480
1483
1484
1485
1487
1488
1489
1491
1494
1495
1497
1499
1501
1502
1503
1506
1507
1511
1512
1513
1516
1517
1520
1521
1522
1523
1524
1525
1527
1528
1530
1533
1534
1535
1536
1538
1539
1540
1541
1548
1550
1551
1552
1555
1557
1560
1561
1562
1563
1564
1566
1568
1569
1572
1575
1577
1579
1582
1583
1585
1590
1593
1596
1597
1599
1603
1606
1607
1608
1613
1614
1615
1618
1619
1622
1623
1626
1629
1630
1637
1639
1640
1641
1644
1651
1652
1659
1661
1662
1664
1665
1668
1670
1673
1679
1680
1682
1683
1686
1692
1693
1695
1698
1699
1700
1703
1709
1716
1720
1723
1726
1728
1732
1734
1735
1736
1737
1744
1745
1747
1748
1753
1759
1761
1762
1763
1765
1766
1767
1768
1770
1783
1794
1795
1797
1798
1799
1804
1806
1807
1813
1816
1819
1821
1825
1830
1831
1833
1835
1842
1844
1846
1851
1852
1856
1865
1871
1882
1888
1889
1892
1897
1903
1905
1907
1908
1909
1910
1916
1924
1930
1933
1934
1939
1940
1944
1945
1946
1955
1962
1963
1965
1966
1967
1969
1971
1973
1975
1978
1980
1981
1997
2004
2011
2012
2014
2016
2021
2023
2025
2026
2028
2029
2030
2032
2035
2046
2048
2052
2053
2054
2063
2064
2070
2074
2079
2082
2085
2087
2088
2090
2091
2095
2101
2108
2109
2111
2112
2113
2116
2122
2124
2125
2126
2136
2144
2146
2154
2166
2168
2171
2172
2174
2182
2183
2185
2201
2202
2211
2212
2223
2225
2229
2230
2237
2239
2240
2242
2244
2256
2258
2260
2261
2262
2271
2282
2283
2296
2298
2301
2303
2307
2311
2315
2326
2328
2329
2331
2333
2336
2338
2341
2348
2350
2353
2355
2356
2357
2358
2359
2362
2373
2374
2375
2379
2382
2387
2388
2391
2393
2394
2395
2396
2397
2399
2401
2405
2406
2407
2408
2410
2415
2416
2418
2420
2422
2424
2426
2430
2432
2435
2437
2438
2442
2443
2444
2445
2447
2449
2451
2452
2455
2457
2459
2462
2463
2464
2465
2466
2471
2477
2484
2486
2487
2488
2489
2490
2491
2492
2493
2494
2495
2498
2500
2501
2502
2503
2505
2506
2507
2509
2510
2511
2512
2513
2514
2515
2516
2517
2518
2519
2520
2521
2522
2523
2524
2525
2526
2528
2529
2530
2532
2533
2534
2536
2537
2538
2540
2541
2542
2543
2544
2545
2546
2547
2550
2552
2553
2556
2557
2558
2559
2560
2561
2562
2563
2564
2565
2568
2569
2570
2571
2572
2573
2574
2575
2576
2577
2578
2579
2580
2581
2582
2583
2584
2586
2588
2589
2590
2591
2592
2596
2597
2598
2599
2601
2602
2604
2605
2607
2608
2610
2611
2612
2613
2614
2615
2616
2617
2619
2620
2621
2623
2624
2626
2627
2628
2629
2630
2631
2633
2634
2636
2637
2638
2639
2641
2642
2643
2647
2648
2649
2650
2651
2652
2653
2655
2656
2658
2663
2664
2666
2668
2669
2670
2672
2675
2676
2677
2678
2679
2683
2684
2685
2686
2688
2689
2690
2691
2692
2693
2695
2696
2697
2698
2699
2700
2701
2702
2703
2704
2707
2708
2709
2711
2712
2713
2714
2715
2716
2717
2718
2719
2720
2721
2722
2724
2726
2727
2728
2729
2730
2733
2734
2736
2737
2738
2739
2740
2744
2746
2747
2748
2753
2755
2756
2758
2759
2760
2762
2763
2764
2765
2766
2768
2771
2773
2774
2775
2776
2777
2779
2780
2781
2782
2784
2786
2790
2791
2792
2795
2796
2797
2798
2800
2804
2805
2806
2807
2809
2811
2812
2813
2815
2816
2818
2819
2821
2822
2824
2825
2826
2829
2830
2833
2834
2837
2838
2841
2844
2846
2847
2848
2849
2850
2852
2853
2854
2855
2857
2858
2860
2861
2862
2865
2867
2869
2870
2871
2873
2882
2883
2884
2885
2886
2888
2894
2895
2896
2897
2898
2899
2900
2903
2904
2906
2907
2908
2911
2912
2913
2914
2915
2916
2917
2918
2919
2920
2922
2923
2924
2925
2928
2930
2934
2935
2938
2939
2942
2943
2944
2947
2949
2950
2951
2954
2957
2958
2959
2965
2967
2969
2973
2974
2975
2976
2977
2978
2980
2981
2984
2985
2986
2989
2990
2992
2993
2994
2995
2996
2998
3001
3002
3003
3004
3006
3007
3008
3009
3010
3011
3012
3013
3016
3018
3019
3020
3022
3023
3026
3029
3030
3033
3036
3037
3038
3040
3041
3042
3045
3046
3047
3048
3049
3052
3054
3055
3061
3063
3064
3066
3067
3068
3069
3070
3074
3075
3083
3088
3089
3092
3094
3099
3101
3104
3105
3106
3107
3108
3110
3111
3115
3120
3121
3123
3127
3132
3134
3138
3142
3147
3149
3154
3155
3156
3157
3162
3165
3167
3172
3173
3177
3179
3180
3183
3184
3188
3189
3190
3191
3192
3193
3195
3196
3200
3204
3205
3207
3210
3214
3215
3219
3220
3223
3225
3226
3227
3229
3230
3231
3232
3235
3236
3239
3240
3241
3243
3244
3246
3248
3250
3252
3253
3254
3257
3258
3261
3264
3265
3266
3268
3269
3270
3271
3272
3274
3276
3277
3278
3279
3280
3281
3282
3286
3287
3288
3290
3291
3293
3297
3299
3301
3304
3305
3307
3310
3311
3317
3318
3319
3322
3323
3324
3325
3326
3330
3332
3333
3334
3335
3337
3338
3340
3342
3343
3346
3349
3351
3353
3355
3358
3363
3364
3365
3370
3376
3377
3380
3381
3382
3384
3385
3386
3388
3389
3394
3398
3401
3407
3414
3415
3416
3418
3420
3421
3422
3423
3424
3425
3426
3427
3428
3430
3433
3434
3436
3438
3439
3440
3445
3446
3448
3454
3457
3459
3460
3461
3462
3463
3464
3465
3466
3467
3468
3473
3477
3481
3482
3483
3484
3485
3486
3488
3489
3490
3492
3493
3494
3496
3497
3501
3502
3503
3506
3511
3512
3514
3515
3517
3519
3520
3521
3522
3523
3525
3529
3530
3531
3532
3533
3534
3535
3536
3539
3540
3542
3543
3544
3545
3546
3548
3549
3550
3553
3555
3556
3557
3559
3560
3561
3562
3563
3572
3574
3575
3578
3581
3582
3583
3585
3588
3589
3593
3597
3599
3600
3602
3603
3608
3610
3612
3614
3616
3617
3618
3619
3621
3622
3623
3629
3630
3631
3633
3634
3635
3637
3638
3640
3641
3642
3643
3644
3647
3650
3651
3652
3653
3654
3657
3658
3660
3661
3663
3667
3669
3672
3674
3675
3676
3677
3678
3679
3682
3684
3687
3688
3691
3693
3694
3695
3696
3698
3699
3700
3702
3703
3705
3706
3707
3708
3710
3711
3712
3717
3720
3721
3722
3723
3724
3739
3740
3741
3744
3745
3751
3754
3768
3770
3771
3778
3782
3784
3789
3802
3804
3811
3816
3819
3823
3824
3828
3829
3830
3833
3838
3839
3840
3841
3849
3850
3854
3856
3858
3859
3860
3861
3867
3871
3872
3873
3875
3876
3879
3882
3890
3893
3894
3897
3899
3904
3908
3920
3921
3925
3927
3928
3933
3937
3938
3941
3946
3952
3953
3954
3975
3976
3977
3989
3993
3997
4004
4007
4008
4010
4021
4033
4040
4041
4045
4046
4057
4063
4066
4067
4070
4071
4072
4073
4077
4082
4083
4084
4095
4102
4109
4112
4114
4118
4131
4132
4136
4143
4148
4151
4157
4163
4167
4168
4170
4172
4175
4176
4180
4182
4183
4191
4195
4211
4213
4218
4219
4223
4227
4235
4237
4240
4247
4249
4253
4255
4259
4264
4266
4272
4275
4279
4287
4290
4304
4316
4323
4334
4338
4343
4347
4349
4361
4363
4368
4369
4382
4388
4389
4391
4392
4393
4394
4395
4397
4398
4399
4400
4401
4404
4405
4406
4407
4408
4409
4410
4411
4412
4414
4416
4417
4418
4419
4422
4423
4424
4425
4426
4427
4428
4429
4430
4431
4432
4433
4434
4435
4436
4437
4438
4439
4440
4441
4442
4443
4444
4445
4447
4448
4449
4451
4452
4455
4456
4458
4460
4461
4462
4463
4465
4466
4467
4468
4469
4471
4472
4473
4474
4476
4477
4478
4480
4481
4482
4483
4485
4486
4487
4489
4490
4493
4494
4495
4496
4497
4500
4502
4503
4505
4506
4507
4508
4509
4510
4511
4512
4513
4514
4515
4516
4520
4523
4524
4525
4526
4528
4529
4530
4532
4534
4535
4538
4539
4540
4544
4545
4547
4549
4550
4551
4552
4553
4558
4559
4560
4562
4563
4565
4566
4570
4572
4574
4575
4576
4577
4581
4582
4584
4585
4587
4589
4590
4591
4592
4593
4594
4596
4599
4602
4604
4605
4606
4607
4608
4609
4610
4611
4612
4613
4614
4615
4618
4620
4621
4623
4624
4626
4627
4629
4630
4631
4633
4634
4636
4637
4639
4641
4642
4643
4645
4646
4648
4653
4654
4656
4661
4662
4665
4667
4670
4671
4672
4673
4676
4679
4680
4681
4684
4685
4686
4691
4693
4695
4696
4698
4699
4700
4701
4702
4703
4704
4705
4708
4709
4710
4712
4713
4714
4716
4718
4721
4723
4724
4730
4731
4733
4734
4736
4737
4738
4740
4741
4743
4746
4748
4752
4753
4754
4755
4757
4758
4759
4762
4764
4765
4766
4767
4769
4772
4775
4778
4779
4780
4781
4783
4785
4786
4787
4788
4792
4793
4795
4796
4797
4798
4800
4801
4802
4803
4807
4810
4811
4812
4814
4815
4816
4817
4819
4820
4822
4824
4825
4826
4827
4828
4832
4833
4834
4837
4842
4844
4845
4846
4847
4848
4849
4850
4851
4853
4855
4856
4857
4859
4862
4863
4864
4865
4866
4868
4870
4871
4872
4874
4876
4878
4881
4883
4886
4887
4888
4889
4891
4892
4895
4897
4899
4901
4903
4906
4908
4909
4910
4913
4916
4918
4919
4921
4924
4929
4930
4931
4932
4935
4937
4938
4939
4942
4943
4944
4945
4947
4948
4949
4950
4951
4954
4955
4960
4963
4964
4966
4967
4968
4971
4972
4973
4974
4975
4976
4979
4980
4982
4984
4985
4986
4987
4989
4990
4991
4993
4995
4996
4997
4998
5000
5001
5009
5010
5011
5014
5020
5021
5022
5023
5024
5025
5026
5027
5030
5033
5034
5035
5037
5038
5039
5040
5041
5044
5045
5046
5047
5048
5049
5051
5052
5053
5056
5062
5063
5066
5067
5068
5070
5072
5073
5075
5077
5078
5080
5082
5083
5084
5085
5087
5088
5089
5090
5092
5094
5095
5097
5100
5101
5103
5105
5106
5108
5109
5110
5112
5114
5115
5117
5121
5122
5125
5128
5130
5133
5135
5138
5141
5142
5143
5144
5145
5147
5148
5151
5153
5157
5158
5159
5160
5162
5165
5168
5173
5175
5176
5180
5181
5183
5185
5187
5189
5191
5192
5193
5194
5196
5198
5200
5201
5202
5203
5204
5206
5208
5209
5211
5212
5213
5214
5218
5219
5221
5226
5227
5233
5234
5238
5239
5243
5244
5245
5246
5247
5249
5250
5252
5253
5254
5255
5256
5257
5260
5262
5264
5266
5269
5273
5274
5275
5276
5277
5278
5280
5281
5282
5283
5286
5288
5290
5291
5295
5297
5299
5300
5304
5307
5308
5311
5312
5313
5318
5320
5321
5323
5327
5328
5331
5332
5337
5341
5343
5344
5354
5356
5357
5358
5363
5365
5370
5371
5373
5378
5379
5382
5383
5384
5385
5387
5388
5391
5394
5396
5397
5399
5400
5401
5404
5405
5406
5407
5408
5409
5412
5414
5417
5419
5423
5427
5432
5434
5436
5437
5439
5440
5442
5443
5446
5450
5451
5453
5457
5459
5460
5461
5462
5464
5465
5466
5470
5473
5475
5476
5479
5480
5481
5482
5485
5487
5489
5490
5491
5492
5499
5501
5503
5507
5508
5509
5511
5512
5518
5519
5521
5522
5523
5525
5526
5527
5531
5532
5533
5535
5539
5542
5543
5545
5551
5552
5554
5560
5565
5567
5569
5572
5578
5585
5587
5590
5592
5594
5595
5596
5602
5604
5605
5606
5607
5610
5611
5615
5616
5620
5621
5622
5624
5626
5627
5630
5632
5633
5634
5636
5638
5642
5643
5644
5645
5646
5647
5648
5649
5651
5658
5660
5662
5664
5668
5672
5674
5675
5677
5679
5681
5683
5685
5686
5687
5689
5690
5692
5702
5705
5708
5709
5726
5730
5732
5735
5737
5739
5740
5742
5743
5744
5745
5747
5749
5752
5753
5755
5759
5760
5761
5762
5764
5766
5767
5771
5772
5781
5782
5783
5793
5794
5799
5802
5803
5807
5808
5810
5811
5812
5816
5818
5821
5822
5826
5827
5828
5829
5830
5833
5834
5841
5842
5843
5848
5853
5856
5857
5863
5864
5866
5869
5872
5873
5879
5883
5884
5886
5887
5889
5890
5891
5896
5898
5904
5907
5914
5917
5920
5923
5924
5928
5932
5933
5937
5941
5949
5951
5953
5958
5961
5965
5966
5969
5972
5975
5978
5980
5983
5986
5987
5989
5996
5997
5998
6000
6002
6004
6008
6012
6021
6024
6025
6028
6029
6031
6032
6033
6037
6041
6046
6049
6050
6051
6054
6055
6056
6061
6063
6064
6066
6070
6071
6075
6078
6079
6081
6084
6086
6088
6089
6091
6093
6095
6096
6102
6104
6105
6106
6107
6108
6109
6110
6111
6114
6115
6117
6121
6124
6125
6128
6129
6134
6135
6136
6137
6141
6142
6143
6144
6145
6146
6149
6150
6151
6156
6157
6158
6162
6165
6166
6167
6169
6170
6171
6177
6179
6199
6200
6201
6202
6203
6204
6205
6206
6207
6208
6209
6211
6212
6213
6216
6217
6218
6219
6220
6222
6223
6224
6226
6227
6228
6229
6230
6232
6233
6234
6235
6237
6238
6239
6240
6241
6242
6243
6244
6245
6246
6247
6248
6249
6251
6252
6253
6254
6255
6256
6257
6258
6259
6261
6262
6263
6264
6265
6266
6267
6268
6269
6270
6272
6273
6274
6275
6276
6277
6278
6279
6280
6281
6282
6283
6284
6285
6286
6287
6289
6290
6291
6293
6294
6295
6296
6297
6298
6299
6300
6301
6302
6303
6304
6307
6308
6309
6310
6311
6312
6313
6315
6316
6317
6318
6319
6320
6322
6324
6325
6326
6327
6328
6329
6330
6331
6332
6333
6334
6335
6337
6338
6340
6341
6342
6343
6344
6345
6346
6347
6348
6349
6350
6351
6353
6354
6355
6356
6357
6358
6359
6360
6361
6362
6364
6365
6368
6369
6370
6373
6374
6375
6377
6378
6380
6382
6383
6384
6386
6388
6390
6391
6392
6393
6395
6396
6397
6398
6399
6402
6403
6404
6405
6406
6407
6408
6409
6410
6411
6412
6413
6414
6415
6418
6420
6422
6425
6426
6429
6430
6431
6432
6434
6435
6437
6438
6439
6440
6442
6443
6444
6445
6447
6448
6449
6450
6451
6452
6453
6454
6456
6458
6459
6462
6467
6469
6472
6473
6474
6475
6476
6478
6479
6481
6483
6486
6487
6488
6489
6490
6491
6492
6493
6494
6497
6498
6499
6500
6501
6503
6504
6506
6509
6510
6511
6513
6514
6515
6523
6524
6525
6527
6529
6530
6532
6533
6534
6535
6536
6538
6539
6540
6541
6542
6543
6544
6545
6547
6548
6550
6551
6552
6555
6556
6557
6558
6559
6560
6561
6562
6563
6564
6566
6568
6569
6572
6573
6575
6576
6578
6579
6580
6583
6584
6585
6587
6590
6591
6594
6595
6596
6597
6598
6600
6602
6604
6608
6609
6610
6611
6612
6617
6618
6620
6622
6624
6625
6626
6627
6629
6631
6632
6633
6634
6635
6636
6637
6638
6639
6641
6642
6644
6648
6649
6651
6652
6653
6654
6655
6656
6657
6658
6659
6660
6661
6663
6666
6668
6671
6673
6674
6676
6678
6683
6687
6688
6690
6694
6695
6696
6697
6698
6700
6701
6702
6703
6704
6705
6706
6707
6708
6709
6710
6712
6715
6717
6722
6723
6725
6728
6730
6731
6732
6733
6734
6735
6739
6740
6741
6742
6744
6746
6747
6748
6749
6750
6751
6752
6754
6755
6756
6757
6759
6760
6761
6762
6764
6766
6767
6768
6769
6770
6771
6775
6776
6777
6781
6782
6783
6787
6792
6795
6796
6797
6802
6805
6806
6808
6809
6811
6813
6814
6816
6818
6819
6820
6821
6822
6825
6827
6830
6834
6835
6836
6837
6839
6840
6841
6842
6843
6845
6846
6848
6851
6852
6856
6863
6865
6868
6869
6870
6875
6876
6878
6879
6881
6882
6885
6886
6887
6888
6891
6894
6896
6897
6898
6899
6904
6906
6909
6911
6913
6914
6915
6918
6919
6920
6922
6924
6925
6926
6927
6928
6933
6934
6936
6937
6940
6941
6942
6946
6949
6953
6954
6956
6957
6962
6963
6966
6967
6968
6970
6972
6973
6975
6976
6978
6980
6981
6986
6987
6990
6992
6993
6994
6995
6996
6999
7002
7004
7005
7009
7011
7013
7014
7015
7016
7017
7020
7021
7023
7025
7026
7029
7030
7031
7032
7035
7040
7041
7043
7044
7046
7050
7051
7053
7054
7058
7063
7065
7072
7073
7074
7075
7076
7077
7078
7079
7080
7081
7082
7084
7085
7089
7091
7092
7094
7095
7096
7098
7099
7103
7106
7107
7108
7109
7110
7111
7112
7118
7121
7125
7126
7127
7130
7136
7137
7138
7139
7140
7141
7143
7144
7148
7150
7152
7153
7154
7156
7157
7160
7164
7168
7170
7171
7172
7173
7174
7175
7176
7179
7180
7181
7182
7186
7187
7188
7191
7195
7197
7199
7200
7202
7204
7206
7207
7208
7210
7211
7215
7216
7217
7220
7222
7226
7229
7231
7233
7234
7235
7237
7238
7243
7244
7245
7248
7251
7252
7253
7254
7257
7258
7259
7264
7266
7267
7269
7270
7272
7273
7275
7276
7277
7279
7282
7284
7285
7288
7291
7292
7295
7298
7299
7302
7306
7308
7309
7313
7314
7315
7316
7317
7319
7320
7321
7322
7324
7326
7328
7330
7331
7332
7336
7337
7339
7342
7343
7347
7348
7349
7351
7354
7356
7357
7358
7361
7367
7371
7372
7379
7381
7383
7384
7385
7386
7387
7388
7389
7390
7391
7393
7396
7398
7401
7402
7404
7405
7406
7407
7408
7410
7411
7412
7413
7414
7416
7417
7419
7420
7421
7422
7424
7426
7427
7429
7434
7440
7452
7454
7457
7460
7461
7465
7467
7471
7472
7482
7484
7485
7486
7487
7494
7503
7522
7529
7531
7533
7540
7541
7544
7548
7549
7554
7556
7558
7563
7564
7566
7571
7573
7579
7583
7586
7587
7590
7592
7600
7611
7634
7636
7641
7649
7655
7666
7671
7682
7714
7721
7731
7786
7825
7858
7862
7882
7887
7894
7895
7914
7916
7927
7930
7936
7937
7939
7954
7955
7959
7962
7983
7990
8004
8006
8015
8029
8047
8057
8070
8071
8077
8086
8092
8093
8099
8102
8103
8104
8105
8108
8109
8110
8111
8112
8113
8115
8116
8117
8118
8119
8120
8122
8125
8126
8127
8128
8130
8133
8134
8136
8137
8138
8139
8140
8141
8142
8143
8144
8145
8146
8147
8148
8149
8150
8152
8153
8154
8156
8157
8161
8163
8166
8169
8170
8172
8174
8176
8177
8180
8184
8186
8187
8192
8196
8197
8200
8201
8202
8203
8204
8206
8207
8209
8211
8213
8217
8219
8221
8222
8223
8226
8229
8230
8231
8232
8233
8235
8236
8237
8240
8242
8244
8247
8248
8252
8253
8256
8258
8261
8263
8264
8265
8269
8270
8272
8274
8277
8284
8286
8289
8290
8293
8296
8297
8298
8303
8308
8309
8312
8318
8319
8320
8321
8323
8324
8327
8328
8329
8331
8332
8334
8335
8340
8344
8347
8350
8353
8359
8360
8361
8365
8367
8369
8373
8374
8375
8378
8382
8384
8393
8394
8399
8400
8404
8410
8411
8413
8415
8416
8417
8418
8419
8420
8422
8423
8428
8429
8430
8431
8433
8434
8436
8437
8439
8440
8442
8443
8444
8446
8454
8455
8460
8466
8469
8472
8473
8474
8478
8479
8480
8483
8484
8489
8490
8492
8494
8495
8497
8500
8501
8506
8507
8509
8515
8517
8521
8525
8526
8528
8530
8531
8535
8536
8539
8541
8548
8550
8551
8562
8563
8564
8567
8571
8573
8581
8583
8585
8587
8590
8592
8597
8601
8602
8605
8613
8616
8622
8624
8625
8628
8633
8634
8635
8637
8641
8645
8647
8648
8651
8656
8661
8664
8669
8671
8673
8677
8678
8681
8685
8690
8693
8694
8697
8699
8700
8702
8704
8705
8711
8715
8716
8717
8723
8725
8728
8730
8738
8739
8740
8747
8748
8750
8751
8753
8754
8755
8757
8758
8760
8761
8763
8766
8767
8770
8776
8778
8779
8781
8786
8792
8796
8801
8802
8806
8807
8808
8809
8811
8814
8815
8817
8819
8821
8825
8826
8831
8832
8834
8835
8836
8843
8844
8856
8860
8862
8864
8867
8870
8872
8873
8874
8875
8876
8877
8883
8889
8893
8894
8895
8896
8898
8903
8906
8915
8916
8917
8927
8928
8929
8930
8935
8937
8938
8939
8940
8941
8947
8948
8952
8955
8959
8960
8961
8963
8966
8970
8978
8980
8982
8983
8987
8989
8990
8991
8995
8997
9000
9004
9005
9007
9008
9009
9011
9013
9015
9018
9021
9027
9030
9031
9032
9033
9035
9039
9042
9043
9049
9054
9059
9061
9064
9065
9066
9068
9069
9070
9072
9086
9098
9100
9101
9103
9105
9110
9112
9113
9114
9118
9119
9120
9121
9125
9126
9128
9132
9137
9138
9147
9149
9151
9155
9156
9157
9160
9164
9168
9172
9174
9175
9176
9178
9182
9187
9193
9195
9196
9198
9201
9203
9204
9206
9209
9223
9224
9228
9232
9235
9237
9238
9240
9246
9247
9250
9261
9267
9269
9270
9274
9276
9279
9282
9297
9299
9300
9301
9303
9305
9310
9312
9318
9319
9325
9332
9334
9335
9338
9344
9348
9349
9351
9352
9357
9358
9362
9365
9367
9370
9372
9376
9378
9380
9383
9385
9389
9393
9394
9395
9399
9401
9403
9406
9408
9409
9413
9414
9415
9419
9423
9425
9434
9435
9439
9440
9442
9444
9449
9451
9453
9454
9456
9464
9471
9474
9475
9499
9507
9513
9530
9536
9540
9541
9548
9549
9553
9557
9561
9567
9574
9585
9591
9594
9595
9597
9600
9601
9613
9629
9632
9634
9636
9638
9640
9651
9652
9658
9667
9672
9681
9686
9688
9689
9691
9693
9695
9701
9702
9703
9706
9707
9710
9711
9717
9719
9725
9726
9730
9737
9743
9747
9748
9756
9757
9768
9769
9771
9774
9775
9779
9785
9792
9795
9803
9813
9814
9815
9816
9817
9819
9821
9822
9825
9827
9829
9830
9831
9835
9842
9846
9847
9851
9856
9857
9858
9860
9861
9862
9863
9866
9871
9872
9873
9880
9883
9884
9885
9888
9889
9890
9899
9905
9907
9915
9917
9918
9919
9920
9922
9924
9926
9927
9929
9930
9932
9933
9934
9935
9937
9938
9939
9940
9941
9942
9943
9946
9947
9948
9949
9950
9951
9952
9953
9954
9956
9957
9958
9960
9961
9962
9963
9965
9967
9969
9970
9971
9972
9975
9976
9977
9978
9980
9981
9982
9983
9984
9985
9986
9987
9988
9989
9990
9992
9994
9995
9997
9998
9999
10000
10001
10002
10003
10005
10007
10008
10009
10010
10011
10012
10014
10015
10016
10017
10018
10019
10020
10021
10023
10024
10025
10026
10027
10029
10030
10032
10033
10036
10038
10039
10040
10042
10043
10044
10045
10047
10048
10049
10051
10052
10054
10055
10056
10057
10059
10061
10062
10063
10064
10065
10067
10069
10070
10071
10072
10073
10074
10076
10078
10079
10080
10081
10082
10083
10087
10089
10092
10095
10096
10097
10098
10100
10101
10104
10105
10106
10107
10108
10109
10111
10112
10113
10114
10115
10117
10118
10119
10120
10121
10123
10125
10126
10127
10128
10129
10130
10131
10133
10134
10137
10139
10140
10144
10145
10146
10147
10148
10152
10156
10157
10158
10159
10160
10161
10162
10163
10165
10166
10168
10170
10171
10172
10173
10174
10175
10176
10177
10178
10181
10183
10186
10187
10188
10190
10192
10193
10194
10195
10199
10201
10202
10204
10207
10208
10209
10211
10212
10214
10218
10219
10220
10223
10224
10225
10228
10229
10231
10233
10234
10238
10241
10243
10244
10245
10249
10250
10252
10253
10254
10257
10258
10260
10261
10263
10264
10265
10266
10267
10269
10270
10273
10278
10280
10281
10282
10283
10284
10285
10287
10288
10289
10293
10294
10295
10296
10297
10298
10301
10302
10304
10311
10314
10315
10316
10318
10322
10324
10325
10326
10329
10330
10331
10332
10334
10335
10337
10338
10339
10341
10343
10345
10346
10347
10348
10350
10351
10354
10356
10358
10359
10361
10363
10365
10366
10367
10368
10370
10371
10373
10374
10378
10382
10385
10387
10397
10399
10402
10403
10404
10405
10407
10408
10409
10412
10413
10414
10416
10417
10421
10422
10426
10429
10431
10432
10434
10436
10438
10439
10441
10443
10444
10446
10447
10450
10451
10452
10458
10460
10461
10463
10465
10466
10468
10470
10474
10475
10476
10477
10478
10483
10484
10485
10487
10488
10489
10491
10493
10495
10497
10502
10506
10510
10511
10515
10516
10517
10522
10523
10526
10527
10529
10531
10532
10534
10535
10536
10538
10539
10547
10548
10551
10555
10556
10560
10562
10566
10568
10577
10578
10582
10584
10585
10586
10590
10591
10592
10595
10596
10598
10600
10601
10605
10607
10608
10613
10616
10618
10619
10620
10623
10624
10626
10627
10628
10630
10632
10633
10636
10638
10639
10641
10647
10648
10653
10660
10662
10664
10665
10668
10670
10674
10675
10676
10677
10679
10681
10682
10683
10684
10685
10686
10687
10689
10693
10695
10697
10699
10702
10704
10706
10707
10709
10710
10711
10712
10713
10714
10715
10716
10718
10719
10721
10722
10725
10727
10729
10730
10733
10734
10736
10739
10744
10745
10749
10750
10751
10753
10756
10757
10760
10763
10765
10771
10772
10777
10779
10784
10786
10789
10790
10792
10798
10800
10805
10809
10812
10813
10816
10820
10826
10827
10834
10835
10840
10841
10843
10844
10845
10846
10847
10849
10850
10853
10854
10858
10861
10862
10863
10864
10865
10874
10875
10878
10882
10883
10885
10887
10888
10889
10890
10891
10892
10893
10894
10895
10896
10899
10900
10901
10903
10905
10908
10909
10910
10911
10913
10914
10915
10916
10917
10918
10919
10920
10921
10930
10931
10932
10933
10934
10937
10940
10941
10942
10943
10945
10946
10948
10949
10951
10952
10958
10959
10960
10963
10964
10965
10967
10968
10971
10972
10973
10976
10978
10979
10980
10981
10984
10985
10989
10990
10996
10997
10998
10999
11003
11005
11009
11012
11013
11015
11020
11021
11024
11027
11028
11030
11031
11034
11036
11037
11038
11043
11046
11048
11050
11051
11056
11057
11060
11062
11065
11067
11068
11070
11071
11078
11079
11080
11081
11085
11086
11087
11093
11094
11095
11096
11097
11100
11101
11102
11105
11107
11110
11116
11119
11122
11124
11126
11127
11130
11133
11134
11140
11144
11145
11146
11164
11166
11170
11171
11174
11187
11192
11193
11196
11197
11198
11199
11200
11212
11228
11232
11236
11239
11244
11249
11250
11254
11257
11259
11266
11268
11269
11270
11272
11275
11277
11281
11284
11287
11288
11291
11299
11300
11303
11308
11312
11316
11321
11324
11325
11339
11344
11348
11355
11356
11364
11365
11368
11374
11380
11382
11387
11388
11398
11400
11407
11409
11411
11414
11438
11443
11446
11471
11478
11480
11481
11483
11487
11491
11499
11500
11503
11505
11512
11518
11528
11534
11540
11546
11560
11561
11568
11569
11578
11582
11584
11603
11604
11607
11625
11626
11633
11648
11649
11650
11653
11659
11661
11677
11678
11688
11694
11696
11697
11698
11703
11704
11706
11710
11718
11725
11733
11741
11743
11757
11762
11769
11774
11778
11788
11794
11796
11805
11806
11810
11811
11812
11816
11817
11818
11819
11821
11822
11823
11824
11825
11826
11827
11829
11830
11832
11833
11834
11835
11836
11837
11838
11839
11840
11841
11842
11843
11844
11845
11846
11847
11849
11850
11851
11852
11853
11854
11855
11856
11857
11858
11859
11860
11861
11862
11864
11866
11867
11868
11869
11870
11872
11876
11877
11879
11880
11881
11883
11884
11885
11888
11889
11890
11892
11894
11898
11900
11901
11902
11903
11904
11905
11909
11910
11915
11916
11918
11920
11921
11923
11924
11925
11928
11930
11931
11934
11938
11940
11942
11943
11944
11947
11948
11949
11950
11951
11953
11954
11956
11957
11958
11963
11964
11965
11966
11973
11974
11975
11977
11978
11979
11981
11984
11985
11986
11987
11988
11991
11992
11993
11994
11995
12000
12002
12004
12005
12006
12007
12010
12013
12015
12016
12017
12018
12021
12022
12023
12025
12026
12029
12031
12033
12034
12035
12036
12039
12040
12043
12044
12051
12056
12057
12058
12059
12060
12061
12069
12070
12073
12074
12077
12078
12080
12081
12082
12084
12085
12092
12093
12094
12096
12098
12100
12101
12104
12106
12107
12108
12109
12113
12114
12116
12117
12119
12121
12123
12124
12125
12127
12129
12130
12133
12134
12135
12136
12137
12139
12140
12141
12144
12146
12149
12151
12152
12153
12155
12157
12158
12159
12161
12166
12169
12170
12174
12177
12179
12181
12182
12183
12185
12186
12187
12194
12197
12198
12203
12204
12206
12208
12215
12216
12218
12221
12225
12226
12228
12230
12231
12235
12239
12240
12242
12243
12244
12245
12247
12250
12253
12254
12258
12263
12265
12267
12268
12273
12276
12277
12278
12279
12282
12284
12285
12288
12289
12292
12294
12298
12299
12300
12302
12303
12304
12305
12306
12307
12308
12309
12316
12319
12320
12322
12324
12327
12332
12333
12338
12339
12340
12341
12342
12345
12346
12347
12349
12351
12352
12353
12358
12360
12361
12362
12363
12365
12371
12372
12374
12375
12376
12379
12381
12382
12383
12386
12387
12392
12394
12395
12399
12400
12401
12402
12403
12404
12406
12407
12408
12410
12413
12414
12415
12418
12421
12423
12424
12429
12437
12441
12443
12445
12452
12454
12463
12465
12466
12467
12469
12470
12472
12473
12474
12476
12477
12481
12482
12485
12489
12490
12496
12498
12499
12501
12504
12505
12506
12509
12510
12511
12513
12516
12517
12518
12520
12524
12525
12527
12530
12532
12535
12536
12538
12540
12542
12543
12546
12550
12558
12559
12560
12563
12568
12572
12573
12578
12579
12581
12583
12587
12588
12591
12592
12593
12600
12601
12602
12603
12604
12605
12607
12608
12609
12611
12614
12617
12619
12620
12621
12623
12629
12630
12632
12636
12637
12642
12643
12644
12645
12646
12647
12648
12649
12654
12655
12656
12659
12665
12666
12669
12670
12672
12677
12679
12682
12693
12694
12695
12697
12698
12700
12701
12703
12710
12711
12714
12716
12718
12719
12721
12723
12733
12735
12736
12744
12748
12749
12750
12751
12758
12759
12761
12762
12765
12769
12772
12777
12780
12782
12784
12793
12801
12807
12809
12810
12813
12814
12815
12817
12818
12819
12822
12824
12826
12832
12834
12835
12838
12841
12848
12851
12853
12857
12859
12862
12865
12867
12868
12870
12871
12874
12876
12878
12885
12889
12890
12892
12893
12901
12902
12903
12907
12908
12909
12910
12911
12912
12915
12917
12923
12929
12930
12938
12940
12946
12951
12953
12954
12961
12963
12964
12965
12970
12976
12980
12982
12986
12996
12998
13017
13018
13024
13029
13031
13032
13033
13036
13044
13047
13049
13053
13055
13058
13060
13066
13075
13079
13081
13082
13084
13086
13087
13097
13102
13103
13107
13112
13113
13115
13117
13123
13124
13133
13134
13139
13145
13146
13147
13148
13153
13154
13156
13158
13159
13163
13165
13168
13170
13172
13179
13180
13185
13188
13189
13192
13197
13199
13205
13206
13211
13222
13223
13230
13231
13239
13244
13248
13255
13257
13258
13260
13263
13265
13274
13275
13281
13288
13290
13292
13294
13297
13298
13308
13311
13320
13323
13333
13335
13336
13344
13348
13350
13353
13354
13363
13365
13367
13369
13370
13377
13378
13379
13381
13382
13386
13389
13390
13393
13394
13395
13402
13404
13406
13407
13415
13418
13424
13426
13435
13439
13440
13441
13444
13446
13449
13459
13461
13467
13471
13473
13483
13490
13491
13492
13493
13498
13499
13500
13504
13508
13517
13521
13524
13529
13530
13531
13535
13536
13538
13542
13545
13548
13549
13553
13554
13557
13560
13562
13564
13565
13568
13569
13574
13576
13578
13580
13585
13586
13590
13593
13597
13599
13601
13603
13605
13616
13621
13625
13627
13629
13630
13631
13632
13634
13635
13636
13637
13643
13645
13646
13647
13648
13649
13651
13652
13653
13654
13655
13656
13657
13660
13661
13662
13663
13666
13667
13668
13670
13671
13672
13673
13674
13675
13676
13678
13680
13681
13682
13683
13684
13685
13686
13688
13689
13690
13692
13694
13695
13696
13697
13698
13700
13701
13703
13706
13707
13710
13711
13713
13714
13715
13716
13717
13718
13719
13722
13723
13724
13725
13726
13727
13732
13733
13734
13736
13737
13738
13739
13740
13741
13743
13744
13745
13746
13747
13748
13749
13750
13751
13752
13754
13755
13756
13757
13758
13759
13761
13762
13763
13765
13766
13768
13769
13770
13771
13773
13774
13775
13776
13777
13778
13780
13781
13782
13783
13784
13786
13787
13788
13789
13790
13792
13793
13794
13795
13796
13797
13798
13800
13801
13803
13806
13807
13809
13810
13811
13812
13813
13814
13817
13818
13820
13821
13822
13823
13825
13826
13827
13828
13829
13830
13831
13832
13833
13835
13836
13839
13842
13843
13844
13845
13846
13848
13851
13852
13853
13854
13855
13858
13859
13860
13863
13865
13866
13867
13871
13872
13873
13875
13877
13879
13880
13882
13883
13884
13885
13886
13888
13889
13891
13892
13897
13900
13902
13903
13904
13905
13906
13907
13909
13910
13911
13912
13915
13916
13918
13919
13921
13922
13923
13924
13926
13928
13929
13930
13933
13939
13942
13944
13947
13948
13952
13953
13954
13955
13957
13958
13961
13963
13964
13967
13968
13970
13971
13972
13974
13975
13976
13979
13981
13984
13985
13986
13987
13988
13990
13991
13994
13996
13997
13999
14000
14001
14003
14007
14009
14010
14012
14013
14015
14018
14020
14021
14025
14026
14027
14028
14029
14032
14033
14034
14035
14036
14037
14038
14040
14043
14044
14045
14046
14048
14049
14052
14055
14056
14057
14061
14062
14070
14072
14076
14077
14078
14079
14080
14081
14083
14084
14085
14086
14089
14091
14092
14094
14096
14099
14100
14101
14104
14110
14111
14112
14115
14116
14122
14124
14126
14128
14130
14131
14134
14135
14136
14139
14143
14145
14146
14148
14150
14152
14154
14156
14158
14160
14161
14162
14164
14165
14167
14168
14170
14171
14175
14177
14178
14180
14184
14185
14187
14189
14190
14191
14197
14201
14202
14203
14205
14208
14209
14211
14221
14224
14228
14229
14230
14236
14237
14241
14243
14244
14245
14246
14248
14249
14250
14252
14253
14255
14257
14258
14262
14263
14265
14266
14267
14268
14269
14270
14272
14273
14276
14280
14281
14282
14287
14291
14292
14293
14295
14296
14298
14301
14304
14306
14307
14309
14312
14313
14314
14315
14316
14319
14320
14321
14322
14327
14329
14332
14337
14341
14342
14349
14355
14361
14362
14365
14367
14378
14382
14383
14387
14389
14390
14394
14395
14396
14398
14399
14403
14404
14406
14407
14408
14410
14411
14413
14419
14420
14424
14426
14428
14429
14430
14431
14432
14433
14435
14437
14440
14441
14443
14444
14448
14454
14457
14459
14460
14464
14466
14467
14470
14471
14473
14474
14476
14479
14482
14484
14485
14486
14488
14492
14493
14495
14505
14506
14507
14508
14512
14513
14517
14518
14519
14520
14521
14522
14525
14526
14527
14530
14531
14534
14535
14538
14540
14543
14544
14546
14547
14548
14549
14551
14554
14555
14556
14558
14560
14563
14564
14567
14568
14569
14572
14575
14577
14581
14584
14586
14587
14588
14589
14592
14593
14596
14599
14600
14603
14604
14605
14608
14609
14610
14613
14614
14615
14616
14617
14619
14623
14625
14626
14627
14628
14629
14634
14636
14637
14639
14643
14644
14647
14650
14653
14654
14656
14657
14658
14659
14660
14661
14663
14665
14666
14667
14671
14672
14673
14674
14676
14677
14678
14679
14680
14681
14682
14685
14686
14688
14690
14691
14692
14695
14697
14698
14701
14703
14705
14708
14710
14711
14712
14714
14716
14719
14720
14722
14723
14726
14729
14730
14731
14735
14738
14741
14742
14743
14744
14745
14747
14750
14751
14752
14754
14756
14758
14759
14760
14765
14766
14769
14770
14771
14773
14774
14776
14777
14782
14784
14785
14786
14789
14794
14797
14798
14799
14800
14801
14802
14803
14804
14807
14808
14811
14816
14817
14818
14819
14820
14823
14824
14825
14830
14833
14836
14837
14838
14840
14841
14842
14847
14849
14851
14852
14854
14855
14858
14861
14862
14870
14886
14896
14899
14905
14915
14918
14919
14925
14926
14936
14937
14946
14952
14956
14958
14959
14964
14967
14969
14970
14972
14973
14974
14977
14979
14993
14995
14996
14997
14998
15000
15001
15002
15013
15014
15015
15041
15042
15056
15062
15077
15078
15098
15125
15127
15135
15146
15147
15149
15156
15158
15178
15183
15205
15218
15219
15236
15239
15259
15283
15290
15298
15306
15321
15323
15329
15336
15340
15341
15350
15355
15374
15379
15380
15385
15391
15392
15401
15411
15415
15418
15424
15443
15445
15453
15472
15475
15484
15487
15516
15524
15528
15533
15535
15539
15540
15542
15543
15546
15547
15548
15549
15550
15551
15552
15553
15554
15555
15557
15558
15559
15561
15562
15565
15566
15567
15569
15570
15571
15578
15580
15581
15582
15583
15584
15585
15586
15588
15589
15591
15594
15595
15598
15599
15602
15603
15604
15606
15607
15608
15613
15614
15615
15618
15619
15620
15622
15623
15624
15625
15626
15629
15631
15634
15635
15636
15637
15638
15640
15641
15643
15644
15645
15647
15656
15658
15659
15660
15661
15663
15665
15670
15671
15672
15674
15675
15676
15679
15680
15682
15684
15685
15687
15688
15689
15690
15691
15692
15693
15694
15695
15698
15700
15702
15714
15717
15719
15720
15724
15729
15731
15732
15736
15737
15744
15747
15748
15750
15751
15752
15755
15756
15757
15760
15762
15767
15772
15775
15780
15782
15787
15789
15790
15793
15794
15796
15798
15800
15801
15802
15803
15804
15805
15809
15818
15821
15822
15827
15828
15830
15833
15838
15841
15843
15844
15846
15847
15848
15850
15852
15853
15854
15856
15858
15859
15860
15864
15865
15867
15869
15872
15874
15875
15876
15883
15885
15888
15896
15898
15899
15901
15904
15906
15911
15914
15915
15917
15920
15922
15923
15927
15930
15935
15938
15939
15951
15952
15953
15954
15956
15957
15958
15959
15965
15967
15969
15971
15973
15975
15978
15979
15981
15985
15986
15987
15991
15993
16001
16002
16006
16010
16012
16013
16014
16015
16017
16018
16019
16020
16024
16028
16030
16033
16034
16046
16047
16054
16056
16058
16062
16063
16066
16069
16072
16073
16079
16084
16089
16090
16091
16092
16093
16095
16104
16105
16107
16109
16113
16116
16117
16118
16121
16122
16123
16124
16129
16132
16135
16137
16139
16142
16145
16151
16152
16154
16162
16164
16166
16169
16170
16173
16177
16179
16180
16181
16182
16183
16184
16186
16187
16188
16193
16195
16196
16198
16199
16209
16210
16211
16213
16220
16221
16222
16224
16225
16226
16230
16231
16237
16238
16242
16244
16245
16249
16252
16254
16256
16257
16258
16259
16262
16266
16267
16268
16272
16285
16286
16288
16292
16293
16295
16297
16304
16305
16306
16307
16315
16317
16322
16324
16325
16326
16327
16328
16333
16334
16335
16338
16339
16342
16344
16345
16353
16354
16356
16357
16360
16363
16368
16369
16373
16374
16380
16382
16383
16387
16389
16391
16392
16395
16400
16407
16411
16412
16413
16414
16416
16417
16418
16419
16423
16424
16426
16427
16428
16430
16433
16435
16440
16446
16449
16450
16451
16452
16454
16455
16456
16459
16461
16466
16473
16478
16480
16481
16482
16483
16485
16490
16491
16492
16493
16498
16500
16507
16511
16523
16525
16526
16529
16531
16535
16538
16543
16547
16550
16553
16554
16555
16556
16559
16560
16561
16565
16570
16571
16574
16576
16578
16579
16584
16585
16587
16588
16593
16594
16596
16602
16603
16608
16615
16617
16619
16623
16626
16639
16643
16647
16653
16654
16655
16661
16663
16673
16674
16675
16683
16689
16700
16703
16707
16710
16718
16731
16738
16740
16742
16744
16745
16747
16748
16764
16768
16769
16774
16782
16789
16790
16791
16793
16795
16802
16804
16809
16811
16817
16823
16825
16833
16834
16836
16842
16843
16853
16868
16872
16877
16881
16884
16885
16887
16890
16894
16901
16902
16903
16911
16912
16914
16916
16917
16919
16922
16935
16938
16943
16946
16949
16950
16953
16964
16968
16972
16973
16981
16991
16992
17000
17002
17004
17006
17009
17018
17022
17024
17025
17028
17030
17041
17057
17063
17068
17074
17086
17095
17100
17103
17108
17110
17121
17136
17138
17139
17142
17144
17147
17149
17153
17154
17158
17162
17165
17171
17173
17175
17176
17184
17185
17187
17190
17191
17195
17197
17201
17202
17206
17208
17212
17213
17216
17220
17221
17222
17234
17237
17238
17239
17243
17244
17247
17249
17250
17253
17259
17262
17263
17266
17270
17271
17276
17278
17284
17286
17289
17291
17293
17295
17296
17299
17300
17311
17317
17318
17321
17330
17338
17340
17342
17343
17344
17345
17346
17347
17348
17349
17350
17351
17352
17355
17357
17358
17359
17361
17362
17363
17365
17366
17367
17368
17369
17370
17371
17373
17374
17376
17377
17378
17380
17381
17382
17384
17385
17386
17387
17388
17389
17390
17392
17393
17394
17395
17396
17398
17399
17400
17402
17403
17405
17406
17407
17408
17409
17410
17411
17412
17413
17414
17415
17416
17417
17418
17419
17420
17421
17422
17423
17424
17425
17426
17429
17431
17432
17433
17435
17436
17437
17438
17439
17441
17442
17443
17444
17446
17447
17449
17450
17451
17452
17453
17454
17455
17457
17458
17460
17461
17463
17465
17466
17467
17468
17469
17470
17472
17473
17474
17476
17477
17478
17479
17480
17482
17483
17484
17486
17487
17488
17489
17490
17491
17492
17493
17494
17495
17497
17498
17500
17502
17503
17504
17507
17509
17510
17511
17512
17514
17516
17517
17519
17520
17521
17522
17524
17526
17528
17531
17532
17533
17534
17536
17537
17538
17539
17540
17541
17542
17544
17545
17547
17549
17551
17553
17554
17555
17556
17557
17559
17561
17562
17565
17567
17568
17572
17574
17575
17576
17579
17580
17582
17583
17584
17587
17589
17590
17591
17592
17593
17594
17595
17597
17598
17602
17603
17604
17605
17609
17611
17614
17616
17622
17623
17628
17629
17630
17631
17632
17633
17639
17640
17641
17643
17644
17646
17651
17656
17658
17659
17661
17662
17667
17669
17670
17672
17674
17676
17678
17679
17680
17681
17682
17685
17686
17687
17689
17692
17693
17694
17695
17698
17705
17706
17708
17710
17711
17721
17722
17723
17724
17725
17726
17727
17728
17729
17737
17738
17739
17742
17743
17744
17745
17746
17748
17751
17753
17754
17756
17757
17758
17760
17761
17762
17763
17765
17768
17769
17771
17773
17774
17775
17776
17779
17780
17782
17783
17784
17785
17786
17790
17794
17795
17797
17798
17799
17802
17803
17805
17809
17812
17814
17818
17822
17827
17829
17831
17835
17836
17837
17838
17839
17840
17841
17842
17844
17845
17846
17847
17848
17849
17850
17854
17857
17859
17860
17862
17864
17871
17872
17874
17875
17876
17878
17879
17886
17888
17889
17891
17892
17893
17894
17896
17897
17898
17900
17901
17902
17904
17905
17906
17909
17911
17912
17919
17921
17923
17924
17925
17929
17932
17945
17948
17949
17950
17951
17955
17957
17962
17963
17966
17971
17975
17977
17982
17983
17984
17986
17990
17994
17995
17996
17998
18001
18006
18007
18009
18010
18013
18014
18015
18017
18018
18020
18022
18028
18029
18030
18036
18043
18044
18045
18047
18051
18052
18053
18054
18056
18060
18063
18064
18066
18070
18075
18076
18080
18088
18090
18092
18095
18096
18097
18098
18099
18104
18105
18107
18110
18111
18112
18113
18117
18118
18121
18122
18123
18124
18125
18127
18129
18132
18133
18134
18138
18142
18143
18144
18146
18147
18148
18150
18151
18154
18155
18160
18161
18164
18167
18173
18179
18180
18181
18185
18192
18194
18195
18196
18198
18199
18203
18206
18207
18210
18212
18213
18214
18215
18216
18219
18221
18226
18231
18237
18238
18240
18241
18245
18248
18254
18255
18257
18259
18261
18262
18263
18264
18269
18270
18271
18272
18279
18281
18283
18285
18286
18291
18295
18301
18302
18304
18306
18307
18309
18312
18313
18314
18315
18316
18320
18321
18322
18323
18325
18326
18328
18330
18333
18334
18338
18346
18348
18351
18353
18356
18357
18362
18364
18366
18367
18368
18370
18372
18373
18375
18377
18384
18385
18386
18388
18392
18393
18395
18396
18398
18400
18401
18402
18404
18405
18409
18410
18411
18412
18413
18414
18415
18416
18417
18418
18424
18425
18426
18428
18430
18433
18434
18436
18437
18440
18441
18443
18445
18448
18449
18456
18457
18458
18459
18461
18466
18468
18470
18473
18477
18478
18479
18480
18484
18485
18487
18488
18489
18490
18493
18496
18497
18498
18499
18500
18501
18503
18505
18506
18508
18511
18513
18514
18522
18526
18527
18528
18530
18531
18532
18533
18535
18538
18540
18544
18546
18547
18548
18550
18552
18553
18554
18555
18556
18557
18562
18563
18564
18567
18568
18569
18571
18575
18588
18589
18592
18598
18602
18603
18604
18606
18611
18615
18624
18629
18638
18645
18647
18648
18658
18660
18667
18669
18678
18679
18682
18685
18686
18687
18692
18694
18697
18698
18700
18704
18708
18712
18713
18714
18715
18717
18722
18733
18738
18746
18776
18807
18828
18830
18835
18845
18846
18847
18848
18854
18868
18874
18878
18897
18902
18924
18925
18929
18940
18942
18944
18950
18969
18980
18981
18985
18987
18991
18997
19014
19028
19041
19052
19053
19055
19067
19069
19072
19078
19079
19084
19087
19091
19095
19098
19103
19105
19106
19109
19119
19128
19147
19153
19157
19161
19162
19165
19181
19199
19203
19206
19223
19228
19230
19240
19241
19244
19247
19248
19249
19251
19252
19253
19254
19256
19257
19258
19259
19260
19261
19262
19263
19264
19266
19267
19270
19271
19272
19273
19274
19275
19278
19280
19281
19282
19283
19284
19285
19286
19287
19288
19289
19290
19292
19293
19294
19295
19296
19297
19298
19299
19300
19301
19302
19304
19305
19307
19308
19309
19311
19312
19314
19316
19317
19319
19320
19323
19324
19327
19328
19329
19330
19334
19336
19338
19339
19340
19341
19343
19344
19345
19346
19347
19348
19349
19351
19352
19353
19354
19357
19358
19359
19364
19365
19367
19368
19369
19370
19375
19376
19377
19378
19379
19380
19381
19382
19383
19388
19389
19390
19391
19394
19398
19400
19403
19406
19407
19409
19412
19414
19416
19417
19418
19419
19420
19423
19426
19428
19430
19431
19432
19433
19434
19435
19438
19439
19440
19445
19447
19450
19451
19453
19455
19458
19459
19462
19464
19465
19467
19469
19471
19472
19473
19475
19476
19477
19478
19480
19481
19485
19486
19487
19489
19491
19493
19495
19496
19497
19498
19501
19504
19505
19508
19509
19510
19517
19519
19521
19523
19524
19526
19527
19529
19530
19531
19532
19534
19535
19536
19538
19539
19541
19542
19544
19547
19548
19551
19553
19555
19556
19557
19560
19561
19562
19564
19565
19568
19569
19571
19572
19577
19578
19579
19580
19581
19582
19583
19585
19586
19587
19589
19590
19593
19594
19597
19598
19603
19607
19608
19609
19610
19613
19614
19615
19616
19620
19623
19624
19625
19626
19628
19629
19630
19632
19633
19634
19640
19641
19643
19644
19645
19646
19647
19648
19649
19652
19653
19654
19656
19657
19658
19660
19662
19663
19667
19668
19669
19670
19671
19672
19673
19675
19676
19677
19678
19679
19680
19681
19682
19683
19686
19687
19688
19689
19691
19692
19693
19695
19699
19700
19701
19702
19704
19705
19706
19712
19713
19715
19718
19720
19726
19727
19729
19730
19732
19733
19734
19735
19736
19742
19745
19747
19748
19749
19750
19751
19752
19753
19759
19760
19761
19763
19765
19768
19769
19770
19772
19775
19776
19777
19778
19780
19781
19782
19786
19787
19788
19791
19793
19794
19797
19798
19799
19800
19802
19804
19805
19806
19807
19811
19813
19815
19818
19820
19821
19822
19823
19827
19828
19829
19830
19831
19832
19833
19835
19836
19837
19838
19840
19841
19842
19843
19846
19849
19850
19853
19857
19858
19859
19861
19862
19864
19866
19867
19868
19869
19870
19875
19876
19878
19880
19881
19882
19887
19888
19889
19891
19893
19894
19896
19897
19899
19900
19902
19903
19906
19910
19913
19918
19921
19923
19927
19928
19929
19932
19934
19935
19936
19938
19940
19942
19944
19945
19946
19952
19956
19961
19962
19964
19968
19969
19971
19973
19974
19975
19976
19978
19980
19985
19986
19987
19992
19993
19996
19997
19999
20004
20006
20009
20010
20011
20013
20015
20017
20018
20019
20022
20024
20025
20027
20029
20031
20037
20040
20044
20045
20048
20051
20055
20057
20058
20059
20062
20064
20067
20075
20077
20082
20083
20087
20094
20099
20102
20103
20104
20105
20106
20109
20110
20119
20121
20124
20126
20131
20132
20134
20137
20140
20142
20144
20145
20146
20147
20148
20149
20152
20153
20154
20155
20159
20161
20164
20167
20170
20173
20174
20176
20179
20182
20190
20191
20192
20193
20197
20199
20200
20207
20208
20210
20212
20213
20214
20217
20219
20225
20229
20230
20232
20233
20235
20236
20237
20241
20243
20247
20251
20252
20255
20261
20263
20276
20277
20279
20280
20281
20284
20285
20286
20290
20291
20293
20294
20295
20296
20298
20299
20300
20304
20305
20306
20315
20317
20321
20323
20325
20326
20329
20331
20337
20338
20341
20343
20346
20357
20363
20365
20366
20368
20369
20375
20378
20379
20380
20382
20383
20386
20387
20389
20391
20392
20395
20402
20412
20418
20420
20424
20427
20431
20437
20438
20454
20459
20460
20461
20470
20475
20476
20478
20481
20482
20490
20496
20499
20501
20514
20515
20516
20518
20524
20525
20526
20528
20530
20531
20538
20541
20542
20543
20545
20550
20555
20561
20565
20566
20574
20577
20585
20586
20587
20588
20595
20601
20602
20603
20609
20613
20616
20617
20619
20620
20622
20626
20627
20628
20633
20634
20643
20649
20653
20654
20655
20657
20658
20676
20678
20680
20682
20683
20686
20690
20693
20695
20697
20703
20704
20705
20706
20726
20733
20736
20739
20741
20742
20745
20755
20761
20762
20764
20765
20773
20776
20781
20784
20785
20787
20792
20796
20798
20799
20803
20807
20809
20811
20816
20817
20822
20828
20844
20845
20852
20853
20854
20865
20866
20872
20873
20874
20887
20892
20895
20896
20899
20902
20903
20904
20907
20911
20914
20915
20916
20919
20921
20922
20925
20926
20927
20928
20929
20930
20931
20939
20940
20945
20946
20947
20951
20952
20955
20957
20958
20960
20961
20963
20964
20971
20976
20977
20979
20980
20981
20982
20984
20985
20988
20990
20991
20992
20993
20997
20998
20999
21002
21005
21006
21008
21010
21013
21014
21017
21018
21019
21021
21022
21027
21029
21031
21032
21034
21040
21044
21057
21058
21059
21061
21062
21063
21064
21065
21066
21067
21069
21072
21073
21074
21075
21076
21077
21078
21079
21080
21081
21082
21083
21084
21085
21088
21089
21090
21091
21093
21094
21095
21096
21097
21098
21099
21100
21101
21102
21103
21104
21105
21106
21107
21108
21111
21112
21113
21114
21115
21116
21117
21118
21120
21122
21123
21124
21127
21128
21129
21131
21132
21133
21135
21136
21137
21138
21139
21140
21141
21143
21144
21145
21147
21148
21150
21151
21152
21153
21155
21156
21157
21158
21160
21161
21162
21164
21165
21166
21167
21168
21169
21171
21172
21174
21175
21177
21180
21182
21183
21184
21185
21186
21187
21188
21189
21190
21191
21192
21194
21196
21197
21198
21200
21201
21203
21204
21205
21206
21207
21209
21210
21211
21213
21214
21215
21216
21217
21218
21221
21222
21223
21224
21225
21226
21228
21229
21230
21231
21234
21238
21239
21240
21241
21242
21243
21244
21245
21247
21248
21249
21252
21253
21254
21255
21256
21259
21260
21261
21262
21266
21267
21268
21269
21270
21271
21273
21276
21278
21279
21281
21282
21283
21284
21286
21287
21288
21290
21292
21293
21295
21296
21298
21299
21300
21301
21302
21303
21305
21307
21308
21309
21310
21314
21319
21323
21325
21326
21328
21332
21333
21334
21335
21338
21339
21343
21344
21346
21347
21348
21350
21351
21352
21354
21356
21359
21360
21361
21362
21363
21364
21365
21367
21368
21369
21370
21372
21374
21375
21376
21378
21381
21383
21384
21388
21389
21391
21392
21394
21395
21396
21399
21400
21401
21405
21406
21407
21409
21410
21411
21412
21414
21415
21417
21418
21419
21420
21422
21423
21424
21425
21427
21428
21431
21435
21436
21437
21440
21441
21443
21444
21445
21447
21448
21453
21455
21456
21457
21458
21460
21461
21462
21465
21467
21468
21470
21472
21473
21474
21476
21477
21478
21479
21481
21483
21484
21485
21487
21488
21489
21492
21493
21498
21502
21503
21504
21506
21507
21509
21512
21513
21514
21515
21517
21518
21519
21520
21523
21524
21527
21529
21530
21532
21534
21538
21539
21540
21541
21543
21546
21547
21551
21553
21554
21555
21556
21557
21558
21559
21560
21562
21563
21564
21566
21571
21572
21573
21574
21575
21576
21582
21586
21588
21589
21592
21593
21595
21597
21599
21600
21602
21603
21605
21606
21607
21608
21612
21615
21616
21617
21618
21619
21620
21622
21625
21628
21630
21631
21633
21637
21638
21639
21646
21648
21650
21653
21654
21655
21657
21658
21662
21664
21665
21674
21677
21678
21679
21680
21681
21683
21686
21690
21692
21693
21696
21697
21698
21704
21708
21709
21712
21717
21719
21720
21721
21722
21723
21724
21725
21726
21727
21729
21732
21735
21737
21739
21741
21742
21744
21747
21748
21749
21750
21751
21752
21755
21759
21762
21763
21764
21765
21766
21768
21769
21770
21772
21774
21775
21776
21777
21780
21782
21783
21786
21789
21793
21798
21802
21804
21805
21809
21812
21813
21815
21816
21818
21819
21820
21823
21824
21827
21828
21829
21831
21832
21833
21834
21835
21838
21839
21842
21843
21845
21846
21848
21850
21852
21853
21854
21856
21857
21858
21860
21862
21868
21870
21871
21872
21874
21876
21877
21878
21881
21882
21886
21887
21888
21889
21891
21893
21894
21895
21898
21900
21901
21902
21904
21910
21911
21912
21913
21914
21915
21917
21918
21919
21921
21924
21925
21928
21929
21933
21934
21935
21937
21938
21941
21944
21946
21948
21949
21950
21951
21952
21954
21955
21956
21958
21959
21965
21966
21969
21972
21974
21976
21979
21980
21981
21982
21983
21984
21986
21987
21988
21992
21993
21994
21995
21996
21998
21999
22002
22004
22005
22006
22009
22011
22012
22016
22025
22027
22028
22031
22032
22033
22037
22038
22040
22041
22042
22043
22044
22047
22051
22052
22053
22054
22055
22056
22058
22062
22069
22070
22072
22073
22076
22079
22083
22084
22085
22086
22087
22088
22089
22090
22091
22092
22093
22094
22096
22097
22099
22100
22104
22105
22107
22109
22114
22118
22120
22122
22123
22125
22127
22130
22131
22132
22135
22138
22139
22140
22142
22144
22145
22146
22147
22148
22149
22151
22154
22155
22156
22157
22158
22160
22163
22165
22167
22169
22170
22172
22174
22175
22176
22179
22180
22182
22183
22184
22186
22187
22189
22190
22191
22192
22194
22196
22197
22199
22201
22203
22204
22205
22207
22209
22210
22212
22213
22214
22217
22220
22222
22223
22224
22227
22228
22231
22232
22235
22236
22237
22238
22239
22241
22242
22244
22245
22249
22250
22251
22252
22254
22257
22258
22261
22262
22264
22265
22266
22267
22268
22269
22270
22271
22273
22274
22275
22276
22278
22279
22280
22282
22283
22296
22303
22307
22308
22310
22337
22345
22352
22359
22361
22363
22386
22396
22399
22401
22403
22407
22408
22410
22413
22418
22419
22421
22426
22428
22433
22436
22442
22445
22449
22452
22454
22455
22460
22461
22469
22474
22478
22490
22495
22498
22501
22518
22523
22539
22542
22545
22568
22574
22575
22577
22578
22611
22620
22622
22624
22630
22632
22639
22641
22651
22676
22685
22727
22729
22743
22752
22772
22776
22778
22790
22813
22817
22819
22823
22825
22826
22841
22846
22859
22886
22890
22908
22920
22927
22929
22938
22955
22965
22966
22967
22968
22969
22970
22971
22972
22973
22974
22975
22976
22978
22980
22981
22982
22984
22985
22986
22987
22988
22989
22990
22991
22992
22993
22994
22995
22996
22997
22998
23000
23001
23003
23004
23006
23008
23009
23010
23011
23012
23014
23015
23017
23019
23023
23024
23025
23026
23028
23030
23031
23036
23037
23040
23042
23046
23048
23050
23052
23053
23057
23058
23059
23060
23062
23063
23064
23065
23067
23068
23070
23071
23072
23075
23076
23080
23082
23083
23086
23087
23088
23089
23090
23091
23095
23099
23100
23102
23103
23104
23105
23107
23108
23109
23112
23114
23115
23116
23117
23118
23119
23120
23121
23123
23129
23130
23131
23133
23134
23135
23142
23143
23145
23146
23147
23148
23149
23152
23156
23157
23159
23160
23162
23163
23164
23165
23168
23170
23174
23177
23178
23179
23180
23182
23183
23184
23185
23186
23188
23190
23194
23196
23197
23198
23199
23202
23203
23205
23209
23212
23215
23216
23217
23218
23219
23222
23223
23224
23226
23227
23229
23234
23238
23239
23240
23244
23246
23248
23249
23250
23251
23253
23256
23258
23259
23261
23263
23265
23266
23269
23270
23271
23273
23274
23275
23276
23279
23280
23282
23284
23286
23289
23290
23291
23292
23295
23296
23297
23301
23307
23309
23311
23312
23314
23316
23317
23324
23328
23330
23332
23334
23335
23338
23339
23343
23345
23346
23347
23348
23350
23351
23352
23353
23357
23358
23359
23361
23364
23365
23367
23368
23371
23372
23375
23376
23379
23381
23382
23385
23386
23389
23391
23393
23395
23396
23397
23405
23406
23407
23410
23411
23412
23414
23415
23418
23421
23424
23425
23428
23429
23430
23432
23434
23436
23437
23440
23446
23448
23449
23452
23453
23457
23458
23462
23469
23470
23474
23477
23479
23482
23483
23484
23491
23494
23497
23498
23500
23501
23502
23505
23507
23510
23512
23518
23519
23521
23525
23532
23536
23537
23541
23542
23543
23545
23546
23547
23549
23550
23551
23552
23554
23560
23562
23563
23566
23568
23570
23573
23575
23579
23581
23589
23595
23598
23602
23605
23606
23607
23608
23609
23610
23611
23614
23616
23617
23621
23622
23625
23627
23629
23632
23638
23640
23643
23647
23648
23649
23650
23653
23657
23659
23662
23667
23670
23673
23676
23677
23679
23682
23686
23689
23690
23695
23698
23700
23702
23707
23708
23710
23713
23714
23720
23721
23723
23725
23729
23730
23732
23733
23734
23739
23741
23742
23749
23751
23755
23761
23762
23771
23772
23776
23778
23779
23783
23784
23785
23786
23791
23794
23796
23797
23803
23804
23808
23813
23815
23816
23819
23820
23826
23830
23832
23841
23843
23845
23846
23854
23858
23861
23863
23868
23870
23873
23874
23877
23878
23881
23882
23883
23888
23899
23900
23901
23902
23907
23913
23917
23921
23922
23923
23928
23931
23932
23939
23942
23945
23946
23947
23954
23955
23957
23958
23963
23965
23966
23972
23982
23983
23984
23986
23987
23991
23993
23995
23999
24004
24006
24010
24013
24015
24020
24021
24022
24023
24031
24037
24046
24049
24051
24052
24054
24055
24059
24060
24061
24064
24067
24069
24072
24074
24075
24082
24083
24091
24093
24095
24097
24101
24111
24114
24117
24123
24125
24133
24134
24136
24150
24166
24173
24174
24175
24180
24181
24184
24188
24189
24192
24198
24202
24207
24211
24213
24218
24221
24225
24228
24232
24233
24234
24236
24238
24239
24240
24244
24245
24246
24251
24255
24256
24258
24259
24264
24269
24271
24279
24296
24300
24305
24309
24313
24317
24318
24319
24327
24328
24329
24330
24331
24338
24347
24349
24350
24357
24359
24363
24371
24378
24381
24382
24386
24396
24397
24409
24414
24423
24431
24441
24449
24450
24452
24453
24454
24455
24456
24467
24480
24487
24488
24490
24492
24496
24498
24499
24502
24508
24512
24528
24531
24532
24533
24534
24540
24542
24544
24550
24558
24566
24568
24570
24572
24578
24581
24582
24586
24588
24600
24601
24603
24612
24613
24615
24622
24625
24630
24633
24635
24636
24637
24639
24641
24645
24649
24650
24656
24661
24662
24665
24666
24667
24668
24669
24671
24672
24674
24675
24678
24681
24685
24687
24691
24692
24697
24698
24699
24702
24704
24706
24707
24709
24711
24712
24713
24714
24717
24718
24719
24720
24722
24723
24724
24727
24728
24731
24736
24737
24738
24740
24741
24742
24743
24745
24746
24758
24759
24763
24767
24768
24771
24772
24773
24775
24776
24777
24779
24781
24783
24785
24787
24788
24789
24790
24792
24793
24794
24796
24797
24798
24799
24800
24801
24802
24804
24805
24806
24807
24808
24809
24810
24811
24812
24813
24814
24815
24816
24817
24818
24819
24820
24821
24822
24823
24825
24826
24827
24828
24830
24831
24834
24835
24836
24837
24839
24840
24841
24842
24844
24845
24846
24848
24849
24850
24853
24854
24855
24856
24857
24858
24859
24860
24865
24866
24868
24869
24871
24872
24874
24875
24879
24880
24881
24882
24883
24886
24888
24889
24891
24893
24894
24896
24898
24899
24900
24902
24903
24904
24905
24907
24908
24910
24911
24912
24913
24914
24915
24917
24918
24920
24921
24923
24925
24926
24928
24930
24932
24935
24936
24937
24938
24940
24941
24945
24947
24948
24950
24952
24953
24954
24955
24956
24959
24960
24961
24962
24963
24965
24967
24968
24969
24971
24972
24973
24974
24977
24979
24980
24981
24982
24983
24984
24985
24986
24990
24992
24993
24995
24996
24998
24999
25000
25002
25004
25005
25007
25010
25011
25012
25013
25014
25015
25017
25019
25020
25021
25022
25023
25026
25028
25029
25033
25035
25036
25038
25041
25042
25043
25044
25046
25048
25049
25050
25051
25052
25053
25054
25055
25057
25058
25060
25061
25062
25064
25065
25066
25067
25068
25069
25072
25076
25079
25080
25082
25084
25090
25091
25095
25097
25098
25099
25100
25102
25105
25106
25107
25108
25109
25110
25111
25113
25114
25115
25117
25118
25120
25121
25122
25123
25125
25127
25129
25132
25133
25136
25137
25138
25139
25142
25143
25144
25149
25150
25152
25154
25155
25156
25157
25158
25159
25160
25164
25166
25167
25168
25170
25171
25176
25179
25181
25182
25186
25187
25188
25190
25191
25192
25193
25194
25195
25197
25198
25199
25201
25202
25203
25204
25212
25213
25214
25215
25218
25224
25225
25226
25227
25228
25230
25231
25233
25235
25237
25238
25240
25242
25244
25245
25250
25251
25253
25255
25257
25259
25262
25264
25265
25266
25267
25268
25270
25272
25273
25274
25275
25276
25278
25279
25280
25282
25284
25285
25286
25287
25288
25289
25290
25292
25295
25296
25297
25301
25302
25303
25304
25307
25309
25313
25314
25316
25317
25319
25320
25321
25322
25323
25324
25326
25330
25332
25333
25336
25338
25339
25341
25344
25345
25347
25349
25351
25353
25354
25359
25360
25361
25367
25371
25372
25373
25376
25378
25379
25385
25387
25388
25391
25392
25394
25395
25397
25399
25403
25404
25410
25411
25412
25413
25414
25418
25422
25423
25433
25434
25435
25437
25438
25441
25448
25449
25452
25454
25455
25456
25457
25458
25460
25469
25471
25472
25474
25475
25476
25478
25479
25480
25482
25483
25486
25491
25496
25497
25499
25501
25502
25503
25506
25507
25516
25518
25522
25524
25525
25526
25534
25536
25538
25540
25541
25545
25546
25547
25549
25550
25558
25559
25560
25561
25562
25566
25567
25570
25571
25572
25573
25578
25579
25582
25585
25588
25589
25591
25594
25596
25599
25602
25603
25605
25608
25609
25610
25614
25616
25621
25623
25632
25635
25640
25644
25646
25648
25649
25652
25654
25655
25659
25660
25662
25664
25666
25668
25669
25671
25672
25673
25676
25677
25679
25681
25682
25690
25692
25693
25694
25695
25696
25697
25698
25701
25702
25706
25707
25710
25711
25712
25713
25714
25718
25720
25722
25723
25726
25730
25732
25734
25737
25738
25741
25742
25743
25744
25745
25746
25747
25748
25749
25750
25751
25752
25754
25759
25761
25764
25765
25768
25769
25770
25771
25772
25774
25776
25778
25779
25781
25784
25786
25787
25789
25790
25794
25795
25798
25801
25803
25805
25807
25808
25810
25813
25814
25815
25816
25818
25819
25820
25821
25823
25826
25827
25828
25829
25832
25833
25834
25837
25838
25841
25843
25845
25846
25847
25849
25852
25853
25854
25856
25857
25858
25859
25862
25865
25866
25868
25869
25871
25872
25873
25876
25877
25880
25881
25882
25883
25885
25886
25888
25891
25893
25894
25896
25897
25898
25900
25901
25902
25907
25909
25912
25913
25914
25915
25916
25918
25919
25920
25921
25924
25925
25926
25927
25928
25931
25934
25936
25937
25938
25939
25941
25942
25944
25945
25950
25952
25953
25956
25957
25958
25959
25960
25962
25963
25964
25971
25972
25974
25975
25976
25978
25980
25981
25982
25983
25984
25985
25986
25987
25988
25989
25992
25993
25994
25995
25997
25998
25999
26001
26003
26008
26009
26013
26019
26022
26024
26028
26029
26032
26034
26035
26036
26043
26046
26057
26060
26062
26072
26074
26077
26082
26088
26094
26095
26115
26135
26137
26138
26141
26142
26143
26156
26164
26168
26170
26188
26192
26198
26199
26204
26224
26229
26243
26256
26266
26287
26292
26301
26303
26314
26316
26317
26321
26325
26332
26350
26354
26367
26368
26371
26390
26396
26401
26407
26416
26425
26426
26432
26437
26464
26467
26489
26496
26523
26524
26532
26533
26544
26555
26560
26565
26572
26574
26579
26585
26591
26592
26600
26619
26624
26629
26634
26642
26657
26662
26663
26672
26674
26675
26677
26678
26679
26681
26682
26683
26684
26685
26686
26689
26692
26693
26694
26695
26696
26697
26699
26700
26701
26702
26703
26704
26706
26707
26708
26709
26710
26711
26712
26713
26714
26715
26716
26717
26718
26719
26720
26721
26722
26723
26724
26725
26726
26727
26728
26729
26730
26731
26732
26733
26735
26736
26738
26740
26742
26744
26745
26746
26748
26750
26751
26752
26755
26756
26757
26758
26759
26760
26762
26765
26766
26767
26768
26770
26771
26773
26774
26775
26777
26778
26780
26781
26782
26783
26784
26786
26787
26789
26790
26794
26795
26798
26799
26800
26801
26803
26804
26805
26809
26810
26812
26814
26815
26816
26817
26818
26819
26821
26822
26831
26832
26833
26834
26835
26837
26838
26840
26842
26845
26847
26848
26850
26855
26856
26857
26859
26860
26861
26863
26864
26865
26866
26868
26869
26872
26873
26874
26875
26876
26877
26878
26879
26882
26884
26885
26886
26888
26890
26892
26893
26894
26895
26896
26897
26899
26900
26901
26902
26904
26905
26906
26908
26913
26914
26915
26916
26917
26921
26924
26925
26926
26929
26930
26932
26933
26934
26935
26937
26938
26944
26946
26948
26949
26951
26955
26957
26959
26960
26963
26964
26965
26967
26969
26970
26972
26974
26975
26977
26979
26981
26983
26984
26986
26987
26988
26989
26990
26991
26992
26993
26994
26996
26997
26998
26999
27000
27001
27005
27007
27008
27009
27010
27011
27015
27016
27017
27021
27023
27024
27025
27026
27029
27030
27032
27033
27034
27035
27036
27037
27038
27040
27042
27043
27044
27045
27047
27049
27050
27053
27058
27060
27064
27065
27066
27067
27069
27071
27073
27075
27077
27080
27081
27082
27084
27085
27087
27089
27091
27092
27093
27095
27096
27098
27099
27100
27101
27103
27106
27107
27108
27109
27110
27111
27114
27120
27121
27123
27129
27131
27137
27138
27139
27141
27142
27143
27147
27152
27155
27158
27160
27162
27163
27165
27166
27167
27169
27170
27171
27172
27173
27176
27177
27178
27179
27182
27183
27185
27187
27188
27189
27191
27195
27197
27201
27205
27206
27208
27209
27211
27212
27215
27217
27218
27221
27223
27225
27226
27232
27233
27234
27235
27236
27237
27239
27241
27244
27250
27251
27255
27256
27258
27260
27261
27263
27264
27266
27268
27270
27272
27274
27277
27280
27281
27285
27290
27291
27295
27297
27298
27299
27301
27303
27305
27306
27307
27309
27311
27312
27314
27317
27318
27319
27320
27325
27326
27328
27329
27330
27331
27332
27334
27338
27339
27340
27342
27344
27346
27347
27349
27350
27351
27354
27355
27356
27357
27358
27360
27361
27362
27363
27366
27368
27370
27371
27373
27374
27379
27380
27381
27383
27384
27385
27387
27389
27392
27394
27396
27397
27398
27401
27405
27406
27409
27410
27412
27414
27415
27416
27417
27418
27422
27423
27424
27427
27429
27430
27434
27435
27437
27439
27441
27443
27444
27446
27451
27454
27455
27456
27458
27459
27460
27462
27464
27465
27466
27473
27474
27476
27479
27480
27481
27482
27483
27484
27486
27490
27492
27493
27494
27495
27497
27498
27499
27500
27502
27510
27513
27516
27517
27518
27519
27520
27521
27522
27525
27527
27528
27532
27533
27534
27535
27537
27541
27544
27550
27553
27557
27560
27562
27563
27564
27565
27567
27568
27570
27571
27574
27575
27577
27579
27583
27584
27588
27589
27590
27591
27592
27593
27597
27598
27600
27601
27607
27608
27609
27610
27611
27615
27618
27619
27621
27622
27624
27626
27629
27631
27633
27634
27635
27637
27638
27640
27642
27645
27646
27647
27649
27654
27655
27657
27659
27660
27663
27665
27671
27673
27674
27675
27677
27680
27681
27682
27683
27689
27695
27696
27698
27702
27705
27707
27711
27713
27714
27715
27721
27723
27724
27727
27729
27730
27733
27734
27739
27743
27751
27752
27754
27757
27758
27759
27760
27761
27764
27765
27766
27768
27777
27781
27783
27789
27793
27794
27796
27799
27800
27804
27807
27811
27815
27819
27820
27822
27839
27841
27850
27852
27857
27858
27861
27862
27865
27869
27871
27875
27876
27888
27889
27894
27902
27903
27916
27922
27926
27927
27930
27932
27937
27938
27941
27942
27944
27946
27950
27952
27959
27961
27962
27965
27969
27971
27972
27973
27977
27978
27979
27980
27983
27984
27985
27986
27989
27991
27993
27994
27995
28000
28004
28007
28008
28010
28013
28014
28016
28018
28023
28024
28038
28039
28042
28045
28046
28051
28054
28055
28058
28063
28069
28073
28077
28080
28087
28095
28096
28099
28100
28102
28106
28110
28111
28112
28114
28116
28121
28123
28124
28127
28129
28131
28135
28143
28144
28145
28146
28155
28159
28161
28162
28164
28165
28167
28168
28169
28170
28172
28176
28183
28191
28199
28201
28204
28206
28209
28213
28214
28216
28222
28224
28237
28239
28242
28244
28245
28252
28256
28259
28273
28278
28280
28281
28283
28286
28289
28292
28293
28294
28295
28297
28300
28303
28309
28310
28313
28314
28316
28317
28318
28319
28321
28326
28327
28329
28333
28339
28342
28343
28344
28345
28347
28348
28349
28350
28352
28355
28358
28359
28360
28365
28366
28368
28370
28372
28376
28381
28382
28385
28389
28390
28391
28392
28393
28394
28395
28398
28402
28404
28405
28407
28412
28413
28414
28415
28416
28420
28421
28423
28424
28426
28427
28428
28429
28430
28433
28436
28439
28440
28441
28442
28447
28453
28454
28455
28459
28464
28472
28473
28475
28476
28477
28480
28484
28485
28486
28487
28488
28489
28490
28491
28492
28493
28494
28495
28498
28499
28500
28501
28502
28503
28505
28507
28508
28509
28510
28511
28512
28513
28514
28516
28517
28518
28519
28520
28523
28524
28525
28527
28528
28529
28530
28531
28532
28534
28535
28536
28537
28538
28539
28540
28541
28542
28543
28544
28546
28548
28550
28551
28552
28553
28554
28556
28557
28558
28559
28560
28561
28562
28563
28564
28565
28569
28571
28572
28573
28575
28576
28577
28578
28579
28580
28582
28583
28584
28586
28588
28589
28593
28594
28595
28596
28597
28599
28600
28602
28603
28605
28606
28607
28608
28610
28612
28614
28618
28619
28621
28622
28624
28625
28626
28628
28629
28631
28633
28634
28635
28637
28638
28639
28640
28642
28643
28644
28645
28646
28648
28652
28653
28654
28655
28656
28657
28658
28659
28661
28662
28664
28666
28667
28670
28673
28675
28676
28677
28678
28679
28680
28681
28683
28684
28685
28687
28688
28689
28693
28695
28696
28697
28698
28699
28701
28703
28704
28706
28708
28709
28710
28711
28712
28713
28714
28715
28716
28719
28720
28721
28724
28726
28727
28729
28730
28731
28732
28734
28735
28736
28738
28739
28740
28741
28742
28743
28744
28745
28746
28749
28751
28753
28755
28756
28757
28758
28765
28766
28767
28772
28774
28779
28781
28782
28784
28785
28786
28789
28792
28793
28795
28798
28799
28800
28802
28803
28804
28805
28806
28808
28809
28810
28811
28813
28816
28817
28819
28820
28822
28823
28824
28826
28828
28829
28830
28834
28835
28838
28840
28843
28846
28847
28850
28851
28852
28853
28856
28857
28860
28863
28864
28865
28866
28868
28869
28874
28876
28877
28878
28879
28880
28881
28882
28883
28884
28886
28888
28889
28890
28892
28893
28894
28895
28896
28897
28898
28900
28901
28902
28904
28905
28907
28909
28911
28912
28913
28915
28916
28917
28918
28920
28923
28926
28927
28928
28931
28933
28934
28935
28936
28939
28940
28941
28942
28943
28945
28947
28952
28954
28955
28956
28959
28960
28963
28964
28966
28967
28968
28969
28971
28972
28975
28978
28979
28981
28982
28984
28985
28986
28989
28990
28992
28997
28998
29000
29001
29002
29003
29005
29006
29009
29013
29014
29015
29016
29020
29023
29025
29026
29029
29031
29033
29035
29036
29038
29040
29043
29045
29046
29048
29050
29051
29052
29053
29054
29059
29063
29065
29066
29068
29071
29072
29073
29075
29079
29081
29082
29085
29087
29091
29093
29095
29097
29099
29105
29106
29109
29111
29113
29117
29120
29121
29124
29125
29129
29131
29132
29138
29139
29143
29144
29146
29147
29148
29149
29152
29155
29156
29159
29160
29161
29162
29163
29165
29166
29168
29170
29171
29172
29175
29177
29179
29180
29181
29183
29188
29189
29191
29192
29193
29194
29195
29196
29197
29203
29206
29209
29210
29211
29213
29216
29217
29218
29220
29221
29226
29227
29228
29230
29232
29233
29235
29236
29238
29240
29244
29247
29248
29249
29250
29251
29252
29254
29255
29259
29260
29261
29262
29263
29264
29269
29270
29271
29273
29274
29275
29276
29277
29278
29280
29284
29285
29288
29292
29295
29300
29304
29310
29313
29314
29315
29316
29317
29323
29330
29332
29333
29337
29339
29340
29343
29344
29345
29346
29349
29351
29352
29356
29357
29358
29364
29368
29369
29370
29371
29375
29376
29378
29379
29380
29381
29382
29383
29384
29386
29387
29388
29390
29391
29392
29393
29397
29404
29405
29406
29407
29409
29410
29411
29412
29413
29414
29415
29416
29419
29421
29422
29423
29424
29425
29426
29428
29429
29430
29431
29434
29435
29436
29437
29440
29441
29443
29444
29448
29449
29452
29455
29457
29460
29461
29462
29463
29464
29465
29470
29471
29472
29475
29476
29477
29479
29480
29481
29482
29483
29484
29487
29488
29489
29490
29492
29493
29495
29496
29498
29500
29501
29507
29508
29510
29512
29513
29514
29515
29517
29518
29519
29521
29522
29524
29525
29526
29527
29528
29530
29532
29533
29534
29535
29537
29538
29540
29541
29542
29543
29546
29547
29548
29551
29553
29554
29555
29556
29557
29558
29559
29560
29563
29566
29567
29568
29569
29570
29571
29572
29573
29576
29577
29579
29580
29581
29583
29586
29587
29588
29590
29591
29593
29598
29600
29602
29603
29604
29607
29608
29611
29612
29614
29616
29619
29620
29621
29622
29626
29627
29629
29630
29631
29636
29637
29638
29639
29640
29641
29642
29646
29647
29648
29650
29651
29652
29654
29656
29657
29658
29660
29662
29664
29667
29668
29669
29670
29671
29672
29673
29674
29675
29677
29678
29681
29683
29684
29685
29686
29688
29689
29690
29692
29693
29694
29695
29696
29697
29698
29699
29700
29701
29703
29704
29708
29710
29711
29714
29716
29717
29718
29720
29723
29730
29732
29733
29736
29737
29743
29744
29749
29750
29752
29762
29766
29776
29779
29780
29782
29783
29784
29786
29788
29791
29796
29797
29804
29809
29812
29816
29824
29825
29826
29827
29831
29839
29845
29849
29851
29852
29854
29856
29857
29860
29867
29870
29872
29880
29898
29903
29918
29923
29926
29927
29950
29957
29972
29986
29987
29995
29998
30005
30007
30008
30015
30031
30038
30042
30044
30048
30050
30071
30080
30082
30089
30100
30113
30115
30119
30126
30137
30139
30147
30150
30154
30163
30166
30171
30174
30196
30200
30203
30209
30210
30222
30228
30271
30277
30280
30282
30284
30285
30296
30314
30335
30345
30354
30362
30374
30377
30385
30386
30387
30388
30389
30392
30393
30395
30399
30400
30401
30402
30403
30404
30405
30406
30407
30408
30409
30410
30412
30413
30414
30415
30416
30417
30418
30419
30420
30421
30422
30423
30424
30425
30426
30428
30429
30430
30431
30434
30435
30437
30438
30439
30440
30441
30442
30443
30445
30446
30447
30450
30451
30452
30453
30454
30456
30457
30458
30459
30460
30461
30462
30464
30465
30466
30468
30469
30470
30471
30472
30474
30476
30478
30479
30480
30481
30482
30483
30484
30485
30486
30489
30490
30491
30492
30493
30494
30495
30496
30500
30501
30502
30503
30506
30507
30509
30510
30511
30512
30515
30516
30517
30518
30519
30520
30521
30523
30524
30525
30526
30527
30528
30530
30531
30532
30533
30534
30536
30537
30538
30539
30542
30543
30544
30545
30546
30547
30548
30549
30551
30552
30554
30556
30557
30558
30559
30560
30561
30562
30563
30564
30565
30567
30569
30570
30572
30573
30574
30575
30576
30577
30583
30584
30585
30588
30589
30590
30592
30595
30597
30598
30599
30600
30602
30603
30604
30606
30607
30608
30611
30612
30613
30614
30615
30616
30618
30619
30621
30622
30623
30624
30626
30627
30628
30630
30631
30632
30634
30636
30642
30643
30644
30646
30649
30650
30651
30652
30656
30657
30658
30659
30662
30663
30665
30666
30667
30668
30669
30671
30673
30674
30675
30678
30679
30681
30686
30687
30689
30690
30691
30692
30694
30696
30698
30699
30701
30702
30704
30706
30707
30708
30710
30711
30714
30717
30718
30719
30721
30722
30723
30724
30725
30726
30729
30730
30731
30732
30737
30739
30741
30744
30745
30748
30749
30750
30753
30755
30756
30757
30758
30760
30763
30766
30767
30771
30774
30776
30777
30779
30780
30781
30783
30785
30787
30791
30792
30793
30794
30795
30796
30800
30805
30806
30807
30809
30810
30811
30812
30813
30814
30815
30817
30820
30821
30822
30823
30824
30825
30828
30831
30832
30833
30835
30841
30844
30846
30847
30849
30852
30855
30856
30857
30858
30860
30861
30862
30866
30868
30869
30871
30872
30873
30882
30884
30886
30887
30889
30890
30891
30892
30893
30895
30897
30899
30902
30903
30904
30905
30907
30910
30911
30912
30913
30914
30916
30918
30919
30920
30921
30922
30923
30925
30931
30932
30933
30934
30935
30936
30938
30940
30941
30944
30946
30947
30948
30954
30955
30957
30962
30963
30964
30965
30969
30970
30972
30973
30974
30977
30978
30980
30984
30985
30986
30988
30990
30992
30996
30998
31000
31001
31004
31005
31006
31010
31011
31012
31017
31019
31022
31023
31024
31025
31028
31031
31033
31037
31038
31039
31041
31042
31044
31045
31046
31048
31049
31050
31054
31056
31060
31061
31063
31065
31066
31068
31069
31070
31073
31075
31076
31077
31078
31079
31080
31081
31082
31084
31087
31088
31089
31090
31091
31094
31099
31104
31105
31107
31110
31115
31118
31120
31122
31125
31128
31130
31134
31135
31137
31141
31142
31144
31145
31147
31148
31149
31151
31153
31154
31155
31157
31158
31160
31161
31162
31165
31167
31168
31170
31172
31173
31176
31177
31178
31179
31181
31182
31186
31188
31189
31190
31191
31192
31193
31194
31198
31200
31203
31206
31210
31211
31212
31214
31217
31219
31221
31222
31224
31225
31227
31229
31231
31232
31236
31238
31241
31242
31243
31245
31248
31249
31252
31254
31255
31256
31258
31268
31270
31272
31273
31274
31275
31277
31279
31280
31281
31283
31284
31287
31288
31289
31291
31292
31295
31296
31297
31298
31299
31301
31303
31305
31306
31307
31310
31311
31313
31315
31316
31317
31322
31327
31328
31329
31331
31332
31334
31335
31336
31337
31343
31345
31346
31347
31349
31350
31351
31352
31354
31356
31358
31359
31363
31370
31371
31374
31375
31382
31386
31387
31388
31389
31393
31394
31395
31402
31405
31406
31408
31409
31410
31412
31416
31419
31421
31423
31425
31427
31430
31432
31434
31435
31438
31440
31443
31446
31448
31449
31451
31454
31456
31458
31461
31465
31468
31471
31472
31473
31474
31478
31479
31482
31483
31484
31485
31487
31488
31492
31494
31497
31498
31500
31503
31507
31510
31511
31513
31516
31519
31521
31522
31523
31525
31531
31536
31537
31545
31547
31554
31558
31559
31560
31562
31564
31570
31572
31579
31583
31587
31590
31594
31597
31612
31614
31616
31620
31624
31628
31631
31632
31635
31636
31637
31640
31641
31644
31645
31646
31647
31648
31649
31656
31657
31659
31660
31662
31663
31666
31667
31668
31670
31678
31679
31683
31684
31685
31687
31690
31692
31696
31697
31699
31703
31709
31713
31716
31717
31719
31722
31724
31733
31735
31736
31740
31742
31743
31745
31746
31747
31749
31750
31752
31753
31755
31758
31759
31762
31763
31766
31767
31768
31769
31775
31786
31791
31793
31796
31799
31801
31802
31806
31810
31813
31814
31818
31824
31825
31827
31832
31835
31837
31838
31839
31843
31845
31849
31851
31855
31858
31865
31867
31868
31869
31870
31873
31875
31876
31878
31880
31881
31882
31883
31884
31892
31897
31900
31901
31903
31906
31909
31913
31914
31915
31918
31920
31924
31926
31927
31928
31929
31932
31935
31936
31941
31943
31947
31950
31951
31953
31954
31956
31959
31960
31962
31964
31967
31972
31976
31978
31982
31987
31988
31992
31994
31995
31996
31998
32010
32012
32014
32015
32016
32019
32021
32023
32027
32029
32035
32037
32038
32040
32041
32045
32053
32054
32058
32059
32067
32068
32070
32073
32076
32085
32087
32088
32090
32091
32092
32093
32095
32099
32100
32103
32104
32105
32106
32107
32108
32109
32110
32111
32112
32113
32115
32116
32118
32119
32124
32126
32127
32128
32130
32132
32133
32137
32140
32141
32143
32145
32146
32147
32148
32150
32151
32155
32156
32158
32159
32161
32163
32167
32168
32170
32171
32173
32174
32175
32182
32184
32186
32187
32190
32196
32198
32199
32200
32201
32204
32205
32206
32207
32208
32210
32211
32213
32215
32217
32218
32219
32221
32222
32223
32224
32225
32226
32227
32228
32230
32231
32232
32233
32234
32236
32237
32238
32240
32241
32242
32243
32244
32245
32246
32248
32249
32250
32252
32253
32254
32255
32256
32257
32258
32259
32260
32262
32263
32264
32265
32267
32268
32269
32270
32272
32273
32274
32275
32276
32277
32278
32279
32280
32281
32282
32283
32285
32286
32287
32288
32289
32291
32292
32293
32294
32295
32297
32298
32299
32300
32301
32303
32306
32308
32309
32310
32311
32312
32313
32314
32316
32317
32318
32319
32320
32321
32324
32325
32326
32327
32328
32329
32330
32331
32332
32333
32335
32336
32338
32339
32340
32342
32343
32345
32347
32348
32349
32351
32353
32354
32355
32357
32360
32362
32363
32364
32365
32366
32367
32368
32369
32371
32372
32373
32374
32376
32378
32379
32380
32381
32382
32384
32385
32387
32388
32389
32390
32391
32393
32394
32395
32396
32397
32398
32399
32400
32401
32402
32405
32406
32407
32408
32409
32410
32412
32413
32414
32415
32418
32423
32428
32429
32430
32431
32432
32433
32434
32435
32436
32437
32438
32439
32440
32441
32442
32443
32445
32447
32448
32449
32450
32451
32454
32455
32456
32457
32459
32460
32461
32465
32467
32468
32469
32471
32472
32476
32477
32478
32479
32480
32481
32484
32485
32486
32488
32489
32495
32496
32497
32498
32500
32501
32502
32503
32504
32506
32509
32511
32512
32513
32514
32515
32516
32517
32523
32525
32527
32528
32529
32530
32534
32535
32537
32538
32539
32541
32542
32543
32544
32545
32547
32548
32549
32550
32552
32554
32557
32559
32560
32564
32565
32566
32567
32569
32570
32571
32572
32573
32576
32578
32580
32582
32583
32584
32588
32590
32592
32593
32594
32595
32596
32600
32602
32603
32604
32605
32607
32609
32610
32611
32612
32613
32614
32615
32616
32618
32619
32622
32624
32625
32627
32629
32630
32631
32632
32633
32634
32635
32638
32639
32640
32641
32642
32647
32648
32649
32650
32651
32652
32655
32656
32657
32658
32662
32663
32665
32666
32668
32669
32670
32671
32672
32673
32677
32678
32681
32682
32684
32685
32686
32687
32688
32691
32692
32693
32695
32696
32697
32698
32699
32700
32701
32702
32705
32706
32707
32710
32712
32714
32715
32716
32717
32718
32719
32720
32723
32726
32728
32730
32732
32734
32737
32738
32739
32744
32745
32748
32749
32750
32751
32752
32754
32756
32757
32758
32759
32760
32761
32762
32764
32765
32767
32771
32772
32773
32775
32776
32779
32780
32781
32782
32783
32784
32785
32786
32788
32789
32792
32794
32796
32797
32799
32800
32801
32803
32804
32805
32806
32807
32809
32810
32811
32813
32819
32820
32822
32823
32825
32827
32829
32830
32831
32832
32834
32835
32837
32838
32839
32840
32842
32843
32846
32847
32850
32851
32852
32853
32858
32859
32861
32862
32863
32864
32866
32869
32870
32873
32874
32877
32878
32884
32885
32886
32888
32891
32892
32895
32896
32898
32899
32900
32902
32905
32907
32908
32909
32910
32912
32913
32914
32917
32919
32920
32921
32922
32923
32925
32927
32929
32930
32931
32932
32933
32934
32937
32938
32939
32941
32942
32944
32946
32948
32950
32952
32954
32955
32956
32958
32961
32964
32965
32966
32969
32970
32973
32974
32978
32979
32980
32982
32983
32984
32986
32988
32989
32990
32993
32995
32999
33000
33001
33002
33006
33007
33010
33011
33012
33013
33016
33018
33019
33020
33021
33022
33024
33030
33031
33035
33036
33040
33041
33045
33049
33051
33054
33055
33056
33058
33059
33061
33062
33063
33066
33068
33069
33070
33075
33076
33077
33086
33090
33091
33092
33093
33094
33096
33097
33100
33101
33103
33107
33108
33110
33111
33113
33118
33119
33121
33122
33124
33125
33126
33128
33129
33130
33131
33132
33134
33135
33136
33137
33138
33139
33141
33142
33143
33145
33146
33147
33148
33150
33151
33154
33155
33156
33157
33158
33162
33172
33173
33175
33176
33177
33178
33179
33180
33184
33185
33187
33188
33189
33190
33191
33192
33193
33197
33198
33199
33200
33201
33202
33204
33206
33209
33210
33212
33213
33216
33218
33221
33222
33224
33225
33226
33227
33228
33229
33230
33231
33232
33233
33235
33236
33238
33243
33245
33247
33249
33252
33254
33256
33260
33261
33262
33265
33267
33268
33269
33270
33273
33277
33281
33282
33284
33285
33286
33289
33290
33291
33293
33294
33295
33296
33298
33300
33301
33302
33304
33305
33306
33307
33308
33309
33311
33312
33313
33314
33316
33317
33318
33319
33320
33321
33322
33324
33326
33327
33329
33330
33334
33335
33336
33337
33340
33341
33342
33343
33344
33346
33348
33349
33350
33351
33352
33353
33354
33355
33356
33357
33359
33360
33362
33363
33364
33365
33366
33367
33369
33370
33371
33372
33373
33377
33378
33379
33383
33384
33385
33386
33387
33388
33389
33390
33391
33392
33393
33394
33395
33396
33399
33400
33401
33402
33403
33404
33405
33406
33408
33409
33410
33411
33413
33414
33415
33417
33418
33419
33420
33421
33423
33425
33430
33431
33432
33433
33434
33435
33438
33442
33444
33447
33448
33449
33452
33455
33456
33458
33465
33466
33467
33469
33471
33478
33487
33494
33502
33503
33507
33509
33516
33523
33530
33533
33536
33540
33542
33544
33553
33557
33561
33563
33568
33569
33574
33584
33588
33592
33594
33596
33603
33611
33615
33625
33632
33642
33645
33652
33664
33667
33671
33688
33692
33701
33704
33714
33719
33729
33743
33762
33770
33785
33788
33808
33824
33827
33829
33831
33836
33853
33892
33894
33895
33896
33901
33911
33939
33954
33955
33982
33983
33991
33992
33994
34013
34014
34016
34020
34028
34057
34074
34080
34090
34103
34106
34108
34109
34110
34111
34113
34114
34116
34117
34118
34119
34120
34121
34122
34123
34124
34125
34126
34127
34128
34129
34130
34131
34133
34134
34135
34136
34137
34138
34139
34140
34141
34142
34143
34144
34145
34146
34147
34148
34149
34150
34151
34152
34153
34154
34155
34156
34157
34158
34159
34160
34161
34162
34163
34164
34165
34166
34167
34168
34170
34171
34172
34174
34175
34176
34178
34179
34180
34182
34183
34184
34185
34186
34187
34188
34189
34190
34191
34193
34195
34196
34199
34200
34201
34204
34205
34206
34207
34208
34209
34210
34211
34212
34214
34215
34216
34218
34221
34222
34223
34224
34225
34226
34228
34230
34231
34232
34233
34234
34235
34237
34238
34239
34242
34244
34246
34248
34249
34250
34251
34252
34253
34254
34256
34257
34259
34261
34262
34263
34264
34265
34266
34267
34269
34270
34271
34272
34273
34276
34277
34278
34280
34284
34285
34286
34288
34289
34290
34291
34292
34293
34294
34301
34302
34305
34306
34307
34309
34310
34313
34315
34316
34318
34320
34322
34324
34325
34326
34327
34329
34330
34331
34332
34333
34335
34336
34338
34341
34342
34343
34345
34348
34349
34351
34354
34357
34358
34360
34361
34362
34364
34366
34367
34368
34370
34371
34373
34375
34376
34379
34380
34381
34382
34383
34384
34385
34387
34388
34389
34390
34391
34392
34394
34397
34398
34399
34400
34402
34403
34405
34408
34409
34411
34412
34413
34414
34415
34416
34417
34418
34420
34421
34423
34424
34425
34427
34428
34429
34430
34431
34432
34433
34435
34436
34437
34438
34440
34443
34444
34445
34446
34448
34450
34451
34452
34453
34454
34456
34457
34458
34461
34462
34464
34466
34467
34468
34469
34470
34471
34472
34474
34477
34478
34479
34480
34481
34482
34483
34486
34487
34488
34489
34492
34493
34496
34497
34499
34500
34502
34503
34504
34505
34507
34508
34509
34510
34513
34514
34515
34518
34519
34520
34521
34523
34524
34526
34527
34528
34529
34530
34531
34532
34533
34534
34535
34537
34539
34541
34547
34548
34549
34551
34554
34558
34560
34561
34562
34563
34565
34566
34568
34571
34572
34574
34575
34578
34579
34580
34582
34583
34584
34587
34588
34589
34590
34591
34593
34594
34598
34599
34601
34603
34606
34607
34608
34610
34611
34612
34614
34616
34617
34618
34624
34625
34626
34627
34628
34629
34630
34631
34633
34635
34639
34642
34643
34645
34649
34650
34653
34654
34655
34656
34657
34660
34661
34662
34665
34670
34671
34672
34674
34675
34676
34677
34678
34679
34680
34683
34684
34685
34686
34687
34688
34689
34691
34692
34694
34698
34699
34700
34705
34709
34710
34713
34714
34716
34718
34719
34720
34721
34722
34723
34733
34735
34736
34737
34740
34742
34745
34747
34748
34749
34750
34751
34753
34754
34756
34758
34760
34761
34764
34765
34766
34768
34770
34771
34774
34775
34778
34779
34782
34783
34785
34786
34789
34790
34791
34792
34794
34795
34797
34798
34801
34802
34804
34805
34807
34813
34815
34817
34818
34819
34820
34824
34826
34827
34830
34832
34834
34837
34838
34841
34842
34846
34847
34848
34849
34850
34853
34854
34855
34856
34860
34861
34862
34863
34865
34867
34869
34870
34871
34872
34877
34878
34880
34881
34882
34884
34886
34887
34888
34893
34894
34895
34898
34899
34901
34902
34903
34904
34907
34909
34910
34911
34913
34914
34915
34918
34919
34920
34921
34923
34925
34926
34927
34928
34930
34933
34935
34937
34938
34939
34942
34944
34946
34949
34950
34952
34955
34956
34957
34958
34960
34961
34962
34965
34969
34970
34974
34975
34976
34978
34979
34983
34984
34985
34988
34989
34992
34994
34995
34997
35000
35003
35005
35007
35008
35010
35011
35015
35017
35018
35019
35020
35022
35024
35025
35026
35028
35029
35030
35031
35034
35038
35040
35041
35042
35044
35046
35047
35048
35052
35054
35055
35057
35060
35063
35065
35067
35068
35070
35071
35073
35074
35075
35078
35080
35083
35084
35085
35087
35089
35091
35093
35094
35096
35099
35103
35105
35106
35107
35108
35111
35112
35113
35116
35119
35120
35122
35124
35125
35126
35130
35131
35132
35134
35135
35137
35139
35140
35141
35142
35145
35146
35148
35149
35151
35152
35153
35154
35155
35156
35157
35158
35160
35163
35165
35166
35167
35168
35169
35170
35171
35172
35173
35174
35175
35178
35180
35181
35182
35186
35187
35188
35193
35194
35196
35197
35199
35200
35206
35212
35213
35214
35217
35219
35220
35221
35222
35223
35224
35225
35227
35228
35229
35230
35231
35232
35233
35235
35236
35239
35243
35244
35245
35247
35248
35250
35252
35254
35258
35259
35261
35262
35266
35272
35273
35275
35277
35280
35282
35283
35284
35290
35292
35293
35299
35303
35304
35306
35307
35308
35310
35311
35312
35314
35316
35317
35318
35321
35322
35325
35328
35330
35331
35334
35335
35336
35339
35340
35342
35344
35345
35346
35348
35349
35350
35351
35353
35360
35361
35364
35365
35367
35370
35374
35377
35378
35381
35382
35385
35386
35387
35390
35392
35394
35397
35398
35399
35400
35401
35404
35406
35407
35408
35410
35412
35413
35417
35418
35421
35423
35428
35431
35432
35433
35434
35438
35443
35446
35447
35449
35451
35452
35454
35455
35456
35457
35459
35460
35461
35462
35464
35466
35469
35471
35472
35473
35474
35476
35477
35479
35480
35481
35482
35483
35484
35488
35489
35492
35500
35502
35504
35505
35506
35507
35510
35511
35512
35513
35514
35515
35521
35522
35524
35527
35528
35529
35534
35537
35538
35539
35540
35542
35543
35549
35551
35553
35555
35556
35559
35560
35561
35562
35564
35565
35569
35570
35575
35576
35578
35579
35582
35583
35584
35587
35589
35594
35595
35596
35597
35598
35600
35605
35611
35613
35616
35617
35618
35622
35623
35624
35625
35627
35629
35633
35639
35641
35646
35649
35652
35653
35655
35656
35657
35658
35659
35661
35662
35664
35667
35668
35670
35671
35673
35674
35676
35677
35678
35681
35684
35686
35690
35691
35696
35697
35700
35704
35706
35708
35709
35711
35712
35713
35714
35725
35727
35728
35730
35732
35737
35741
35743
35745
35746
35747
35749
35755
35756
35757
35758
35759
35760
35767
35768
35770
35771
35774
35776
35777
35778
35781
35782
35783
35787
35790
35793
35794
35795
35800
35801
35803
35806
35807
35808
35810
35813
35814
35815
35816
35817
35819
35820
35821
35823
35825
35826
35829
35830
35831
35832
35833
35835
35836
35840
35841
35842
35844
35848
35849
35851
35852
35853
35854
35855
35856
35858
35860
35861
35862
35864
35865
35868
35869
35870
35872
35876
35877
35881
35882
35883
35884
35885
35886
35887
35891
35892
35897
35900
35902
35903
35904
35905
35907
35908
35910
35911
35912
35913
35914
35915
35917
35918
35919
35920
35921
35922
35923
35925
35927
35929
35930
35931
35932
35933
35935
35936
35937
35938
35939
35940
35941
35942
35943
35944
35945
35946
35947
35948
35949
35950
35951
35952
35953
35954
35955
35956
35957
35958
35959
35960
35961
35963
35964
35965
35966
35967
35968
35969
35970
35971
35972
35973
35974
35976
35977
35978
35980
35981
35982
35984
35985
35988
35990
35992
35993
35995
35996
35997
35998
35999
36000
36001
36003
36004
36005
36006
36007
36008
36009
36011
36012
36013
36014
36015
36017
36019
36021
36022
36023
36024
36025
36026
36027
36028
36030
36031
36033
36034
36036
36037
36038
36039
36040
36041
36042
36043
36044
36045
36046
36047
36048
36049
36050
36052
36053
36054
36055
36057
36058
36059
36060
36061
36062
36063
36065
36067
36068
36070
36071
36072
36073
36074
36077
36078
36079
36080
36081
36085
36086
36087
36089
36090
36092
36094
36095
36096
36097
36102
36103
36104
36105
36106
36107
36108
36109
36110
36111
36112
36113
36116
36117
36118
36119
36120
36121
36122
36123
36124
36126
36127
36129
36130
36132
36134
36137
36138
36139
36140
36141
36142
36144
36145
36148
36152
36153
36155
36157
36158
36159
36161
36162
36163
36164
36165
36166
36167
36168
36170
36173
36174
36175
36177
36179
36180
36181
36182
36184
36185
36186
36189
36190
36191
36192
36193
36194
36195
36197
36199
36200
36201
36202
36203
36205
36206
36210
36211
36212
36214
36216
36219
36220
36221
36223
36225
36226
36227
36228
36229
36231
36234
36237
36238
36239
36240
36241
36242
36244
36245
36248
36250
36251
36252
36254
36255
36256
36257
36258
36260
36261
36262
36263
36267
36268
36271
36272
36274
36275
36276
36278
36280
36281
36283
36286
36287
36291
36293
36294
36296
36297
36298
36299
36300
36302
36304
36305
36307
36308
36309
36310
36311
36312
36313
36314
36315
36316
36317
36318
36321
36322
36323
36324
36326
36327
36328
36329
36332
36333
36334
36335
36336
36338
36339
36340
36341
36343
36344
36345
36346
36348
36349
36350
36351
36353
36354
36356
36357
36358
36359
36360
36361
36362
36363
36365
36366
36367
36369
36371
36372
36373
36375
36376
36380
36381
36382
36384
36385
36386
36388
36391
36392
36394
36395
36396
36399
36402
36403
36404
36406
36407
36409
36410
36412
36413
36414
36415
36416
36418
36419
36420
36421
36422
36424
36427
36428
36429
36430
36431
36432
36433
36434
36437
36441
36442
36443
36445
36446
36447
36448
36453
36454
36455
36456
36459
36461
36462
36463
36464
36465
36466
36467
36468
36470
36471
36473
36474
36475
36476
36477
36478
36480
36481
36483
36484
36486
36487
36489
36491
36493
36494
36495
36499
36501
36503
36506
36508
36509
36510
36511
36514
36515
36518
36519
36520
36521
36523
36524
36525
36526
36527
36528
36530
36532
36533
36534
36536
36537
36539
36541
36542
36543
36544
36545
36548
36549
36552
36553
36554
36555
36557
36558
36560
36561
36564
36565
36572
36574
36576
36577
36579
36580
36581
36583
36584
36588
36590
36591
36593
36596
36598
36599
36600
36601
36603
36605
36606
36608
36611
36612
36615
36616
36617
36618
36619
36621
36622
36623
36624
36625
36626
36630
36631
36632
36634
36637
36638
36639
36641
36644
36645
36646
36647
36648
36649
36655
36656
36657
36658
36661
36663
36664
36666
36667
36672
36674
36675
36676
36678
36679
36680
36681
36682
36683
36684
36687
36688
36689
36690
36694
36698
36699
36700
36701
36702
36703
36704
36706
36708
36709
36711
36712
36713
36714
36715
36716
36720
36724
36725
36727
36730
36731
36733
36734
36737
36738
36741
36742
36743
36747
36749
36750
36751
36752
36753
36756
36757
36759
36763
36764
36765
36767
36769
36773
36774
36775
36776
36777
36778
36780
36784
36787
36788
36796
36797
36799
36800
36801
36802
36805
36806
36808
36809
36810
36811
36813
36814
36815
36818
36820
36822
36824
36825
36827
36828
36829
36832
36833
36835
36837
36838
36839
36840
36841
36843
36844
36845
36846
36848
36850
36851
36852
36853
36855
36856
36857
36860
36861
36864
36865
36866
36868
36870
36872
36873
36875
36876
36877
36882
36883
36885
36886
36889
36890
36891
36892
36893
36894
36896
36897
36899
36901
36903
36904
36906
36907
36909
36911
36912
36913
36914
36915
36916
36918
36919
36920
36922
36923
36924
36926
36928
36929
36930
36931
36932
36936
36938
36940
36941
36942
36943
36945
36946
36947
36948
36949
36950
36952
36955
36957
36958
36959
36960
36961
36962
36969
36970
36971
36972
36974
36975
36976
36977
36978
36979
36981
36982
36983
36984
36985
36986
36987
36989
36990
36991
36993
36994
36995
36996
36998
36999
37000
37003
37004
37007
37008
37010
37011
37014
37015
37016
37018
37019
37020
37024
37026
37027
37028
37029
37030
37031
37032
37034
37036
37038
37039
37040
37042
37043
37044
37045
37047
37048
37049
37050
37051
37054
37055
37057
37058
37059
37060
37061
37062
37063
37064
37066
37067
37068
37069
37070
37071
37072
37073
37074
37076
37078
37079
37080
37081
37082
37083
37084
37085
37086
37087
37088
37090
37091
37092
37093
37096
37098
37099
37101
37102
37103
37105
37109
37110
37111
37113
37114
37115
37116
37117
37118
37120
37122
37123
37124
37126
37127
37128
37130
37131
37132
37133
37134
37137
37139
