3
26
31
36
45
49
54
72
76
78
79
80
88
90
97
98
100
101
111
112
114
115
118
121
124
126
127
135
136
139
143
145
146
147
148
155
164
176
185
196
205
227
231
237
241
252
255
257
258
261
262
264
288
298
323
327
332
333
345
355
356
372
380
388
401
408
410
418
421
430
434
435
441
442
451
453
454
461
466
480
481
483
488
498
499
502
503
505
506
522
535
539
544
555
556
570
573
575
578
598
601
609
623
629
631
633
634
636
640
642
643
674
675
676
677
678
680
681
682
683
684
685
686
687
688
689
690
691
692
693
694
696
697
699
700
704
705
707
710
711
712
713
714
716
718
720
721
722
724
725
726
727
728
730
731
733
734
735
738
741
742
743
746
747
748
752
756
757
758
759
761
762
764
765
766
768
769
773
774
775
778
779
780
781
782
783
784
785
787
788
789
792
794
795
796
797
798
800
801
803
805
806
807
808
811
812
814
815
816
817
818
819
820
821
823
824
826
827
828
830
831
832
833
835
836
837
838
841
842
844
846
850
853
856
857
858
860
861
862
863
866
868
869
870
873
876
880
883
884
886
887
888
891
892
894
895
897
898
899
901
903
904
905
906
907
908
909
910
911
912
917
919
920
923
928
929
930
932
933
934
939
940
941
943
945
947
950
952
956
958
959
965
974
977
979
981
983
985
987
988
990
991
994
995
999
1000
1001
1002
1004
1008
1009
1010
1011
1013
1016
1017
1019
1021
1022
1024
1026
1027
1032
1034
1037
1038
1040
1043
1044
1045
1050
1053
1055
1058
1059
1061
1062
1065
1066
1072
1073
1075
1078
1079
1082
1083
1084
1086
1087
1088
1090
1091
1093
1094
1095
1096
1097
1098
1100
1101
1102
1105
1107
1108
1111
1113
1114
1118
1119
1121
1123
1125
1128
1130
1131
1134
1135
1136
1137
1139
1143
1146
1147
1148
1149
1150
1154
1156
1157
1161
1162
1164
1168
1169
1171
1172
1173
1174
1177
1178
1180
1181
1191
1193
1194
1195
1199
1200
1202
1207
1210
1211
1213
1217
1219
1221
1223
1225
1227
1229
1230
1233
1235
1236
1237
1238
1239
1244
1245
1246
1247
1249
1257
1261
1262
1264
1265
1266
1271
1282
1283
1287
1288
1289
1291
1295
1299
1300
1304
1311
1313
1321
1323
1326
1327
1328
1330
1331
1332
1335
1336
1337
1340
1347
1348
1351
1355
1356
1357
1358
1361
1365
1368
1369
1375
1376
1378
1380
1383
1386
1387
1389
1393
1394
1396
1397
1398
1402
1403
1407
1409
1410
1413
1416
1420
1421
1423
1424
1425
1427
1430
1434
1436
1437
1438
1439
1441
1445
1446
1448
1451
1457
1458
1460
1461
1462
1466
1475
1477
1478
1480
1483
1487
1488
1489
1490
1491
1494
1495
1496
1499
1500
1501
1502
1506
1510
1512
1516
1520
1524
1525
1526
1528
1529
1530
1533
1535
1536
1539
1540
1543
1546
1555
1556
1559
1560
1562
1563
1565
1567
1568
1569
1572
1576
1579
1581
1584
1586
1589
1590
1593
1596
1598
1599
1607
1609
1616
1618
1619
1621
1622
1625
1626
1628
1629
1630
1633
1636
1638
1640
1641
1644
1648
1649
1655
1656
1657
1659
1662
1664
1665
1670
1671
1673
1679
1680
1682
1687
1690
1693
1695
1698
1703
1707
1709
1713
1715
1718
1720
1721
1723
1726
1727
1736
1737
1741
1743
1744
1745
1748
1750
1752
1761
1766
1767
1768
1770
1773
1776
1779
1781
1783
1785
1786
1787
1788
1789
1791
1793
1796
1797
1801
1807
1811
1813
1821
1822
1824
1833
1839
1840
1841
1842
1847
1853
1858
1859
1860
1863
1864
1866
1868
1873
1879
1896
1906
1907
1912
1916
1918
1924
1933
1937
1944
1945
1946
1954
1955
1956
1961
1962
1967
1973
1974
1975
1978
1979
1980
1983
1994
1995
1997
2000
2005
2010
2012
2015
2016
2017
2021
2023
2024
2025
2028
2029
2031
2036
2037
2038
2045
2046
2050
2057
2061
2069
2073
2074
2083
2084
2085
2087
2091
2093
2102
2104
2108
2112
2113
2116
2117
2134
2138
2139
2140
2144
2145
2147
2161
2163
2166
2167
2168
2169
2171
2172
2190
2194
2202
2208
2211
2223
2225
2226
2228
2230
2239
2248
2251
2255
2256
2258
2267
2269
2282
2285
2294
2297
2298
2305
2307
2316
2317
2319
2320
2327
2329
2335
2337
2340
2341
2346
2349
2353
2355
2356
2357
2359
2361
2367
2372
2373
2382
2383
2387
2388
2391
2393
2394
2396
2397
2403
2404
2405
2406
2407
2410
2415
2418
2422
2429
2430
2432
2435
2438
2443
2444
2448
2451
2452
2455
2456
2457
2459
2461
2463
2465
2474
2480
2481
2483
2486
2487
2488
2489
2491
2492
2493
2494
2495
2498
2499
2500
2501
2502
2503
2504
2505
2506
2509
2510
2512
2513
2514
2515
2518
2519
2520
2521
2524
2525
2526
2527
2528
2529
2530
2531
2532
2533
2535
2536
2537
2538
2540
2541
2542
2543
2544
2545
2546
2547
2549
2550
2551
2552
2553
2554
2555
2556
2557
2558
2559
2560
2561
2562
2564
2565
2566
2568
2569
2570
2571
2572
2573
2574
2575
2576
2577
2578
2579
2580
2581
2582
2583
2584
2587
2588
2589
2590
2592
2594
2595
2596
2597
2598
2599
2601
2602
2604
2605
2607
2608
2610
2612
2613
2614
2615
2617
2618
2619
2620
2621
2622
2623
2624
2626
2627
2628
2629
2630
2631
2632
2633
2634
2635
2636
2637
2638
2639
2641
2642
2643
2644
2645
2646
2647
2648
2649
2651
2652
2653
2654
2655
2656
2658
2659
2661
2663
2664
2666
2668
2669
2671
2672
2674
2675
2676
2677
2679
2681
2683
2684
2685
2686
2689
2690
2691
2692
2693
2694
2695
2696
2697
2698
2699
2700
2701
2706
2708
2710
2711
2712
2715
2716
2717
2718
2720
2722
2724
2725
2726
2728
2729
2730
2734
2736
2738
2739
2740
2741
2742
2744
2745
2746
2747
2749
2751
2753
2754
2755
2756
2758
2759
2760
2762
2764
2767
2772
2773
2775
2777
2778
2779
2780
2784
2791
2792
2793
2799
2800
2802
2809
2810
2815
2818
2820
2821
2822
2825
2826
2827
2829
2830
2831
2833
2835
2837
2838
2841
2842
2847
2848
2849
2850
2852
2853
2854
2855
2858
2859
2860
2861
2863
2865
2867
2868
2870
2871
2873
2874
2875
2876
2877
2878
2885
2886
2888
2890
2891
2892
2895
2896
2897
2898
2901
2904
2906
2907
2909
2910
2911
2913
2914
2915
2917
2919
2920
2923
2926
2928
2930
2932
2935
2937
2938
2942
2944
2945
2947
2949
2952
2954
2955
2960
2962
2963
2964
2967
2973
2974
2975
2976
2980
2981
2984
2986
2987
2989
2990
2992
2993
2995
2998
3000
3002
3003
3004
3008
3011
3016
3017
3018
3019
3020
3021
3022
3024
3025
3027
3029
3033
3034
3035
3036
3037
3038
3040
3042
3045
3047
3048
3051
3052
3053
3055
3056
3059
3061
3063
3069
3071
3076
3080
3083
3085
3088
3089
3090
3092
3093
3096
3099
3100
3101
3102
3107
3108
3115
3116
3120
3121
3123
3124
3127
3128
3134
3135
3138
3139
3142
3144
3146
3149
3151
3154
3156
3157
3162
3164
3168
3170
3171
3172
3177
3178
3179
3180
3184
3185
3189
3190
3191
3192
3195
3196
3197
3198
3200
3205
3207
3208
3212
3213
3214
3215
3219
3220
3221
3223
3224
3230
3232
3235
3236
3239
3241
3247
3249
3252
3253
3254
3256
3257
3258
3259
3260
3261
3262
3264
3266
3268
3275
3282
3286
3287
3288
3289
3290
3291
3292
3293
3299
3301
3302
3305
3307
3309
3315
3317
3322
3325
3326
3328
3331
3337
3340
3343
3344
3345
3347
3351
3356
3357
3359
3360
3362
3363
3368
3371
3372
3373
3376
3377
3378
3380
3383
3384
3385
3388
3389
3390
3394
3395
3397
3398
3405
3406
3412
3413
3414
3415
3416
3417
3418
3421
3422
3423
3425
3426
3427
3430
3433
3435
3437
3438
3442
3444
3446
3450
3454
3457
3458
3459
3460
3461
3463
3464
3466
3467
3468
3471
3473
3477
3482
3483
3484
3486
3487
3488
3489
3490
3491
3492
3496
3501
3502
3506
3509
3510
3512
3513
3514
3515
3517
3519
3520
3521
3523
3524
3526
3529
3531
3532
3533
3534
3535
3536
3537
3539
3540
3542
3543
3544
3545
3548
3550
3553
3555
3556
3557
3559
3561
3564
3566
3567
3569
3570
3571
3574
3575
3578
3581
3582
3583
3584
3587
3588
3593
3594
3598
3599
3602
3604
3607
3609
3610
3612
3617
3618
3619
3622
3625
3626
3627
3631
3632
3634
3635
3637
3638
3640
3641
3642
3643
3647
3650
3652
3653
3654
3655
3656
3658
3661
3662
3665
3666
3667
3668
3669
3672
3673
3674
3675
3676
3677
3679
3680
3682
3685
3687
3688
3690
3691
3692
3693
3694
3696
3698
3699
3700
3702
3703
3705
3706
3707
3709
3710
3711
3712
3713
3731
3734
3740
3751
3752
3762
3768
3769
3774
3780
3781
3789
3793
3795
3799
3803
3804
3811
3812
3823
3824
3826
3827
3828
3831
3840
3841
3842
3843
3846
3849
3855
3856
3858
3859
3861
3864
3865
3869
3876
3877
3880
3882
3886
3893
3897
3899
3902
3903
3911
3914
3919
3920
3923
3925
3926
3940
3941
3943
3946
3953
3954
3956
3961
3966
3968
3970
3971
3988
3998
4005
4013
4021
4033
4035
4048
4060
4066
4068
4069
4070
4075
4084
4086
4088
4094
4106
4109
4115
4117
4124
4125
4129
4141
4146
4147
4156
4157
4163
4166
4172
4173
4176
4179
4180
4184
4202
4207
4211
4212
4213
4220
4225
4228
4233
4235
4236
4241
4245
4249
4250
4253
4256
4261
4270
4278
4287
4304
4312
4314
4316
4323
4325
4332
4333
4336
4339
4341
4343
4352
4365
4371
4383
4384
4388
4389
4390
4391
4392
4393
4395
4396
4397
4398
4399
4402
4403
4404
4405
4406
4408
4409
4410
4411
4413
4414
4415
4416
4417
4418
4419
4420
4421
4422
4423
4424
4425
4426
4427
4428
4429
4430
4434
4435
4436
4437
4438
4439
4441
4442
4446
4447
4448
4449
4450
4451
4452
4454
4455
4456
4457
4458
4460
4461
4462
4466
4467
4469
4470
4471
4472
4473
4475
4476
4478
4479
4480
4481
4482
4483
4484
4485
4486
4487
4489
4492
4493
4495
4496
4498
4500
4501
4502
4503
4505
4506
4509
4510
4513
4514
4516
4519
4520
4521
4522
4523
4525
4526
4527
4528
4529
4530
4532
4533
4535
4538
4540
4541
4542
4543
4544
4545
4547
4549
4550
4551
4552
4553
4554
4555
4557
4558
4559
4562
4563
4564
4565
4569
4572
4575
4577
4579
4582
4583
4589
4590
4592
4594
4597
4598
4600
4601
4603
4604
4605
4606
4608
4609
4610
4611
4612
4613
4614
4615
4619
4620
4627
4632
4633
4636
4637
4639
4641
4642
4643
4645
4646
4647
4648
4652
4654
4659
4662
4663
4667
4671
4672
4676
4678
4679
4680
4681
4683
4685
4687
4688
4690
4694
4695
4696
4697
4699
4701
4702
4703
4704
4705
4708
4709
4713
4714
4715
4716
4717
4719
4720
4724
4725
4728
4729
4730
4732
4734
4736
4740
4741
4742
4745
4746
4748
4750
4751
4752
4758
4759
4762
4764
4765
4767
4772
4777
4780
4786
4787
4788
4790
4792
4793
4796
4797
4800
4801
4803
4806
4807
4808
4811
4812
4814
4816
4818
4819
4822
4825
4827
4833
4834
4837
4839
4843
4844
4845
4848
4849
4850
4852
4853
4854
4859
4862
4864
4866
4867
4868
4869
4871
4876
4877
4878
4879
4882
4883
4884
4885
4886
4887
4888
4889
4890
4894
4895
4896
4898
4899
4900
4905
4907
4910
4912
4914
4916
4918
4921
4923
4924
4930
4931
4933
4937
4939
4940
4941
4942
4947
4948
4951
4955
4956
4963
4965
4967
4970
4971
4972
4973
4975
4977
4979
4980
4981
4982
4986
4987
4991
4992
4993
4995
4996
5001
5005
5011
5012
5013
5014
5015
5017
5020
5023
5024
5025
5026
5027
5030
5033
5035
5038
5039
5040
5041
5043
5045
5046
5047
5048
5049
5050
5052
5053
5056
5057
5059
5062
5063
5066
5070
5071
5073
5074
5079
5080
5084
5087
5089
5090
5092
5094
5095
5097
5099
5100
5101
5102
5105
5112
5114
5115
5117
5119
5121
5122
5123
5124
5127
5130
5131
5139
5140
5141
5142
5143
5146
5147
5148
5149
5150
5151
5155
5157
5159
5160
5161
5162
5170
5171
5172
5174
5175
5177
5179
5180
5182
5184
5185
5188
5190
5191
5192
5195
5196
5200
5201
5202
5203
5204
5208
5209
5211
5214
5215
5218
5221
5226
5227
5230
5231
5233
5234
5237
5238
5241
5243
5247
5249
5250
5251
5253
5255
5256
5259
5261
5264
5266
5267
5269
5270
5273
5275
5276
5277
5280
5281
5282
5283
5286
5288
5289
5290
5291
5292
5293
5294
5295
5296
5297
5298
5300
5302
5304
5307
5310
5314
5320
5321
5324
5327
5331
5334
5335
5341
5342
5343
5344
5346
5347
5351
5352
5355
5356
5358
5362
5365
5373
5376
5378
5379
5381
5384
5385
5387
5392
5393
5394
5395
5396
5398
5400
5401
5404
5405
5406
5407
5408
5414
5417
5421
5423
5429
5430
5433
5434
5436
5437
5438
5439
5440
5442
5443
5446
5447
5450
5451
5452
5453
5460
5461
5465
5467
5468
5472
5475
5479
5481
5482
5483
5484
5487
5489
5495
5496
5498
5501
5503
5505
5506
5509
5512
5515
5519
5520
5521
5523
5530
5531
5533
5535
5539
5545
5550
5551
5553
5554
5556
5562
5563
5564
5569
5573
5575
5576
5586
5589
5598
5601
5604
5605
5606
5607
5610
5615
5619
5622
5624
5626
5632
5634
5635
5640
5641
5643
5647
5651
5652
5656
5658
5659
5661
5667
5669
5672
5675
5681
5685
5689
5692
5694
5695
5703
5710
5711
5714
5718
5726
5730
5732
5735
5737
5739
5742
5743
5745
5747
5752
5753
5757
5760
5761
5764
5769
5771
5776
5777
5778
5781
5787
5793
5808
5810
5814
5816
5818
5820
5822
5824
5826
5827
5831
5833
5834
5837
5843
5851
5853
5856
5860
5866
5867
5868
5875
5877
5878
5880
5881
5882
5883
5885
5886
5888
5892
5904
5909
5912
5915
5920
5923
5925
5926
5927
5928
5939
5942
5944
5946
5951
5953
5956
5958
5961
5962
5974
5976
5977
5978
5988
5989
5997
6009
6011
6016
6021
6029
6030
6031
6033
6034
6041
6043
6045
6049
6053
6055
6058
6060
6064
6065
6066
6070
6071
6072
6075
6077
6082
6083
6084
6086
6087
6089
6090
6095
6096
6098
6101
6102
6103
6105
6107
6108
6110
6111
6112
6115
6121
6123
6124
6127
6128
6129
6132
6134
6141
6142
6144
6145
6146
6147
6149
6152
6156
6157
6158
6161
6162
6170
6171
6173
6175
6176
6184
6186
6188
6194
6198
6199
6200
6201
6202
6203
6204
6205
6206
6207
6208
6212
6215
6216
6217
6218
6219
6220
6221
6223
6224
6226
6227
6228
6229
6230
6232
6234
6235
6238
6239
6240
6242
6243
6244
6245
6246
6247
6248
6249
6250
6251
6252
6253
6254
6255
6256
6257
6258
6259
6260
6261
6263
6264
6265
6266
6267
6268
6270
6271
6272
6273
6274
6275
6276
6278
6279
6280
6282
6283
6284
6285
6287
6288
6289
6290
6291
6292
6293
6295
6296
6297
6298
6299
6300
6302
6306
6308
6309
6310
6312
6313
6315
6316
6318
6319
6320
6321
6322
6323
6324
6325
6326
6327
6328
6329
6330
6332
6333
6334
6335
6336
6337
6338
6339
6340
6342
6343
6344
6345
6347
6348
6349
6350
6351
6353
6354
6355
6357
6358
6359
6362
6363
6364
6365
6366
6367
6368
6369
6372
6373
6374
6375
6377
6378
6380
6381
6382
6383
6384
6385
6386
6387
6389
6390
6391
6392
6393
6395
6397
6398
6399
6401
6402
6403
6404
6405
6406
6407
6408
6410
6411
6412
6413
6414
6415
6416
6417
6418
6420
6422
6424
6425
6426
6429
6430
6432
6434
6435
6436
6437
6438
6439
6440
6442
6443
6444
6445
6446
6447
6449
6450
6451
6452
6454
6455
6457
6458
6459
6460
6461
6462
6465
6469
6470
6471
6472
6473
6474
6476
6477
6478
6480
6481
6482
6486
6487
6488
6489
6490
6494
6497
6498
6499
6502
6504
6505
6509
6511
6513
6514
6516
6520
6523
6524
6525
6526
6527
6529
6530
6531
6532
6533
6536
6538
6539
6540
6543
6544
6547
6548
6550
6551
6552
6555
6557
6559
6560
6561
6562
6563
6568
6569
6570
6571
6572
6575
6576
6577
6579
6580
6581
6584
6585
6586
6587
6588
6590
6592
6594
6595
6597
6598
6600
6603
6604
6607
6608
6609
6611
6612
6616
6618
6620
6621
6622
6624
6625
6627
6628
6629
6631
6633
6634
6635
6636
6637
6641
6642
6643
6645
6649
6651
6652
6653
6654
6655
6656
6657
6658
6659
6660
6662
6663
6665
6666
6667
6670
6671
6673
6674
6676
6677
6680
6683
6687
6688
6689
6690
6691
6692
6695
6697
6698
6700
6702
6703
6704
6705
6706
6707
6708
6710
6712
6713
6715
6717
6718
6720
6722
6724
6725
6727
6728
6730
6731
6733
6734
6735
6736
6737
6739
6740
6747
6749
6750
6751
6752
6756
6759
6760
6761
6762
6763
6769
6775
6777
6781
6783
6784
6791
6792
6796
6800
6801
6802
6803
6808
6813
6815
6818
6822
6824
6825
6826
6829
6834
6835
6836
6837
6839
6840
6841
6842
6843
6845
6846
6848
6852
6855
6863
6864
6865
6866
6867
6868
6870
6871
6872
6876
6878
6879
6881
6882
6883
6885
6887
6891
6893
6894
6896
6897
6898
6899
6904
6906
6909
6910
6915
6918
6921
6922
6924
6926
6927
6932
6933
6934
6936
6939
6944
6948
6949
6950
6952
6954
6957
6965
6966
6967
6968
6969
6970
6972
6975
6976
6979
6980
6992
6993
6994
6997
6998
6999
7000
7001
7002
7003
7004
7006
7007
7009
7011
7014
7015
7016
7019
7020
7025
7026
7029
7031
7033
7036
7038
7039
7045
7046
7049
7051
7053
7054
7055
7057
7058
7060
7063
7065
7066
7067
7068
7071
7073
7074
7075
7076
7077
7078
7079
7080
7084
7085
7093
7094
7098
7099
7100
7102
7103
7105
7107
7110
7111
7112
7113
7115
7119
7120
7126
7127
7128
7129
7130
7134
7135
7136
7137
7138
7139
7140
7141
7144
7149
7150
7153
7156
7164
7168
7171
7173
7174
7175
7176
7177
7178
7179
7180
7181
7184
7185
7187
7188
7189
7191
7198
7199
7200
7202
7203
7204
7206
7207
7210
7211
7215
7216
7217
7221
7226
7228
7229
7231
7233
7234
7235
7244
7245
7246
7249
7251
7253
7254
7258
7259
7262
7267
7269
7270
7271
7274
7275
7276
7279
7282
7283
7284
7285
7286
7288
7292
7295
7296
7298
7300
7302
7307
7309
7311
7314
7315
7316
7317
7318
7320
7323
7324
7326
7327
7328
7331
7332
7335
7336
7337
7338
7339
7343
7345
7348
7349
7350
7351
7354
7356
7357
7358
7361
7364
7365
7367
7369
7370
7371
7372
7374
7375
7380
7381
7382
7383
7385
7386
7388
7389
7390
7391
7392
7393
7394
7396
7398
7402
7404
7405
7408
7411
7412
7413
7414
7415
7419
7421
7422
7424
7426
7427
7447
7454
7457
7459
7475
7479
7482
7486
7492
7496
7519
7539
7540
7548
7553
7554
7571
7572
7573
7579
7580
7586
7618
7620
7634
7647
7657
7661
7683
7685
7699
7705
7708
7715
7719
7721
7724
7749
7785
7805
7808
7811
7815
7820
7833
7836
7839
7870
7881
7896
7905
7907
7926
7927
7930
7931
7938
7947
7953
7984
8003
8008
8046
8057
8090
8097
8099
8102
8103
8104
8107
8109
8110
8112
8113
8115
8116
8117
8118
8119
8121
8122
8124
8125
8127
8128
8129
8130
8131
8132
8133
8135
8137
8139
8140
8141
8143
8144
8146
8147
8148
8149
8150
8152
8154
8155
8156
8159
8161
8162
8166
8167
8169
8170
8171
8174
8175
8176
8179
8180
8185
8186
8187
8191
8194
8195
8196
8197
8198
8201
8202
8203
8206
8207
8209
8210
8211
8212
8213
8215
8216
8217
8218
8219
8220
8223
8225
8227
8229
8230
8233
8235
8236
8237
8238
8239
8240
8242
8244
8246
8247
8248
8249
8252
8254
8256
8258
8259
8260
8261
8263
8264
8265
8268
8272
8273
8274
8277
8278
8279
8280
8281
8283
8286
8288
8289
8290
8291
8292
8294
8296
8297
8299
8300
8301
8302
8303
8307
8309
8312
8316
8317
8321
8322
8323
8325
8326
8327
8329
8332
8334
8336
8337
8341
8345
8346
8347
8348
8350
8353
8355
8357
8366
8367
8368
8369
8370
8371
8373
8375
8376
8377
8381
8383
8385
8386
8387
8390
8393
8394
8395
8397
8398
8399
8400
8402
8405
8410
8412
8413
8415
8416
8417
8422
8423
8430
8431
8436
8437
8438
8439
8443
8445
8447
8448
8454
8455
8460
8464
8466
8467
8468
8472
8473
8475
8478
8479
8480
8483
8489
8490
8492
8494
8499
8500
8501
8502
8503
8506
8508
8514
8515
8522
8524
8525
8526
8529
8530
8532
8535
8536
8537
8539
8541
8550
8551
8555
8556
8557
8559
8560
8561
8562
8567
8571
8572
8577
8578
8579
8582
8583
8584
8585
8586
8587
8589
8590
8592
8597
8600
8602
8603
8605
8606
8608
8610
8611
8613
8620
8622
8624
8627
8628
8631
8632
8635
8639
8641
8645
8649
8650
8651
8653
8664
8665
8667
8669
8673
8681
8682
8684
8687
8688
8694
8696
8704
8710
8711
8714
8715
8719
8721
8724
8725
8728
8733
8735
8736
8738
8739
8740
8743
8744
8749
8751
8752
8755
8757
8758
8760
8767
8773
8776
8777
8785
8790
8792
8797
8802
8803
8804
8811
8812
8813
8814
8819
8824
8826
8831
8840
8844
8852
8853
8859
8862
8867
8872
8873
8874
8876
8879
8882
8883
8884
8886
8888
8889
8893
8897
8898
8901
8902
8903
8905
8906
8915
8916
8919
8922
8923
8927
8928
8930
8931
8934
8935
8937
8941
8943
8948
8953
8955
8959
8961
8963
8964
8966
8968
8973
8974
8975
8978
8982
8983
8985
8989
8990
8991
8992
8997
9000
9002
9003
9004
9005
9007
9009
9012
9013
9015
9017
9021
9033
9036
9038
9039
9043
9044
9066
9070
9072
9092
9093
9097
9099
9101
9103
9107
9110
9111
9114
9118
9119
9120
9123
9126
9128
9133
9134
9136
9137
9138
9139
9150
9151
9154
9157
9164
9177
9178
9181
9186
9187
9189
9193
9195
9196
9206
9211
9214
9216
9219
9225
9229
9232
9235
9237
9246
9248
9249
9260
9282
9293
9308
9311
9312
9325
9333
9335
9336
9346
9350
9356
9361
9362
9364
9372
9376
9392
9395
9399
9400
9406
9409
9418
9425
9432
9434
9440
9441
9444
9461
9466
9474
9482
9483
9500
9511
9515
9526
9536
9539
9540
9541
9544
9551
9562
9563
9568
9569
9570
9574
9581
9585
9596
9597
9600
9602
9606
9611
9618
9625
9639
9640
9643
9651
9657
9658
9662
9667
9669
9671
9675
9676
9682
9683
9684
9689
9692
9701
9708
9710
9719
9726
9730
9746
9747
9748
9759
9762
9769
9774
9775
9778
9784
9785
9786
9789
9790
9792
9795
9809
9811
9812
9815
9816
9818
9819
9820
9821
9822
9825
9828
9835
9836
9838
9842
9843
9846
9849
9850
9851
9856
9857
9858
9860
9861
9863
9866
9868
9870
9871
9872
9876
9879
9880
9881
9885
9891
9902
9907
9908
9911
9914
9915
9917
9918
9919
9920
9921
9922
9923
9924
9926
9927
9928
9931
9933
9934
9935
9938
9940
9941
9942
9943
9946
9947
9948
9949
9950
9952
9953
9954
9956
9957
9958
9960
9961
9962
9964
9965
9966
9967
9968
9970
9971
9972
9973
9974
9977
9978
9979
9980
9981
9982
9984
9985
9986
9987
9988
9989
9990
9992
9993
9996
9997
9998
9999
10001
10002
10003
10004
10005
10007
10009
10012
10013
10014
10016
10018
10019
10020
10021
10022
10023
10024
10025
10026
10028
10029
10030
10032
10033
10035
10036
10038
10039
10040
10041
10043
10045
10047
10048
10049
10051
10052
10054
10056
10058
10059
10060
10061
10062
10064
10065
10067
10069
10070
10071
10072
10073
10074
10075
10076
10078
10080
10081
10082
10083
10084
10086
10087
10089
10092
10093
10096
10099
10100
10102
10103
10104
10105
10106
10107
10109
10111
10113
10114
10116
10117
10118
10119
10120
10121
10122
10124
10125
10126
10128
10129
10134
10138
10139
10141
10143
10144
10145
10146
10147
10148
10149
10150
10151
10152
10156
10157
10158
10160
10161
10162
10164
10166
10170
10171
10172
10177
10179
10181
10183
10184
10185
10186
10187
10188
10191
10192
10194
10195
10199
10201
10203
10204
10207
10212
10213
10214
10217
10222
10223
10225
10228
10233
10237
10238
10240
10241
10244
10246
10247
10249
10250
10252
10253
10257
10258
10259
10261
10264
10265
10266
10267
10270
10276
10277
10280
10281
10282
10283
10287
10288
10294
10296
10298
10301
10303
10304
10306
10314
10318
10319
10320
10322
10323
10325
10326
10328
10330
10331
10332
10334
10335
10336
10338
10339
10341
10343
10345
10346
10347
10348
10350
10351
10353
10356
10357
10366
10370
10371
10375
10376
10377
10379
10385
10387
10399
10401
10403
10406
10412
10414
10416
10419
10420
10421
10426
10429
10431
10432
10433
10435
10439
10443
10444
10446
10447
10448
10450
10451
10457
10460
10461
10463
10464
10465
10466
10468
10470
10471
10475
10478
10480
10481
10483
10489
10493
10495
10504
10506
10515
10516
10522
10527
10529
10531
10532
10534
10535
10538
10539
10543
10547
10548
10549
10551
10562
10566
10567
10572
10577
10579
10582
10584
10590
10596
10598
10599
10604
10605
10608
10610
10613
10615
10616
10617
10622
10623
10628
10629
10634
10636
10638
10640
10641
10653
10657
10660
10662
10663
10668
10669
10674
10678
10680
10681
10682
10684
10685
10686
10687
10689
10694
10697
10704
10705
10706
10707
10708
10711
10712
10713
10714
10715
10716
10718
10720
10722
10725
10726
10727
10729
10730
10731
10733
10734
10735
10736
10743
10745
10746
10749
10750
10751
10762
10765
10766
10768
10771
10772
10774
10777
10778
10779
10785
10794
10798
10799
10800
10808
10812
10813
10816
10817
10820
10821
10824
10825
10826
10827
10833
10834
10835
10839
10840
10842
10847
10849
10850
10852
10853
10854
10855
10857
10862
10866
10874
10876
10878
10879
10880
10882
10886
10887
10888
10889
10890
10891
10892
10893
10894
10895
10896
10900
10901
10902
10905
10911
10916
10917
10918
10919
10920
10924
10925
10929
10930
10931
10936
10940
10942
10943
10945
10947
10948
10949
10952
10954
10957
10958
10959
10960
10962
10963
10967
10968
10971
10973
10976
10978
10981
10982
10983
10984
10987
10988
10989
10990
10994
10996
10998
11000
11001
11002
11006
11009
11010
11012
11013
11015
11016
11020
11023
11025
11027
11028
11032
11033
11034
11036
11037
11038
11040
11041
11045
11047
11049
11050
11053
11057
11059
11062
11064
11065
11066
11068
11070
11071
11072
11075
11078
11080
11083
11084
11085
11086
11088
11089
11090
11093
11094
11095
11097
11098
11099
11100
11101
11102
11103
11104
11105
11106
11110
11112
11113
11115
11116
11120
11121
11122
11124
11126
11127
11128
11130
11131
11133
11134
11136
11137
11141
11142
11148
11150
11151
11166
11168
11179
11183
11186
11196
11200
11210
11211
11217
11227
11233
11239
11245
11247
11258
11268
11269
11271
11273
11274
11277
11284
11286
11287
11293
11294
11297
11303
11307
11327
11332
11348
11349
11351
11353
11361
11362
11368
11373
11374
11381
11406
11407
11432
11437
11438
11449
11487
11491
11492
11497
11499
11503
11517
11522
11529
11544
11559
11560
11567
11569
11584
11588
11593
11595
11596
11597
11602
11608
11611
11624
11625
11630
11641
11643
11654
11674
11677
11706
11708
11717
11722
11729
11734
11740
11753
11758
11761
11792
11793
11796
11799
11800
11801
11804
11810
11816
11817
11818
11819
11821
11822
11824
11825
11826
11827
11828
11829
11830
11832
11833
11834
11836
11837
11838
11839
11840
11841
11842
11844
11845
11846
11847
11849
11850
11853
11854
11855
11856
11860
11862
11863
11865
11866
11867
11868
11869
11870
11872
11875
11876
11877
11880
11883
11884
11885
11887
11888
11889
11890
11892
11894
11896
11898
11900
11901
11903
11910
11913
11915
11917
11919
11920
11921
11923
11924
11925
11926
11927
11929
11930
11931
11932
11933
11934
11939
11940
11941
11942
11944
11946
11947
11948
11950
11951
11953
11954
11956
11957
11958
11960
11963
11966
11968
11971
11972
11974
11975
11976
11978
11979
11980
11981
11983
11986
11990
11992
11993
11995
12000
12001
12002
12003
12004
12005
12007
12010
12011
12013
12014
12016
12017
12019
12020
12025
12027
12029
12030
12032
12033
12034
12036
12037
12038
12039
12040
12042
12043
12046
12048
12050
12055
12056
12059
12061
12063
12065
12070
12072
12073
12079
12080
12082
12084
12085
12093
12098
12100
12101
12106
12107
12108
12109
12116
12121
12124
12127
12129
12130
12131
12132
12133
12134
12135
12136
12138
12139
12141
12144
12145
12150
12151
12152
12153
12155
12156
12158
12159
12161
12162
12164
12165
12168
12169
12174
12175
12180
12182
12187
12192
12193
12198
12203
12204
12205
12208
12214
12215
12220
12225
12226
12236
12238
12239
12240
12244
12247
12251
12253
12254
12255
12256
12264
12265
12268
12277
12278
12280
12281
12284
12286
12287
12290
12291
12294
12299
12301
12303
12304
12305
12306
12308
12311
12312
12315
12316
12320
12325
12331
12333
12334
12335
12342
12344
12347
12349
12352
12353
12358
12359
12361
12365
12366
12372
12373
12374
12375
12376
12378
12379
12380
12381
12382
12384
12389
12392
12394
12395
12398
12400
12402
12403
12404
12407
12408
12409
12412
12414
12416
12420
12421
12423
12424
12429
12430
12433
12438
12439
12442
12447
12448
12449
12452
12453
12455
12458
12463
12466
12467
12472
12473
12474
12476
12480
12481
12484
12485
12490
12491
12494
12495
12496
12497
12499
12505
12506
12510
12511
12517
12518
12522
12525
12528
12532
12539
12540
12542
12545
12547
12548
12551
12556
12557
12558
12559
12562
12563
12565
12566
12567
12569
12570
12571
12572
12575
12581
12583
12587
12588
12590
12593
12594
12598
12600
12601
12602
12603
12606
12607
12609
12619
12620
12621
12622
12627
12629
12630
12631
12634
12636
12637
12645
12646
12649
12654
12655
12658
12661
12664
12666
12669
12672
12675
12677
12678
12679
12685
12689
12690
12694
12703
12705
12706
12710
12711
12712
12714
12718
12721
12724
12725
12727
12729
12730
12732
12735
12736
12738
12742
12748
12749
12750
12755
12757
12762
12765
12766
12771
12773
12780
12782
12784
12786
12787
12789
12790
12793
12801
12813
12815
12816
12818
12820
12822
12824
12826
12828
12832
12837
12840
12842
12851
12852
12858
12862
12864
12865
12866
12868
12871
12874
12879
12887
12889
12894
12896
12898
12903
12904
12906
12907
12908
12909
12910
12912
12920
12921
12923
12924
12927
12928
12930
12938
12940
12946
12947
12948
12951
12957
12959
12961
12963
12967
12968
12981
12984
12989
12990
12994
12995
12997
13011
13019
13021
13024
13026
13032
13033
13036
13039
13047
13050
13054
13058
13059
13060
13063
13072
13075
13079
13081
13087
13098
13099
13100
13103
13104
13108
13109
13110
13112
13120
13123
13126
13131
13134
13154
13158
13159
13165
13174
13180
13183
13188
13189
13192
13199
13204
13208
13209
13214
13220
13221
13230
13234
13235
13239
13250
13254
13255
13259
13265
13267
13268
13275
13276
13284
13288
13303
13305
13311
13312
13320
13323
13324
13325
13327
13331
13332
13333
13343
13346
13348
13350
13356
13357
13367
13370
13375
13381
13382
13386
13390
13399
13402
13408
13409
13410
13417
13421
13429
13435
13440
13444
13456
13459
13470
13472
13473
13475
13481
13483
13493
13498
13503
13505
13510
13511
13512
13516
13517
13521
13523
13524
13526
13529
13530
13531
13533
13535
13536
13537
13538
13539
13542
13545
13548
13550
13551
13552
13553
13555
13556
13557
13558
13559
13562
13563
13564
13567
13571
13573
13574
13578
13580
13581
13584
13585
13586
13592
13593
13598
13599
13602
13607
13611
13612
13616
13617
13619
13621
13622
13626
13628
13629
13630
13631
13633
13634
13635
13636
13637
13638
13639
13642
13643
13647
13648
13650
13652
13653
13654
13656
13657
13658
13660
13661
13662
13663
13665
13666
13667
13668
13669
13670
13671
13672
13673
13674
13675
13676
13677
13678
13679
13680
13682
13683
13684
13685
13686
13688
13689
13691
13692
13693
13694
13695
13696
13697
13698
13701
13703
13704
13706
13707
13708
13709
13710
13711
13713
13714
13715
13716
13717
13718
13719
13720
13721
13722
13723
13724
13725
13726
13727
13730
13731
13732
13733
13735
13736
13738
13739
13740
13741
13743
13746
13747
13748
13749
13750
13751
13752
13753
13754
13755
13756
13757
13758
13759
13760
13762
13763
13764
13765
13766
13767
13768
13769
13770
13771
13772
13773
13775
13777
13778
13779
13781
13782
13783
13786
13787
13788
13789
13790
13793
13795
13796
13797
13798
13800
13802
13803
13805
13806
13807
13808
13810
13811
13812
13813
13814
13815
13816
13817
13818
13819
13820
13822
13823
13824
13825
13826
13827
13828
13829
13830
13831
13832
13833
13834
13835
13837
13838
13839
13840
13841
13842
13843
13845
13846
13848
13851
13852
13853
13858
13862
13863
13864
13865
13866
13868
13870
13871
13873
13875
13876
13877
13878
13880
13882
13885
13886
13887
13888
13889
13890
13891
13895
13897
13898
13899
13902
13903
13905
13906
13907
13909
13911
13915
13917
13918
13921
13924
13925
13926
13928
13932
13933
13934
13937
13938
13939
13940
13941
13942
13947
13948
13949
13952
13953
13956
13958
13959
13963
13964
13966
13967
13968
13970
13971
13972
13973
13975
13976
13977
13978
13979
13981
13983
13984
13985
13986
13988
13989
13991
13992
13994
13996
13997
14001
14003
14004
14005
14008
14009
14013
14015
14020
14022
14023
14025
14026
14029
14032
14036
14039
14040
14041
14042
14043
14044
14045
14046
14049
14050
14053
14055
14057
14059
14060
14061
14062
14063
14065
14067
14068
14069
14072
14079
14080
14084
14086
14087
14090
14091
14092
14093
14094
14096
14098
14101
14102
14103
14104
14106
14107
14112
14113
14115
14116
14117
14118
14121
14122
14123
14126
14127
14128
14129
14130
14131
14132
14134
14135
14137
14138
14140
14142
14143
14144
14145
14148
14153
14155
14158
14161
14162
14164
14165
14171
14174
14175
14177
14178
14180
14182
14184
14186
14187
14188
14189
14190
14191
14192
14196
14197
14202
14203
14205
14206
14211
14218
14222
14224
14225
14228
14229
14231
14236
14238
14241
14244
14248
14250
14252
14253
14254
14261
14262
14265
14266
14268
14269
14270
14271
14272
14273
14276
14280
14288
14291
14296
14297
14298
14304
14305
14306
14309
14312
14313
14314
14315
14318
14321
14322
14324
14328
14331
14334
14337
14338
14340
14346
14347
14348
14350
14352
14353
14354
14355
14356
14361
14367
14370
14374
14377
14378
14381
14383
14384
14385
14387
14390
14392
14395
14396
14403
14404
14408
14410
14414
14415
14419
14420
14424
14427
14430
14431
14437
14441
14443
14446
14447
14449
14454
14456
14457
14459
14464
14467
14474
14479
14480
14483
14485
14488
14489
14491
14493
14495
14496
14502
14505
14507
14508
14511
14512
14513
14515
14520
14521
14526
14527
14530
14531
14534
14537
14538
14540
14541
14546
14547
14548
14550
14552
14556
14557
14558
14562
14563
14564
14566
14568
14569
14570
14572
14575
14576
14577
14578
14580
14584
14587
14595
14598
14599
14600
14602
14603
14605
14607
14608
14609
14610
14614
14615
14616
14619
14622
14624
14625
14626
14627
14628
14631
14634
14636
14637
14639
14642
14643
14644
14645
14646
14648
14652
14656
14658
14659
14661
14662
14663
14666
14671
14672
14673
14676
14677
14678
14679
14681
14682
14685
14686
14687
14688
14690
14691
14692
14695
14697
14699
14700
14701
14703
14712
14716
14717
14719
14720
14723
14726
14730
14731
14734
14735
14738
14739
14742
14744
14745
14746
14747
14752
14754
14756
14758
14760
14761
14763
14764
14765
14767
14771
14774
14776
14777
14778
14782
14784
14785
14786
14788
14789
14792
14795
14797
14798
14799
14800
14801
14802
14803
14805
14813
14814
14815
14816
14817
14818
14819
14821
14822
14824
14829
14830
14831
14832
14834
14836
14837
14838
14842
14843
14845
14847
14849
14850
14852
14853
14854
14880
14882
14886
14892
14903
14912
14913
14919
14937
14946
14947
14950
14963
14968
14976
14982
14984
14996
15008
15017
15025
15035
15039
15041
15062
15070
15082
15108
15120
15131
15140
15147
15152
15161
15175
15178
15183
15190
15192
15195
15197
15226
15230
15236
15237
15253
15270
15277
15288
15321
15336
15338
15344
15348
15364
15367
15388
15395
15405
15407
15412
15416
15422
15473
15497
15530
15536
15537
15538
15539
15540
15541
15545
15546
15550
15551
15552
15553
15555
15556
15557
15558
15559
15561
15564
15566
15567
15568
15569
15570
15574
15575
15576
15577
15578
15579
15580
15581
15582
15583
15584
15585
15586
15589
15590
15591
15592
15597
15598
15602
15603
15604
15606
15608
15609
15614
15615
15620
15624
15627
15629
15633
15634
15635
15637
15638
15640
15641
15644
15646
15648
15650
15651
15655
15656
15657
15659
15660
15662
15663
15664
15665
15667
15668
15670
15671
15674
15677
15678
15680
15682
15686
15687
15688
15691
15692
15693
15697
15700
15701
15702
15703
15704
15705
15707
15709
15712
15714
15717
15718
15719
15723
15724
15725
15728
15731
15736
15739
15740
15741
15744
15745
15746
15747
15748
15753
15754
15756
15757
15758
15760
15762
15765
15769
15770
15775
15778
15779
15783
15785
15787
15788
15798
15799
15801
15803
15806
15810
15812
15815
15817
15819
15821
15822
15828
15830
15834
15838
15841
15843
15844
15846
15849
15850
15852
15855
15858
15861
15863
15865
15866
15868
15870
15871
15873
15880
15882
15888
15893
15896
15897
15900
15903
15909
15911
15915
15918
15921
15923
15929
15930
15935
15937
15938
15939
15941
15942
15943
15944
15947
15949
15951
15952
15953
15954
15964
15965
15967
15968
15969
15970
15972
15975
15977
15979
15985
15987
15990
15993
15998
15999
16002
16004
16012
16015
16016
16017
16018
16024
16030
16031
16034
16036
16039
16049
16050
16051
16055
16056
16063
16065
16070
16072
16074
16076
16077
16079
16082
16084
16086
16088
16089
16093
16096
16101
16103
16113
16114
16117
16118
16119
16121
16122
16124
16128
16132
16135
16136
16142
16148
16150
16161
16164
16166
16167
16170
16175
16177
16179
16180
16181
16182
16183
16185
16186
16201
16204
16208
16212
16214
16217
16222
16224
16226
16227
16228
16229
16230
16231
16239
16242
16248
16250
16254
16256
16259
16262
16266
16271
16272
16277
16280
16281
16283
16285
16292
16295
16297
16302
16303
16304
16305
16306
16308
16312
16314
16317
16321
16333
16334
16335
16336
16339
16342
16343
16344
16345
16346
16348
16350
16353
16354
16356
16357
16362
16363
16364
16369
16374
16376
16377
16380
16383
16389
16391
16392
16393
16396
16397
16402
16416
16417
16418
16419
16420
16423
16425
16426
16432
16433
16435
16436
16439
16441
16445
16446
16449
16455
16459
16473
16479
16482
16490
16493
16496
16497
16498
16500
16501
16504
16507
16508
16522
16531
16536
16538
16540
16549
16555
16563
16565
16566
16568
16572
16575
16579
16582
16585
16587
16590
16593
16601
16602
16603
16617
16623
16630
16632
16641
16643
16644
16647
16660
16669
16677
16680
16684
16696
16701
16711
16714
16718
16722
16726
16734
16736
16746
16752
16753
16762
16772
16774
16780
16787
16789
16790
16792
16800
16810
16811
16817
16823
16827
16828
16834
16841
16846
16851
16853
16856
16858
16868
16872
16877
16879
16891
16901
16902
16903
16909
16919
16922
16929
16935
16941
16944
16946
16949
16954
16958
16960
16966
16967
16968
16969
16991
16999
17008
17018
17019
17021
17022
17024
17025
17028
17031
17034
17035
17041
17042
17049
17050
17059
17062
17064
17067
17080
17089
17095
17100
17119
17131
17138
17140
17142
17173
17178
17187
17190
17197
17200
17202
17207
17212
17213
17215
17216
17217
17233
17238
17240
17244
17247
17249
17250
17253
17257
17263
17266
17271
17285
17286
17288
17291
17292
17298
17299
17300
17301
17303
17304
17307
17312
17315
17317
17318
17323
17331
17333
17335
17341
17343
17344
17345
17346
17347
17349
17350
17355
17359
17360
17361
17362
17363
17364
17365
17366
17368
17370
17371
17374
17375
17376
17378
17379
17381
17382
17383
17384
17385
17388
17390
17391
17392
17393
17394
17396
17397
17398
17399
17400
17402
17403
17405
17406
17407
17408
17409
17410
17411
17412
17414
17415
17416
17417
17418
17419
17420
17421
17424
17425
17426
17427
17429
17430
17432
17433
17435
17437
17438
17440
17441
17442
17445
17446
17448
17451
17452
17453
17454
17457
17458
17460
17461
17463
17464
17465
17466
17467
17468
17469
17470
17471
17473
17474
17475
17476
17477
17478
17480
17481
17483
17484
17485
17486
17487
17489
17490
17491
17492
17495
17496
17497
17499
17500
17501
17503
17504
17507
17508
17509
17510
17511
17512
17514
17515
17516
17517
17520
17524
17525
17526
17527
17528
17529
17530
17532
17533
17534
17535
17537
17539
17541
17542
17545
17546
17547
17548
17549
17551
17553
17554
17556
17557
17559
17562
17563
17567
17568
17571
17572
17573
17575
17576
17577
17578
17579
17580
17582
17584
17585
17586
17591
17592
17594
17596
17597
17600
17602
17603
17604
17605
17607
17608
17609
17612
17614
17615
17620
17621
17623
17624
17625
17628
17629
17631
17632
17633
17634
17636
17637
17638
17639
17640
17642
17644
17650
17653
17656
17657
17658
17660
17661
17662
17663
17665
17666
17668
17671
17672
17674
17675
17678
17680
17681
17686
17692
17693
17694
17695
17697
17698
17704
17705
17708
17713
17715
17717
17721
17722
17723
17724
17726
17727
17729
17730
17737
17739
17740
17741
17742
17743
17744
17746
17751
17753
17754
17760
17762
17763
17764
17765
17767
17768
17769
17770
17771
17772
17773
17774
17775
17776
17778
17779
17781
17783
17784
17785
17786
17789
17792
17795
17798
17800
17801
17802
17803
17804
17805
17807
17808
17810
17813
17820
17825
17826
17829
17830
17831
17836
17838
17839
17840
17842
17844
17845
17846
17848
17849
17854
17855
17857
17859
17860
17861
17862
17867
17868
17870
17872
17874
17875
17878
17885
17886
17889
17892
17893
17894
17896
17898
17899
17901
17902
17903
17904
17905
17906
17908
17909
17913
17914
17915
17916
17917
17919
17921
17923
17925
17929
17937
17941
17943
17944
17950
17955
17957
17958
17959
17963
17964
17966
17969
17974
17976
17977
17979
17982
17983
17984
17986
17987
17988
17990
17994
18001
18005
18006
18010
18012
18015
18018
18019
18020
18021
18023
18024
18025
18027
18028
18029
18030
18032
18036
18040
18041
18043
18044
18045
18046
18047
18051
18053
18059
18063
18068
18071
18074
18075
18077
18079
18088
18090
18091
18092
18093
18097
18102
18104
18105
18110
18112
18113
18114
18115
18117
18121
18125
18127
18130
18132
18134
18136
18138
18141
18143
18144
18145
18146
18149
18153
18154
18155
18156
18157
18158
18161
18163
18173
18174
18181
18182
18185
18190
18193
18195
18196
18197
18198
18200
18201
18204
18205
18206
18207
18209
18212
18214
18215
18216
18217
18221
18223
18224
18226
18231
18232
18238
18239
18240
18241
18242
18245
18249
18250
18254
18258
18259
18261
18262
18264
18267
18268
18269
18270
18272
18275
18277
18279
18281
18283
18285
18291
18292
18295
18297
18298
18302
18306
18313
18314
18315
18316
18317
18319
18322
18323
18324
18329
18330
18331
18333
18335
18336
18337
18338
18339
18342
18344
18346
18348
18353
18357
18358
18359
18362
18363
18365
18368
18370
18371
18373
18375
18376
18377
18380
18382
18386
18387
18390
18391
18395
18396
18398
18399
18400
18401
18404
18405
18411
18412
18413
18416
18417
18418
18420
18423
18426
18428
18429
18430
18433
18434
18435
18437
18438
18439
18441
18444
18448
18449
18453
18456
18458
18460
18461
18463
18466
18469
18473
18474
18477
18478
18479
18485
18486
18487
18490
18493
18496
18498
18499
18500
18503
18506
18508
18510
18512
18513
18514
18516
18517
18518
18521
18522
18524
18525
18526
18527
18528
18529
18530
18532
18533
18534
18537
18538
18541
18543
18544
18547
18549
18550
18552
18554
18555
18556
18557
18558
18559
18561
18562
18563
18567
18568
18569
18570
18572
18579
18581
18587
18589
18596
18607
18608
18611
18612
18613
18616
18619
18624
18633
18636
18641
18645
18648
18650
18660
18667
18677
18679
18685
18686
18696
18709
18713
18715
18716
18717
18718
18721
18722
18727
18728
18729
18732
18733
18744
18753
18755
18776
18786
18789
18791
18792
18794
18796
18809
18812
18817
18822
18832
18847
18863
18870
18876
18889
18910
18919
18939
18942
18950
18959
18968
18976
18991
18997
19003
19005
19012
19028
19032
19036
19052
19055
19058
19064
19068
19069
19088
19105
19109
19122
19133
19138
19144
19172
19173
19174
19178
19182
19192
19199
19203
19209
19212
19215
19227
19230
19244
19246
19247
19249
19250
19251
19252
19253
19254
19255
19256
19257
19258
19260
19261
19262
19263
19264
19266
19267
19269
19270
19271
19272
19274
19275
19277
19279
19280
19281
19282
19283
19284
19285
19286
19287
19289
19290
19292
19293
19294
19295
19296
19297
19300
19301
19303
19304
19305
19307
19309
19311
19314
19316
19317
19318
19319
19322
19323
19326
19329
19334
19336
19338
19339
19340
19341
19343
19345
19349
19351
19352
19354
19355
19358
19359
19360
19362
19366
19368
19371
19372
19373
19374
19375
19377
19378
19379
19380
19381
19382
19384
19386
19388
19389
19390
19393
19395
19396
19397
19398
19400
19404
19405
19406
19407
19408
19410
19412
19414
19415
19416
19417
19420
19428
19430
19431
19432
19433
19435
19436
19438
19440
19443
19445
19448
19449
19450
19451
19454
19457
19458
19461
19462
19463
19465
19466
19469
19470
19471
19474
19476
19478
19479
19481
19483
19484
19485
19489
19492
19493
19495
19497
19498
19499
19501
19502
19504
19508
19509
19510
19511
19513
19517
19520
19527
19529
19534
19535
19536
19539
19541
19542
19544
19547
19548
19550
19552
19555
19556
19557
19558
19559
19560
19563
19564
19565
19566
19571
19572
19573
19578
19579
19580
19581
19582
19584
19586
19587
19588
19589
19592
19597
19598
19599
19602
19606
19607
19610
19611
19612
19613
19614
19617
19618
19620
19623
19625
19626
19631
19632
19639
19641
19642
19643
19646
19648
19649
19653
19654
19657
19658
19659
19663
19666
19667
19668
19670
19671
19672
19675
19678
19681
19683
19684
19690
19691
19693
19695
19696
19698
19700
19702
19704
19705
19708
19709
19710
19712
19715
19716
19717
19721
19722
19727
19728
19731
19732
19733
19734
19735
19737
19742
19744
19747
19748
19750
19752
19758
19763
19764
19765
19766
19768
19769
19770
19772
19774
19777
19781
19785
19786
19787
19789
19790
19792
19793
19797
19798
19800
19803
19804
19806
19807
19809
19811
19812
19817
19819
19822
19827
19828
19829
19832
19836
19837
19843
19844
19847
19849
19850
19853
19857
19858
19859
19861
19862
19864
19865
19868
19869
19870
19873
19874
19875
19876
19877
19879
19880
19883
19886
19890
19891
19894
19897
19899
19900
19902
19903
19908
19912
19913
19914
19915
19918
19919
19922
19926
19928
19929
19930
19933
19934
19937
19938
19939
19940
19945
19946
19950
19951
19956
19961
19962
19966
19968
19972
19973
19975
19976
19977
19980
19985
19986
19988
19995
19997
20000
20002
20003
20005
20006
20007
20009
20011
20015
20017
20018
20025
20027
20028
20029
20035
20036
20037
20042
20044
20045
20047
20048
20049
20050
20051
20052
20053
20057
20058
20060
20062
20065
20067
20069
20070
20071
20072
20073
20074
20075
20077
20082
20083
20086
20092
20097
20098
20100
20101
20102
20105
20106
20107
20109
20110
20113
20114
20117
20118
20120
20121
20123
20125
20128
20129
20130
20131
20134
20138
20139
20142
20144
20146
20147
20149
20153
20156
20158
20160
20163
20167
20169
20175
20176
20183
20185
20190
20191
20193
20196
20201
20203
20208
20210
20211
20214
20217
20218
20221
20229
20232
20235
20238
20240
20241
20243
20251
20252
20255
20260
20263
20264
20265
20268
20270
20273
20275
20278
20279
20288
20292
20293
20294
20296
20297
20298
20299
20303
20306
20307
20312
20315
20317
20324
20330
20331
20338
20340
20345
20346
20352
20355
20356
20358
20359
20360
20366
20368
20369
20371
20377
20381
20388
20391
20395
20399
20400
20403
20411
20412
20416
20418
20421
20425
20427
20428
20436
20438
20441
20445
20447
20452
20461
20464
20465
20470
20471
20475
20480
20482
20486
20487
20488
20494
20503
20507
20514
20516
20524
20526
20527
20531
20533
20536
20538
20541
20544
20545
20546
20548
20550
20552
20554
20555
20560
20561
20567
20573
20574
20580
20582
20585
20591
20594
20595
20596
20597
20598
20599
20601
20603
20604
20605
20609
20611
20614
20615
20616
20624
20625
20627
20636
20637
20641
20643
20649
20658
20663
20669
20671
20678
20679
20682
20683
20687
20693
20694
20695
20703
20707
20709
20720
20723
20733
20737
20738
20739
20740
20741
20745
20753
20755
20756
20767
20771
20773
20778
20782
20792
20794
20795
20796
20799
20800
20801
20804
20807
20809
20810
20811
20828
20830
20836
20837
20838
20840
20844
20851
20852
20856
20862
20867
20868
20869
20872
20873
20876
20880
20887
20889
20890
20893
20895
20896
20898
20900
20903
20909
20911
20916
20917
20920
20921
20924
20925
20926
20927
20931
20932
20950
20951
20954
20957
20958
20964
20967
20973
20982
20984
20985
20988
20990
20991
20992
20993
20996
20998
20999
21000
21002
21004
21008
21011
21013
21014
21015
21016
21018
21021
21026
21027
21029
21035
21038
21040
21044
21045
21046
21048
21049
21054
21057
21059
21060
21061
21063
21064
21065
21066
21068
21070
21071
21072
21073
21074
21075
21076
21078
21079
21080
21081
21082
21084
21085
21088
21089
21090
21091
21094
21095
21096
21098
21099
21100
21101
21102
21103
21104
21106
21107
21108
21109
21111
21112
21113
21115
21116
21118
21119
21120
21121
21123
21124
21125
21127
21129
21130
21131
21132
21133
21135
21136
21138
21139
21140
21141
21143
21144
21145
21146
21147
21148
21149
21150
21151
21152
21153
21155
21160
21161
21162
21165
21166
21168
21169
21170
21171
21172
21174
21175
21176
21177
21178
21180
21181
21182
21183
21184
21185
21186
21187
21188
21189
21190
21191
21193
21194
21196
21197
21198
21199
21200
21201
21202
21203
21204
21205
21206
21207
21209
21210
21211
21213
21214
21215
21217
21218
21220
21221
21223
21224
21225
21226
21229
21230
21231
21234
21235
21238
21239
21240
21242
21244
21245
21246
21247
21248
21249
21251
21254
21255
21256
21258
21259
21260
21261
21262
21263
21266
21267
21270
21271
21272
21273
21276
21278
21279
21280
21281
21282
21283
21284
21287
21288
21290
21291
21293
21294
21295
21298
21299
21300
21301
21302
21304
21306
21308
21309
21310
21311
21312
21313
21314
21316
21317
21318
21319
21320
21321
21325
21326
21327
21328
21331
21334
21335
21337
21341
21343
21345
21346
21354
21357
21361
21365
21367
21369
21370
21373
21375
21376
21383
21384
21386
21388
21389
21391
21392
21395
21397
21399
21400
21403
21406
21407
21409
21411
21412
21413
21415
21416
21417
21418
21419
21420
21421
21422
21424
21425
21428
21429
21432
21435
21436
21437
21440
21441
21443
21444
21446
21447
21450
21451
21452
21457
21462
21465
21468
21471
21472
21476
21477
21478
21480
21481
21483
21484
21485
21487
21488
21490
21493
21495
21498
21499
21500
21503
21507
21508
21509
21512
21516
21517
21518
21519
21521
21522
21524
21529
21530
21532
21535
21539
21543
21544
21549
21550
21551
21553
21556
21557
21559
21562
21563
21564
21566
21568
21572
21573
21574
21576
21578
21581
21583
21584
21585
21587
21588
21590
21592
21593
21600
21603
21604
21606
21607
21608
21609
21612
21615
21618
21619
21620
21625
21631
21633
21637
21639
21643
21647
21650
21652
21653
21656
21658
21659
21664
21665
21666
21667
21669
21674
21678
21681
21683
21690
21692
21693
21694
21696
21698
21699
21701
21704
21710
21719
21724
21726
21732
21734
21735
21736
21738
21741
21742
21743
21749
21750
21753
21756
21759
21760
21762
21765
21768
21770
21772
21781
21783
21789
21798
21800
21803
21804
21806
21811
21815
21818
21819
21820
21821
21823
21824
21825
21826
21828
21829
21831
21834
21835
21836
21841
21842
21846
21847
21848
21849
21850
21852
21854
21857
21858
21861
21862
21864
21867
21868
21871
21878
21880
21881
21882
21885
21886
21887
21893
21895
21896
21898
21899
21905
21907
21908
21909
21911
21913
21920
21921
21927
21928
21931
21932
21933
21934
21940
21946
21948
21949
21950
21952
21955
21958
21959
21962
21963
21965
21966
21967
21968
21973
21974
21975
21976
21979
21983
21984
21985
21986
21987
21990
21991
21993
21994
21995
21996
22002
22004
22005
22006
22007
22009
22011
22012
22016
22018
22020
22021
22024
22025
22028
22029
22030
22031
22033
22035
22036
22037
22038
22041
22042
22043
22044
22047
22049
22050
22051
22054
22055
22057
22058
22060
22061
22062
22065
22067
22072
22076
22077
22079
22080
22082
22084
22085
22087
22089
22091
22093
22096
22099
22100
22101
22102
22105
22109
22110
22113
22114
22115
22118
22122
22123
22125
22126
22127
22128
22129
22131
22134
22142
22143
22144
22145
22148
22149
22150
22151
22155
22158
22162
22163
22170
22171
22172
22174
22176
22177
22178
22180
22183
22184
22189
22191
22195
22196
22199
22201
22202
22204
22206
22207
22208
22210
22212
22213
22214
22215
22216
22217
22220
22223
22225
22226
22227
22228
22229
22230
22231
22235
22237
22239
22240
22241
22242
22244
22245
22247
22248
22250
22252
22254
22255
22257
22258
22260
22261
22263
22264
22265
22266
22268
22270
22271
22275
22276
22278
22281
22282
22283
22287
22289
22303
22310
22317
22320
22326
22338
22341
22343
22364
22365
22374
22375
22380
22381
22383
22384
22399
22400
22404
22419
22422
22427
22431
22438
22442
22445
22463
22469
22490
22491
22494
22495
22498
22531
22541
22544
22549
22564
22570
22574
22588
22590
22606
22611
22620
22658
22663
22667
22670
22676
22682
22685
22688
22727
22742
22748
22749
22763
22772
22810
22816
22819
22823
22840
22842
22867
22869
22888
22913
22915
22933
22960
22961
22962
22964
22965
22967
22968
22969
22970
22971
22973
22974
22975
22978
22979
22980
22982
22983
22984
22985
22986
22987
22988
22991
22993
22994
22995
22996
22997
22998
22999
23002
23003
23006
23008
23009
23010
23011
23012
23013
23017
23018
23019
23021
23022
23023
23025
23027
23028
23030
23031
23032
23033
23034
23036
23037
23042
23043
23044
23045
23046
23047
23048
23050
23052
23053
23056
23057
23058
23060
23062
23063
23064
23065
23066
23069
23072
23073
23076
23077
23078
23081
23084
23085
23086
23087
23088
23093
23095
23096
23097
23099
23101
23103
23104
23107
23108
23110
23111
23112
23116
23120
23121
23123
23128
23130
23131
23132
23133
23135
23142
23145
23146
23147
23148
23152
23164
23167
23168
23172
23175
23176
23177
23182
23183
23184
23185
23186
23187
23188
23189
23193
23198
23203
23205
23206
23207
23208
23209
23211
23214
23215
23216
23217
23221
23223
23225
23226
23229
23230
23232
23233
23234
23242
23245
23246
23247
23249
23250
23251
23252
23256
23258
23261
23262
23263
23269
23270
23271
23273
23274
23278
23280
23283
23284
23286
23291
23292
23293
23294
23296
23297
23301
23302
23303
23305
23308
23310
23313
23316
23321
23323
23324
23328
23329
23330
23336
23338
23339
23340
23344
23347
23350
23354
23355
23356
23357
23358
23361
23362
23363
23365
23367
23371
23372
23375
23377
23378
23380
23382
23384
23386
23390
23393
23394
23395
23396
23397
23399
23400
23402
23404
23405
23407
23411
23412
23413
23415
23419
23420
23421
23431
23432
23433
23446
23451
23452
23455
23459
23460
23461
23462
23463
23466
23467
23469
23474
23477
23481
23482
23483
23484
23487
23488
23491
23495
23497
23498
23501
23504
23505
23506
23507
23509
23511
23512
23517
23518
23519
23522
23524
23525
23527
23528
23530
23532
23535
23537
23541
23542
23545
23546
23547
23549
23552
23557
23558
23559
23562
23564
23573
23576
23577
23578
23579
23584
23586
23587
23590
23593
23595
23596
23597
23598
23600
23605
23610
23611
23615
23616
23618
23620
23622
23623
23629
23632
23633
23634
23636
23638
23641
23645
23649
23650
23652
23656
23657
23659
23661
23666
23667
23670
23674
23680
23682
23684
23686
23690
23695
23700
23703
23705
23708
23710
23720
23722
23723
23729
23734
23735
23737
23738
23739
23740
23741
23742
23748
23749
23751
23753
23754
23755
23761
23762
23770
23772
23777
23778
23781
23783
23784
23788
23792
23794
23796
23800
23805
23808
23809
23811
23813
23816
23820
23822
23824
23825
23827
23834
23836
23837
23838
23841
23846
23848
23851
23853
23863
23866
23874
23877
23878
23879
23880
23882
23890
23893
23898
23899
23900
23901
23908
23910
23913
23914
23917
23921
23926
23930
23931
23943
23944
23948
23953
23957
23963
23968
23971
23973
23974
23977
23978
23982
23986
23987
23995
23998
23999
24000
24006
24010
24011
24012
24013
24016
24021
24026
24027
24032
24037
24045
24046
24047
24050
24051
24052
24062
24069
24073
24074
24076
24077
24081
24082
24083
24090
24093
24094
24096
24097
24103
24105
24110
24128
24132
24133
24139
24142
24150
24157
24164
24180
24181
24186
24187
24188
24193
24194
24200
24202
24206
24208
24214
24217
24223
24228
24232
24237
24240
24242
24245
24255
24257
24259
24261
24264
24271
24276
24284
24286
24287
24296
24299
24301
24302
24305
24309
24315
24319
24322
24331
24334
24339
24341
24347
24348
24358
24366
24374
24379
24382
24387
24395
24397
24399
24409
24412
24413
24415
24417
24419
24429
24437
24452
24453
24455
24456
24458
24469
24470
24479
24485
24486
24489
24492
24496
24499
24502
24512
24513
24519
24520
24523
24528
24531
24546
24550
24566
24585
24592
24601
24612
24613
24617
24619
24625
24628
24630
24635
24640
24641
24654
24656
24658
24660
24661
24666
24667
24669
24672
24674
24676
24677
24678
24681
24684
24687
24688
24694
24697
24699
24702
24706
24707
24714
24715
24716
24719
24723
24725
24726
24727
24728
24730
24733
24739
24741
24742
24749
24756
24761
24765
24770
24771
24772
24773
24774
24777
24778
24779
24780
24782
24783
24785
24787
24788
24789
24790
24791
24793
24794
24795
24796
24799
24800
24802
24804
24805
24806
24808
24809
24810
24812
24813
24814
24815
24816
24817
24818
24819
24820
24821
24822
24826
24829
24830
24831
24832
24833
24835
24836
24837
24839
24840
24842
24843
24844
24845
24846
24847
24848
24849
24850
24851
24853
24854
24855
24856
24857
24858
24859
24861
24863
24865
24866
24867
24868
24869
24870
24872
24874
24875
24879
24880
24881
24882
24883
24885
24886
24888
24889
24890
24891
24892
24893
24894
24896
24898
24899
24901
24902
24903
24904
24907
24908
24910
24911
24913
24914
24915
24917
24918
24919
24920
24921
24922
24923
24925
24927
24928
24929
24930
24931
24932
24936
24937
24938
24939
24940
24942
24944
24945
24948
24949
24951
24952
24953
24956
24959
24960
24961
24962
24963
24965
24966
24967
24968
24969
24971
24977
24978
24981
24983
24984
24985
24987
24990
24994
24995
24996
24998
25002
25004
25008
25009
25010
25012
25013
25014
25017
25018
25019
25020
25021
25022
25023
25024
25025
25027
25030
25031
25039
25040
25042
25043
25044
25046
25050
25051
25054
25055
25057
25060
25061
25062
25063
25068
25072
25081
25083
25084
25085
25086
25089
25090
25095
25096
25097
25099
25103
25106
25107
25108
25109
25110
25113
25114
25118
25120
25121
25122
25124
25126
25128
25129
25132
25134
25136
25139
25140
25141
25149
25152
25154
25157
25162
25164
25165
25166
25167
25169
25172
25173
25175
25177
25179
25181
25182
25185
25186
25188
25190
25192
25193
25194
25195
25197
25199
25201
25202
25203
25204
25207
25208
25209
25211
25212
25222
25224
25225
25226
25227
25228
25229
25231
25233
25234
25235
25238
25241
25242
25243
25245
25246
25247
25253
25254
25257
25264
25265
25268
25270
25271
25273
25274
25276
25277
25278
25282
25284
25285
25287
25288
25290
25297
25299
25300
25305
25306
25314
25317
25320
25322
25324
25326
25331
25332
25334
25338
25339
25344
25345
25347
25348
25351
25352
25353
25357
25361
25362
25365
25367
25369
25373
25376
25377
25378
25382
25383
25385
25387
25389
25391
25392
25395
25397
25398
25404
25407
25408
25409
25410
25411
25412
25417
25418
25422
25423
25425
25428
25433
25435
25437
25438
25440
25441
25443
25446
25448
25449
25451
25464
25468
25471
25472
25473
25475
25476
25479
25480
25484
25486
25494
25497
25499
25504
25507
25510
25513
25514
25518
25524
25534
25537
25538
25541
25542
25544
25545
25547
25550
25557
25560
25561
25562
25566
25570
25571
25572
25573
25575
25576
25578
25580
25581
25582
25585
25591
25592
25594
25595
25596
25605
25609
25610
25612
25613
25615
25616
25617
25618
25619
25621
25623
25624
25627
25630
25631
25633
25635
25637
25638
25639
25647
25649
25653
25654
25657
25659
25662
25664
25665
25668
25669
25670
25673
25676
25677
25678
25680
25682
25690
25692
25695
25696
25697
25700
25702
25704
25705
25706
25707
25709
25710
25711
25712
25713
25714
25718
25719
25720
25722
25725
25726
25730
25732
25734
25739
25741
25744
25745
25746
25748
25750
25751
25752
25754
25757
25758
25760
25761
25763
25766
25767
25769
25772
25773
25776
25777
25780
25781
25785
25786
25787
25788
25790
25794
25796
25798
25800
25803
25804
25805
25808
25810
25814
25815
25818
25819
25821
25822
25824
25826
25827
25828
25829
25832
25834
25837
25839
25840
25841
25842
25843
25845
25846
25853
25854
25855
25856
25857
25858
25859
25861
25862
25864
25865
25868
25869
25872
25873
25876
25881
25883
25884
25886
25893
25894
25897
25898
25901
25902
25903
25904
25906
25907
25911
25913
25915
25918
25920
25921
25924
25926
25927
25928
25931
25934
25935
25937
25939
25940
25941
25942
25943
25944
25945
25946
25949
25951
25953
25954
25955
25956
25957
25958
25959
25961
25962
25968
25969
25971
25972
25974
25975
25976
25977
25978
25980
25982
25983
25984
25985
25986
25987
25988
25989
25990
25991
25992
25993
25997
25998
26000
26001
26007
26010
26024
26025
26030
26035
26050
26067
26068
26074
26076
26078
26090
26094
26104
26110
26111
26112
26113
26115
26116
26121
26122
26124
26125
26133
26134
26139
26140
26141
26142
26143
26145
26146
26156
26160
26165
26172
26180
26181
26187
26196
26205
26212
26214
26219
26224
26230
26243
26253
26255
26260
26284
26301
26310
26319
26330
26334
26349
26353
26358
26367
26374
26375
26392
26396
26400
26401
26405
26407
26408
26418
26419
26423
26425
26430
26432
26441
26449
26451
26464
26467
26468
26482
26504
26509
26514
26517
26548
26550
26581
26583
26607
26629
26631
26642
26656
26664
26671
26672
26673
26674
26675
26676
26677
26678
26679
26680
26681
26682
26683
26684
26685
26687
26690
26691
26692
26693
26694
26695
26696
26698
26699
26700
26702
26705
26706
26708
26709
26710
26711
26712
26713
26714
26715
26716
26718
26719
26720
26721
26722
26723
26724
26725
26726
26727
26728
26729
26730
26731
26733
26736
26738
26739
26740
26742
26744
26745
26746
26748
26750
26754
26755
26757
26759
26761
26762
26764
26766
26767
26769
26771
26772
26773
26774
26776
26777
26779
26780
26781
26783
26786
26787
26789
26791
26793
26794
26796
26797
26798
26799
26800
26801
26802
26803
26804
26805
26808
26809
26810
26811
26813
26814
26816
26817
26819
26820
26821
26824
26825
26826
26828
26829
26830
26833
26834
26835
26837
26838
26839
26840
26841
26842
26843
26845
26846
26847
26850
26851
26854
26856
26857
26858
26859
26861
26862
26863
26866
26871
26873
26874
26876
26878
26881
26882
26883
26885
26889
26890
26891
26894
26896
26897
26899
26902
26903
26906
26907
26908
26909
26911
26912
26913
26916
26917
26920
26921
26923
26925
26926
26927
26928
26931
26936
26937
26938
26939
26941
26942
26943
26944
26946
26947
26949
26951
26953
26954
26957
26960
26964
26965
26968
26970
26972
26977
26978
26980
26983
26984
26985
26986
26987
26988
26989
26990
26992
26994
26995
26996
26997
26999
27000
27003
27004
27005
27006
27007
27008
27009
27010
27011
27014
27015
27016
27017
27018
27019
27020
27024
27025
27026
27027
27028
27030
27031
27037
27042
27043
27045
27046
27047
27048
27052
27053
27054
27055
27057
27059
27060
27061
27063
27065
27066
27067
27069
27070
27071
27074
27075
27079
27081
27082
27084
27085
27086
27088
27090
27091
27092
27093
27096
27097
27099
27100
27101
27103
27106
27107
27108
27109
27110
27111
27115
27116
27119
27120
27121
27122
27128
27129
27130
27131
27133
27136
27141
27144
27145
27146
27148
27150
27152
27154
27155
27160
27162
27163
27166
27169
27171
27172
27173
27174
27175
27176
27177
27178
27180
27186
27189
27190
27191
27193
27194
27199
27200
27205
27209
27214
27215
27219
27221
27222
27223
27224
27225
27226
27228
27231
27232
27233
27234
27235
27237
27239
27242
27244
27245
27250
27251
27252
27254
27255
27256
27259
27260
27263
27264
27265
27269
27270
27274
27275
27277
27283
27286
27290
27292
27293
27294
27297
27301
27303
27307
27309
27314
27316
27319
27322
27323
27325
27328
27330
27331
27332
27334
27337
27338
27339
27340
27341
27343
27346
27347
27350
27351
27352
27356
27357
27360
27361
27362
27363
27366
27371
27373
27374
27375
27376
27378
27379
27380
27384
27386
27389
27390
27391
27392
27394
27395
27396
27398
27401
27403
27404
27405
27409
27412
27413
27414
27416
27417
27419
27422
27423
27426
27431
27433
27434
27437
27439
27440
27443
27444
27446
27447
27452
27454
27456
27458
27459
27463
27468
27473
27476
27477
27479
27481
27484
27485
27486
27487
27488
27492
27493
27494
27497
27499
27500
27501
27503
27505
27509
27510
27511
27514
27522
27523
27525
27527
27530
27533
27534
27538
27547
27548
27549
27557
27558
27561
27564
27565
27566
27567
27568
27569
27570
27572
27573
27577
27583
27586
27588
27591
27596
27597
27599
27601
27604
27605
27607
27608
27614
27615
27618
27621
27624
27627
27628
27630
27634
27639
27642
27643
27645
27646
27649
27650
27657
27660
27661
27662
27663
27671
27673
27676
27677
27679
27680
27681
27682
27685
27686
27688
27689
27692
27695
27696
27697
27698
27699
27705
27707
27708
27709
27713
27718
27722
27723
27727
27730
27735
27743
27746
27749
27751
27752
27754
27758
27759
27761
27763
27764
27765
27766
27778
27780
27785
27787
27788
27794
27795
27796
27803
27805
27810
27811
27817
27818
27820
27823
27828
27835
27850
27851
27852
27853
27855
27861
27862
27870
27878
27880
27881
27888
27891
27898
27901
27904
27907
27909
27913
27921
27932
27939
27942
27943
27945
27948
27950
27964
27972
27973
27978
27979
27991
27992
27993
27995
28000
28002
28007
28008
28010
28014
28020
28021
28023
28026
28029
28035
28036
28037
28039
28044
28045
28052
28054
28055
28061
28067
28072
28081
28085
28089
28094
28095
28096
28100
28106
28110
28116
28121
28122
28123
28127
28133
28135
28140
28141
28142
28144
28147
28149
28159
28165
28166
28167
28168
28169
28183
28189
28190
28193
28199
28206
28208
28211
28216
28218
28227
28228
28237
28239
28242
28243
28247
28251
28255
28261
28265
28266
28271
28276
28278
28284
28288
28292
28296
28299
28300
28305
28312
28313
28315
28317
28318
28323
28329
28334
28338
28339
28345
28349
28350
28351
28353
28354
28355
28359
28368
28373
28374
28375
28376
28378
28379
28380
28382
28385
28386
28389
28390
28391
28393
28394
28395
28397
28398
28402
28404
28405
28408
28409
28411
28412
28413
28416
28417
28420
28421
28424
28426
28427
28428
28433
28434
28439
28441
28442
28446
28447
28449
28453
28455
28468
28470
28472
28473
28476
28477
28481
28482
28483
28485
28490
28491
28493
28494
28497
28501
28502
28505
28508
28509
28510
28511
28512
28513
28514
28515
28516
28518
28519
28520
28522
28523
28524
28526
28527
28528
28529
28530
28531
28533
28534
28535
28537
28538
28539
28540
28541
28542
28544
28545
28546
28547
28548
28549
28550
28552
28554
28556
28559
28560
28561
28562
28563
28567
28568
28569
28571
28572
28573
28574
28575
28576
28577
28578
28579
28580
28581
28582
28583
28584
28587
28588
28589
28593
28594
28595
28596
28597
28599
28600
28602
28603
28604
28605
28606
28607
28608
28609
28610
28612
28613
28614
28615
28616
28618
28619
28620
28621
28622
28624
28625
28626
28628
28631
28635
28637
28638
28639
28642
28643
28644
28645
28646
28648
28649
28650
28651
28652
28653
28654
28655
28658
28659
28661
28662
28664
28666
28667
28668
28670
28674
28675
28676
28680
28681
28688
28689
28690
28691
28695
28696
28698
28699
28700
28701
28702
28705
28706
28708
28710
28712
28714
28715
28716
28717
28718
28719
28724
28727
28728
28729
28732
28733
28734
28735
28736
28740
28742
28743
28744
28745
28746
28747
28751
28753
28754
28756
28758
28759
28760
28765
28771
28774
28775
28778
28782
28784
28785
28786
28788
28789
28790
28791
28793
28795
28798
28801
28804
28810
28811
28812
28813
28814
28816
28817
28820
28823
28827
28828
28831
28832
28835
28836
28837
28840
28844
28847
28850
28853
28860
28863
28866
28868
28869
28874
28877
28878
28879
28881
28883
28884
28885
28888
28889
28895
28896
28897
28899
28900
28901
28902
28904
28905
28906
28909
28910
28911
28912
28913
28915
28916
28917
28918
28921
28923
28925
28926
28928
28931
28935
28936
28937
28938
28940
28944
28945
28949
28952
28955
28956
28958
28969
28971
28972
28973
28974
28977
28978
28979
28981
28982
28984
28986
28990
28991
28992
28996
28998
28999
29004
29006
29008
29009
29014
29015
29017
29020
29021
29026
29028
29034
29036
29040
29043
29045
29046
29047
29048
29051
29052
29053
29054
29058
29059
29061
29065
29066
29067
29074
29080
29081
29085
29086
29087
29088
29090
29095
29098
29101
29102
29104
29106
29107
29109
29115
29117
29118
29121
29125
29126
29129
29132
29136
29138
29144
29147
29148
29149
29152
29155
29160
29162
29164
29165
29170
29171
29172
29173
29177
29178
29179
29181
29186
29187
29188
29191
29193
29194
29196
29198
29199
29200
29201
29202
29204
29206
29209
29211
29212
29213
29217
29219
29221
29223
29226
29230
29231
29232
29237
29238
29239
29243
29244
29246
29247
29249
29251
29252
29254
29259
29260
29264
29266
29272
29273
29274
29280
29281
29283
29284
29286
29292
29296
29297
29299
29300
29302
29303
29305
29306
29310
29315
29317
29319
29320
29321
29323
29328
29330
29334
29335
29338
29340
29343
29346
29349
29356
29360
29361
29362
29363
29367
29368
29369
29372
29374
29375
29377
29378
29379
29380
29382
29383
29385
29386
29387
29390
29392
29395
29398
29404
29405
29407
29408
29411
29412
29414
29417
29418
29419
29420
29421
29422
29424
29426
29427
29428
29432
29433
29434
29435
29436
29439
29440
29441
29443
29448
29452
29454
29456
29457
29458
29460
29461
29463
29464
29465
29469
29471
29473
29474
29481
29482
29483
29486
29487
29488
29489
29490
29491
29492
29495
29498
29500
29501
29502
29503
29504
29508
29509
29510
29512
29513
29514
29515
29516
29517
29518
29519
29521
29526
29527
29529
29530
29531
29532
29533
29534
29535
29537
29538
29540
29541
29542
29543
29546
29548
29551
29552
29553
29554
29555
29557
29558
29559
29560
29567
29571
29573
29575
29576
29578
29580
29582
29583
29586
29587
29588
29589
29591
29593
29594
29598
29599
29600
29601
29605
29607
29608
29610
29613
29615
29616
29617
29619
29621
29622
29623
29625
29626
29627
29628
29629
29632
29633
29635
29638
29640
29641
29642
29645
29648
29652
29653
29655
29656
29658
29659
29663
29664
29665
29667
29669
29670
29671
29672
29673
29675
29676
29677
29678
29680
29682
29683
29685
29686
29687
29689
29690
29691
29692
29695
29696
29697
29698
29699
29700
29703
29704
29705
29706
29707
29709
29711
29717
29720
29721
29722
29724
29738
29742
29748
29750
29753
29757
29766
29767
29768
29775
29778
29782
29803
29826
29828
29832
29835
29838
29850
29856
29857
29858
29859
29863
29864
29870
29874
29877
29880
29884
29912
29928
29932
29945
29952
29954
29956
29957
29967
29969
29974
29986
29988
29993
30008
30016
30038
30039
30049
30052
30067
30086
30092
30110
30113
30120
30123
30129
30137
30144
30158
30167
30176
30177
30182
30192
30200
30227
30238
30243
30247
30277
30292
30296
30310
30311
30313
30345
30353
30361
30364
30382
30386
30387
30388
30389
30390
30392
30393
30394
30395
30396
30397
30398
30399
30400
30401
30402
30403
30404
30405
30406
30407
30408
30409
30410
30411
30412
30413
30415
30416
30417
30420
30422
30423
30425
30427
30428
30429
30430
30431
30434
30435
30436
30437
30438
30439
30441
30442
30443
30444
30445
30446
30447
30448
30449
30450
30451
30452
30453
30454
30456
30458
30459
30460
30462
30464
30465
30466
30468
30469
30470
30471
30473
30474
30480
30483
30485
30486
30487
30490
30491
30492
30494
30495
30500
30501
30502
30503
30504
30507
30509
30510
30512
30514
30515
30516
30517
30519
30523
30524
30525
30526
30527
30528
30529
30530
30531
30532
30533
30534
30536
30538
30539
30540
30543
30544
30545
30546
30547
30548
30549
30551
30552
30553
30554
30556
30557
30558
30561
30563
30564
30565
30569
30570
30572
30573
30574
30575
30578
30580
30584
30585
30587
30588
30591
30592
30593
30594
30595
30596
30597
30598
30600
30601
30603
30604
30606
30607
30612
30613
30614
30616
30618
30619
30621
30627
30629
30631
30632
30634
30636
30639
30643
30644
30645
30647
30648
30649
30650
30653
30654
30656
30659
30662
30665
30666
30668
30670
30671
30675
30676
30677
30678
30679
30680
30681
30682
30683
30684
30685
30686
30690
30691
30693
30695
30697
30698
30699
30701
30702
30705
30706
30707
30708
30710
30711
30713
30714
30715
30717
30718
30720
30721
30722
30723
30724
30725
30726
30729
30730
30731
30732
30733
30734
30735
30737
30739
30740
30741
30742
30743
30744
30746
30748
30750
30753
30756
30757
30758
30759
30762
30763
30764
30766
30767
30769
30772
30774
30775
30776
30778
30779
30780
30782
30784
30785
30787
30795
30796
30798
30799
30802
30803
30804
30805
30807
30809
30810
30811
30812
30813
30814
30815
30817
30820
30821
30823
30824
30826
30833
30837
30840
30843
30846
30850
30853
30854
30855
30859
30861
30864
30868
30869
30871
30872
30873
30874
30876
30880
30883
30884
30886
30887
30888
30889
30890
30891
30894
30897
30902
30903
30905
30907
30909
30911
30914
30917
30919
30921
30923
30926
30927
30928
30929
30930
30931
30933
30935
30937
30944
30946
30948
30950
30951
30954
30958
30959
30960
30962
30965
30967
30969
30973
30974
30977
30978
30980
30984
30986
30992
30993
30994
30995
30996
30998
30999
31001
31003
31004
31005
31007
31010
31011
31012
31014
31015
31019
31020
31021
31026
31028
31030
31031
31033
31035
31036
31037
31039
31042
31043
31045
31047
31049
31050
31052
31053
31057
31058
31059
31060
31061
31064
31065
31069
31070
31071
31072
31076
31077
31078
31083
31085
31086
31087
31088
31089
31093
31094
31098
31100
31102
31103
31104
31105
31107
31108
31110
31115
31118
31120
31121
31122
31127
31128
31129
31131
31133
31136
31137
31138
31139
31142
31143
31144
31148
31150
31151
31153
31157
31158
31159
31161
31162
31165
31168
31169
31170
31173
31174
31177
31178
31179
31181
31184
31186
31188
31189
31190
31191
31193
31199
31200
31201
31205
31206
31209
31215
31216
31219
31225
31226
31237
31238
31239
31240
31241
31245
31247
31251
31254
31258
31261
31262
31264
31266
31268
31272
31273
31274
31276
31281
31284
31286
31287
31288
31289
31290
31291
31297
31299
31301
31303
31304
31305
31306
31311
31313
31315
31316
31321
31323
31326
31327
31328
31329
31335
31336
31338
31345
31349
31350
31354
31356
31359
31360
31361
31370
31371
31376
31381
31382
31384
31391
31394
31395
31396
31398
31401
31402
31403
31406
31408
31409
31412
31413
31415
31419
31421
31423
31427
31433
31434
31435
31436
31438
31439
31440
31443
31445
31448
31451
31457
31458
31459
31463
31464
31465
31469
31471
31473
31474
31475
31477
31478
31479
31480
31482
31487
31488
31497
31498
31499
31500
31503
31507
31509
31510
31512
31519
31521
31531
31533
31534
31536
31540
31551
31554
31558
31562
31567
31568
31578
31579
31590
31595
31602
31603
31608
31611
31616
31618
31622
31628
31633
31645
31646
31653
31656
31660
31661
31665
31668
31673
31675
31677
31678
31679
31681
31684
31685
31686
31691
31692
31701
31707
31711
31724
31727
31729
31733
31738
31743
31750
31751
31753
31756
31757
31758
31759
31768
31769
31776
31779
31785
31786
31788
31790
31791
31810
31814
31816
31825
31829
31830
31839
31841
31845
31853
31864
31865
31869
31875
31878
31880
31882
31883
31884
31886
31887
31890
31893
31897
31898
31902
31907
31912
31915
31918
31922
31924
31927
31930
31935
31936
31937
31942
31943
31950
31951
31953
31956
31961
31963
31966
31967
31970
31972
31973
31976
31977
31978
31979
31982
31987
31988
31994
31996
31998
32014
32020
32027
32029
32030
32031
32032
32040
32042
32045
32050
32052
32053
32058
32059
32060
32062
32063
32064
32065
32073
32076
32085
32089
32093
32094
32095
32096
32099
32100
32103
32105
32106
32107
32108
32109
32110
32113
32115
32116
32119
32120
32126
32127
32130
32131
32135
32136
32137
32140
32141
32147
32148
32150
32151
32154
32155
32156
32158
32159
32161
32164
32165
32166
32169
32170
32171
32180
32184
32186
32188
32191
32193
32194
32195
32197
32198
32199
32200
32201
32202
32203
32204
32205
32206
32207
32208
32210
32212
32213
32215
32216
32217
32218
32220
32222
32223
32224
32225
32226
32227
32228
32230
32232
32233
32235
32236
32237
32238
32239
32240
32241
32242
32243
32244
32246
32247
32248
32250
32252
32253
32254
32255
32256
32257
32258
32259
32260
32261
32262
32264
32265
32268
32269
32270
32271
32272
32273
32274
32275
32276
32277
32278
32279
32281
32282
32283
32285
32286
32289
32290
32292
32293
32294
32295
32296
32297
32298
32299
32300
32301
32302
32303
32304
32306
32308
32309
32310
32311
32313
32314
32316
32317
32318
32319
32320
32321
32322
32323
32324
32325
32326
32327
32328
32330
32331
32332
32334
32335
32336
32338
32339
32342
32343
32345
32346
32347
32348
32349
32351
32355
32356
32357
32360
32364
32365
32366
32367
32368
32369
32371
32372
32373
32375
32376
32377
32378
32380
32381
32382
32384
32386
32387
32388
32389
32390
32391
32392
32393
32394
32395
32396
32398
32399
32401
32403
32408
32409
32410
32411
32412
32413
32414
32417
32420
32422
32423
32424
32428
32429
32430
32432
32433
32434
32436
32437
32440
32441
32442
32443
32448
32449
32450
32451
32452
32454
32455
32456
32457
32460
32461
32463
32464
32466
32467
32468
32469
32470
32471
32472
32474
32476
32477
32478
32479
32482
32484
32485
32488
32489
32491
32494
32495
32496
32497
32500
32501
32502
32506
32508
32509
32512
32515
32517
32518
32519
32520
32521
32524
32525
32528
32530
32531
32532
32533
32534
32535
32536
32537
32538
32539
32540
32541
32542
32543
32545
32546
32549
32550
32552
32554
32555
32557
32560
32564
32566
32567
32569
32570
32571
32576
32577
32578
32581
32582
32583
32584
32588
32589
32590
32591
32592
32593
32594
32595
32597
32598
32602
32605
32607
32608
32609
32610
32614
32615
32616
32618
32619
32620
32621
32623
32624
32625
32626
32627
32629
32630
32631
32632
32640
32641
32645
32646
32649
32650
32652
32653
32654
32655
32657
32658
32661
32662
32663
32664
32666
32668
32669
32671
32672
32677
32680
32682
32684
32685
32686
32687
32689
32692
32694
32696
32697
32698
32701
32702
32705
32707
32708
32709
32710
32711
32712
32713
32715
32718
32720
32722
32723
32724
32727
32728
32730
32731
32734
32735
32737
32740
32741
32742
32745
32748
32749
32750
32751
32752
32754
32758
32759
32761
32762
32764
32767
32768
32772
32773
32775
32780
32781
32782
32792
32795
32796
32801
32802
32804
32806
32810
32811
32813
32814
32815
32817
32819
32822
32823
32826
32827
32829
32831
32832
32834
32835
32837
32839
32840
32841
32843
32846
32850
32861
32862
32866
32869
32870
32873
32874
32876
32877
32878
32879
32882
32883
32884
32885
32886
32888
32889
32890
32891
32892
32902
32905
32907
32908
32911
32912
32914
32922
32924
32925
32927
32931
32932
32933
32934
32943
32944
32947
32951
32953
32955
32956
32960
32964
32965
32966
32968
32969
32970
32972
32973
32974
32976
32978
32981
32984
32985
32988
32994
32995
32996
33001
33002
33004
33008
33011
33013
33016
33017
33018
33019
33020
33021
33022
33024
33028
33029
33030
33031
33032
33035
33036
33037
33038
33041
33043
33045
33046
33049
33050
33052
33053
33056
33058
33060
33061
33062
33063
33066
33069
33070
33071
33072
33073
33076
33077
33081
33082
33084
33085
33087
33088
33091
33092
33094
33097
33100
33101
33102
33104
33105
33106
33108
33110
33111
33117
33118
33119
33122
33126
33127
33130
33131
33133
33134
33135
33136
33137
33138
33139
33141
33142
33147
33148
33150
33151
33153
33154
33157
33158
33162
33163
33167
33171
33172
33173
33174
33178
33179
33180
33183
33185
33186
33189
33193
33195
33196
33198
33199
33201
33202
33203
33204
33205
33206
33209
33210
33213
33214
33216
33217
33219
33221
33222
33227
33228
33230
33231
33232
33233
33235
33238
33241
33243
33244
33246
33247
33248
33249
33251
33252
33254
33255
33256
33260
33261
33262
33265
33266
33267
33268
33269
33270
33271
33272
33273
33274
33275
33276
33280
33283
33284
33286
33287
33289
33290
33292
33293
33294
33297
33300
33301
33304
33305
33311
33312
33313
33314
33315
33316
33318
33319
33320
33321
33322
33325
33326
33328
33329
33330
33331
33333
33334
33335
33336
33337
33339
33341
33343
33344
33345
33346
33348
33349
33350
33352
33354
33355
33356
33357
33358
33359
33360
33361
33362
33363
33365
33366
33367
33368
33369
33370
33372
33373
33374
33377
33378
33379
33381
33383
33384
33385
33386
33387
33388
33391
33394
33396
33398
33399
33400
33402
33403
33404
33405
33406
33407
33409
33410
33411
33412
33413
33414
33415
33417
33418
33420
33422
33425
33427
33428
33432
33433
33442
33447
33451
33452
33455
33456
33461
33463
33464
33467
33469
33470
33472
33485
33489
33490
33492
33501
33503
33506
33510
33515
33516
33536
33538
33540
33541
33545
33547
33550
33554
33564
33566
33567
33569
33571
33572
33573
33574
33581
33584
33585
33587
33588
33589
33590
33596
33602
33605
33611
33645
33669
33676
33697
33712
33738
33745
33752
33771
33772
33789
33801
33803
33818
33820
33822
33824
33827
33834
33848
33851
33881
33888
33892
33893
33895
33906
33913
33919
33920
33925
33935
33942
33950
33969
33982
33991
33995
33998
33999
34009
34027
34028
34046
34062
34066
34069
34070
34096
34100
34102
34103
34105
34106
34107
34108
34109
34110
34111
34112
34113
34114
34117
34118
34119
34120
34121
34122
34123
34125
34126
34127
34128
34131
34133
34134
34136
34137
34138
34139
34140
34141
34142
34144
34145
34146
34147
34148
34149
34150
34151
34152
34154
34155
34156
34157
34159
34160
34161
34162
34164
34166
34167
34168
34172
34173
34174
34175
34176
34178
34179
34180
34182
34183
34184
34185
34187
34188
34189
34191
34192
34193
34195
34196
34197
34199
34201
34205
34206
34207
34208
34210
34213
34214
34215
34216
34217
34218
34220
34221
34222
34224
34227
34228
34231
34232
34233
34235
34237
34238
34239
34240
34241
34242
34244
34249
34250
34251
34252
34254
34256
34258
34260
34261
34262
34263
34264
34266
34267
34268
34269
34270
34273
34274
34276
34278
34279
34280
34282
34284
34286
34287
34289
34290
34291
34292
34293
34294
34301
34302
34303
34304
34305
34306
34307
34309
34310
34313
34314
34316
34317
34318
34320
34321
34323
34324
34325
34326
34327
34328
34330
34332
34335
34336
34337
34339
34340
34345
34348
34349
34350
34351
34353
34355
34357
34358
34360
34362
34363
34366
34367
34369
34371
34372
34375
34379
34383
34384
34385
34388
34391
34392
34393
34395
34397
34398
34399
34400
34403
34404
34405
34407
34408
34409
34411
34412
34413
34414
34416
34417
34418
34420
34421
34422
34424
34425
34426
34427
34428
34429
34431
34433
34434
34435
34436
34437
34439
34441
34442
34443
34444
34445
34448
34449
34450
34452
34453
34454
34455
34458
34464
34466
34470
34471
34472
34474
34476
34477
34479
34480
34481
34482
34486
34487
34488
34489
34494
34495
34497
34498
34499
34501
34502
34504
34506
34507
34508
34509
34510
34512
34513
34514
34516
34517
34524
34527
34528
34529
34530
34531
34533
34534
34535
34536
34538
34539
34543
34547
34549
34551
34554
34555
34556
34557
34560
34562
34563
34564
34568
34569
34571
34572
34575
34576
34577
34578
34579
34580
34581
34583
34585
34587
34588
34590
34592
34593
34594
34598
34599
34600
34601
34602
34603
34604
34605
34606
34612
34616
34619
34623
34624
34625
34626
34628
34629
34630
34631
34632
34633
34634
34636
34637
34642
34643
34645
34647
34648
34649
34654
34655
34658
34659
34660
34662
34663
34668
34669
34670
34672
34673
34676
34677
34678
34679
34683
34684
34685
34686
34687
34691
34692
34694
34695
34696
34698
34699
34702
34704
34705
34707
34708
34710
34712
34713
34714
34718
34721
34723
34726
34733
34735
34736
34737
34738
34740
34742
34743
34744
34745
34747
34748
34749
34750
34751
34753
34754
34756
34757
34758
34759
34760
34762
34765
34767
34771
34774
34775
34778
34779
34782
34784
34787
34790
34791
34792
34794
34795
34796
34799
34801
34803
34804
34806
34807
34808
34809
34812
34816
34819
34821
34822
34824
34826
34827
34829
34831
34832
34834
34835
34836
34838
34839
34841
34842
34843
34845
34850
34851
34853
34855
34856
34858
34859
34860
34862
34863
34864
34865
34867
34871
34873
34874
34875
34876
34877
34882
34883
34884
34885
34887
34888
34889
34890
34891
34892
34893
34894
34895
34896
34897
34898
34904
34905
34907
34908
34911
34913
34914
34915
34916
34918
34920
34925
34926
34929
34930
34931
34932
34933
34936
34937
34939
34945
34948
34950
34953
34955
34957
34959
34961
34962
34964
34968
34970
34972
34975
34976
34977
34983
34984
34986
34989
34992
34993
34995
34997
34998
34999
35000
35002
35003
35005
35007
35009
35010
35011
35013
35014
35016
35017
35018
35019
35021
35022
35023
35024
35025
35029
35035
35038
35043
35044
35046
35048
35049
35050
35052
35055
35059
35061
35062
35064
35065
35068
35070
35071
35073
35074
35077
35078
35079
35083
35084
35085
35087
35089
35090
35107
35108
35110
35112
35113
35115
35116
35117
35119
35120
35123
35126
35131
35133
35135
35137
35138
35146
35150
35153
35154
35155
35157
35158
35159
35160
35161
35165
35171
35172
35175
35176
35179
35180
35185
35186
35188
35189
35192
35193
35194
35196
35197
35201
35202
35203
35204
35206
35209
35211
35212
35213
35214
35217
35222
35223
35224
35229
35231
35233
35235
35237
35239
35243
35248
35251
35252
35253
35256
35262
35263
35279
35280
35284
35285
35288
35289
35297
35304
35306
35315
35316
35317
35322
35327
35328
35332
35333
35336
35340
35341
35343
35344
35348
35350
35359
35363
35364
35365
35367
35370
35371
35374
35380
35381
35382
35383
35387
35388
35393
35395
35397
35399
35401
35406
35410
35413
35417
35421
35423
35426
35430
35434
35435
35436
35438
35443
35444
35447
35448
35449
35450
35453
35454
35455
35459
35460
35461
35463
35464
35465
35466
35471
35472
35473
35476
35481
35482
35483
35489
35490
35492
35494
35497
35499
35500
35505
35507
35510
35511
35512
35513
35515
35516
35517
35519
35520
35522
35523
35528
35534
35539
35541
35542
35549
35551
35560
35562
35563
35564
35565
35566
35571
35572
35573
35575
35576
35578
35583
35589
35593
35594
35595
35596
35597
35598
35600
35601
35604
35610
35611
35614
35615
35616
35617
35621
35625
35628
35629
35632
35633
35637
35638
35639
35640
35641
35642
35644
35645
35646
35649
35650
35652
35657
35664
35665
35671
35672
35673
35674
35678
35681
35682
35684
35689
35690
35692
35693
35696
35705
35707
35708
35709
35713
35714
35715
35716
35717
35718
35719
35721
35722
35723
35727
35729
35731
35732
35733
35739
35741
35743
35746
35753
35756
35757
35759
35765
35771
35772
35773
35775
35776
35777
35782
35783
35787
35788
35789
35792
35793
35796
35800
35801
35802
35807
35808
35810
35813
35814
35815
35817
35818
35819
35820
35821
35826
35827
35830
35833
35836
35837
35840
35841
35842
35844
35846
35848
35849
35855
35856
35858
35859
35861
35864
35866
35869
35870
35873
35874
35877
35879
35883
35885
35887
35890
35898
35900
35901
35903
35904
35905
35911
35912
35913
35914
35915
35917
35918
35919
35921
35923
35924
35925
35927
35929
35931
35932
35935
35936
35937
35938
35939
35940
35941
35943
35944
35945
35946
35947
35948
35950
35951
35952
35954
35955
35956
35958
35959
35960
35962
35963
35964
35965
35967
35968
35969
35970
35971
35972
35973
35974
35975
35977
35978
35979
35980
35981
35982
35984
35985
35986
35987
35988
35991
35993
35994
35995
35996
35997
35999
36000
36001
36002
36003
36005
36006
36007
36009
36010
36012
36013
36014
36016
36018
36019
36021
36022
36023
36024
36025
36027
36028
36030
36031
36032
36033
36034
36035
36036
36038
36039
36040
36041
36042
36043
36044
36045
36046
36047
36049
36050
36052
36053
36055
36056
36057
36059
36061
36062
36063
36065
36067
36069
36070
36071
36072
36073
36074
36076
36077
36078
36079
36080
36081
36084
36085
36086
36087
36088
36089
36090
36091
36092
36094
36095
36096
36097
36098
36102
36103
36104
36105
36106
36107
36108
36109
36111
36112
36113
36114
36115
36116
36117
36119
36120
36122
36123
36124
36125
36126
36127
36129
36130
36132
36133
36134
36135
36137
36138
36140
36141
36142
36146
36147
36148
36149
36150
36151
36152
36153
36154
36155
36156
36157
36160
36163
36164
36165
36166
36167
36170
36171
36172
36173
36174
36175
36178
36181
36182
36183
36184
36185
36186
36190
36192
36193
36194
36195
36198
36199
36201
36202
36205
36206
36207
36209
36210
36216
36218
36220
36221
36223
36224
36225
36226
36227
36228
36229
36230
36231
36232
36233
36234
36235
36238
36239
36243
36244
36249
36251
36252
36253
36254
36255
36256
36257
36258
36259
36263
36264
36267
36268
36269
36270
36272
36274
36275
36276
36279
36281
36282
36284
36285
36286
36288
36289
36290
36292
36293
36294
36296
36297
36298
36299
36300
36302
36304
36306
36309
36311
36312
36316
36317
36321
36323
36324
36329
36330
36332
36333
36334
36337
36338
36339
36341
36342
36343
36344
36345
36346
36351
36352
36354
36356
36359
36361
36362
36363
36364
36365
36366
36367
36369
36370
36371
36373
36378
36383
36384
36385
36387
36395
36396
36401
36406
36407
36410
36411
36415
36416
36417
36418
36419
36420
36421
36426
36427
36429
36434
36436
36437
36438
36441
36443
36444
36445
36446
36448
36451
36455
36456
36462
36463
36464
36466
36468
36471
36473
36475
36478
36481
36487
36489
36490
36491
36493
36494
36495
36497
36501
36506
36513
36514
36515
36520
36521
36522
36525
36527
36529
36532
36533
36534
36536
36537
36538
36546
36547
36549
36550
36553
36554
36555
36556
36557
36558
36560
36564
36567
36571
36573
36574
36575
36576
36577
36579
36580
36582
36583
36588
36590
36591
36595
36597
36598
36599
36600
36601
36602
36611
36616
36617
36618
36619
36621
36622
36624
36625
36627
36628
36629
36633
36634
36639
36645
36646
36648
36649
36651
36654
36655
36656
36663
36664
36666
36668
36669
36674
36678
36679
36680
36682
36685
36687
36689
36690
36691
36692
36698
36701
36702
36703
36704
36705
36710
36711
36712
36713
36714
36720
36725
36727
36731
36733
36734
36735
36738
36739
36744
36746
36747
36748
36749
36750
36751
36754
36756
36758
36759
36760
36761
36767
36769
36772
36773
36775
36776
36777
36783
36784
36787
36788
36795
36796
36799
36800
36801
36802
36805
36806
36807
36808
36809
36810
36811
36813
36814
36815
36818
36820
36824
36825
36829
36831
36832
36834
36835
36836
36837
36838
36839
36840
36841
36842
36844
36845
36847
36848
36849
36850
36851
36852
36853
36855
36856
36859
36860
36862
36864
36868
36869
36870
36871
36872
36874
36876
36877
36880
36883
36884
36888
36889
36890
36892
36893
36894
36896
36897
36899
36903
36910
36913
36914
36915
36916
36918
36920
36921
36922
36923
36925
36926
36928
36929
36931
36932
36933
36935
36936
36938
36940
36942
36943
36945
36946
36947
36950
36951
36955
36956
36957
36958
36960
36961
36965
36968
36969
36970
36971
36974
36975
36978
36979
36980
36981
36982
36983
36984
36985
36987
36988
36989
36991
36992
36993
36995
36996
36997
37000
37001
37003
37004
37006
37007
37008
37009
37010
37014
37015
37016
37019
37020
37021
37025
37026
37027
37028
37030
37031
37032
37035
37036
37037
37038
37039
37041
37043
37044
37045
37050
37052
37053
37054
37055
37056
37057
37059
37060
37061
37062
37063
37066
37068
37069
37070
37071
37073
37075
37076
37079
37080
37081
37084
37086
37087
37088
37090
37092
37094
37095
37096
37097
37098
37100
37101
37103
37105
37106
37110
37111
37113
37116
37117
37118
37122
37123
37124
37125
37126
37127
37128
37129
37130
37131
37132
37133
37134
37135
37138
37139
