2
19
20
22
23
26
29
37
39
40
41
50
54
57
66
67
72
79
86
87
103
112
113
114
123
125
126
127
133
138
141
142
143
145
146
152
158
159
163
167
168
174
179
183
185
192
206
214
217
232
240
241
250
252
258
261
262
269
290
303
310
319
323
326
340
342
346
364
369
383
388
392
397
401
410
425
427
443
445
449
453
455
464
467
488
498
502
505
506
510
518
524
528
529
535
536
539
550
551
564
569
583
590
596
602
620
623
632
636
640
643
644
645
672
674
675
676
677
680
681
683
684
685
686
687
688
689
690
691
692
693
696
697
698
699
700
701
702
703
704
705
706
707
708
709
710
711
712
713
714
715
717
718
719
720
721
722
724
725
726
727
728
729
731
733
735
737
738
740
741
742
744
745
746
747
748
753
754
756
757
758
759
761
762
764
765
767
768
769
771
772
773
774
775
778
779
780
781
782
784
785
786
787
788
789
792
793
795
796
798
800
802
803
805
807
808
809
811
812
813
814
816
817
818
819
820
823
824
830
831
832
833
836
837
838
839
841
842
843
844
846
849
850
851
852
853
858
859
861
862
863
865
866
868
872
873
875
879
880
881
883
884
887
890
891
892
893
894
895
896
897
898
899
901
902
903
904
905
908
909
910
912
913
917
918
919
922
924
926
927
929
930
931
933
934
935
937
938
939
940
943
944
945
946
947
949
952
954
955
956
957
958
962
964
965
966
967
968
973
974
975
976
977
978
979
980
982
985
987
989
990
991
994
995
997
998
999
1000
1002
1005
1007
1009
1010
1011
1012
1013
1014
1016
1017
1018
1020
1022
1023
1025
1027
1028
1029
1030
1031
1032
1033
1034
1035
1036
1038
1040
1041
1042
1044
1045
1049
1051
1052
1053
1055
1056
1057
1058
1061
1062
1063
1065
1066
1073
1078
1079
1080
1081
1082
1083
1084
1086
1087
1088
1089
1091
1092
1093
1097
1098
1099
1100
1101
1102
1105
1108
1109
1111
1113
1116
1118
1120
1121
1123
1124
1125
1126
1128
1129
1130
1131
1132
1133
1134
1136
1137
1139
1142
1144
1145
1149
1150
1152
1153
1155
1157
1162
1163
1164
1173
1174
1175
1176
1177
1178
1181
1182
1184
1185
1188
1189
1190
1192
1194
1195
1196
1200
1207
1208
1209
1213
1217
1221
1222
1226
1228
1230
1233
1235
1236
1239
1241
1244
1245
1249
1250
1252
1253
1258
1260
1261
1262
1263
1264
1265
1270
1271
1273
1274
1281
1287
1294
1295
1296
1298
1299
1300
1301
1304
1307
1308
1310
1311
1313
1316
1317
1323
1324
1325
1326
1327
1328
1330
1332
1334
1339
1340
1342
1348
1349
1350
1352
1355
1357
1358
1359
1361
1362
1364
1365
1369
1371
1374
1375
1376
1379
1381
1382
1383
1385
1386
1387
1389
1393
1396
1398
1401
1403
1404
1405
1416
1420
1421
1422
1424
1426
1427
1429
1433
1434
1436
1439
1446
1448
1450
1451
1455
1457
1459
1461
1463
1465
1468
1472
1473
1474
1475
1478
1479
1480
1487
1488
1489
1490
1494
1497
1499
1500
1504
1506
1512
1513
1515
1516
1518
1520
1524
1525
1527
1529
1532
1533
1535
1536
1538
1540
1541
1551
1552
1554
1555
1557
1560
1562
1563
1569
1572
1577
1579
1580
1585
1587
1588
1589
1590
1593
1605
1606
1607
1610
1613
1615
1620
1623
1625
1627
1629
1634
1637
1638
1640
1641
1644
1646
1649
1653
1657
1662
1664
1665
1670
1671
1673
1675
1676
1680
1682
1683
1684
1692
1693
1695
1699
1700
1709
1715
1716
1718
1719
1723
1724
1725
1726
1729
1733
1734
1737
1738
1743
1745
1748
1749
1752
1753
1757
1761
1762
1764
1766
1767
1770
1775
1776
1777
1779
1780
1782
1783
1785
1786
1787
1788
1789
1791
1792
1794
1795
1798
1801
1809
1813
1818
1819
1820
1821
1822
1830
1832
1834
1839
1842
1846
1848
1853
1856
1858
1860
1864
1866
1869
1871
1882
1883
1887
1888
1892
1894
1895
1897
1900
1902
1904
1908
1910
1914
1916
1918
1922
1924
1925
1928
1930
1931
1933
1937
1939
1940
1941
1944
1948
1950
1952
1955
1957
1961
1963
1967
1968
1974
1975
1978
1979
1981
1983
1984
1989
1994
1995
1996
1997
1999
2001
2002
2004
2007
2009
2010
2012
2020
2021
2023
2024
2025
2029
2032
2036
2038
2040
2041
2043
2045
2046
2047
2050
2058
2063
2064
2069
2071
2074
2079
2083
2085
2087
2088
2091
2100
2102
2103
2108
2111
2112
2113
2115
2133
2136
2146
2148
2150
2155
2165
2166
2167
2168
2171
2172
2181
2185
2189
2190
2192
2196
2198
2218
2220
2221
2225
2234
2239
2240
2242
2244
2245
2256
2258
2261
2264
2270
2272
2276
2282
2283
2285
2286
2290
2298
2300
2302
2307
2314
2315
2316
2319
2321
2325
2329
2331
2341
2343
2350
2351
2352
2353
2356
2357
2359
2361
2362
2371
2375
2378
2381
2382
2383
2386
2387
2388
2391
2393
2394
2395
2397
2399
2400
2401
2402
2403
2405
2407
2408
2413
2414
2415
2416
2417
2418
2420
2422
2423
2424
2427
2429
2430
2432
2435
2438
2440
2443
2449
2454
2455
2457
2459
2462
2463
2465
2474
2478
2481
2486
2487
2488
2489
2490
2491
2492
2493
2494
2495
2496
2497
2498
2499
2500
2502
2503
2504
2505
2506
2509
2510
2512
2513
2514
2515
2518
2519
2520
2521
2524
2525
2526
2527
2528
2529
2531
2533
2534
2535
2537
2538
2539
2540
2541
2542
2543
2544
2546
2547
2548
2550
2551
2552
2553
2554
2555
2556
2557
2558
2559
2560
2561
2562
2563
2564
2565
2566
2567
2568
2569
2570
2571
2573
2574
2575
2576
2577
2578
2579
2580
2581
2582
2583
2584
2585
2588
2589
2590
2592
2594
2595
2596
2597
2598
2599
2600
2601
2602
2604
2605
2607
2608
2609
2610
2611
2612
2614
2615
2616
2617
2618
2619
2620
2621
2622
2623
2624
2625
2626
2627
2628
2629
2630
2631
2632
2633
2634
2635
2636
2637
2639
2641
2643
2644
2645
2646
2647
2648
2650
2651
2652
2653
2654
2655
2656
2658
2659
2660
2661
2662
2664
2665
2666
2668
2670
2672
2673
2674
2675
2676
2678
2679
2680
2682
2684
2685
2686
2688
2689
2690
2691
2692
2693
2694
2695
2696
2697
2698
2699
2700
2701
2703
2704
2705
2706
2707
2708
2709
2710
2711
2712
2716
2717
2718
2719
2720
2721
2723
2724
2728
2729
2731
2733
2734
2736
2737
2738
2740
2742
2744
2745
2746
2751
2752
2753
2755
2756
2757
2758
2759
2760
2761
2763
2764
2765
2766
2767
2769
2770
2772
2773
2774
2775
2776
2777
2778
2779
2780
2782
2783
2784
2786
2788
2789
2790
2791
2792
2795
2797
2800
2803
2805
2806
2807
2808
2809
2810
2811
2813
2814
2816
2817
2818
2819
2821
2822
2825
2826
2829
2830
2833
2836
2837
2838
2839
2842
2844
2845
2848
2852
2853
2854
2855
2856
2857
2859
2862
2863
2864
2865
2866
2868
2870
2873
2874
2875
2876
2879
2880
2881
2884
2886
2889
2890
2891
2892
2895
2897
2898
2900
2901
2903
2904
2907
2909
2910
2911
2913
2914
2915
2916
2917
2919
2920
2922
2923
2925
2927
2928
2931
2933
2935
2936
2938
2940
2941
2942
2943
2944
2945
2946
2948
2949
2950
2951
2953
2954
2959
2960
2964
2965
2966
2967
2970
2971
2973
2975
2976
2978
2979
2980
2984
2985
2986
2987
2989
2990
2992
2993
2998
3003
3006
3011
3013
3016
3018
3020
3022
3023
3024
3025
3029
3030
3032
3033
3035
3037
3038
3040
3042
3045
3046
3047
3048
3050
3052
3054
3058
3061
3063
3067
3069
3070
3075
3076
3080
3082
3083
3088
3090
3091
3094
3096
3099
3101
3102
3106
3107
3108
3110
3111
3113
3119
3120
3121
3123
3127
3131
3134
3138
3139
3149
3154
3155
3156
3157
3158
3160
3161
3162
3164
3166
3167
3171
3172
3173
3174
3175
3176
3177
3183
3185
3187
3189
3190
3192
3193
3195
3196
3203
3204
3205
3208
3210
3211
3213
3219
3220
3221
3223
3225
3226
3227
3228
3230
3232
3235
3236
3239
3240
3241
3243
3244
3245
3246
3248
3249
3252
3254
3256
3257
3258
3261
3262
3264
3265
3266
3267
3268
3269
3276
3277
3278
3282
3285
3286
3287
3288
3291
3293
3294
3295
3297
3299
3301
3302
3303
3306
3307
3311
3315
3316
3317
3318
3319
3321
3322
3324
3325
3326
3329
3334
3338
3339
3341
3345
3348
3349
3351
3354
3355
3357
3358
3360
3361
3362
3365
3368
3369
3370
3373
3376
3377
3380
3383
3384
3385
3388
3389
3392
3393
3395
3396
3397
3398
3401
3404
3407
3409
3412
3413
3414
3418
3419
3420
3421
3422
3424
3425
3426
3427
3434
3436
3437
3438
3439
3442
3444
3448
3450
3453
3454
3456
3457
3459
3460
3461
3462
3463
3465
3466
3467
3471
3472
3473
3474
3477
3481
3482
3483
3486
3487
3488
3490
3492
3494
3496
3497
3501
3503
3506
3509
3510
3512
3516
3517
3518
3519
3520
3521
3523
3524
3527
3528
3530
3531
3532
3535
3536
3537
3539
3540
3543
3544
3545
3546
3548
3550
3553
3554
3555
3556
3557
3558
3559
3560
3561
3564
3566
3567
3568
3569
3570
3571
3572
3574
3575
3577
3578
3581
3582
3583
3584
3585
3589
3592
3594
3599
3600
3602
3603
3605
3606
3607
3608
3609
3610
3612
3613
3614
3617
3618
3619
3620
3623
3624
3625
3626
3627
3629
3631
3634
3636
3637
3640
3641
3642
3643
3644
3647
3650
3651
3652
3653
3654
3655
3657
3658
3660
3661
3662
3665
3666
3669
3671
3672
3673
3674
3675
3676
3677
3678
3679
3682
3684
3688
3691
3692
3694
3696
3697
3698
3699
3700
3701
3703
3704
3705
3707
3708
3709
3710
3711
3716
3722
3734
3735
3746
3750
3751
3753
3761
3768
3771
3773
3777
3785
3786
3789
3792
3793
3795
3797
3803
3804
3806
3807
3808
3810
3811
3817
3824
3825
3827
3828
3829
3830
3835
3836
3837
3839
3840
3843
3844
3846
3849
3853
3855
3858
3859
3861
3865
3869
3872
3875
3876
3879
3882
3884
3886
3887
3888
3893
3896
3899
3902
3906
3910
3911
3921
3940
3944
3946
3948
3954
3955
3968
3969
3972
3974
3977
3987
3995
4002
4003
4012
4014
4021
4023
4033
4035
4036
4038
4042
4046
4054
4056
4063
4069
4084
4094
4102
4107
4117
4129
4135
4141
4142
4144
4148
4149
4156
4157
4163
4168
4173
4179
4180
4181
4194
4197
4198
4199
4213
4222
4230
4238
4239
4242
4243
4253
4255
4258
4270
4275
4277
4282
4294
4304
4306
4310
4312
4332
4333
4334
4343
4355
4356
4358
4359
4373
4382
4384
4388
4390
4391
4392
4393
4394
4395
4396
4397
4398
4399
4400
4401
4402
4404
4405
4406
4408
4409
4410
4411
4412
4413
4414
4415
4416
4418
4419
4420
4422
4423
4424
4425
4426
4427
4429
4430
4431
4433
4434
4436
4437
4438
4439
4441
4442
4444
4445
4446
4447
4448
4449
4450
4451
4452
4453
4454
4455
4456
4458
4459
4461
4462
4463
4464
4466
4467
4468
4469
4471
4472
4473
4476
4477
4478
4479
4480
4482
4483
4485
4487
4488
4489
4493
4496
4501
4502
4503
4506
4507
4508
4509
4510
4512
4513
4515
4516
4517
4518
4519
4520
4521
4522
4523
4525
4526
4527
4528
4532
4533
4534
4535
4537
4538
4539
4540
4544
4545
4546
4547
4549
4550
4551
4555
4556
4557
4558
4559
4560
4561
4563
4565
4567
4568
4570
4572
4573
4574
4575
4577
4579
4580
4584
4586
4587
4588
4591
4593
4594
4596
4598
4600
4601
4602
4603
4604
4606
4607
4608
4609
4612
4613
4615
4619
4620
4623
4624
4625
4629
4631
4633
4636
4637
4640
4641
4642
4645
4647
4648
4652
4653
4654
4656
4658
4659
4660
4663
4664
4670
4671
4672
4675
4676
4677
4679
4680
4681
4685
4688
4690
4691
4693
4695
4698
4699
4700
4701
4702
4703
4704
4705
4708
4710
4711
4714
4716
4720
4721
4723
4724
4729
4730
4731
4733
4734
4735
4737
4739
4740
4743
4746
4748
4750
4751
4752
4753
4755
4756
4758
4759
4764
4765
4766
4767
4768
4769
4770
4774
4775
4776
4777
4781
4782
4783
4784
4785
4787
4788
4789
4790
4791
4792
4793
4794
4795
4797
4800
4801
4802
4807
4810
4811
4814
4815
4816
4817
4819
4820
4822
4825
4826
4827
4828
4832
4834
4835
4836
4837
4838
4839
4842
4843
4845
4848
4849
4852
4853
4854
4856
4858
4860
4863
4864
4865
4866
4867
4868
4871
4876
4877
4878
4880
4883
4886
4887
4891
4892
4895
4896
4897
4899
4900
4903
4908
4910
4914
4915
4916
4918
4921
4924
4929
4932
4934
4935
4937
4938
4942
4943
4944
4945
4947
4948
4949
4955
4958
4959
4963
4966
4967
4971
4972
4973
4974
4975
4976
4977
4978
4979
4980
4982
4984
4985
4986
4988
4991
4992
4995
4996
4998
5001
5002
5005
5009
5010
5013
5014
5018
5021
5022
5024
5025
5026
5030
5032
5035
5036
5038
5040
5041
5043
5044
5045
5046
5047
5048
5049
5051
5056
5062
5063
5064
5066
5067
5068
5069
5070
5071
5072
5073
5078
5080
5084
5085
5088
5089
5090
5091
5092
5094
5095
5096
5097
5099
5100
5101
5102
5105
5107
5112
5113
5114
5117
5118
5122
5125
5128
5130
5131
5135
5136
5139
5140
5141
5142
5143
5144
5148
5149
5150
5151
5153
5155
5160
5164
5165
5167
5169
5170
5171
5172
5175
5179
5180
5181
5184
5185
5189
5192
5193
5194
5198
5201
5202
5203
5204
5206
5208
5209
5213
5214
5216
5217
5219
5220
5221
5222
5225
5226
5227
5230
5231
5238
5240
5241
5243
5244
5246
5247
5249
5250
5253
5254
5255
5257
5261
5264
5266
5267
5268
5269
5271
5273
5274
5275
5276
5277
5278
5281
5282
5283
5284
5286
5288
5289
5291
5293
5294
5295
5296
5297
5299
5300
5301
5304
5307
5311
5313
5317
5321
5322
5323
5324
5327
5328
5329
5331
5332
5334
5335
5337
5338
5339
5340
5341
5343
5350
5354
5355
5356
5358
5362
5365
5366
5373
5376
5378
5379
5384
5386
5387
5388
5390
5392
5396
5398
5400
5401
5403
5404
5406
5407
5409
5413
5414
5418
5423
5424
5429
5434
5436
5437
5439
5440
5443
5444
5446
5450
5451
5457
5458
5459
5460
5461
5462
5463
5465
5467
5468
5472
5474
5475
5478
5479
5480
5481
5485
5487
5496
5498
5500
5501
5507
5510
5511
5518
5519
5521
5523
5525
5535
5536
5540
5541
5542
5548
5551
5553
5554
5555
5556
5557
5562
5564
5567
5569
5571
5572
5576
5578
5579
5581
5585
5587
5592
5596
5597
5602
5603
5604
5605
5606
5608
5618
5619
5620
5622
5626
5630
5632
5637
5638
5642
5644
5647
5649
5653
5654
5655
5658
5659
5662
5663
5664
5667
5669
5671
5672
5674
5675
5677
5678
5679
5680
5681
5684
5688
5689
5692
5697
5701
5704
5705
5709
5711
5725
5726
5729
5730
5732
5735
5739
5740
5742
5743
5745
5746
5749
5752
5754
5758
5759
5760
5761
5764
5766
5768
5770
5771
5772
5777
5781
5784
5786
5787
5788
5789
5793
5794
5801
5803
5815
5816
5818
5819
5822
5824
5826
5827
5828
5834
5847
5849
5851
5860
5861
5866
5869
5870
5875
5878
5879
5880
5882
5883
5884
5885
5886
5897
5899
5906
5907
5915
5916
5918
5919
5920
5921
5922
5926
5934
5935
5937
5941
5943
5944
5945
5949
5953
5955
5957
5959
5961
5962
5966
5967
5968
5972
5974
5975
5977
5978
5980
5981
5984
5987
5988
5989
5993
6000
6002
6005
6009
6011
6016
6020
6021
6028
6032
6033
6034
6037
6040
6041
6043
6045
6048
6049
6054
6055
6060
6061
6064
6065
6066
6069
6070
6071
6075
6079
6081
6082
6084
6088
6089
6090
6096
6097
6098
6099
6101
6102
6103
6105
6106
6107
6110
6111
6112
6114
6118
6121
6124
6128
6129
6134
6136
6137
6142
6143
6144
6146
6147
6148
6149
6150
6152
6153
6157
6158
6159
6161
6162
6163
6165
6167
6169
6170
6171
6172
6173
6175
6176
6177
6178
6179
6183
6184
6188
6189
6190
6191
6192
6193
6195
6197
6198
6200
6201
6202
6203
6204
6205
6206
6207
6208
6209
6210
6211
6212
6215
6217
6218
6219
6220
6221
6223
6224
6225
6226
6227
6228
6229
6230
6232
6234
6235
6236
6238
6239
6240
6241
6242
6243
6244
6245
6246
6247
6248
6249
6250
6251
6252
6253
6254
6255
6256
6257
6258
6259
6260
6262
6263
6264
6265
6266
6267
6268
6270
6271
6272
6273
6274
6275
6276
6277
6278
6279
6280
6282
6283
6284
6285
6286
6287
6288
6289
6290
6291
6292
6293
6295
6296
6298
6299
6300
6302
6303
6304
6305
6306
6308
6310
6311
6312
6313
6314
6315
6316
6317
6318
6319
6320
6321
6322
6324
6326
6327
6328
6329
6330
6331
6332
6333
6334
6335
6336
6337
6338
6340
6342
6343
6344
6345
6347
6348
6349
6350
6351
6352
6353
6354
6355
6356
6358
6359
6360
6361
6362
6363
6365
6367
6369
6370
6371
6372
6375
6377
6378
6381
6382
6383
6384
6386
6387
6388
6389
6390
6392
6393
6395
6396
6397
6398
6399
6401
6402
6403
6404
6405
6406
6408
6409
6411
6412
6413
6414
6415
6416
6417
6418
6420
6421
6422
6423
6424
6425
6426
6430
6433
6434
6435
6436
6437
6438
6439
6441
6442
6443
6444
6445
6446
6447
6448
6449
6450
6451
6452
6453
6454
6455
6456
6458
6459
6461
6462
6465
6466
6467
6468
6469
6470
6472
6473
6474
6476
6477
6478
6479
6480
6481
6483
6484
6487
6488
6490
6493
6495
6496
6497
6498
6499
6500
6502
6503
6504
6507
6508
6509
6511
6513
6514
6517
6519
6520
6522
6523
6524
6525
6527
6528
6529
6530
6531
6532
6533
6536
6538
6539
6540
6541
6542
6543
6544
6545
6547
6548
6550
6551
6555
6556
6558
6559
6561
6563
6566
6568
6569
6572
6573
6575
6579
6580
6581
6582
6584
6585
6587
6588
6590
6591
6595
6596
6597
6598
6600
6602
6603
6604
6607
6609
6611
6612
6613
6617
6618
6621
6622
6624
6625
6627
6628
6629
6631
6632
6633
6634
6636
6637
6640
6642
6643
6645
6649
6650
6653
6654
6655
6656
6657
6659
6661
6662
6663
6664
6665
6668
6669
6671
6674
6675
6679
6682
6683
6686
6687
6689
6694
6695
6697
6698
6700
6701
6704
6706
6707
6709
6710
6712
6715
6716
6717
6718
6722
6725
6730
6731
6732
6733
6734
6736
6737
6739
6741
6742
6744
6745
6746
6747
6749
6751
6752
6754
6756
6758
6759
6760
6762
6763
6766
6767
6768
6769
6770
6775
6777
6781
6782
6787
6797
6800
6801
6802
6807
6808
6809
6810
6813
6815
6816
6820
6821
6822
6825
6828
6830
6834
6835
6837
6839
6840
6841
6842
6845
6846
6848
6852
6853
6857
6858
6860
6863
6868
6872
6875
6876
6881
6885
6886
6887
6888
6890
6893
6894
6899
6900
6904
6905
6906
6909
6910
6913
6914
6915
6919
6920
6922
6924
6926
6927
6933
6934
6936
6939
6941
6944
6946
6948
6949
6954
6955
6956
6965
6966
6967
6968
6969
6970
6971
6972
6974
6975
6976
6978
6980
6985
6986
6990
6992
6995
6996
6999
7000
7001
7002
7003
7005
7011
7012
7013
7015
7020
7021
7024
7026
7029
7030
7031
7033
7036
7039
7043
7045
7046
7048
7051
7053
7055
7057
7059
7060
7061
7065
7068
7069
7071
7074
7075
7076
7077
7084
7085
7086
7090
7091
7093
7094
7096
7097
7098
7099
7102
7103
7107
7108
7109
7111
7112
7115
7116
7121
7123
7124
7125
7127
7130
7132
7133
7134
7135
7136
7139
7140
7141
7142
7144
7149
7150
7152
7153
7155
7158
7159
7160
7163
7164
7165
7167
7168
7171
7173
7175
7176
7177
7178
7179
7180
7181
7182
7187
7191
7192
7194
7195
7197
7199
7202
7203
7204
7205
7206
7207
7208
7210
7215
7216
7217
7218
7220
7222
7228
7229
7230
7231
7233
7234
7235
7237
7238
7240
7243
7244
7245
7246
7249
7251
7253
7254
7258
7259
7260
7263
7264
7267
7268
7269
7271
7272
7273
7274
7275
7276
7279
7280
7281
7282
7284
7285
7288
7291
7292
7295
7296
7298
7302
7303
7306
7307
7308
7311
7312
7314
7317
7320
7323
7326
7327
7328
7329
7335
7336
7337
7339
7342
7344
7345
7348
7349
7351
7352
7354
7356
7357
7361
7366
7367
7369
7370
7371
7372
7374
7375
7376
7379
7380
7381
7382
7383
7384
7385
7386
7387
7388
7389
7390
7391
7393
7398
7401
7402
7404
7405
7406
7408
7409
7410
7412
7413
7414
7416
7417
7419
7420
7422
7423
7424
7426
7427
7431
7438
7453
7466
7471
7473
7484
7487
7490
7498
7502
7507
7518
7521
7525
7530
7535
7541
7548
7553
7554
7568
7570
7573
7586
7592
7593
7595
7599
7618
7634
7637
7644
7655
7661
7668
7686
7689
7690
7704
7706
7710
7712
7717
7719
7731
7740
7747
7755
7796
7800
7807
7811
7814
7816
7850
7862
7869
7870
7874
7879
7892
7893
7894
7895
7916
7927
7932
7936
7938
7939
7952
7984
7986
8000
8008
8009
8011
8016
8020
8025
8030
8037
8061
8094
8102
8109
8110
8111
8112
8114
8115
8116
8117
8118
8119
8121
8122
8124
8125
8126
8127
8128
8129
8130
8131
8132
8133
8134
8137
8138
8139
8140
8141
8142
8143
8144
8147
8148
8149
8152
8153
8154
8155
8156
8157
8159
8161
8162
8163
8164
8166
8169
8170
8173
8174
8175
8176
8180
8186
8187
8189
8190
8191
8195
8196
8197
8199
8200
8201
8202
8203
8205
8206
8207
8209
8210
8211
8212
8213
8214
8216
8217
8219
8220
8221
8227
8229
8230
8231
8233
8235
8236
8237
8238
8239
8240
8242
8243
8244
8245
8246
8248
8249
8251
8252
8253
8255
8258
8259
8261
8264
8265
8266
8267
8270
8271
8272
8273
8274
8277
8279
8281
8286
8288
8289
8290
8291
8294
8296
8297
8298
8300
8301
8303
8305
8307
8308
8309
8311
8314
8316
8317
8320
8321
8323
8326
8327
8331
8332
8333
8334
8339
8340
8346
8347
8351
8355
8357
8359
8361
8362
8366
8367
8368
8370
8371
8373
8379
8380
8381
8382
8383
8384
8385
8386
8389
8390
8392
8393
8394
8395
8399
8400
8401
8402
8404
8405
8407
8412
8413
8414
8415
8416
8417
8422
8423
8424
8425
8427
8428
8429
8431
8435
8437
8438
8439
8441
8445
8447
8449
8450
8453
8454
8455
8456
8460
8466
8468
8472
8473
8478
8479
8480
8481
8483
8484
8489
8492
8494
8495
8496
8498
8499
8500
8501
8502
8503
8504
8507
8509
8510
8514
8515
8516
8517
8521
8522
8525
8528
8529
8530
8531
8533
8537
8539
8540
8541
8542
8543
8546
8547
8549
8550
8551
8555
8557
8558
8561
8562
8567
8574
8576
8577
8580
8581
8582
8584
8590
8591
8592
8594
8595
8597
8602
8603
8604
8606
8609
8610
8614
8616
8617
8628
8635
8637
8639
8642
8645
8647
8648
8649
8652
8656
8660
8661
8662
8663
8665
8675
8677
8678
8680
8681
8684
8685
8689
8691
8693
8696
8707
8710
8714
8715
8717
8719
8720
8722
8723
8725
8728
8731
8739
8742
8744
8749
8752
8753
8754
8755
8757
8758
8760
8761
8762
8765
8766
8767
8771
8777
8784
8786
8787
8790
8791
8795
8797
8798
8800
8801
8803
8805
8806
8809
8811
8814
8815
8817
8819
8821
8822
8826
8829
8830
8831
8833
8836
8844
8847
8854
8855
8858
8859
8864
8870
8873
8874
8878
8879
8880
8883
8884
8889
8890
8892
8894
8899
8902
8904
8905
8906
8908
8914
8915
8916
8917
8918
8920
8922
8923
8927
8928
8931
8934
8938
8940
8942
8943
8947
8948
8952
8955
8959
8961
8963
8964
8967
8969
8983
8985
8988
8990
8991
8996
8998
8999
9002
9005
9007
9013
9015
9017
9018
9021
9027
9033
9036
9038
9048
9049
9051
9052
9053
9054
9055
9057
9061
9065
9068
9070
9072
9073
9075
9079
9082
9087
9090
9093
9094
9101
9104
9106
9107
9110
9118
9119
9121
9126
9128
9137
9143
9145
9148
9150
9153
9154
9156
9157
9162
9165
9169
9175
9178
9181
9182
9190
9193
9196
9199
9203
9213
9214
9215
9221
9223
9229
9232
9233
9245
9249
9250
9256
9257
9268
9270
9272
9279
9282
9286
9293
9294
9296
9299
9312
9313
9314
9320
9322
9325
9327
9330
9333
9334
9335
9336
9342
9344
9350
9352
9362
9363
9367
9374
9378
9381
9383
9394
9395
9399
9403
9406
9408
9412
9425
9433
9440
9444
9451
9452
9454
9469
9473
9474
9479
9480
9481
9482
9483
9490
9491
9495
9516
9522
9530
9535
9536
9538
9540
9544
9545
9550
9557
9566
9574
9580
9589
9591
9593
9594
9597
9598
9599
9600
9602
9604
9605
9611
9613
9619
9626
9631
9635
9640
9642
9646
9653
9667
9669
9672
9678
9679
9686
9688
9689
9694
9695
9702
9703
9704
9707
9713
9722
9726
9730
9732
9745
9748
9753
9756
9757
9759
9769
9770
9773
9774
9779
9780
9784
9785
9789
9795
9804
9805
9810
9811
9813
9815
9816
9819
9821
9822
9823
9824
9828
9829
9833
9835
9836
9838
9839
9843
9846
9848
9851
9855
9857
9858
9860
9861
9863
9866
9867
9870
9871
9873
9878
9879
9883
9885
9887
9889
9890
9891
9893
9903
9904
9905
9911
9914
9915
9916
9917
9918
9921
9922
9923
9927
9928
9930
9932
9933
9934
9938
9940
9941
9942
9943
9944
9945
9946
9947
9948
9949
9950
9951
9952
9953
9954
9955
9956
9957
9958
9960
9961
9962
9963
9964
9965
9966
9968
9969
9970
9971
9972
9973
9974
9975
9976
9977
9978
9979
9980
9981
9982
9983
9984
9985
9986
9987
9988
9989
9990
9992
9993
9994
9996
9997
9998
9999
10000
10001
10002
10003
10004
10005
10007
10009
10010
10011
10012
10013
10014
10017
10019
10020
10023
10024
10025
10026
10027
10028
10029
10030
10032
10033
10034
10035
10036
10038
10040
10041
10042
10043
10044
10045
10047
10048
10049
10050
10051
10052
10054
10055
10056
10057
10058
10059
10060
10061
10062
10063
10064
10067
10069
10070
10071
10073
10076
10078
10079
10080
10081
10082
10083
10086
10088
10089
10091
10092
10093
10096
10097
10098
10100
10102
10104
10105
10106
10107
10108
10110
10113
10114
10117
10118
10119
10120
10122
10124
10125
10126
10128
10129
10131
10132
10135
10138
10139
10140
10141
10143
10144
10145
10146
10147
10148
10149
10150
10151
10152
10153
10154
10156
10157
10158
10159
10161
10162
10164
10165
10168
10170
10172
10174
10175
10176
10177
10179
10180
10181
10183
10184
10186
10188
10189
10190
10191
10192
10193
10194
10195
10196
10197
10198
10201
10202
10204
10205
10212
10214
10216
10220
10221
10222
10223
10227
10228
10231
10238
10241
10242
10244
10246
10249
10250
10253
10254
10257
10258
10261
10262
10263
10264
10265
10270
10271
10272
10274
10276
10277
10278
10280
10283
10287
10290
10291
10295
10298
10299
10301
10302
10306
10307
10310
10311
10312
10313
10314
10316
10318
10319
10320
10324
10325
10326
10330
10331
10332
10334
10335
10338
10339
10340
10342
10343
10345
10346
10347
10348
10351
10353
10356
10358
10361
10367
10369
10370
10371
10372
10373
10374
10377
10379
10385
10387
10390
10392
10394
10395
10396
10398
10399
10402
10406
10408
10411
10412
10414
10415
10418
10420
10421
10424
10426
10427
10428
10431
10434
10436
10438
10439
10444
10445
10446
10447
10450
10451
10453
10458
10461
10463
10464
10465
10466
10467
10468
10470
10473
10474
10475
10476
10478
10482
10488
10489
10490
10491
10493
10496
10497
10504
10506
10512
10514
10515
10516
10517
10527
10534
10536
10539
10542
10543
10546
10548
10551
10555
10556
10558
10559
10560
10562
10567
10573
10576
10577
10582
10583
10586
10589
10590
10591
10592
10593
10595
10596
10599
10600
10602
10607
10608
10610
10624
10626
10629
10630
10632
10634
10636
10639
10643
10646
10647
10648
10650
10653
10656
10660
10662
10664
10668
10669
10670
10676
10680
10681
10682
10684
10685
10686
10687
10688
10689
10690
10692
10694
10696
10697
10699
10703
10704
10705
10706
10708
10710
10711
10712
10713
10715
10716
10717
10718
10719
10721
10727
10728
10729
10734
10735
10743
10744
10745
10746
10747
10750
10752
10757
10760
10762
10767
10768
10769
10771
10774
10777
10779
10783
10785
10788
10789
10798
10800
10804
10808
10809
10810
10811
10812
10816
10817
10820
10824
10826
10829
10833
10834
10839
10841
10842
10844
10845
10846
10847
10849
10850
10853
10854
10858
10859
10860
10861
10863
10864
10870
10874
10876
10878
10884
10885
10887
10888
10890
10891
10893
10894
10895
10901
10902
10909
10912
10913
10914
10915
10916
10918
10920
10922
10924
10925
10929
10930
10931
10932
10934
10935
10937
10938
10940
10942
10943
10945
10947
10948
10949
10951
10958
10959
10960
10962
10963
10964
10965
10967
10968
10970
10972
10973
10976
10978
10983
10985
10987
10989
10990
10992
10993
10996
10997
10998
11001
11002
11006
11009
11010
11013
11017
11024
11025
11028
11030
11031
11032
11034
11036
11037
11038
11040
11041
11044
11045
11046
11047
11050
11051
11052
11053
11054
11056
11057
11062
11065
11068
11070
11071
11075
11078
11081
11085
11086
11089
11093
11094
11095
11096
11097
11100
11101
11102
11104
11105
11107
11110
11112
11116
11119
11120
11121
11122
11123
11124
11126
11127
11131
11133
11136
11137
11139
11140
11141
11161
11179
11183
11184
11188
11200
11210
11217
11224
11226
11229
11232
11233
11237
11238
11241
11252
11254
11261
11262
11264
11265
11267
11268
11272
11279
11280
11282
11283
11286
11287
11289
11294
11299
11300
11301
11303
11304
11305
11312
11315
11327
11332
11335
11339
11340
11348
11349
11350
11358
11359
11361
11373
11382
11387
11392
11394
11399
11404
11406
11414
11428
11433
11435
11438
11457
11461
11469
11472
11485
11488
11521
11522
11528
11529
11530
11540
11549
11552
11554
11557
11560
11569
11571
11573
11586
11592
11596
11600
11601
11604
11607
11608
11611
11630
11641
11647
11648
11653
11663
11664
11665
11666
11677
11680
11681
11692
11693
11697
11698
11704
11711
11713
11725
11730
11739
11762
11765
11771
11775
11784
11787
11791
11796
11800
11803
11808
11810
11813
11816
11817
11818
11820
11821
11823
11824
11826
11827
11828
11829
11831
11832
11833
11834
11835
11836
11837
11838
11839
11840
11841
11842
11843
11844
11845
11846
11847
11849
11850
11851
11852
11853
11854
11855
11856
11857
11858
11859
11860
11862
11863
11864
11866
11867
11868
11869
11870
11871
11872
11874
11875
11876
11877
11880
11881
11883
11884
11889
11890
11892
11893
11897
11898
11899
11900
11901
11904
11906
11907
11909
11910
11912
11913
11914
11915
11916
11917
11920
11921
11922
11923
11924
11925
11926
11929
11930
11932
11933
11934
11935
11938
11939
11940
11941
11943
11947
11948
11949
11950
11951
11952
11954
11956
11957
11958
11959
11960
11961
11963
11964
11966
11969
11970
11972
11973
11974
11975
11977
11978
11979
11980
11982
11986
11987
11989
11992
11995
12000
12001
12004
12005
12007
12008
12010
12015
12022
12024
12025
12027
12030
12031
12034
12036
12039
12040
12041
12043
12046
12048
12053
12054
12056
12061
12064
12065
12069
12073
12075
12076
12077
12080
12082
12086
12087
12097
12098
12099
12100
12101
12103
12104
12107
12108
12109
12112
12114
12116
12119
12120
12121
12122
12123
12125
12127
12129
12130
12131
12133
12136
12137
12138
12142
12144
12145
12149
12151
12152
12153
12156
12158
12159
12161
12165
12166
12168
12174
12180
12183
12184
12186
12187
12192
12195
12196
12198
12201
12203
12204
12205
12207
12208
12215
12217
12220
12221
12222
12223
12225
12227
12228
12229
12230
12231
12233
12235
12236
12237
12239
12240
12241
12243
12244
12247
12251
12252
12253
12255
12256
12258
12259
12263
12264
12265
12267
12273
12275
12281
12284
12285
12287
12292
12293
12294
12299
12304
12305
12306
12308
12311
12314
12316
12319
12321
12322
12324
12325
12333
12334
12336
12338
12341
12345
12349
12352
12355
12358
12359
12361
12362
12363
12365
12366
12376
12378
12379
12381
12386
12389
12390
12392
12394
12395
12396
12399
12400
12403
12404
12407
12408
12412
12413
12415
12419
12421
12424
12426
12431
12436
12437
12438
12440
12442
12446
12450
12453
12458
12459
12460
12461
12462
12463
12464
12467
12468
12469
12470
12471
12473
12476
12477
12478
12480
12482
12485
12490
12491
12498
12499
12500
12506
12508
12510
12511
12512
12516
12517
12518
12521
12522
12524
12525
12528
12529
12532
12533
12538
12539
12540
12545
12546
12548
12551
12552
12558
12562
12566
12567
12568
12569
12576
12578
12579
12581
12583
12587
12590
12593
12594
12599
12600
12603
12604
12607
12608
12614
12620
12621
12622
12628
12629
12630
12632
12636
12641
12642
12643
12644
12646
12648
12651
12652
12654
12662
12666
12667
12671
12672
12673
12675
12680
12682
12683
12692
12694
12698
12701
12702
12704
12706
12709
12710
12711
12714
12716
12718
12719
12721
12725
12732
12734
12737
12738
12741
12745
12752
12755
12757
12758
12759
12762
12764
12765
12766
12767
12770
12771
12773
12783
12786
12790
12792
12793
12798
12801
12804
12806
12807
12815
12821
12824
12829
12832
12834
12836
12842
12843
12847
12851
12852
12855
12861
12864
12865
12868
12869
12873
12874
12876
12878
12879
12882
12886
12887
12888
12889
12895
12900
12906
12907
12910
12911
12915
12918
12924
12930
12938
12939
12947
12949
12953
12954
12960
12963
12966
12968
12986
12990
12996
12997
12998
13000
13005
13008
13009
13020
13022
13024
13026
13029
13032
13049
13052
13058
13060
13075
13076
13082
13086
13090
13092
13094
13097
13098
13099
13103
13106
13108
13109
13111
13112
13114
13120
13126
13139
13148
13151
13154
13158
13159
13163
13165
13166
13167
13170
13171
13173
13174
13177
13180
13181
13182
13183
13187
13188
13189
13192
13195
13196
13202
13203
13205
13208
13220
13221
13223
13225
13229
13230
13239
13243
13246
13250
13258
13267
13269
13283
13286
13294
13310
13311
13314
13315
13316
13317
13323
13327
13335
13343
13350
13352
13360
13364
13365
13367
13372
13381
13390
13394
13400
13405
13406
13415
13423
13426
13427
13428
13431
13432
13440
13444
13445
13448
13449
13453
13456
13462
13468
13469
13470
13471
13483
13488
13493
13494
13497
13498
13499
13501
13503
13504
13511
13513
13515
13516
13517
13520
13521
13524
13526
13527
13529
13530
13531
13535
13539
13540
13545
13547
13549
13552
13553
13556
13557
13571
13572
13574
13577
13580
13583
13585
13586
13591
13593
13596
13597
13598
13599
13611
13617
13618
13619
13622
13623
13625
13629
13630
13632
13634
13635
13636
13637
13640
13641
13642
13643
13646
13647
13648
13651
13652
13653
13654
13655
13656
13657
13660
13661
13662
13663
13664
13666
13667
13668
13670
13671
13672
13675
13678
13679
13680
13682
13683
13684
13686
13688
13689
13690
13691
13693
13694
13695
13696
13700
13701
13702
13703
13704
13705
13707
13708
13709
13710
13711
13712
13713
13715
13716
13717
13718
13719
13720
13722
13723
13724
13725
13727
13728
13729
13730
13733
13734
13738
13739
13740
13741
13742
13743
13744
13745
13746
13747
13748
13749
13750
13751
13752
13754
13755
13756
13757
13758
13759
13760
13761
13762
13763
13766
13768
13769
13770
13773
13775
13777
13778
13779
13780
13781
13782
13783
13784
13785
13786
13787
13788
13789
13793
13794
13795
13796
13797
13798
13799
13800
13801
13802
13805
13807
13808
13810
13811
13812
13814
13817
13818
13819
13820
13821
13823
13824
13825
13826
13827
13831
13832
13833
13834
13835
13836
13838
13839
13840
13841
13842
13843
13844
13845
13846
13848
13850
13851
13852
13853
13854
13858
13861
13862
13863
13864
13865
13866
13867
13868
13869
13870
13871
13873
13874
13875
13876
13877
13878
13879
13880
13881
13882
13884
13885
13886
13889
13893
13896
13897
13898
13900
13901
13902
13904
13906
13907
13909
13911
13914
13915
13917
13918
13921
13926
13928
13932
13934
13937
13939
13942
13946
13949
13951
13954
13957
13959
13963
13964
13966
13967
13968
13969
13970
13971
13972
13973
13975
13976
13978
13979
13981
13983
13984
13986
13987
13988
13990
13991
13992
13994
13997
13999
14001
14003
14004
14005
14008
14010
14011
14012
14013
14014
14015
14016
14019
14020
14023
14024
14025
14026
14027
14028
14029
14030
14032
14037
14039
14040
14042
14046
14048
14049
14050
14053
14054
14056
14057
14059
14060
14061
14062
14065
14067
14068
14069
14070
14071
14076
14078
14079
14080
14081
14083
14084
14085
14086
14087
14089
14091
14093
14094
14096
14099
14100
14101
14103
14104
14108
14113
14116
14117
14121
14122
14123
14124
14125
14126
14128
14129
14131
14132
14134
14135
14138
14140
14143
14145
14146
14148
14150
14153
14156
14158
14161
14162
14164
14165
14167
14168
14170
14171
14175
14177
14178
14179
14180
14182
14184
14187
14188
14189
14190
14191
14192
14194
14196
14197
14203
14205
14206
14207
14210
14213
14217
14221
14224
14225
14227
14228
14230
14233
14236
14237
14241
14242
14243
14244
14246
14248
14249
14250
14253
14256
14258
14259
14262
14263
14264
14265
14267
14268
14269
14270
14271
14276
14280
14282
14291
14292
14294
14296
14297
14298
14299
14300
14304
14305
14309
14311
14314
14315
14316
14319
14323
14327
14328
14334
14337
14338
14339
14342
14346
14347
14349
14350
14352
14354
14355
14359
14361
14363
14365
14366
14367
14369
14371
14374
14376
14381
14383
14385
14386
14388
14390
14391
14394
14395
14398
14399
14403
14409
14410
14413
14418
14420
14422
14424
14426
14428
14429
14430
14432
14439
14441
14442
14443
14446
14450
14454
14456
14457
14458
14459
14460
14467
14468
14470
14471
14475
14476
14479
14480
14483
14485
14488
14491
14492
14493
14496
14498
14500
14501
14503
14504
14505
14506
14507
14512
14513
14515
14517
14520
14521
14522
14525
14526
14527
14530
14531
14532
14537
14538
14539
14540
14545
14548
14552
14553
14555
14556
14558
14560
14562
14563
14564
14566
14567
14568
14569
14570
14572
14574
14577
14578
14579
14580
14581
14584
14586
14588
14592
14598
14599
14602
14603
14604
14605
14607
14608
14609
14614
14615
14619
14623
14625
14626
14628
14629
14630
14632
14635
14639
14643
14644
14645
14646
14648
14649
14650
14652
14653
14656
14657
14658
14659
14660
14661
14663
14665
14666
14668
14671
14672
14673
14674
14677
14681
14685
14686
14687
14688
14691
14695
14697
14698
14699
14700
14701
14702
14703
14708
14710
14711
14712
14713
14716
14717
14720
14722
14723
14725
14727
14731
14732
14734
14740
14741
14742
14743
14744
14745
14746
14748
14749
14750
14756
14758
14759
14760
14761
14762
14765
14767
14768
14771
14773
14774
14776
14778
14779
14782
14784
14785
14786
14787
14789
14792
14793
14794
14797
14799
14800
14802
14804
14807
14808
14809
14810
14811
14814
14815
14816
14817
14819
14820
14821
14824
14826
14829
14830
14833
14836
14837
14839
14840
14841
14842
14844
14845
14847
14849
14850
14851
14853
14859
14875
14884
14886
14892
14896
14913
14915
14923
14925
14931
14946
14947
14953
14968
14970
14971
14972
14981
14982
14988
14993
14998
15001
15002
15013
15014
15018
15021
15028
15041
15062
15069
15070
15076
15116
15117
15118
15120
15140
15175
15192
15194
15230
15239
15254
15266
15270
15285
15289
15290
15299
15307
15310
15312
15317
15322
15324
15344
15351
15355
15356
15365
15375
15385
15398
15428
15430
15434
15439
15454
15464
15472
15489
15491
15492
15500
15531
15537
15539
15540
15541
15542
15543
15544
15545
15546
15547
15548
15549
15550
15551
15552
15553
15555
15556
15557
15558
15559
15561
15562
15563
15565
15566
15567
15568
15569
15570
15572
15574
15576
15577
15578
15579
15580
15581
15582
15583
15584
15585
15586
15587
15588
15590
15591
15592
15593
15594
15595
15597
15598
15602
15603
15604
15610
15612
15613
15615
15617
15618
15621
15622
15623
15625
15626
15628
15629
15630
15631
15634
15635
15636
15637
15639
15640
15641
15644
15645
15648
15649
15651
15652
15653
15655
15656
15657
15658
15659
15661
15663
15666
15668
15669
15672
15673
15674
15675
15679
15680
15682
15684
15686
15688
15689
15691
15692
15694
15697
15698
15700
15701
15702
15704
15705
15706
15710
15711
15714
15718
15719
15722
15726
15728
15729
15731
15735
15736
15737
15740
15742
15743
15744
15746
15747
15751
15753
15754
15757
15762
15765
15775
15776
15777
15779
15780
15781
15787
15788
15790
15791
15792
15794
15795
15796
15798
15800
15801
15802
15804
15807
15808
15811
15813
15814
15819
15821
15822
15824
15825
15830
15833
15834
15835
15836
15838
15839
15841
15843
15845
15846
15847
15851
15852
15854
15856
15858
15863
15864
15865
15866
15867
15868
15869
15870
15873
15874
15875
15882
15883
15885
15886
15888
15890
15892
15893
15895
15898
15901
15906
15907
15909
15911
15912
15917
15922
15923
15926
15928
15929
15931
15933
15934
15935
15939
15942
15943
15944
15946
15949
15950
15953
15954
15957
15958
15964
15965
15967
15968
15969
15970
15972
15978
15980
15981
15983
15987
15991
15995
15998
16002
16006
16008
16012
16015
16018
16019
16020
16024
16025
16026
16029
16030
16034
16035
16036
16038
16042
16044
16045
16047
16048
16053
16055
16056
16057
16058
16060
16061
16063
16072
16073
16075
16076
16077
16078
16079
16083
16086
16090
16092
16093
16099
16102
16106
16108
16109
16110
16113
16116
16117
16119
16121
16124
16129
16132
16133
16135
16138
16139
16142
16145
16147
16148
16150
16151
16153
16154
16156
16159
16163
16167
16168
16169
16176
16179
16180
16181
16182
16183
16186
16187
16188
16189
16190
16194
16195
16201
16205
16207
16208
16209
16210
16213
16217
16226
16228
16229
16231
16232
16236
16238
16239
16242
16243
16251
16252
16254
16262
16265
16270
16272
16279
16280
16281
16282
16292
16295
16304
16309
16314
16317
16322
16327
16328
16332
16334
16336
16338
16341
16342
16343
16344
16345
16346
16348
16351
16355
16356
16357
16358
16362
16363
16366
16368
16371
16372
16376
16380
16383
16389
16390
16397
16400
16411
16412
16413
16416
16417
16418
16419
16423
16425
16426
16433
16437
16439
16440
16445
16446
16449
16461
16464
16469
16471
16473
16474
16475
16476
16479
16482
16483
16491
16493
16496
16497
16498
16501
16502
16514
16515
16529
16532
16535
16536
16538
16539
16542
16547
16551
16556
16565
16566
16571
16572
16576
16579
16582
16583
16584
16587
16588
16591
16593
16598
16609
16617
16618
16621
16622
16623
16624
16626
16643
16647
16650
16651
16653
16660
16665
16669
16673
16674
16680
16682
16684
16685
16688
16691
16695
16697
16698
16710
16714
16717
16722
16739
16740
16743
16745
16746
16747
16748
16753
16761
16762
16768
16772
16774
16784
16789
16793
16795
16800
16805
16806
16817
16819
16822
16823
16827
16828
16829
16830
16833
16834
16848
16853
16854
16856
16868
16872
16882
16885
16887
16889
16894
16903
16909
16912
16920
16934
16937
16940
16941
16944
16952
16953
16954
16964
16968
16969
16972
16982
16984
16986
16989
16990
16995
17002
17006
17013
17018
17022
17024
17025
17026
17028
17031
17039
17041
17042
17053
17057
17064
17071
17074
17079
17085
17089
17092
17093
17095
17103
17104
17111
17120
17121
17122
17132
17135
17138
17141
17146
17151
17153
17154
17158
17176
17183
17185
17187
17190
17193
17195
17197
17201
17204
17206
17207
17210
17212
17213
17217
17231
17236
17237
17238
17244
17245
17247
17250
17251
17253
17255
17264
17271
17272
17276
17278
17280
17283
17284
17285
17286
17288
17290
17292
17294
17298
17299
17300
17306
17310
17311
17313
17315
17317
17318
17319
17321
17323
17326
17329
17333
17335
17336
17337
17340
17342
17343
17344
17345
17346
17347
17349
17350
17351
17352
17354
17356
17359
17361
17362
17365
17366
17367
17368
17369
17370
17371
17372
17374
17376
17377
17379
17380
17381
17382
17384
17385
17386
17387
17388
17390
17392
17393
17394
17396
17397
17398
17400
17402
17403
17405
17406
17408
17409
17410
17412
17413
17414
17415
17417
17418
17421
17422
17424
17425
17426
17427
17429
17430
17431
17432
17433
17435
17437
17438
17439
17440
17441
17442
17444
17445
17446
17447
17450
17451
17452
17453
17454
17457
17458
17460
17461
17462
17463
17464
17465
17466
17467
17468
17470
17473
17475
17476
17477
17478
17479
17480
17482
17483
17484
17485
17487
17488
17489
17490
17491
17492
17495
17497
17498
17499
17500
17502
17503
17504
17505
17506
17507
17508
17509
17511
17512
17514
17515
17516
17517
17519
17520
17522
17523
17524
17525
17526
17528
17530
17532
17533
17534
17535
17536
17537
17538
17539
17541
17545
17546
17547
17548
17549
17550
17552
17553
17554
17555
17556
17557
17558
17560
17561
17562
17566
17568
17572
17573
17574
17575
17576
17577
17579
17580
17582
17583
17584
17585
17586
17588
17591
17592
17593
17594
17597
17598
17599
17600
17601
17603
17604
17605
17607
17609
17612
17613
17614
17615
17616
17622
17624
17625
17629
17630
17631
17633
17635
17636
17638
17639
17640
17642
17644
17645
17648
17649
17651
17653
17654
17655
17656
17658
17661
17662
17665
17666
17667
17668
17669
17671
17672
17674
17675
17677
17678
17679
17680
17681
17682
17684
17685
17686
17689
17690
17692
17693
17694
17696
17697
17698
17699
17700
17702
17704
17705
17706
17707
17708
17710
17711
17713
17714
17717
17721
17723
17724
17726
17730
17734
17737
17739
17746
17751
17753
17754
17757
17758
17760
17762
17763
17765
17766
17767
17770
17771
17772
17773
17774
17775
17776
17777
17783
17784
17786
17789
17790
17791
17793
17798
17799
17802
17803
17805
17810
17813
17815
17819
17820
17825
17826
17829
17830
17831
17833
17834
17836
17837
17838
17840
17842
17845
17846
17847
17848
17852
17854
17855
17857
17859
17860
17862
17864
17866
17867
17870
17873
17875
17878
17881
17888
17889
17892
17893
17894
17896
17898
17903
17904
17905
17908
17909
17910
17911
17912
17914
17915
17916
17917
17919
17923
17925
17926
17931
17932
17934
17936
17938
17941
17943
17947
17948
17950
17951
17953
17955
17956
17958
17960
17963
17964
17967
17971
17975
17977
17982
17983
17984
17987
17990
17994
17995
18005
18006
18010
18011
18012
18014
18015
18018
18020
18025
18027
18029
18030
18033
18034
18035
18036
18038
18043
18044
18046
18047
18049
18051
18052
18053
18064
18067
18071
18075
18077
18078
18086
18088
18091
18092
18094
18095
18096
18100
18101
18104
18105
18106
18108
18109
18110
18111
18112
18113
18114
18116
18117
18118
18120
18121
18122
18125
18127
18130
18131
18132
18133
18134
18135
18138
18142
18143
18144
18146
18147
18150
18151
18152
18153
18155
18157
18158
18161
18163
18166
18168
18174
18181
18185
18188
18190
18193
18194
18199
18202
18203
18205
18206
18207
18212
18213
18214
18215
18216
18217
18218
18219
18220
18221
18227
18235
18236
18240
18241
18243
18244
18245
18246
18248
18252
18253
18254
18255
18256
18262
18263
18269
18270
18272
18273
18275
18277
18278
18281
18283
18284
18285
18286
18287
18289
18292
18293
18295
18302
18306
18313
18315
18316
18317
18319
18320
18321
18323
18328
18329
18331
18332
18333
18337
18338
18339
18341
18343
18344
18346
18347
18348
18349
18350
18351
18352
18353
18354
18357
18358
18359
18362
18365
18366
18370
18371
18373
18375
18376
18377
18379
18380
18385
18386
18387
18388
18390
18391
18392
18395
18396
18399
18400
18401
18404
18405
18406
18407
18409
18410
18411
18412
18413
18414
18415
18417
18418
18420
18422
18424
18425
18426
18430
18436
18437
18438
18440
18441
18444
18446
18448
18449
18451
18456
18458
18459
18460
18466
18470
18474
18475
18477
18478
18479
18482
18484
18485
18486
18487
18490
18491
18493
18495
18496
18497
18498
18499
18500
18501
18503
18504
18505
18506
18509
18510
18512
18513
18514
18516
18518
18521
18522
18525
18526
18527
18528
18529
18530
18531
18532
18533
18534
18535
18536
18538
18540
18541
18542
18544
18546
18547
18548
18549
18550
18551
18552
18554
18555
18559
18562
18563
18564
18565
18568
18569
18570
18572
18573
18575
18577
18579
18587
18590
18596
18597
18599
18600
18605
18611
18613
18614
18616
18620
18624
18657
18660
18661
18666
18674
18681
18686
18696
18703
18705
18707
18713
18714
18715
18717
18727
18728
18731
18732
18738
18740
18742
18749
18753
18755
18759
18760
18776
18784
18792
18797
18799
18801
18808
18812
18827
18829
18834
18845
18851
18856
18859
18861
18877
18885
18891
18895
18907
18909
18910
18921
18923
18925
18927
18929
18942
18944
18953
18956
18958
18972
18984
18988
19005
19007
19013
19022
19028
19035
19036
19038
19039
19048
19050
19054
19058
19061
19063
19068
19078
19079
19089
19091
19096
19099
19103
19105
19109
19112
19116
19119
19126
19143
19147
19174
19187
19199
19202
19210
19223
19229
19230
19239
19240
19245
19246
19247
19248
19250
19251
19253
19254
19256
19257
19258
19259
19260
19261
19262
19263
19264
19265
19266
19267
19268
19269
19270
19271
19272
19274
19275
19276
19277
19280
19281
19282
19283
19284
19285
19286
19288
19289
19290
19291
19292
19294
19296
19297
19298
19299
19300
19301
19302
19303
19305
19307
19308
19309
19310
19311
19312
19314
19315
19316
19319
19320
19323
19328
19329
19330
19332
19333
19335
19336
19337
19339
19340
19343
19346
19347
19348
19349
19350
19352
19354
19355
19357
19358
19359
19360
19361
19362
19365
19366
19368
19369
19371
19375
19376
19377
19379
19381
19382
19384
19385
19388
19389
19390
19391
19392
19394
19401
19402
19403
19406
19407
19411
19414
19415
19416
19420
19421
19422
19424
19428
19432
19433
19434
19435
19436
19438
19443
19445
19447
19448
19449
19452
19453
19454
19458
19460
19462
19465
19466
19467
19469
19470
19471
19474
19479
19482
19485
19486
19489
19490
19493
19495
19497
19498
19500
19501
19502
19503
19504
19508
19510
19512
19515
19521
19524
19526
19528
19529
19531
19532
19534
19535
19536
19541
19543
19544
19547
19549
19553
19554
19555
19556
19557
19558
19559
19560
19561
19562
19564
19565
19566
19567
19569
19570
19571
19572
19576
19577
19578
19579
19580
19587
19588
19589
19591
19594
19596
19598
19600
19604
19608
19609
19610
19614
19615
19616
19619
19620
19622
19623
19624
19625
19626
19630
19631
19632
19633
19635
19636
19638
19639
19641
19642
19643
19646
19648
19649
19651
19652
19653
19655
19656
19658
19661
19664
19667
19668
19670
19671
19672
19673
19675
19677
19678
19681
19682
19683
19684
19686
19691
19692
19693
19697
19698
19701
19702
19704
19705
19709
19710
19713
19715
19716
19719
19722
19724
19725
19726
19727
19730
19732
19734
19735
19736
19738
19739
19743
19744
19746
19748
19750
19752
19753
19754
19755
19756
19760
19761
19762
19764
19766
19767
19770
19776
19777
19779
19785
19786
19787
19788
19789
19790
19791
19793
19794
19796
19797
19800
19804
19805
19806
19807
19814
19815
19818
19819
19822
19827
19828
19830
19831
19832
19835
19836
19839
19840
19842
19843
19846
19851
19856
19858
19859
19861
19865
19868
19869
19870
19871
19872
19875
19878
19880
19881
19882
19883
19888
19889
19891
19893
19896
19897
19899
19900
19901
19904
19906
19907
19908
19909
19912
19913
19918
19919
19920
19922
19923
19927
19928
19929
19930
19931
19934
19936
19938
19942
19945
19946
19947
19949
19956
19957
19958
19960
19961
19962
19966
19968
19973
19979
19980
19981
19986
19989
19990
19995
19997
20001
20004
20006
20007
20009
20011
20015
20016
20020
20028
20034
20035
20037
20046
20048
20049
20050
20051
20057
20058
20062
20065
20070
20073
20074
20075
20082
20083
20086
20087
20090
20094
20096
20097
20099
20103
20105
20106
20108
20110
20111
20112
20113
20114
20126
20130
20131
20132
20133
20134
20137
20139
20141
20142
20144
20145
20147
20149
20150
20153
20157
20160
20162
20163
20166
20168
20169
20172
20173
20176
20177
20179
20183
20185
20190
20191
20192
20194
20196
20199
20200
20204
20205
20207
20208
20209
20210
20216
20218
20222
20232
20233
20234
20235
20236
20237
20242
20243
20250
20252
20253
20254
20256
20257
20260
20263
20267
20268
20270
20275
20279
20281
20282
20285
20286
20287
20289
20290
20293
20299
20300
20301
20302
20317
20319
20329
20335
20336
20337
20338
20339
20344
20346
20352
20355
20356
20362
20365
20368
20374
20375
20377
20379
20382
20383
20392
20396
20401
20403
20409
20411
20412
20414
20416
20431
20433
20438
20447
20448
20452
20457
20461
20464
20467
20471
20478
20485
20488
20492
20493
20504
20506
20507
20509
20516
20517
20518
20519
20526
20527
20531
20532
20536
20537
20539
20541
20544
20548
20550
20551
20553
20554
20565
20571
20578
20582
20586
20588
20589
20591
20593
20595
20596
20598
20599
20601
20608
20613
20616
20617
20620
20622
20625
20630
20633
20634
20637
20638
20643
20644
20653
20657
20658
20667
20671
20672
20673
20678
20679
20680
20682
20683
20688
20691
20695
20697
20707
20708
20714
20715
20717
20719
20723
20724
20728
20733
20735
20736
20738
20739
20745
20751
20753
20755
20767
20771
20772
20776
20777
20778
20782
20786
20790
20795
20796
20798
20799
20804
20811
20814
20817
20834
20845
20846
20852
20860
20861
20862
20865
20870
20872
20874
20876
20877
20878
20881
20888
20889
20901
20911
20913
20916
20917
20920
20921
20922
20924
20925
20926
20927
20928
20929
20931
20932
20942
20944
20946
20947
20951
20952
20953
20954
20955
20957
20958
20961
20962
20967
20968
20969
20971
20973
20977
20978
20980
20984
20985
20988
20990
20991
20992
20994
20995
20998
20999
21000
21002
21003
21008
21012
21013
21014
21019
21020
21021
21025
21027
21031
21040
21042
21044
21047
21050
21056
21057
21058
21059
21060
21061
21062
21063
21064
21065
21068
21069
21071
21072
21073
21074
21075
21076
21079
21080
21082
21083
21084
21085
21086
21087
21088
21090
21091
21092
21094
21095
21096
21098
21099
21100
21102
21103
21105
21106
21108
21109
21110
21112
21113
21115
21116
21117
21118
21119
21120
21122
21123
21124
21125
21126
21128
21129
21130
21131
21132
21133
21135
21136
21137
21139
21141
21143
21144
21145
21146
21147
21148
21149
21150
21151
21152
21154
21155
21156
21158
21160
21161
21162
21165
21166
21167
21168
21169
21171
21172
21174
21176
21177
21178
21179
21180
21181
21182
21183
21184
21185
21186
21187
21188
21189
21190
21191
21193
21194
21196
21197
21198
21199
21200
21201
21203
21204
21205
21206
21208
21209
21211
21212
21213
21214
21215
21218
21219
21220
21221
21223
21224
21225
21226
21227
21228
21229
21230
21233
21234
21237
21238
21240
21245
21246
21247
21248
21249
21250
21251
21252
21254
21255
21256
21257
21260
21261
21263
21266
21267
21268
21269
21270
21271
21273
21274
21275
21276
21277
21278
21280
21281
21282
21285
21286
21287
21288
21289
21290
21291
21292
21293
21294
21295
21298
21299
21301
21302
21303
21304
21305
21307
21308
21310
21312
21313
21314
21315
21316
21317
21319
21321
21323
21325
21329
21330
21332
21333
21334
21335
21338
21339
21340
21341
21343
21344
21345
21346
21354
21356
21359
21360
21362
21365
21367
21369
21370
21376
21378
21379
21381
21382
21383
21385
21386
21391
21392
21393
21395
21396
21399
21400
21401
21403
21407
21411
21412
21413
21414
21419
21420
21422
21425
21426
21427
21428
21429
21432
21435
21436
21437
21438
21440
21441
21442
21444
21446
21449
21453
21454
21457
21460
21461
21463
21465
21467
21468
21470
21471
21472
21473
21474
21476
21477
21478
21479
21481
21482
21483
21484
21485
21487
21488
21489
21490
21493
21496
21497
21498
21499
21502
21503
21508
21509
21510
21511
21512
21513
21514
21516
21518
21519
21521
21523
21528
21529
21530
21531
21532
21536
21538
21539
21543
21544
21545
21546
21548
21549
21550
21551
21553
21554
21556
21557
21558
21560
21562
21563
21565
21566
21568
21569
21570
21571
21572
21573
21574
21577
21578
21581
21584
21585
21586
21588
21589
21590
21592
21593
21595
21597
21603
21605
21607
21608
21610
21612
21614
21615
21616
21618
21620
21624
21627
21630
21631
21633
21635
21637
21638
21639
21643
21644
21646
21648
21653
21655
21656
21658
21659
21660
21663
21665
21669
21672
21678
21680
21681
21688
21689
21690
21692
21693
21694
21695
21696
21697
21702
21704
21708
21709
21710
21718
21719
21720
21721
21724
21725
21732
21737
21741
21743
21744
21745
21749
21752
21754
21755
21759
21760
21765
21767
21769
21770
21774
21775
21778
21783
21785
21786
21788
21789
21790
21792
21793
21795
21798
21802
21804
21805
21809
21810
21816
21818
21822
21825
21826
21827
21828
21829
21831
21832
21836
21837
21841
21845
21847
21848
21849
21852
21855
21856
21858
21859
21861
21867
21869
21870
21871
21872
21875
21876
21877
21878
21886
21887
21891
21893
21894
21895
21896
21898
21899
21900
21904
21907
21908
21909
21910
21912
21913
21914
21915
21916
21917
21919
21920
21921
21922
21927
21929
21931
21932
21933
21935
21936
21939
21940
21941
21942
21943
21944
21945
21948
21949
21954
21955
21957
21958
21959
21960
21962
21963
21967
21968
21969
21970
21972
21975
21976
21977
21982
21983
21984
21986
21987
21988
21991
21992
21993
21995
21996
21997
21998
21999
22000
22002
22003
22004
22006
22007
22009
22015
22016
22018
22020
22023
22024
22027
22029
22030
22032
22036
22037
22042
22043
22047
22049
22051
22052
22053
22055
22056
22057
22058
22061
22063
22064
22067
22071
22072
22073
22075
22078
22079
22080
22082
22084
22085
22087
22088
22089
22090
22091
22094
22096
22099
22100
22101
22104
22105
22107
22109
22110
22113
22114
22117
22118
22123
22125
22126
22127
22128
22129
22130
22131
22132
22134
22136
22137
22139
22140
22141
22142
22144
22146
22148
22149
22153
22157
22158
22159
22161
22162
22163
22170
22171
22172
22174
22175
22177
22183
22184
22187
22188
22191
22192
22193
22196
22197
22199
22201
22202
22207
22210
22211
22212
22213
22222
22225
22226
22227
22228
22230
22231
22232
22236
22239
22241
22242
22243
22244
22245
22246
22247
22252
22254
22255
22258
22264
22266
22268
22269
22270
22271
22272
22273
22274
22276
22277
22278
22281
22283
22285
22304
22312
22318
22322
22328
22338
22346
22348
22350
22362
22363
22374
22379
22386
22397
22398
22399
22408
22409
22410
22419
22427
22428
22430
22445
22449
22452
22456
22467
22469
22474
22475
22490
22500
22504
22524
22564
22580
22588
22596
22603
22606
22610
22616
22622
22624
22678
22685
22686
22692
22694
22702
22708
22709
22718
22728
22742
22765
22768
22769
22772
22775
22783
22794
22803
22807
22819
22829
22857
22867
22869
22883
22900
22913
22917
22926
22960
22963
22965
22967
22968
22971
22972
22973
22975
22977
22978
22979
22980
22982
22983
22984
22986
22988
22989
22990
22992
22993
22994
22995
22996
22997
22998
23000
23002
23003
23004
23007
23008
23009
23010
23011
23012
23014
23015
23017
23018
23020
23021
23022
23024
23026
23028
23029
23030
23031
23032
23034
23040
23041
23042
23043
23044
23046
23047
23048
23049
23050
23053
23054
23056
23057
23063
23064
23066
23067
23071
23072
23074
23075
23076
23080
23082
23083
23084
23086
23088
23089
23091
23093
23095
23096
23098
23099
23100
23102
23108
23114
23115
23117
23119
23120
23121
23122
23124
23128
23129
23130
23131
23132
23133
23134
23136
23137
23138
23142
23145
23146
23147
23148
23151
23152
23155
23157
23158
23159
23163
23164
23165
23172
23176
23178
23179
23181
23182
23183
23185
23190
23192
23193
23197
23199
23202
23203
23205
23206
23207
23208
23212
23213
23214
23215
23222
23223
23224
23226
23227
23228
23229
23231
23233
23237
23239
23240
23242
23246
23247
23249
23250
23252
23253
23254
23258
23261
23263
23266
23269
23271
23272
23273
23274
23275
23278
23280
23283
23285
23286
23290
23293
23294
23295
23303
23304
23310
23311
23312
23313
23314
23316
23318
23322
23327
23328
23330
23332
23334
23335
23336
23338
23339
23340
23345
23346
23347
23348
23350
23351
23352
23355
23357
23359
23362
23363
23366
23367
23368
23369
23371
23372
23375
23377
23380
23385
23386
23388
23391
23392
23393
23395
23396
23397
23398
23400
23404
23405
23407
23408
23409
23412
23415
23418
23419
23421
23422
23423
23427
23428
23430
23434
23436
23437
23440
23441
23442
23443
23446
23447
23448
23450
23456
23458
23460
23461
23462
23466
23469
23474
23477
23483
23487
23492
23494
23495
23496
23498
23500
23505
23507
23509
23511
23512
23519
23520
23521
23525
23527
23531
23536
23537
23538
23541
23542
23543
23544
23545
23546
23550
23552
23554
23557
23560
23561
23563
23564
23565
23567
23573
23574
23576
23579
23580
23584
23587
23591
23594
23595
23597
23598
23608
23609
23610
23611
23614
23618
23620
23622
23623
23628
23629
23631
23632
23633
23638
23640
23641
23642
23643
23647
23650
23652
23653
23654
23656
23657
23658
23659
23663
23665
23667
23670
23671
23675
23680
23682
23684
23685
23686
23687
23690
23698
23700
23709
23711
23713
23714
23715
23719
23724
23725
23726
23730
23732
23734
23735
23739
23740
23741
23742
23745
23749
23750
23752
23753
23756
23762
23763
23764
23766
23769
23771
23772
23774
23775
23776
23778
23784
23785
23790
23791
23794
23798
23800
23804
23811
23813
23816
23818
23819
23820
23821
23823
23825
23831
23834
23844
23846
23847
23848
23853
23856
23859
23861
23863
23864
23867
23869
23870
23871
23873
23874
23876
23877
23878
23880
23887
23894
23895
23899
23901
23904
23911
23913
23916
23921
23922
23924
23925
23928
23931
23933
23943
23944
23946
23948
23957
23959
23960
23965
23966
23969
23971
23979
23982
23993
23994
23995
24000
24006
24007
24012
24014
24016
24019
24023
24025
24029
24034
24035
24037
24040
24043
24046
24049
24050
24051
24052
24054
24057
24064
24067
24069
24071
24074
24075
24078
24080
24081
24091
24097
24105
24108
24111
24114
24123
24126
24129
24137
24139
24146
24150
24152
24155
24165
24169
24173
24174
24175
24179
24188
24190
24196
24200
24206
24208
24213
24217
24218
24221
24228
24232
24234
24236
24239
24240
24241
24250
24251
24255
24256
24259
24262
24264
24270
24275
24281
24283
24284
24288
24293
24294
24296
24298
24303
24305
24309
24312
24317
24328
24330
24332
24338
24355
24357
24363
24369
24372
24380
24381
24382
24385
24396
24397
24409
24421
24430
24437
24438
24440
24447
24452
24456
24458
24462
24467
24468
24469
24480
24482
24490
24491
24495
24498
24507
24509
24515
24517
24523
24528
24533
24562
24563
24566
24569
24570
24574
24581
24585
24600
24601
24602
24603
24604
24609
24610
24613
24615
24617
24625
24629
24630
24631
24634
24638
24641
24645
24652
24654
24660
24664
24665
24666
24671
24672
24675
24676
24677
24678
24679
24681
24685
24691
24695
24699
24702
24704
24706
24707
24708
24713
24714
24716
24719
24720
24723
24724
24725
24727
24728
24731
24733
24735
24738
24741
24742
24745
24746
24749
24757
24760
24765
24767
24768
24771
24772
24773
24774
24775
24776
24777
24778
24779
24782
24783
24788
24789
24790
24793
24795
24796
24797
24798
24799
24802
24803
24807
24808
24809
24810
24811
24812
24813
24814
24815
24816
24818
24819
24820
24822
24824
24826
24827
24829
24830
24831
24832
24835
24836
24837
24838
24839
24840
24841
24842
24843
24845
24846
24847
24848
24849
24850
24852
24853
24854
24857
24858
24859
24860
24861
24862
24863
24864
24865
24866
24868
24870
24872
24873
24880
24881
24882
24883
24884
24885
24886
24888
24891
24892
24893
24894
24896
24897
24898
24902
24903
24904
24905
24906
24907
24908
24910
24911
24913
24914
24915
24917
24919
24920
24921
24923
24925
24927
24928
24929
24931
24932
24934
24936
24938
24939
24940
24942
24945
24947
24948
24950
24951
24952
24953
24954
24956
24958
24959
24960
24962
24963
24964
24965
24966
24967
24969
24973
24975
24976
24977
24979
24981
24982
24984
24985
24987
24988
24990
24992
24994
24995
24996
24997
24998
24999
25000
25001
25002
25003
25004
25006
25007
25008
25010
25011
25012
25013
25014
25015
25016
25018
25020
25021
25022
25024
25026
25027
25028
25029
25031
25032
25035
25041
25042
25043
25044
25050
25052
25053
25054
25057
25058
25059
25060
25061
25063
25065
25067
25068
25073
25075
25077
25079
25084
25087
25088
25090
25092
25094
25096
25097
25099
25100
25103
25104
25105
25106
25108
25109
25110
25113
25114
25118
25121
25123
25124
25126
25127
25129
25131
25132
25133
25136
25138
25139
25141
25147
25149
25152
25154
25155
25161
25163
25164
25166
25167
25168
25169
25170
25171
25175
25179
25180
25181
25182
25184
25185
25186
25187
25188
25189
25190
25191
25192
25193
25195
25196
25197
25199
25201
25203
25204
25207
25208
25209
25212
25214
25217
25223
25224
25225
25226
25227
25230
25233
25234
25237
25240
25245
25248
25249
25250
25252
25253
25254
25257
25258
25260
25264
25265
25267
25268
25270
25271
25272
25273
25276
25277
25280
25281
25282
25284
25285
25287
25295
25296
25298
25300
25301
25302
25304
25305
25306
25307
25308
25309
25311
25313
25314
25316
25319
25320
25321
25322
25324
25330
25332
25334
25337
25338
25339
25341
25342
25344
25345
25347
25348
25351
25358
25360
25365
25366
25367
25368
25369
25371
25373
25378
25379
25383
25384
25387
25388
25390
25391
25392
25393
25395
25397
25404
25407
25410
25411
25412
25413
25414
25418
25422
25432
25433
25434
25438
25440
25445
25446
25448
25449
25450
25455
25457
25458
25462
25463
25464
25467
25468
25474
25476
25478
25479
25481
25482
25488
25489
25490
25491
25495
25498
25503
25504
25505
25507
25510
25514
25516
25520
25524
25525
25528
25532
25533
25536
25537
25538
25540
25542
25545
25548
25550
25552
25557
25559
25560
25561
25562
25563
25566
25568
25570
25571
25572
25573
25574
25579
25581
25582
25583
25584
25585
25586
25587
25588
25591
25592
25596
25601
25602
25603
25609
25613
25614
25615
25616
25618
25621
25624
25627
25628
25633
25635
25636
25640
25642
25643
25645
25648
25649
25650
25652
25654
25655
25656
25664
25666
25668
25669
25673
25676
25678
25681
25682
25683
25691
25693
25695
25697
25698
25699
25700
25706
25709
25710
25711
25713
25714
25720
25722
25725
25726
25727
25730
25734
25735
25737
25740
25741
25742
25743
25744
25745
25746
25747
25749
25750
25751
25753
25757
25760
25761
25766
25767
25768
25770
25771
25774
25776
25777
25781
25785
25786
25788
25791
25793
25794
25796
25797
25798
25801
25803
25804
25805
25807
25810
25811
25815
25816
25818
25819
25820
25821
25823
25824
25826
25827
25828
25829
25833
25834
25837
25839
25840
25841
25842
25844
25845
25846
25849
25850
25853
25856
25857
25858
25861
25862
25865
25866
25867
25875
25876
25880
25881
25883
25884
25886
25887
25888
25890
25893
25894
25897
25898
25901
25902
25906
25907
25908
25909
25910
25913
25918
25919
25921
25922
25924
25926
25927
25928
25929
25931
25934
25936
25937
25938
25939
25940
25941
25942
25943
25945
25947
25949
25952
25953
25954
25956
25957
25958
25959
25960
25962
25967
25968
25969
25971
25974
25975
25976
25978
25979
25982
25983
25986
25987
25989
25992
25995
25996
25997
25998
26000
26001
26003
26014
26017
26025
26029
26037
26039
26042
26044
26049
26057
26066
26073
26076
26083
26087
26088
26089
26099
26100
26102
26105
26111
26113
26120
26123
26135
26137
26139
26140
26141
26142
26159
26160
26163
26165
26166
26172
26196
26205
26212
26224
26226
26229
26236
26253
26261
26270
26273
26276
26281
26287
26300
26306
26317
26320
26334
26350
26354
26361
26367
26385
26391
26396
26399
26404
26413
26416
26429
26433
26447
26455
26464
26467
26471
26482
26486
26497
26498
26507
26508
26509
26517
26522
26526
26532
26537
26545
26548
26551
26554
26560
26561
26565
26576
26578
26580
26581
26588
26592
26593
26607
26617
26621
26625
26630
26631
26634
26637
26639
26643
26672
26675
26676
26677
26678
26679
26680
26681
26682
26683
26684
26685
26687
26688
26689
26690
26691
26692
26693
26694
26695
26697
26698
26699
26700
26701
26702
26703
26704
26705
26706
26707
26708
26709
26710
26711
26712
26713
26714
26717
26718
26719
26720
26722
26723
26724
26725
26726
26727
26728
26729
26731
26732
26733
26735
26736
26737
26738
26739
26741
26742
26745
26746
26747
26748
26750
26754
26756
26757
26761
26762
26763
26764
26765
26767
26769
26771
26773
26777
26778
26779
26780
26783
26784
26785
26786
26788
26789
26790
26792
26793
26795
26796
26798
26799
26800
26801
26802
26803
26804
26805
26809
26810
26811
26812
26816
26817
26821
26822
26825
26828
26831
26832
26833
26834
26835
26838
26839
26840
26842
26844
26847
26848
26850
26853
26855
26856
26857
26859
26860
26861
26863
26864
26871
26873
26874
26875
26876
26877
26878
26881
26882
26884
26885
26886
26890
26894
26895
26897
26898
26899
26901
26902
26903
26904
26907
26909
26913
26915
26916
26917
26920
26921
26922
26923
26924
26925
26928
26929
26931
26934
26937
26938
26940
26941
26942
26943
26945
26947
26948
26949
26950
26951
26954
26956
26957
26959
26960
26963
26964
26965
26966
26967
26970
26971
26972
26977
26978
26982
26983
26984
26985
26986
26987
26988
26990
26992
26993
26994
26995
26997
27005
27006
27007
27008
27009
27010
27011
27014
27016
27022
27024
27025
27026
27028
27030
27032
27033
27040
27041
27042
27044
27046
27049
27050
27051
27052
27053
27054
27058
27059
27061
27063
27064
27065
27066
27069
27071
27076
27077
27079
27080
27081
27085
27086
27089
27091
27094
27095
27096
27098
27099
27100
27104
27106
27107
27109
27111
27112
27116
27117
27119
27121
27122
27123
27127
27132
27133
27134
27135
27137
27138
27141
27144
27150
27154
27155
27159
27160
27161
27162
27164
27169
27171
27172
27173
27175
27176
27178
27180
27183
27184
27188
27189
27192
27195
27197
27198
27203
27205
27206
27209
27212
27214
27216
27218
27219
27220
27221
27222
27224
27226
27228
27232
27234
27235
27236
27245
27246
27247
27248
27250
27251
27255
27256
27257
27258
27259
27260
27262
27263
27264
27266
27268
27270
27271
27272
27274
27281
27284
27286
27288
27290
27293
27294
27296
27298
27304
27305
27308
27309
27311
27316
27318
27319
27325
27326
27328
27331
27334
27336
27338
27339
27344
27345
27346
27347
27352
27353
27355
27356
27365
27366
27368
27370
27373
27374
27375
27376
27377
27379
27380
27383
27384
27389
27391
27396
27401
27404
27405
27408
27412
27414
27420
27421
27422
27424
27425
27429
27430
27434
27437
27439
27442
27443
27444
27447
27448
27452
27453
27454
27455
27456
27459
27460
27461
27463
27464
27465
27470
27472
27473
27475
27476
27477
27478
27479
27481
27482
27486
27489
27490
27493
27495
27498
27501
27503
27506
27509
27510
27514
27517
27522
27525
27527
27529
27530
27533
27541
27549
27550
27551
27555
27557
27558
27560
27561
27563
27564
27565
27566
27567
27568
27570
27572
27573
27575
27577
27578
27580
27581
27585
27588
27591
27592
27593
27601
27602
27608
27610
27612
27613
27614
27618
27621
27625
27626
27630
27636
27637
27638
27640
27642
27646
27648
27649
27650
27657
27661
27662
27663
27668
27669
27672
27674
27676
27680
27682
27684
27685
27687
27688
27692
27694
27696
27707
27708
27714
27718
27719
27721
27722
27723
27724
27727
27728
27730
27731
27732
27733
27736
27745
27751
27755
27756
27757
27759
27762
27763
27764
27765
27766
27771
27773
27774
27778
27783
27785
27786
27788
27794
27796
27797
27802
27803
27805
27807
27808
27809
27815
27817
27819
27820
27824
27828
27832
27833
27836
27837
27849
27854
27858
27859
27865
27867
27869
27880
27881
27887
27888
27896
27898
27903
27908
27910
27913
27914
27916
27919
27927
27929
27931
27935
27937
27942
27944
27945
27952
27954
27955
27956
27958
27961
27962
27964
27965
27970
27973
27978
27989
27992
27993
27995
27996
27999
28001
28010
28012
28013
28017
28019
28023
28024
28026
28027
28029
28032
28033
28037
28039
28044
28045
28048
28055
28060
28062
28068
28071
28075
28083
28085
28087
28091
28093
28097
28100
28101
28105
28110
28111
28114
28117
28123
28125
28131
28135
28144
28145
28148
28159
28166
28167
28168
28169
28170
28172
28183
28185
28190
28193
28198
28199
28200
28201
28206
28208
28209
28213
28217
28222
28225
28227
28228
28230
28237
28242
28246
28250
28251
28252
28253
28255
28258
28262
28264
28268
28271
28272
28275
28281
28284
28286
28289
28293
28295
28298
28300
28301
28306
28309
28313
28315
28317
28318
28321
28325
28338
28339
28344
28349
28350
28354
28356
28358
28362
28370
28371
28372
28373
28379
28381
28382
28385
28386
28388
28389
28391
28392
28395
28399
28400
28406
28408
28409
28411
28412
28413
28414
28415
28416
28418
28419
28420
28421
28422
28425
28426
28427
28430
28431
28433
28434
28441
28442
28443
28449
28453
28454
28455
28457
28461
28462
28468
28472
28475
28477
28481
28482
28484
28485
28486
28488
28490
28491
28492
28493
28494
28496
28498
28499
28501
28503
28507
28508
28510
28511
28512
28513
28516
28518
28519
28520
28522
28523
28524
28525
28526
28527
28530
28531
28533
28534
28536
28537
28538
28539
28540
28541
28542
28544
28545
28546
28547
28548
28549
28550
28551
28552
28553
28554
28556
28558
28559
28560
28561
28562
28563
28564
28566
28567
28568
28569
28571
28572
28573
28575
28577
28579
28580
28581
28582
28583
28586
28589
28593
28594
28595
28596
28597
28599
28600
28601
28602
28603
28604
28605
28606
28607
28608
28610
28613
28614
28615
28616
28617
28618
28619
28621
28622
28624
28625
28626
28628
28629
28631
28632
28633
28637
28638
28639
28640
28641
28643
28645
28646
28648
28649
28650
28651
28653
28657
28658
28659
28661
28664
28666
28667
28668
28670
28673
28674
28675
28676
28677
28679
28681
28685
28686
28688
28689
28690
28691
28692
28694
28695
28696
28697
28698
28699
28700
28701
28702
28703
28704
28709
28710
28711
28714
28715
28716
28717
28718
28719
28720
28721
28722
28726
28727
28728
28729
28730
28731
28733
28735
28736
28738
28739
28740
28741
28742
28743
28744
28745
28746
28747
28749
28751
28753
28755
28757
28758
28760
28762
28764
28765
28766
28767
28771
28772
28773
28774
28779
28780
28781
28782
28786
28788
28790
28793
28795
28798
28800
28805
28806
28810
28812
28813
28814
28815
28816
28819
28820
28822
28823
28824
28825
28827
28828
28829
28835
28836
28838
28840
28841
28843
28846
28847
28848
28850
28852
28853
28858
28860
28861
28863
28865
28868
28869
28872
28873
28874
28875
28881
28884
28885
28888
28890
28893
28895
28896
28897
28899
28900
28902
28904
28905
28907
28909
28910
28911
28912
28913
28915
28916
28917
28918
28919
28923
28924
28925
28926
28927
28928
28930
28931
28934
28935
28937
28938
28940
28941
28942
28945
28946
28948
28949
28954
28955
28957
28959
28960
28961
28962
28967
28968
28971
28972
28973
28974
28976
28977
28978
28979
28981
28982
28983
28986
28987
28991
28992
28993
28994
29001
29005
29006
29009
29016
29018
29020
29021
29023
29025
29028
29029
29030
29031
29032
29033
29035
29036
29037
29038
29040
29042
29043
29044
29045
29046
29047
29048
29050
29054
29059
29061
29065
29066
29068
29070
29073
29074
29081
29085
29087
29088
29089
29093
29097
29098
29099
29102
29103
29104
29106
29108
29109
29117
29120
29121
29124
29125
29126
29130
29132
29133
29136
29138
29141
29143
29146
29147
29148
29151
29152
29153
29155
29160
29161
29163
29165
29169
29171
29172
29175
29177
29178
29183
29186
29188
29190
29191
29192
29193
29195
29197
29198
29202
29204
29208
29209
29210
29211
29213
29214
29216
29217
29218
29223
29226
29227
29228
29232
29234
29236
29237
29238
29241
29246
29247
29251
29252
29253
29254
29255
29260
29269
29270
29271
29273
29274
29275
29276
29277
29279
29280
29284
29285
29287
29288
29289
29290
29294
29295
29297
29298
29299
29300
29301
29303
29304
29305
29306
29310
29313
29314
29315
29319
29320
29321
29322
29323
29326
29327
29332
29333
29335
29337
29339
29343
29345
29347
29348
29349
29357
29358
29359
29360
29363
29365
29367
29368
29371
29372
29373
29376
29377
29378
29381
29382
29383
29385
29386
29387
29390
29391
29392
29396
29398
29401
29402
29404
29409
29410
29411
29412
29413
29416
29417
29419
29420
29423
29424
29425
29426
29427
29428
29434
29435
29436
29437
29440
29441
29444
29448
29449
29455
29457
29458
29459
29460
29461
29462
29464
29465
29471
29475
29480
29481
29482
29484
29486
29488
29492
29493
29495
29499
29500
29504
29506
29507
29508
29509
29510
29511
29512
29513
29514
29515
29516
29517
29518
29519
29520
29522
29527
29529
29530
29532
29533
29534
29535
29537
29538
29540
29541
29542
29546
29547
29548
29549
29551
29552
29553
29556
29557
29558
29559
29563
29564
29565
29566
29568
29570
29571
29572
29576
29578
29581
29586
29587
29593
29594
29595
29597
29598
29599
29600
29602
29607
29608
29610
29615
29616
29617
29619
29621
29622
29627
29629
29632
29635
29636
29638
29640
29641
29642
29645
29648
29651
29653
29654
29656
29658
29659
29660
29663
29664
29665
29667
29668
29669
29670
29671
29672
29673
29674
29675
29676
29678
29681
29682
29686
29689
29691
29692
29693
29694
29696
29697
29698
29699
29701
29703
29704
29705
29706
29709
29710
29711
29712
29713
29714
29716
29722
29727
29730
29731
29732
29737
29738
29743
29748
29749
29751
29755
29764
29766
29769
29786
29800
29807
29808
29810
29812
29819
29825
29827
29828
29832
29835
29837
29838
29849
29851
29854
29855
29856
29857
29858
29860
29863
29865
29873
29874
29875
29877
29882
29884
29897
29910
29918
29926
29930
29942
29943
29952
29969
29970
29999
30002
30008
30010
30016
30038
30048
30049
30050
30051
30067
30071
30082
30086
30092
30108
30110
30122
30124
30130
30139
30160
30163
30170
30176
30181
30192
30211
30220
30231
30239
30241
30244
30247
30251
30263
30269
30274
30284
30290
30291
30296
30324
30341
30343
30356
30366
30380
30381
30386
30389
30391
30393
30395
30396
30397
30398
30399
30400
30401
30402
30403
30404
30405
30406
30407
30408
30409
30411
30412
30413
30414
30416
30417
30418
30419
30421
30422
30423
30424
30425
30426
30428
30429
30430
30431
30432
30434
30435
30436
30438
30439
30440
30441
30443
30444
30445
30446
30447
30450
30451
30452
30454
30456
30458
30459
30460
30463
30464
30465
30466
30468
30469
30470
30471
30473
30474
30475
30476
30477
30479
30480
30481
30482
30483
30484
30485
30486
30487
30488
30489
30490
30491
30492
30493
30494
30495
30498
30499
30500
30501
30503
30504
30507
30508
30509
30515
30516
30517
30519
30520
30521
30523
30524
30525
30528
30530
30533
30534
30536
30537
30538
30539
30544
30545
30547
30548
30549
30553
30554
30555
30556
30557
30558
30559
30561
30563
30564
30566
30570
30572
30574
30575
30576
30578
30579
30580
30584
30587
30589
30590
30591
30592
30593
30594
30595
30600
30602
30605
30606
30607
30608
30609
30610
30611
30612
30613
30614
30616
30618
30619
30621
30622
30624
30625
30628
30630
30631
30632
30634
30637
30641
30642
30643
30644
30645
30646
30647
30649
30650
30652
30653
30656
30657
30658
30662
30663
30665
30669
30670
30672
30676
30677
30678
30679
30680
30682
30685
30686
30687
30689
30692
30697
30699
30700
30701
30702
30706
30707
30708
30709
30712
30713
30714
30715
30718
30719
30720
30721
30723
30724
30725
30727
30731
30734
30735
30736
30738
30739
30740
30741
30742
30744
30746
30749
30750
30752
30753
30756
30760
30762
30763
30767
30768
30773
30774
30775
30776
30777
30778
30779
30780
30781
30782
30783
30784
30785
30786
30787
30790
30791
30792
30795
30796
30798
30799
30800
30802
30803
30804
30805
30807
30808
30809
30813
30814
30815
30816
30819
30821
30823
30824
30825
30826
30827
30828
30832
30833
30835
30836
30837
30840
30843
30844
30846
30847
30849
30853
30855
30856
30860
30861
30862
30864
30868
30869
30870
30871
30873
30874
30876
30880
30881
30882
30883
30885
30886
30889
30890
30891
30894
30897
30901
30902
30903
30904
30905
30906
30908
30910
30912
30913
30914
30916
30918
30919
30920
30923
30926
30928
30929
30933
30935
30938
30939
30940
30941
30942
30948
30950
30951
30952
30953
30954
30959
30960
30962
30964
30965
30966
30969
30970
30972
30973
30974
30977
30978
30979
30981
30982
30988
30989
30990
30995
30996
30998
31001
31004
31005
31007
31008
31009
31010
31011
31012
31014
31017
31018
31021
31022
31023
31024
31025
31026
31027
31030
31031
31036
31037
31038
31039
31041
31042
31043
31044
31045
31047
31048
31049
31050
31052
31053
31060
31061
31064
31066
31067
31069
31071
31072
31076
31081
31084
31085
31087
31088
31090
31091
31094
31095
31097
31098
31099
31100
31101
31102
31104
31105
31107
31110
31115
31118
31121
31123
31126
31128
31130
31133
31135
31137
31139
31141
31142
31145
31147
31148
31151
31154
31157
31158
31160
31161
31162
31165
31166
31168
31169
31170
31171
31173
31176
31178
31180
31181
31184
31186
31189
31190
31191
31194
31195
31197
31198
31199
31200
31202
31203
31205
31207
31209
31211
31212
31213
31214
31215
31216
31219
31221
31222
31224
31225
31226
31227
31230
31231
31232
31234
31238
31239
31246
31248
31251
31254
31257
31259
31261
31262
31264
31269
31271
31272
31273
31274
31275
31276
31279
31280
31281
31282
31283
31284
31287
31289
31291
31297
31298
31301
31302
31303
31306
31313
31316
31318
31320
31321
31322
31323
31327
31329
31333
31336
31341
31346
31347
31349
31350
31351
31353
31354
31356
31359
31360
31361
31366
31368
31371
31374
31376
31377
31379
31385
31390
31391
31393
31394
31396
31399
31400
31402
31405
31406
31410
31411
31417
31421
31423
31425
31427
31428
31435
31437
31438
31440
31441
31443
31444
31447
31449
31451
31453
31457
31462
31465
31474
31477
31478
31479
31480
31481
31482
31483
31485
31487
31492
31495
31497
31498
31499
31500
31502
31504
31505
31506
31509
31510
31513
31519
31521
31525
31531
31533
31543
31551
31552
31562
31563
31566
31570
31574
31578
31581
31583
31585
31590
31594
31597
31600
31601
31602
31603
31608
31610
31611
31612
31613
31616
31617
31621
31622
31623
31628
31630
31634
31636
31638
31640
31648
31649
31652
31655
31661
31664
31665
31667
31670
31673
31675
31679
31680
31681
31683
31692
31695
31701
31705
31707
31709
31715
31716
31720
31721
31722
31724
31730
31733
31737
31738
31740
31741
31743
31746
31749
31750
31757
31758
31759
31762
31763
31768
31776
31777
31791
31794
31796
31799
31800
31803
31806
31809
31810
31824
31825
31828
31830
31831
31835
31837
31845
31849
31850
31851
31854
31858
31862
31870
31873
31875
31878
31879
31880
31883
31884
31885
31891
31892
31895
31897
31898
31904
31907
31910
31914
31918
31922
31924
31927
31933
31934
31935
31936
31937
31941
31942
31950
31951
31953
31956
31959
31963
31966
31968
31974
31975
31978
31979
31987
31988
31991
31996
31998
31999
32000
32004
32007
32010
32011
32014
32017
32018
32019
32023
32027
32028
32038
32040
32043
32045
32050
32053
32055
32056
32057
32058
32059
32062
32067
32068
32069
32073
32084
32087
32092
32093
32094
32095
32100
32103
32105
32106
32109
32112
32113
32116
32118
32120
32126
32127
32128
32133
32137
32138
32140
32141
32142
32144
32145
32147
32149
32150
32151
32155
32156
32157
32159
32160
32161
32163
32164
32167
32169
32170
32171
32173
32174
32175
32176
32178
32186
32187
32190
32193
32194
32196
32198
32199
32200
32201
32203
32204
32205
32207
32208
32210
32211
32213
32215
32216
32217
32218
32221
32222
32223
32224
32225
32227
32229
32230
32231
32232
32233
32234
32235
32236
32237
32238
32239
32240
32241
32242
32243
32244
32245
32246
32247
32248
32249
32250
32251
32252
32253
32254
32255
32256
32258
32259
32261
32262
32263
32264
32265
32266
32267
32268
32269
32270
32271
32272
32273
32274
32275
32276
32278
32279
32280
32281
32282
32283
32285
32286
32287
32288
32289
32290
32291
32293
32294
32295
32296
32300
32302
32303
32306
32308
32309
32310
32311
32312
32313
32314
32316
32317
32318
32319
32320
32321
32322
32324
32325
32328
32329
32330
32331
32332
32333
32334
32335
32336
32338
32339
32341
32342
32343
32344
32345
32346
32348
32349
32351
32352
32353
32355
32356
32359
32360
32362
32363
32364
32365
32367
32368
32369
32370
32371
32373
32375
32376
32378
32380
32381
32382
32383
32385
32386
32387
32388
32389
32390
32391
32393
32394
32395
32397
32399
32400
32401
32402
32403
32404
32405
32406
32408
32409
32410
32412
32413
32414
32415
32416
32418
32420
32422
32423
32424
32425
32426
32428
32429
32430
32431
32432
32433
32434
32435
32436
32437
32439
32440
32441
32442
32443
32449
32450
32455
32456
32457
32459
32463
32464
32465
32467
32468
32471
32472
32474
32478
32479
32480
32481
32485
32486
32487
32488
32489
32491
32493
32494
32496
32497
32498
32500
32501
32502
32509
32511
32512
32513
32515
32518
32519
32520
32521
32523
32524
32525
32527
32528
32529
32530
32531
32533
32534
32537
32538
32540
32541
32542
32544
32546
32549
32550
32551
32552
32553
32556
32560
32561
32562
32564
32565
32566
32567
32569
32571
32572
32574
32575
32577
32579
32581
32582
32583
32585
32586
32588
32590
32591
32593
32594
32595
32598
32599
32600
32601
32602
32606
32607
32608
32610
32611
32614
32615
32616
32618
32619
32621
32623
32624
32625
32626
32627
32628
32629
32630
32631
32632
32633
32635
32636
32637
32639
32640
32641
32642
32645
32646
32647
32648
32649
32651
32652
32654
32655
32657
32658
32663
32664
32666
32669
32672
32673
32676
32678
32680
32681
32682
32684
32685
32686
32687
32688
32690
32691
32692
32693
32696
32698
32701
32702
32704
32705
32706
32709
32710
32711
32712
32713
32715
32719
32720
32722
32723
32726
32727
32728
32730
32732
32733
32734
32735
32742
32744
32745
32746
32747
32748
32750
32751
32752
32754
32759
32760
32762
32764
32765
32767
32768
32772
32773
32775
32780
32781
32785
32786
32788
32790
32795
32796
32797
32798
32799
32801
32803
32804
32806
32807
32811
32812
32813
32815
32816
32818
32820
32821
32822
32823
32825
32826
32829
32831
32832
32833
32835
32838
32839
32840
32843
32844
32846
32850
32851
32855
32861
32862
32866
32867
32868
32869
32871
32874
32882
32883
32884
32885
32886
32889
32891
32892
32899
32902
32904
32905
32906
32907
32908
32909
32911
32912
32914
32916
32917
32918
32921
32924
32925
32927
32931
32932
32934
32935
32938
32942
32943
32944
32946
32947
32948
32950
32951
32952
32954
32956
32957
32959
32961
32962
32964
32965
32966
32968
32969
32972
32973
32975
32976
32978
32980
32981
32983
32984
32990
32991
32992
32994
32996
32998
33000
33001
33002
33004
33006
33011
33012
33013
33016
33017
33019
33021
33022
33024
33027
33029
33030
33031
33035
33041
33044
33047
33049
33052
33054
33055
33056
33061
33062
33063
33064
33068
33069
33074
33076
33077
33078
33081
33082
33083
33084
33085
33090
33092
33094
33096
33097
33100
33101
33104
33105
33109
33111
33114
33118
33122
33123
33125
33126
33127
33128
33130
33132
33134
33136
33137
33138
33139
33140
33142
33146
33147
33148
33149
33150
33151
33152
33153
33157
33158
33160
33162
33163
33166
33168
33169
33173
33175
33176
33177
33178
33179
33180
33182
33183
33184
33185
33192
33193
33195
33196
33197
33198
33199
33200
33201
33202
33203
33204
33209
33213
33214
33215
33216
33217
33221
33224
33225
33226
33228
33229
33231
33232
33233
33235
33236
33241
33242
33243
33244
33246
33247
33248
33251
33252
33254
33256
33257
33260
33261
33262
33265
33266
33267
33268
33269
33270
33271
33272
33273
33274
33276
33278
33280
33281
33282
33283
33284
33285
33286
33289
33290
33291
33292
33293
33294
33297
33300
33301
33303
33304
33305
33309
33311
33312
33313
33314
33317
33318
33319
33320
33321
33322
33326
33328
33329
33330
33331
33334
33335
33336
33338
33341
33342
33343
33344
33346
33348
33349
33352
33354
33355
33356
33357
33359
33362
33363
33364
33365
33366
33367
33368
33369
33370
33371
33372
33373
33374
33377
33378
33380
33381
33383
33384
33385
33386
33387
33388
33389
33390
33391
33392
33394
33396
33400
33402
33403
33404
33405
33406
33408
33410
33411
33413
33414
33415
33417
33418
33419
33420
33421
33423
33424
33425
33428
33434
33441
33443
33448
33452
33454
33455
33456
33457
33459
33461
33464
33465
33467
33469
33484
33487
33496
33498
33499
33505
33516
33519
33520
33532
33536
33537
33540
33541
33542
33546
33552
33553
33554
33569
33570
33571
33572
33574
33578
33580
33584
33585
33587
33588
33591
33593
33594
33596
33600
33611
33615
33631
33632
33633
33638
33645
33653
33657
33663
33668
33673
33679
33682
33686
33687
33694
33695
33700
33713
33717
33722
33745
33753
33763
33766
33770
33779
33781
33785
33788
33792
33803
33810
33814
33819
33823
33824
33827
33831
33847
33851
33860
33867
33868
33869
33874
33884
33893
33914
33918
33925
33929
33930
33931
33934
33941
33949
33960
33963
33968
33981
33982
33985
33989
33990
34001
34011
34028
34035
34040
34042
34045
34050
34051
34055
34057
34065
34083
34084
34091
34096
34099
34100
34101
34102
34103
34104
34107
34108
34109
34110
34111
34112
34113
34116
34117
34118
34120
34122
34123
34124
34125
34126
34127
34128
34130
34132
34133
34135
34136
34137
34138
34139
34140
34141
34142
34144
34145
34146
34148
34149
34150
34151
34152
34153
34154
34156
34157
34158
34159
34160
34161
34164
34167
34168
34169
34172
34173
34174
34175
34176
34177
34183
34184
34185
34186
34188
34189
34192
34193
34194
34195
34196
34197
34199
34205
34207
34208
34209
34210
34211
34212
34213
34214
34215
34217
34218
34224
34225
34226
34227
34228
34229
34230
34231
34233
34236
34237
34238
34239
34240
34241
34242
34243
34244
34245
34247
34250
34252
34253
34254
34255
34256
34257
34258
34259
34262
34263
34264
34265
34266
34267
34269
34270
34271
34272
34273
34275
34276
34277
34278
34279
34282
34283
34284
34288
34289
34291
34292
34293
34294
34298
34299
34301
34306
34307
34308
34309
34311
34312
34313
34314
34316
34318
34320
34321
34322
34323
34324
34325
34326
34327
34328
34329
34330
34333
34335
34337
34338
34341
34345
34347
34349
34351
34354
34356
34357
34358
34359
34360
34361
34363
34364
34365
34367
34368
34373
34376
34377
34379
34382
34383
34384
34385
34388
34389
34392
34393
34394
34395
34396
34397
34398
34400
34403
34406
34408
34409
34410
34411
34413
34414
34415
34416
34417
34419
34420
34421
34422
34423
34424
34425
34426
34427
34428
34429
34431
34432
34434
34435
34436
34437
34438
34439
34440
34441
34442
34443
34444
34445
34446
34447
34448
34452
34453
34456
34457
34458
34459
34462
34463
34464
34465
34467
34469
34470
34471
34473
34478
34480
34482
34483
34486
34487
34489
34490
34492
34493
34494
34495
34496
34497
34498
34499
34500
34502
34504
34505
34507
34509
34510
34511
34512
34513
34514
34517
34518
34519
34520
34521
34522
34523
34524
34527
34528
34529
34534
34535
34537
34538
34539
34545
34546
34547
34548
34549
34550
34551
34552
34554
34555
34556
34557
34560
34561
34562
34563
34565
34566
34567
34568
34569
34571
34572
34573
34574
34579
34580
34581
34582
34583
34587
34588
34592
34595
34598
34599
34600
34603
34604
34605
34608
34609
34612
34616
34617
34620
34621
34624
34625
34626
34628
34629
34630
34632
34633
34637
34639
34641
34642
34643
34644
34646
34647
34649
34651
34653
34654
34660
34662
34664
34665
34672
34675
34678
34679
34680
34683
34684
34686
34687
34691
34692
34694
34695
34698
34699
34702
34703
34704
34705
34706
34709
34712
34713
34714
34715
34718
34721
34723
34724
34725
34726
34728
34729
34731
34737
34738
34739
34740
34741
34743
34744
34745
34747
34748
34749
34753
34755
34756
34757
34758
34759
34760
34761
34762
34763
34764
34767
34768
34769
34770
34773
34774
34775
34778
34780
34782
34783
34784
34785
34788
34790
34792
34794
34795
34796
34799
34800
34801
34802
34803
34804
34805
34807
34808
34812
34815
34817
34818
34819
34820
34822
34824
34826
34827
34828
34829
34830
34832
34833
34834
34836
34842
34847
34848
34850
34851
34852
34853
34856
34858
34861
34862
34863
34865
34866
34867
34869
34871
34872
34873
34875
34876
34877
34880
34881
34882
34883
34884
34885
34886
34888
34890
34891
34893
34894
34895
34896
34898
34900
34902
34903
34904
34905
34908
34909
34910
34911
34912
34913
34914
34915
34918
34919
34920
34921
34922
34926
34929
34930
34932
34933
34936
34937
34938
34939
34940
34942
34944
34945
34946
34950
34951
34953
34955
34961
34962
34963
34964
34965
34966
34969
34972
34973
34976
34978
34981
34982
34983
34986
34987
34988
34989
34993
34994
34995
34996
34997
34998
34999
35000
35002
35003
35006
35007
35008
35009
35011
35012
35013
35015
35016
35018
35019
35020
35021
35024
35025
35029
35030
35035
35036
35041
35042
35043
35045
35047
35049
35050
35051
35052
35056
35057
35058
35061
35063
35064
35065
35068
35069
35073
35074
35077
35078
35080
35082
35085
35087
35088
35090
35091
35093
35097
35104
35106
35108
35110
35111
35112
35116
35119
35120
35122
35123
35126
35130
35131
35135
35145
35146
35148
35149
35151
35152
35153
35154
35155
35160
35161
35165
35167
35170
35171
35172
35173
35175
35176
35177
35179
35184
35185
35186
35187
35188
35190
35193
35194
35195
35196
35199
35201
35204
35206
35207
35208
35209
35210
35211
35213
35214
35217
35221
35222
35224
35225
35229
35230
35233
35234
35235
35239
35241
35243
35245
35248
35250
35253
35257
35260
35268
35274
35276
35280
35284
35285
35287
35288
35291
35293
35295
35303
35304
35306
35307
35309
35310
35313
35314
35315
35316
35317
35318
35320
35325
35326
35328
35330
35331
35333
35335
35338
35340
35344
35349
35350
35351
35352
35353
35357
35359
35361
35363
35364
35365
35368
35370
35372
35373
35374
35376
35378
35381
35383
35386
35389
35390
35391
35392
35397
35398
35399
35400
35406
35407
35408
35412
35415
35418
35421
35426
35427
35430
35432
35435
35437
35438
35441
35442
35445
35447
35449
35451
35453
35455
35460
35463
35465
35470
35471
35472
35473
35474
35476
35480
35481
35482
35483
35486
35488
35489
35490
35492
35493
35495
35498
35499
35500
35505
35507
35508
35509
35512
35514
35515
35519
35521
35524
35528
35529
35531
35532
35534
35536
35538
35539
35542
35545
35548
35549
35551
35553
35559
35563
35564
35566
35570
35573
35577
35578
35579
35582
35587
35589
35590
35591
35592
35594
35595
35598
35600
35601
35602
35604
35611
35617
35619
35623
35624
35625
35626
35627
35628
35629
35632
35633
35634
35641
35644
35649
35654
35655
35657
35659
35661
35662
35665
35667
35668
35672
35673
35674
35678
35683
35684
35686
35687
35690
35692
35699
35701
35705
35706
35708
35709
35710
35717
35718
35723
35724
35728
35729
35735
35737
35740
35744
35745
35746
35749
35752
35753
35755
35757
35761
35764
35765
35766
35767
35773
35775
35780
35783
35784
35785
35787
35788
35789
35798
35799
35801
35802
35807
35808
35809
35810
35813
35814
35817
35819
35820
35821
35823
35824
35827
35830
35832
35835
35836
35839
35840
35841
35844
35847
35848
35849
35852
35853
35858
35861
35862
35864
35869
35870
35874
35876
35877
35879
35883
35884
35885
35887
35889
35890
35891
35894
35897
35898
35900
35904
35908
35912
35913
35914
35915
35918
35919
35920
35921
35923
35924
35925
35926
35927
35929
35930
35931
35932
35935
35937
35938
35939
35940
35941
35942
35943
35944
35945
35947
35948
35949
35950
35951
35952
35953
35954
35955
35956
35957
35958
35959
35960
35961
35962
35963
35964
35966
35967
35968
35969
35970
35971
35972
35973
35974
35975
35976
35977
35978
35979
35980
35981
35982
35983
35984
35986
35987
35988
35990
35992
35993
35994
35995
35996
35997
35999
36000
36001
36002
36003
36004
36005
36006
36007
36008
36009
36010
36011
36012
36013
36014
36015
36016
36017
36018
36021
36022
36023
36024
36025
36027
36028
36030
36031
36032
36033
36034
36036
36037
36038
36040
36041
36042
36043
36044
36045
36046
36047
36049
36050
36051
36052
36053
36054
36055
36057
36058
36059
36060
36061
36062
36063
36065
36067
36069
36070
36071
36072
36073
36074
36075
36076
36077
36078
36079
36080
36081
36082
36084
36086
36087
36089
36090
36092
36093
36094
36095
36096
36097
36101
36102
36104
36105
36106
36107
36108
36109
36110
36111
36112
36113
36114
36115
36116
36117
36118
36120
36121
36122
36123
36124
36125
36126
36127
36129
36130
36131
36132
36135
36136
36137
36138
36142
36143
36144
36145
36146
36147
36149
36150
36152
36153
36154
36155
36156
36157
36158
36159
36160
36162
36163
36164
36165
36166
36167
36168
36169
36170
36171
36172
36173
36175
36177
36179
36180
36181
36182
36184
36185
36186
36187
36194
36195
36198
36199
36200
36201
36202
36203
36204
36206
36209
36210
36212
36214
36215
36216
36218
36219
36220
36221
36222
36223
36226
36231
36232
36233
36234
36235
36236
36237
36238
36240
36242
36244
36246
36247
36248
36249
36251
36252
36253
36254
36255
36256
36257
36258
36259
36260
36261
36262
36263
36264
36267
36268
36269
36270
36271
36274
36275
36276
36277
36278
36279
36280
36281
36282
36284
36285
36286
36287
36288
36289
36290
36291
36293
36294
36296
36297
36298
36299
36305
36307
36308
36309
36311
36312
36313
36314
36315
36316
36317
36321
36323
36324
36325
36327
36328
36329
36330
36332
36333
36334
36335
36336
36337
36338
36339
36341
36343
36344
36345
36346
36349
36352
36354
36355
36356
36359
36361
36362
36363
36364
36365
36366
36367
36368
36369
36370
36371
36372
36374
36375
36377
36383
36385
36386
36387
36388
36389
36393
36395
36396
36397
36398
36399
36400
36401
36402
36403
36404
36406
36407
36409
36410
36411
36412
36413
36416
36418
36419
36420
36421
36424
36425
36426
36427
36428
36429
36431
36432
36435
36437
36438
36440
36445
36446
36449
36451
36452
36455
36456
36459
36462
36464
36465
36466
36467
36468
36469
36471
36472
36473
36474
36475
36477
36479
36481
36482
36483
36487
36489
36492
36493
36494
36495
36499
36501
36502
36503
36504
36506
36509
36510
36511
36513
36514
36515
36516
36520
36523
36525
36526
36532
36534
36536
36539
36545
36546
36548
36549
36552
36553
36554
36556
36557
36560
36561
36563
36564
36574
36575
36576
36577
36580
36581
36582
36583
36585
36587
36588
36590
36591
36593
36594
36600
36601
36603
36604
36605
36608
36611
36616
36618
36620
36621
36625
36626
36628
36629
36630
36632
36634
36637
36639
36644
36645
36646
36655
36656
36660
36662
36664
36665
36666
36667
36671
36674
36675
36676
36677
36678
36679
36680
36681
36682
36683
36685
36688
36690
36691
36692
36701
36702
36704
36705
36707
36708
36709
36710
36711
36712
36713
36714
36715
36716
36717
36718
36719
36720
36723
36725
36726
36727
36728
36729
36733
36734
36735
36738
36741
36742
36743
36748
36749
36750
36751
36752
36754
36755
36756
36757
36758
36760
36761
36766
36767
36768
36769
36770
36773
36775
36777
36778
36781
36784
36787
36788
36789
36790
36791
36794
36796
36798
36799
36801
36802
36806
36808
36809
36810
36811
36813
36814
36815
36819
36820
36821
36822
36824
36831
36832
36833
36835
36836
36837
36838
36839
36840
36841
36842
36843
36847
36848
36851
36852
36855
36856
36858
36859
36860
36861
36862
36863
36864
36865
36866
36867
36868
36870
36872
36874
36876
36878
36880
36881
36883
36884
36885
36886
36887
36888
36889
36890
36891
36892
36893
36896
36901
36903
36907
36908
36909
36910
36911
36914
36915
36918
36920
36921
36923
36928
36929
36932
36933
36935
36937
36940
36943
36944
36945
36946
36947
36949
36950
36952
36953
36954
36956
36957
36958
36959
36960
36961
36962
36963
36964
36965
36966
36968
36969
36970
36971
36974
36979
36980
36981
36982
36983
36984
36985
36986
36988
36989
36990
36991
36992
36993
36994
36996
36997
36998
36999
37000
37001
37002
37003
37004
37006
37007
37011
37012
37015
37016
37017
37018
37019
37022
37023
37025
37026
37027
37028
37030
37031
37033
37036
37037
37038
37039
37040
37043
37044
37045
37047
37048
37049
37051
37052
37054
37055
37056
37057
37058
37061
37063
37064
37065
37066
37068
37069
37070
37071
37073
37076
37078
37079
37081
37082
37083
37084
37085
37086
37087
37088
37089
37091
37092
37093
37094
37096
37097
37098
37099
37100
37101
37102
37103
37104
37105
37106
37107
37108
37109
37110
37111
37113
37114
37115
37116
37117
37118
37119
37120
37121
37122
37124
37125
37126
37127
37128
37131
37132
37133
37134
37137
37138
37139
