3
5
19
23
26
30
41
54
56
57
63
64
69
70
78
79
90
98
99
100
105
112
115
116
123
131
134
137
145
151
152
155
158
159
163
174
177
185
190
194
205
209
211
214
216
240
251
261
266
275
278
279
284
290
295
319
321
338
349
383
386
392
398
410
413
418
427
434
453
454
464
488
499
504
506
508
509
519
526
539
550
551
564
565
572
573
581
590
592
602
616
627
631
633
634
644
650
653
655
658
670
674
678
680
681
683
684
685
687
688
689
690
691
693
694
695
696
697
698
699
700
702
703
704
706
707
708
709
710
711
712
713
714
715
716
717
718
719
720
722
724
725
726
727
728
729
731
732
733
734
735
740
742
743
745
746
747
748
749
750
755
758
759
761
762
764
766
767
768
769
772
773
774
775
776
778
779
780
781
783
784
785
786
787
788
789
791
792
793
794
795
797
798
800
801
803
804
805
810
811
812
814
816
817
818
819
820
821
824
830
832
833
834
836
837
838
842
844
846
849
851
852
854
856
858
859
860
861
862
863
865
866
868
869
870
871
872
879
881
882
883
884
886
887
888
890
892
893
894
898
899
901
909
910
912
915
916
917
919
920
921
922
925
926
928
931
932
934
935
937
938
939
940
941
943
944
945
948
951
954
955
956
957
958
959
960
962
964
965
966
968
971
973
974
975
976
978
982
985
986
987
988
989
990
992
994
996
998
999
1000
1001
1002
1003
1004
1007
1008
1009
1012
1013
1016
1017
1019
1020
1021
1024
1026
1027
1029
1030
1031
1032
1034
1037
1038
1040
1041
1043
1044
1048
1050
1051
1052
1053
1055
1056
1060
1061
1062
1064
1066
1070
1071
1072
1073
1074
1075
1076
1078
1079
1081
1083
1084
1086
1087
1088
1090
1091
1093
1094
1096
1097
1098
1100
1101
1102
1105
1106
1108
1109
1110
1111
1112
1113
1116
1117
1121
1122
1123
1125
1127
1128
1129
1131
1133
1134
1139
1143
1144
1145
1146
1147
1148
1149
1151
1152
1153
1159
1162
1163
1164
1169
1171
1172
1173
1174
1175
1176
1177
1178
1181
1182
1183
1184
1185
1191
1193
1196
1200
1202
1204
1207
1208
1209
1216
1217
1219
1220
1223
1224
1227
1228
1229
1230
1231
1232
1235
1236
1241
1244
1248
1249
1250
1252
1257
1260
1261
1262
1265
1266
1268
1271
1273
1274
1276
1279
1281
1282
1283
1288
1291
1293
1294
1295
1299
1300
1303
1305
1310
1313
1314
1318
1319
1321
1324
1325
1326
1327
1328
1330
1332
1335
1338
1339
1341
1343
1348
1349
1350
1352
1355
1361
1364
1366
1368
1370
1373
1375
1376
1377
1379
1381
1384
1386
1387
1389
1390
1391
1393
1394
1396
1397
1398
1403
1406
1408
1416
1422
1424
1426
1429
1434
1435
1436
1437
1441
1443
1445
1448
1451
1452
1454
1455
1456
1457
1458
1459
1461
1462
1466
1469
1471
1476
1477
1478
1479
1480
1486
1487
1488
1490
1494
1495
1496
1499
1500
1501
1504
1506
1507
1511
1512
1513
1515
1518
1520
1524
1527
1529
1530
1533
1535
1536
1539
1541
1543
1549
1550
1552
1553
1554
1555
1556
1557
1558
1560
1561
1562
1563
1564
1568
1569
1571
1573
1576
1577
1579
1581
1583
1584
1585
1589
1590
1593
1595
1596
1599
1604
1605
1606
1609
1610
1613
1615
1617
1618
1623
1626
1628
1631
1635
1638
1640
1644
1646
1649
1650
1653
1655
1657
1660
1661
1662
1663
1664
1665
1668
1672
1673
1675
1677
1678
1680
1682
1683
1684
1685
1686
1687
1690
1695
1709
1712
1716
1717
1718
1719
1723
1725
1726
1729
1731
1732
1734
1737
1739
1746
1747
1749
1752
1760
1761
1762
1763
1765
1766
1767
1768
1771
1772
1775
1776
1780
1785
1786
1789
1792
1795
1796
1797
1798
1805
1806
1807
1809
1811
1812
1813
1816
1818
1819
1820
1821
1822
1830
1834
1839
1848
1851
1854
1855
1858
1860
1863
1865
1866
1870
1874
1875
1877
1879
1883
1887
1891
1895
1900
1904
1906
1908
1909
1910
1912
1916
1918
1921
1922
1923
1924
1925
1930
1934
1935
1939
1942
1944
1946
1948
1949
1954
1957
1961
1967
1969
1971
1973
1974
1978
1979
1984
1986
1989
1992
1997
2000
2006
2007
2009
2012
2014
2021
2023
2024
2028
2032
2038
2041
2045
2049
2050
2054
2060
2061
2063
2065
2067
2071
2073
2077
2079
2082
2084
2085
2088
2102
2106
2108
2112
2113
2115
2116
2131
2132
2134
2136
2137
2140
2141
2142
2152
2165
2166
2167
2168
2169
2170
2172
2180
2185
2189
2190
2194
2202
2211
2212
2214
2217
2218
2225
2228
2229
2230
2235
2236
2237
2239
2240
2241
2244
2251
2253
2256
2258
2260
2264
2265
2267
2271
2279
2282
2283
2295
2303
2307
2311
2315
2319
2320
2325
2327
2328
2341
2346
2350
2351
2356
2358
2359
2361
2363
2367
2370
2373
2375
2376
2382
2383
2384
2387
2388
2389
2390
2391
2392
2393
2394
2396
2397
2398
2401
2402
2403
2404
2405
2407
2408
2411
2413
2418
2419
2420
2422
2423
2425
2426
2427
2428
2430
2431
2432
2435
2436
2438
2442
2443
2444
2447
2448
2451
2455
2457
2459
2463
2465
2473
2474
2475
2480
2481
2483
2484
2485
2486
2487
2488
2489
2490
2491
2492
2493
2494
2495
2497
2498
2499
2500
2501
2503
2504
2505
2506
2507
2508
2509
2512
2513
2514
2515
2516
2517
2518
2519
2520
2521
2522
2523
2524
2525
2526
2527
2528
2529
2531
2532
2533
2534
2535
2536
2537
2538
2540
2541
2542
2543
2544
2545
2546
2547
2548
2549
2550
2551
2552
2553
2554
2556
2557
2558
2559
2560
2561
2562
2564
2565
2566
2568
2569
2570
2571
2573
2575
2576
2577
2579
2581
2582
2583
2584
2585
2586
2588
2589
2590
2592
2594
2595
2596
2597
2598
2599
2600
2601
2604
2605
2607
2608
2609
2610
2611
2612
2613
2614
2615
2616
2617
2618
2619
2620
2621
2623
2624
2626
2627
2628
2629
2630
2631
2633
2634
2635
2636
2637
2639
2641
2642
2643
2644
2645
2646
2647
2648
2650
2651
2652
2653
2654
2655
2656
2658
2660
2661
2663
2664
2665
2666
2667
2668
2669
2670
2672
2673
2675
2676
2677
2678
2679
2680
2682
2683
2684
2685
2688
2689
2690
2691
2692
2693
2694
2695
2696
2697
2698
2699
2700
2701
2702
2703
2706
2708
2709
2711
2712
2715
2716
2717
2718
2719
2720
2721
2723
2724
2725
2726
2727
2728
2729
2730
2731
2733
2734
2735
2736
2737
2738
2740
2743
2744
2748
2749
2751
2752
2755
2756
2759
2760
2761
2762
2764
2765
2766
2767
2769
2770
2773
2774
2779
2781
2782
2784
2786
2790
2791
2792
2793
2794
2795
2797
2798
2799
2800
2805
2807
2808
2809
2813
2816
2818
2821
2822
2825
2826
2829
2830
2831
2833
2836
2837
2839
2841
2842
2843
2845
2847
2848
2850
2851
2852
2853
2854
2855
2859
2860
2865
2867
2868
2869
2870
2871
2873
2874
2876
2878
2879
2881
2883
2884
2886
2888
2891
2892
2894
2895
2897
2898
2899
2900
2901
2903
2904
2907
2910
2911
2912
2913
2914
2915
2916
2917
2918
2919
2920
2923
2924
2928
2930
2934
2935
2936
2938
2939
2940
2941
2942
2944
2946
2949
2950
2951
2952
2953
2954
2957
2959
2960
2961
2962
2964
2965
2969
2973
2974
2975
2976
2980
2981
2982
2983
2984
2986
2987
2989
2990
2991
2992
2993
2994
2996
2998
3001
3003
3004
3005
3006
3011
3013
3014
3015
3016
3017
3018
3020
3022
3023
3025
3029
3035
3037
3038
3039
3041
3042
3046
3047
3048
3049
3050
3052
3055
3056
3057
3061
3063
3065
3067
3069
3070
3073
3076
3078
3082
3083
3085
3087
3088
3089
3091
3092
3094
3099
3101
3102
3103
3106
3107
3108
3111
3113
3115
3118
3119
3120
3122
3123
3125
3127
3128
3129
3131
3132
3134
3135
3138
3146
3149
3150
3155
3156
3162
3164
3165
3168
3172
3173
3174
3175
3176
3177
3179
3180
3182
3183
3184
3185
3186
3187
3188
3189
3190
3192
3195
3196
3197
3200
3204
3207
3208
3210
3213
3214
3217
3219
3223
3225
3228
3229
3230
3232
3234
3239
3240
3241
3244
3245
3246
3248
3251
3253
3254
3256
3257
3258
3261
3262
3264
3266
3269
3274
3275
3277
3278
3279
3281
3282
3285
3286
3287
3288
3289
3290
3291
3292
3293
3299
3301
3305
3306
3307
3311
3312
3314
3315
3316
3317
3318
3320
3321
3322
3323
3324
3325
3329
3330
3332
3333
3334
3337
3339
3340
3344
3347
3349
3351
3353
3357
3358
3360
3361
3363
3364
3365
3368
3373
3375
3378
3379
3380
3381
3383
3384
3385
3387
3388
3389
3392
3393
3395
3396
3397
3398
3401
3403
3404
3406
3407
3409
3412
3413
3415
3416
3417
3419
3420
3421
3422
3423
3424
3426
3428
3430
3433
3434
3435
3436
3437
3438
3439
3442
3445
3446
3447
3448
3450
3454
3457
3458
3459
3460
3461
3462
3463
3464
3465
3466
3467
3472
3473
3474
3475
3477
3480
3481
3483
3484
3485
3486
3487
3490
3492
3493
3496
3497
3501
3503
3505
3507
3509
3510
3512
3514
3515
3516
3517
3518
3519
3520
3521
3523
3524
3527
3529
3530
3531
3532
3534
3535
3536
3537
3539
3540
3543
3544
3545
3548
3549
3552
3553
3555
3556
3560
3561
3562
3566
3568
3569
3570
3571
3572
3574
3577
3578
3580
3581
3584
3585
3586
3588
3592
3593
3600
3602
3604
3606
3607
3609
3610
3612
3613
3614
3617
3618
3619
3620
3621
3622
3623
3626
3627
3628
3629
3630
3631
3634
3635
3637
3638
3640
3642
3643
3644
3650
3652
3654
3655
3657
3658
3660
3661
3662
3665
3667
3669
3671
3672
3673
3675
3677
3679
3680
3682
3683
3686
3687
3688
3690
3691
3694
3696
3697
3698
3699
3700
3703
3705
3706
3707
3708
3710
3711
3712
3713
3727
3731
3734
3743
3748
3753
3758
3761
3763
3765
3767
3768
3769
3770
3772
3778
3780
3781
3784
3788
3789
3793
3795
3798
3802
3804
3805
3806
3810
3819
3821
3822
3826
3828
3835
3836
3838
3839
3840
3841
3844
3848
3849
3850
3853
3855
3856
3857
3858
3859
3860
3861
3869
3872
3875
3877
3878
3879
3882
3886
3897
3904
3910
3921
3924
3925
3930
3931
3933
3935
3940
3944
3946
3947
3954
3962
3964
3966
3968
3969
3972
3976
3979
3985
3987
3992
3994
3998
4004
4010
4015
4020
4021
4023
4030
4033
4035
4036
4041
4046
4050
4053
4058
4060
4063
4066
4069
4075
4078
4079
4082
4083
4087
4088
4089
4094
4096
4099
4100
4104
4108
4111
4112
4113
4115
4116
4117
4126
4132
4134
4135
4141
4147
4148
4149
4157
4162
4165
4168
4169
4176
4180
4184
4194
4199
4202
4204
4211
4213
4219
4221
4224
4230
4236
4249
4251
4264
4265
4270
4273
4276
4284
4286
4288
4294
4303
4316
4318
4324
4325
4326
4334
4337
4339
4341
4343
4347
4350
4355
4358
4369
4376
4383
4388
4389
4390
4391
4392
4393
4394
4395
4396
4397
4398
4399
4400
4401
4402
4404
4405
4406
4407
4408
4410
4411
4412
4413
4414
4415
4416
4417
4418
4419
4420
4421
4422
4423
4424
4425
4426
4427
4428
4429
4430
4431
4432
4433
4434
4435
4436
4437
4438
4439
4440
4441
4442
4443
4444
4445
4446
4447
4448
4449
4451
4452
4454
4455
4456
4458
4460
4461
4462
4464
4466
4467
4469
4471
4472
4473
4474
4475
4476
4477
4479
4480
4481
4482
4483
4484
4485
4486
4487
4488
4489
4490
4492
4493
4495
4496
4498
4499
4500
4502
4503
4504
4505
4506
4508
4512
4513
4514
4515
4517
4518
4519
4521
4526
4527
4528
4529
4531
4532
4533
4534
4535
4538
4539
4540
4544
4545
4546
4547
4548
4549
4550
4551
4552
4553
4556
4557
4558
4561
4563
4564
4565
4566
4567
4569
4571
4572
4574
4575
4576
4577
4580
4582
4583
4589
4590
4593
4594
4595
4596
4598
4601
4602
4603
4606
4607
4608
4609
4610
4611
4612
4613
4614
4615
4619
4620
4621
4622
4623
4628
4629
4631
4632
4633
4634
4637
4638
4639
4641
4645
4646
4647
4648
4649
4650
4652
4653
4656
4658
4659
4660
4664
4666
4670
4671
4672
4674
4675
4676
4677
4678
4679
4680
4681
4682
4685
4688
4691
4693
4694
4695
4697
4698
4699
4700
4701
4702
4703
4704
4707
4708
4709
4710
4711
4713
4714
4715
4716
4720
4721
4722
4724
4725
4726
4732
4733
4735
4737
4740
4741
4746
4748
4751
4753
4754
4756
4758
4759
4765
4766
4768
4769
4770
4771
4772
4774
4775
4776
4778
4780
4781
4785
4786
4787
4788
4789
4792
4797
4800
4801
4802
4805
4807
4808
4811
4813
4814
4815
4816
4818
4819
4820
4822
4823
4825
4827
4828
4830
4832
4835
4837
4839
4843
4845
4846
4848
4849
4851
4853
4855
4857
4858
4859
4860
4862
4863
4864
4866
4867
4871
4874
4875
4876
4877
4878
4881
4882
4883
4884
4886
4887
4888
4890
4892
4893
4895
4896
4897
4898
4899
4900
4902
4905
4906
4907
4912
4913
4914
4916
4917
4921
4924
4927
4930
4931
4932
4935
4936
4937
4943
4944
4946
4948
4950
4951
4953
4955
4959
4961
4965
4966
4967
4972
4974
4975
4976
4977
4979
4980
4981
4982
4983
4984
4985
4986
4987
4988
4990
4991
4992
4995
4997
5000
5001
5005
5008
5012
5014
5017
5024
5025
5026
5027
5028
5030
5033
5034
5037
5039
5040
5041
5044
5045
5047
5048
5050
5051
5052
5053
5054
5055
5056
5058
5062
5063
5064
5066
5067
5070
5071
5072
5073
5075
5078
5080
5081
5082
5084
5085
5087
5088
5089
5090
5091
5093
5094
5095
5096
5097
5100
5104
5106
5109
5110
5112
5116
5117
5118
5122
5124
5125
5128
5130
5136
5138
5140
5141
5142
5147
5148
5151
5153
5154
5155
5157
5159
5160
5161
5162
5163
5165
5166
5172
5175
5177
5178
5179
5180
5182
5184
5185
5186
5189
5190
5191
5192
5193
5194
5201
5202
5203
5204
5205
5206
5208
5209
5210
5211
5213
5214
5216
5217
5220
5221
5225
5226
5227
5229
5230
5231
5234
5237
5238
5241
5247
5249
5250
5251
5253
5255
5257
5258
5264
5265
5266
5269
5273
5274
5275
5276
5277
5280
5281
5282
5283
5286
5288
5290
5291
5293
5294
5296
5297
5298
5302
5303
5307
5309
5312
5313
5317
5318
5320
5324
5327
5329
5330
5331
5332
5334
5335
5338
5339
5342
5343
5344
5347
5351
5354
5358
5361
5363
5365
5371
5373
5374
5379
5380
5384
5387
5390
5395
5396
5397
5401
5404
5405
5410
5412
5413
5414
5415
5417
5423
5424
5425
5429
5430
5432
5433
5434
5437
5439
5440
5441
5442
5443
5446
5447
5448
5450
5451
5453
5454
5455
5457
5460
5461
5463
5464
5465
5467
5468
5469
5472
5473
5474
5475
5476
5479
5480
5481
5482
5483
5484
5489
5500
5501
5503
5504
5506
5509
5511
5514
5515
5518
5519
5521
5527
5532
5533
5535
5536
5539
5545
5546
5553
5554
5556
5562
5567
5571
5575
5576
5578
5579
5580
5586
5589
5591
5592
5596
5597
5598
5603
5605
5606
5613
5618
5619
5620
5622
5624
5626
5627
5632
5636
5640
5646
5648
5653
5654
5658
5659
5664
5667
5669
5671
5672
5673
5675
5676
5678
5681
5689
5690
5692
5694
5698
5702
5705
5706
5707
5709
5716
5718
5721
5723
5726
5727
5730
5733
5735
5738
5739
5740
5742
5743
5745
5752
5754
5759
5760
5761
5764
5765
5769
5771
5777
5783
5787
5793
5795
5799
5800
5802
5805
5810
5822
5826
5827
5832
5834
5838
5839
5841
5843
5844
5845
5848
5849
5850
5851
5853
5856
5858
5859
5862
5863
5864
5866
5867
5870
5872
5876
5877
5879
5882
5883
5885
5886
5888
5892
5894
5899
5901
5903
5905
5910
5915
5917
5918
5920
5921
5922
5925
5926
5937
5939
5947
5953
5955
5958
5960
5961
5962
5966
5968
5974
5975
5978
5987
5992
5996
5997
5999
6000
6003
6011
6012
6015
6019
6021
6022
6025
6032
6033
6034
6039
6040
6041
6042
6043
6044
6048
6053
6060
6061
6064
6065
6070
6077
6081
6083
6084
6088
6089
6090
6096
6099
6101
6102
6103
6105
6107
6108
6110
6111
6112
6114
6118
6120
6121
6124
6129
6130
6132
6133
6135
6136
6141
6142
6143
6144
6148
6149
6150
6151
6152
6153
6157
6158
6164
6169
6170
6171
6173
6175
6176
6179
6183
6185
6189
6193
6199
6200
6201
6202
6203
6204
6205
6206
6207
6208
6209
6211
6212
6213
6215
6216
6218
6219
6220
6223
6224
6226
6227
6228
6229
6231
6232
6233
6234
6235
6236
6237
6238
6239
6240
6241
6242
6243
6244
6245
6246
6247
6248
6250
6251
6252
6253
6254
6255
6256
6257
6258
6259
6260
6261
6262
6263
6264
6265
6266
6267
6268
6269
6270
6271
6272
6273
6274
6275
6276
6277
6278
6279
6280
6282
6283
6284
6285
6287
6288
6289
6290
6291
6292
6295
6296
6297
6298
6299
6300
6302
6303
6305
6306
6307
6308
6310
6311
6312
6313
6315
6316
6317
6318
6321
6322
6323
6324
6325
6326
6327
6328
6329
6330
6332
6333
6334
6335
6337
6338
6340
6341
6342
6343
6344
6345
6346
6347
6348
6349
6350
6351
6352
6353
6354
6355
6357
6358
6360
6361
6362
6364
6365
6366
6367
6368
6369
6370
6372
6373
6375
6377
6378
6379
6381
6382
6383
6384
6385
6386
6389
6390
6391
6392
6393
6396
6397
6398
6399
6400
6401
6402
6403
6404
6405
6406
6407
6410
6411
6413
6414
6415
6416
6417
6419
6420
6422
6423
6424
6425
6426
6428
6430
6431
6432
6433
6434
6435
6436
6437
6438
6442
6443
6444
6445
6447
6449
6450
6451
6452
6454
6455
6456
6457
6458
6459
6461
6462
6465
6466
6467
6469
6470
6474
6476
6477
6478
6479
6480
6481
6482
6483
6487
6488
6490
6495
6496
6497
6499
6502
6503
6505
6506
6509
6510
6511
6513
6514
6516
6519
6522
6523
6525
6527
6528
6529
6530
6531
6532
6533
6534
6535
6536
6538
6539
6540
6541
6543
6544
6545
6547
6548
6550
6551
6553
6555
6556
6557
6558
6559
6562
6563
6565
6566
6568
6569
6570
6572
6573
6575
6579
6582
6584
6585
6587
6588
6590
6591
6592
6595
6597
6598
6600
6601
6602
6604
6605
6608
6609
6612
6614
6617
6618
6621
6624
6625
6627
6629
6631
6632
6633
6634
6636
6637
6638
6639
6640
6642
6644
6645
6649
6650
6651
6652
6653
6654
6655
6656
6657
6659
6663
6664
6665
6668
6671
6673
6674
6675
6676
6677
6682
6683
6687
6688
6694
6695
6697
6698
6700
6704
6705
6706
6707
6708
6709
6710
6711
6712
6715
6716
6717
6718
6719
6722
6725
6726
6727
6728
6730
6732
6733
6734
6736
6740
6744
6746
6747
6748
6749
6750
6751
6752
6754
6756
6757
6760
6761
6762
6763
6764
6766
6767
6768
6770
6773
6774
6775
6777
6778
6780
6782
6783
6785
6787
6789
6794
6797
6798
6800
6802
6804
6805
6808
6813
6815
6816
6818
6820
6822
6825
6830
6833
6834
6835
6837
6838
6839
6840
6841
6842
6844
6845
6846
6848
6851
6852
6862
6863
6864
6867
6868
6870
6876
6878
6879
6882
6885
6886
6887
6888
6893
6894
6895
6896
6897
6899
6900
6901
6904
6905
6906
6913
6914
6918
6919
6921
6922
6924
6926
6927
6929
6933
6934
6936
6938
6941
6944
6946
6948
6949
6950
6953
6954
6955
6956
6957
6960
6964
6966
6967
6968
6970
6971
6972
6975
6976
6977
6978
6980
6981
6982
6983
6986
6989
6990
6991
6992
6994
6999
7000
7001
7002
7003
7006
7007
7008
7009
7011
7012
7013
7015
7016
7017
7019
7021
7024
7026
7029
7030
7031
7032
7039
7043
7048
7049
7051
7053
7054
7055
7056
7058
7059
7062
7063
7065
7066
7068
7074
7075
7077
7078
7079
7082
7085
7086
7088
7090
7091
7092
7093
7094
7095
7097
7098
7099
7102
7106
7107
7108
7110
7111
7112
7116
7117
7119
7121
7123
7127
7128
7130
7131
7134
7135
7136
7138
7139
7140
7141
7144
7150
7152
7153
7156
7162
7164
7165
7168
7170
7171
7173
7174
7175
7176
7177
7178
7179
7180
7181
7183
7184
7185
7187
7189
7191
7193
7194
7195
7196
7197
7198
7200
7201
7202
7204
7206
7207
7210
7211
7214
7215
7217
7220
7222
7224
7226
7228
7229
7230
7231
7232
7233
7234
7235
7237
7243
7244
7245
7246
7248
7249
7250
7251
7253
7254
7255
7256
7257
7258
7259
7262
7264
7266
7267
7269
7270
7271
7272
7273
7275
7276
7277
7278
7279
7281
7282
7284
7285
7289
7290
7292
7294
7295
7296
7297
7299
7300
7302
7303
7306
7307
7313
7314
7316
7317
7320
7321
7322
7323
7327
7331
7332
7335
7336
7337
7339
7342
7343
7344
7345
7348
7350
7351
7354
7356
7357
7359
7364
7366
7367
7368
7369
7371
7372
7374
7375
7376
7379
7380
7381
7383
7384
7385
7386
7387
7388
7389
7390
7391
7392
7394
7396
7398
7399
7401
7402
7405
7406
7407
7408
7410
7411
7412
7413
7414
7415
7416
7417
7419
7421
7422
7423
7425
7426
7427
7451
7454
7464
7467
7472
7505
7506
7530
7539
7541
7544
7554
7555
7569
7572
7573
7574
7578
7585
7586
7589
7590
7596
7610
7613
7635
7657
7668
7678
7684
7706
7710
7713
7761
7783
7785
7795
7802
7808
7811
7820
7824
7829
7839
7843
7848
7849
7850
7852
7862
7870
7893
7907
7908
7916
7927
7933
7936
7941
7952
7963
7984
7997
8002
8021
8027
8029
8030
8072
8083
8091
8096
8097
8102
8104
8108
8110
8111
8112
8115
8116
8117
8119
8120
8122
8124
8127
8128
8129
8130
8131
8132
8133
8136
8138
8140
8141
8142
8143
8144
8145
8146
8147
8148
8150
8152
8153
8155
8157
8158
8159
8160
8161
8162
8163
8166
8169
8170
8171
8174
8175
8177
8178
8179
8186
8187
8188
8190
8191
8192
8194
8195
8196
8197
8198
8201
8203
8207
8208
8210
8216
8217
8218
8219
8220
8222
8224
8226
8230
8231
8238
8239
8240
8242
8244
8245
8246
8247
8249
8252
8254
8258
8259
8262
8264
8265
8266
8267
8270
8271
8272
8274
8276
8277
8280
8285
8286
8287
8288
8289
8290
8291
8292
8294
8298
8300
8303
8306
8307
8308
8309
8310
8314
8315
8316
8318
8323
8325
8328
8329
8333
8334
8335
8337
8338
8341
8345
8347
8350
8351
8352
8353
8358
8359
8361
8362
8364
8366
8367
8368
8370
8371
8372
8376
8378
8379
8382
8383
8384
8385
8388
8390
8393
8394
8401
8402
8404
8405
8408
8410
8413
8415
8416
8417
8418
8419
8420
8422
8423
8424
8430
8435
8437
8438
8439
8440
8441
8444
8446
8447
8451
8454
8455
8458
8460
8468
8471
8472
8473
8476
8478
8479
8480
8481
8482
8483
8490
8494
8498
8499
8500
8501
8502
8504
8505
8506
8507
8511
8512
8514
8515
8516
8521
8522
8528
8529
8530
8531
8535
8536
8537
8539
8541
8544
8547
8548
8549
8550
8551
8552
8553
8559
8563
8564
8565
8570
8572
8574
8576
8577
8580
8581
8582
8588
8590
8592
8593
8595
8596
8597
8600
8602
8606
8609
8610
8613
8614
8618
8622
8624
8629
8630
8632
8635
8638
8640
8644
8645
8647
8649
8656
8663
8664
8667
8673
8674
8675
8677
8680
8682
8683
8685
8689
8690
8694
8698
8701
8706
8710
8714
8715
8716
8717
8719
8721
8723
8724
8725
8728
8731
8736
8739
8742
8744
8747
8753
8754
8755
8756
8758
8759
8762
8763
8764
8767
8768
8770
8771
8775
8776
8777
8779
8783
8784
8785
8786
8794
8796
8797
8801
8803
8804
8806
8811
8814
8815
8817
8824
8825
8826
8830
8831
8835
8844
8855
8861
8863
8864
8867
8868
8872
8874
8876
8879
8886
8889
8893
8898
8900
8906
8907
8910
8913
8916
8917
8918
8920
8928
8931
8932
8934
8935
8937
8938
8939
8940
8946
8948
8949
8952
8953
8955
8957
8959
8963
8964
8967
8973
8981
8982
8987
8989
8990
8991
8994
8995
9000
9004
9005
9007
9011
9013
9017
9018
9021
9027
9029
9032
9035
9038
9051
9053
9056
9059
9061
9063
9065
9066
9067
9070
9080
9083
9088
9093
9094
9095
9096
9101
9106
9109
9110
9111
9114
9115
9116
9118
9120
9121
9123
9126
9128
9129
9136
9137
9139
9141
9144
9151
9157
9158
9159
9168
9173
9175
9178
9179
9184
9186
9189
9193
9194
9195
9196
9197
9201
9204
9209
9210
9213
9214
9215
9216
9232
9234
9240
9246
9249
9250
9260
9270
9273
9274
9275
9276
9282
9295
9296
9299
9304
9305
9306
9310
9313
9318
9325
9327
9328
9330
9336
9338
9342
9346
9351
9352
9361
9362
9367
9372
9374
9378
9382
9383
9386
9390
9396
9398
9399
9400
9401
9403
9406
9408
9409
9414
9423
9428
9430
9440
9444
9449
9456
9465
9467
9474
9477
9479
9485
9486
9494
9495
9499
9500
9503
9506
9507
9513
9516
9518
9526
9532
9536
9538
9540
9541
9553
9556
9565
9572
9581
9589
9591
9593
9596
9597
9599
9600
9602
9613
9614
9617
9618
9619
9621
9630
9631
9635
9636
9639
9640
9643
9651
9661
9667
9668
9672
9679
9686
9692
9695
9707
9710
9716
9718
9719
9730
9735
9737
9743
9745
9747
9753
9757
9759
9769
9774
9779
9780
9783
9785
9786
9793
9795
9796
9800
9801
9802
9808
9809
9811
9812
9815
9816
9817
9818
9819
9821
9822
9825
9826
9828
9829
9830
9832
9833
9834
9843
9844
9848
9850
9857
9859
9860
9863
9866
9870
9871
9872
9877
9879
9880
9882
9887
9889
9903
9906
9909
9915
9916
9917
9918
9919
9920
9921
9922
9923
9924
9926
9929
9931
9932
9933
9934
9936
9937
9939
9940
9941
9942
9943
9946
9948
9949
9950
9951
9952
9953
9954
9955
9956
9957
9958
9960
9961
9962
9963
9964
9965
9966
9967
9968
9969
9970
9971
9972
9974
9975
9976
9977
9978
9979
9980
9981
9982
9983
9985
9986
9987
9989
9990
9991
9992
9994
9996
9997
9998
9999
10001
10002
10003
10004
10005
10006
10007
10008
10009
10010
10012
10013
10015
10016
10017
10018
10019
10020
10022
10023
10024
10025
10026
10027
10028
10029
10030
10032
10033
10034
10035
10036
10038
10039
10040
10041
10042
10043
10044
10046
10047
10048
10049
10051
10052
10054
10056
10057
10058
10059
10060
10061
10062
10063
10064
10065
10066
10067
10069
10071
10072
10073
10076
10078
10079
10080
10081
10082
10083
10084
10086
10087
10088
10089
10092
10093
10095
10096
10097
10098
10100
10102
10103
10104
10105
10106
10107
10108
10109
10110
10112
10113
10114
10115
10116
10117
10118
10119
10120
10121
10124
10125
10126
10127
10128
10129
10131
10132
10134
10136
10138
10139
10140
10141
10142
10144
10145
10146
10147
10149
10150
10151
10152
10153
10154
10156
10157
10159
10162
10163
10164
10166
10168
10170
10172
10174
10175
10179
10180
10181
10183
10184
10186
10187
10188
10190
10191
10192
10193
10195
10198
10199
10201
10204
10207
10208
10209
10212
10214
10215
10220
10222
10223
10225
10228
10239
10240
10241
10244
10245
10246
10249
10250
10253
10254
10257
10258
10259
10261
10264
10265
10266
10269
10270
10271
10273
10277
10279
10280
10281
10283
10284
10285
10287
10293
10295
10298
10301
10306
10307
10311
10316
10318
10319
10320
10321
10325
10326
10330
10331
10332
10333
10334
10335
10338
10339
10341
10342
10343
10345
10346
10347
10348
10349
10351
10352
10353
10356
10359
10362
10363
10367
10369
10370
10371
10372
10374
10376
10377
10379
10385
10387
10388
10390
10393
10394
10396
10397
10398
10401
10402
10403
10408
10412
10414
10415
10420
10421
10424
10426
10429
10431
10439
10443
10444
10445
10448
10450
10451
10456
10458
10461
10462
10463
10464
10465
10466
10470
10473
10474
10476
10483
10484
10485
10488
10489
10491
10495
10496
10497
10505
10506
10511
10514
10515
10517
10523
10526
10527
10529
10534
10535
10536
10538
10539
10543
10548
10551
10554
10555
10556
10559
10560
10561
10562
10566
10573
10578
10582
10583
10586
10590
10595
10596
10597
10599
10600
10601
10602
10606
10607
10608
10609
10610
10613
10614
10620
10621
10623
10624
10625
10627
10628
10632
10633
10636
10638
10639
10641
10642
10647
10648
10655
10656
10660
10664
10667
10668
10669
10672
10677
10680
10681
10682
10684
10685
10686
10687
10689
10692
10694
10697
10701
10703
10705
10706
10708
10710
10713
10714
10715
10716
10720
10721
10722
10723
10727
10729
10731
10735
10736
10740
10745
10746
10747
10749
10750
10752
10756
10759
10760
10762
10765
10768
10769
10772
10777
10778
10779
10781
10787
10788
10789
10790
10791
10792
10793
10794
10797
10799
10805
10806
10807
10808
10812
10813
10816
10817
10820
10821
10822
10823
10826
10827
10829
10833
10834
10838
10840
10841
10842
10844
10847
10850
10851
10852
10853
10854
10857
10858
10863
10864
10869
10870
10874
10878
10884
10885
10887
10888
10890
10891
10892
10894
10895
10900
10901
10902
10905
10906
10907
10908
10910
10911
10913
10915
10916
10917
10918
10920
10921
10922
10927
10928
10929
10938
10940
10942
10945
10948
10949
10952
10958
10959
10960
10965
10967
10968
10971
10972
10973
10975
10976
10977
10978
10981
10983
10984
10985
10986
10988
10989
10990
10992
10993
10994
10995
10996
10997
10998
10999
11000
11002
11005
11006
11009
11010
11011
11012
11013
11014
11015
11016
11022
11023
11027
11028
11029
11031
11033
11034
11035
11037
11038
11039
11040
11042
11044
11045
11046
11047
11050
11054
11055
11056
11057
11059
11060
11062
11063
11065
11067
11068
11070
11071
11072
11073
11075
11078
11080
11082
11083
11084
11085
11086
11088
11093
11094
11095
11096
11097
11099
11100
11101
11102
11103
11104
11105
11107
11110
11112
11116
11118
11119
11120
11122
11124
11126
11127
11131
11133
11135
11136
11137
11140
11141
11142
11144
11151
11178
11179
11180
11182
11192
11196
11204
11207
11208
11214
11217
11221
11222
11223
11226
11227
11230
11231
11232
11237
11240
11244
11245
11250
11255
11260
11268
11270
11273
11274
11277
11280
11281
11285
11286
11287
11288
11289
11296
11298
11300
11301
11303
11304
11305
11307
11308
11309
11310
11316
11321
11325
11327
11335
11337
11348
11350
11353
11361
11367
11368
11379
11389
11392
11398
11399
11409
11411
11414
11433
11435
11437
11438
11461
11463
11464
11468
11469
11478
11482
11491
11495
11499
11512
11514
11517
11521
11522
11528
11532
11534
11539
11542
11543
11547
11557
11560
11566
11576
11577
11586
11590
11593
11606
11608
11609
11611
11622
11625
11627
11630
11641
11650
11653
11657
11663
11673
11675
11677
11678
11681
11697
11699
11705
11709
11715
11725
11728
11734
11738
11744
11747
11751
11753
11762
11765
11768
11775
11778
11783
11784
11801
11804
11810
11811
11816
11818
11819
11820
11822
11823
11826
11827
11828
11829
11830
11831
11832
11833
11834
11835
11836
11840
11841
11842
11844
11845
11846
11847
11849
11850
11851
11852
11853
11854
11855
11856
11857
11858
11859
11860
11861
11862
11863
11864
11866
11867
11868
11869
11870
11871
11872
11873
11874
11875
11877
11878
11880
11881
11882
11883
11884
11885
11888
11889
11890
11895
11898
11899
11900
11901
11903
11904
11905
11908
11909
11910
11911
11912
11913
11915
11916
11917
11919
11921
11922
11924
11926
11927
11928
11930
11931
11934
11938
11941
11943
11944
11945
11947
11948
11949
11950
11951
11954
11955
11956
11957
11959
11961
11963
11965
11966
11973
11974
11975
11977
11978
11979
11980
11981
11983
11984
11985
11986
11987
11988
11991
11993
11995
12000
12004
12005
12007
12008
12010
12015
12017
12019
12021
12022
12024
12027
12028
12031
12034
12036
12039
12040
12041
12043
12046
12048
12049
12050
12056
12059
12061
12064
12065
12067
12069
12073
12075
12078
12079
12080
12081
12082
12084
12085
12086
12087
12093
12094
12096
12097
12098
12099
12100
12104
12105
12107
12108
12109
12110
12111
12113
12116
12118
12119
12120
12121
12122
12123
12126
12127
12129
12132
12133
12135
12136
12137
12143
12145
12146
12147
12150
12151
12152
12160
12163
12165
12169
12172
12174
12176
12181
12183
12186
12187
12190
12192
12193
12194
12197
12198
12202
12203
12204
12205
12206
12207
12208
12213
12216
12220
12221
12225
12226
12227
12228
12230
12235
12237
12239
12240
12242
12243
12244
12245
12247
12250
12251
12253
12256
12259
12262
12263
12265
12268
12271
12272
12273
12274
12275
12276
12277
12278
12280
12288
12289
12290
12294
12299
12304
12305
12306
12308
12309
12314
12316
12317
12320
12322
12323
12324
12325
12327
12328
12333
12336
12340
12344
12349
12351
12352
12358
12359
12365
12370
12371
12372
12376
12378
12379
12384
12386
12387
12392
12394
12395
12399
12400
12402
12403
12406
12407
12410
12412
12415
12416
12417
12418
12421
12425
12430
12432
12433
12437
12438
12440
12442
12443
12447
12448
12453
12454
12455
12456
12461
12467
12468
12469
12472
12473
12474
12476
12478
12481
12485
12490
12491
12494
12497
12498
12499
12500
12501
12506
12507
12510
12511
12512
12516
12517
12518
12521
12522
12523
12524
12527
12528
12533
12536
12538
12540
12543
12545
12546
12549
12550
12552
12553
12554
12558
12560
12563
12566
12571
12575
12578
12581
12583
12585
12587
12590
12592
12593
12594
12600
12603
12606
12608
12610
12619
12620
12623
12627
12628
12629
12630
12631
12637
12638
12639
12642
12643
12645
12647
12649
12651
12655
12657
12658
12661
12664
12667
12669
12670
12671
12675
12677
12678
12679
12680
12681
12682
12685
12689
12690
12694
12696
12697
12701
12704
12710
12711
12714
12717
12718
12719
12721
12726
12728
12730
12731
12732
12734
12735
12737
12740
12741
12743
12745
12748
12749
12752
12755
12757
12762
12765
12766
12768
12770
12771
12776
12786
12788
12790
12791
12792
12795
12806
12807
12808
12815
12820
12824
12827
12829
12833
12835
12837
12839
12840
12851
12857
12858
12859
12862
12863
12864
12865
12867
12868
12871
12873
12874
12876
12878
12879
12881
12882
12886
12888
12891
12894
12895
12898
12902
12903
12904
12906
12907
12909
12910
12912
12914
12915
12917
12918
12922
12925
12927
12929
12932
12938
12940
12947
12949
12951
12952
12955
12959
12963
12964
12977
12988
12990
12994
12999
13003
13008
13020
13022
13032
13046
13048
13050
13053
13054
13058
13062
13064
13066
13072
13073
13075
13076
13079
13085
13086
13088
13090
13091
13099
13103
13106
13108
13109
13110
13117
13120
13127
13136
13137
13139
13146
13154
13158
13163
13165
13167
13168
13170
13172
13173
13174
13177
13188
13192
13193
13197
13199
13205
13215
13216
13221
13223
13224
13229
13230
13243
13244
13254
13255
13258
13260
13263
13275
13277
13279
13281
13287
13288
13292
13294
13303
13311
13314
13317
13319
13320
13323
13332
13338
13339
13345
13346
13349
13350
13354
13360
13365
13367
13371
13381
13386
13389
13396
13403
13408
13424
13426
13440
13442
13443
13444
13449
13459
13469
13470
13473
13476
13479
13483
13487
13488
13492
13493
13498
13499
13500
13502
13503
13506
13507
13509
13511
13513
13515
13520
13523
13524
13525
13527
13528
13529
13530
13533
13535
13538
13539
13540
13545
13548
13549
13550
13551
13552
13554
13556
13557
13558
13560
13562
13564
13565
13569
13570
13571
13574
13575
13577
13578
13580
13582
13585
13586
13589
13590
13591
13592
13597
13599
13601
13603
13605
13607
13616
13619
13624
13626
13628
13629
13630
13631
13632
13634
13635
13636
13637
13638
13639
13640
13643
13644
13645
13646
13647
13648
13651
13652
13654
13655
13656
13657
13658
13659
13660
13661
13662
13663
13664
13666
13667
13668
13669
13670
13671
13672
13673
13674
13675
13676
13678
13679
13680
13681
13682
13683
13684
13685
13686
13687
13688
13690
13691
13692
13693
13694
13695
13696
13697
13698
13699
13700
13701
13702
13703
13704
13705
13707
13708
13710
13711
13712
13713
13715
13716
13717
13718
13719
13720
13721
13723
13724
13725
13727
13728
13730
13731
13732
13733
13734
13735
13737
13738
13739
13740
13741
13743
13744
13745
13746
13747
13748
13749
13750
13752
13754
13756
13757
13758
13759
13760
13761
13762
13763
13765
13766
13768
13769
13770
13771
13772
13773
13774
13775
13776
13778
13779
13780
13781
13782
13783
13784
13785
13786
13787
13788
13789
13790
13792
13793
13794
13795
13796
13797
13800
13802
13805
13808
13809
13810
13811
13812
13814
13815
13816
13817
13818
13819
13820
13821
13822
13824
13825
13826
13827
13828
13831
13832
13833
13834
13835
13839
13841
13842
13843
13845
13846
13848
13849
13850
13852
13853
13854
13856
13858
13859
13860
13862
13863
13865
13866
13867
13870
13871
13872
13873
13874
13875
13878
13880
13882
13884
13885
13886
13888
13889
13893
13894
13895
13897
13898
13900
13901
13902
13903
13904
13905
13906
13907
13908
13914
13915
13917
13918
13919
13921
13923
13924
13926
13929
13930
13932
13933
13934
13936
13937
13938
13939
13941
13942
13944
13945
13946
13947
13948
13949
13950
13951
13953
13955
13956
13958
13959
13960
13964
13967
13968
13969
13971
13972
13973
13975
13976
13978
13979
13980
13981
13983
13984
13985
13986
13987
13989
13990
13991
13992
13994
13997
14001
14003
14004
14005
14008
14009
14010
14012
14013
14014
14015
14016
14018
14020
14022
14023
14024
14025
14026
14027
14028
14030
14032
14033
14035
14037
14039
14040
14044
14045
14046
14048
14050
14051
14052
14053
14054
14055
14057
14059
14060
14061
14062
14064
14065
14067
14068
14069
14070
14072
14073
14076
14079
14080
14081
14083
14084
14085
14086
14087
14088
14090
14091
14093
14094
14095
14099
14101
14111
14113
14115
14118
14121
14126
14127
14128
14129
14131
14132
14135
14136
14140
14142
14143
14144
14145
14149
14150
14152
14153
14156
14158
14159
14160
14162
14164
14165
14166
14167
14171
14172
14175
14178
14179
14180
14182
14184
14185
14188
14189
14190
14191
14192
14196
14197
14200
14203
14205
14206
14207
14209
14210
14212
14216
14220
14225
14229
14230
14236
14238
14240
14243
14244
14246
14248
14249
14250
14252
14253
14260
14262
14263
14264
14265
14267
14268
14269
14270
14273
14276
14280
14290
14291
14292
14293
14296
14298
14304
14307
14313
14314
14316
14317
14319
14321
14322
14324
14327
14332
14334
14337
14339
14342
14343
14347
14350
14352
14354
14355
14356
14358
14359
14361
14364
14371
14374
14375
14381
14382
14384
14387
14390
14391
14393
14395
14396
14397
14398
14400
14401
14403
14405
14410
14412
14414
14417
14418
14419
14420
14422
14423
14427
14428
14429
14431
14433
14434
14435
14436
14439
14441
14442
14443
14444
14445
14452
14454
14456
14457
14458
14459
14467
14468
14470
14471
14473
14475
14479
14481
14482
14483
14484
14485
14486
14488
14490
14491
14493
14495
14497
14499
14501
14502
14503
14504
14505
14506
14511
14512
14513
14515
14520
14521
14522
14524
14525
14526
14527
14530
14531
14534
14535
14536
14537
14539
14540
14541
14545
14546
14550
14553
14555
14557
14559
14560
14563
14564
14565
14566
14567
14569
14572
14576
14577
14578
14581
14582
14587
14588
14590
14592
14593
14595
14596
14599
14600
14601
14603
14604
14605
14609
14610
14612
14613
14615
14619
14620
14622
14625
14626
14628
14629
14630
14631
14634
14635
14639
14643
14644
14645
14646
14649
14650
14652
14654
14655
14656
14657
14659
14661
14662
14663
14665
14668
14671
14672
14673
14674
14676
14677
14678
14679
14681
14682
14684
14685
14686
14687
14690
14691
14695
14696
14697
14698
14700
14701
14702
14703
14704
14705
14706
14708
14709
14710
14712
14713
14714
14716
14717
14719
14720
14723
14724
14726
14730
14731
14734
14735
14742
14744
14745
14748
14749
14751
14752
14753
14754
14756
14758
14759
14760
14763
14767
14768
14770
14771
14772
14773
14776
14779
14782
14784
14785
14789
14791
14795
14796
14797
14799
14800
14801
14802
14803
14805
14807
14809
14811
14813
14815
14816
14818
14819
14820
14821
14824
14826
14829
14830
14833
14834
14835
14836
14838
14840
14841
14843
14848
14849
14850
14851
14853
14854
14865
14881
14882
14891
14893
14896
14910
14912
14934
14936
14951
14956
14962
14963
14966
14968
14970
14971
14972
14975
14980
14982
14983
14985
14988
14991
14995
15000
15004
15014
15015
15017
15021
15024
15026
15032
15041
15046
15061
15062
15070
15079
15090
15142
15150
15152
15157
15160
15175
15180
15181
15192
15213
15217
15225
15233
15244
15248
15269
15280
15281
15290
15305
15306
15320
15344
15355
15377
15385
15397
15404
15421
15429
15436
15450
15458
15472
15489
15494
15498
15501
15530
15531
15532
15535
15539
15540
15541
15542
15543
15544
15545
15547
15549
15552
15553
15554
15556
15557
15558
15559
15560
15561
15563
15565
15567
15568
15569
15570
15571
15572
15574
15576
15578
15580
15581
15582
15583
15584
15586
15588
15590
15591
15594
15595
15596
15597
15598
15600
15602
15604
15607
15608
15611
15612
15614
15615
15617
15619
15620
15624
15625
15629
15630
15632
15634
15636
15637
15640
15644
15645
15647
15648
15649
15650
15652
15653
15654
15656
15658
15659
15665
15667
15668
15669
15670
15673
15674
15675
15676
15677
15679
15680
15681
15685
15688
15689
15690
15691
15692
15693
15695
15696
15698
15699
15700
15701
15704
15705
15706
15707
15708
15712
15713
15717
15719
15720
15723
15729
15730
15731
15732
15734
15735
15736
15737
15742
15744
15748
15750
15751
15752
15753
15754
15755
15762
15765
15769
15773
15775
15777
15778
15779
15780
15782
15788
15790
15791
15794
15795
15796
15803
15807
15812
15813
15814
15816
15818
15821
15822
15824
15825
15826
15830
15833
15835
15841
15842
15845
15847
15849
15851
15856
15857
15858
15862
15863
15864
15865
15866
15867
15868
15872
15876
15882
15883
15884
15885
15888
15890
15894
15896
15900
15901
15907
15908
15909
15911
15912
15913
15917
15918
15919
15920
15923
15927
15928
15929
15930
15931
15933
15934
15935
15936
15938
15939
15942
15943
15944
15946
15949
15950
15952
15953
15956
15957
15959
15964
15965
15966
15967
15969
15970
15976
15978
15979
15980
15987
15988
15989
15991
15995
15996
15998
16001
16002
16003
16005
16006
16007
16008
16013
16016
16017
16018
16019
16020
16021
16027
16029
16030
16031
16034
16036
16038
16039
16040
16042
16045
16047
16049
16051
16052
16056
16058
16060
16064
16067
16068
16072
16073
16075
16076
16079
16084
16085
16091
16093
16094
16095
16106
16107
16109
16114
16116
16118
16120
16121
16123
16124
16127
16130
16135
16139
16140
16142
16144
16147
16154
16155
16156
16163
16164
16166
16169
16170
16174
16175
16177
16180
16182
16183
16185
16188
16190
16191
16192
16195
16199
16204
16208
16209
16210
16212
16214
16219
16220
16222
16223
16226
16228
16229
16230
16231
16239
16241
16242
16243
16247
16254
16259
16260
16261
16263
16264
16266
16272
16274
16278
16280
16282
16284
16289
16295
16299
16300
16301
16304
16305
16306
16308
16321
16322
16323
16326
16327
16332
16333
16334
16343
16344
16350
16354
16355
16356
16357
16359
16362
16363
16366
16368
16369
16370
16374
16376
16380
16383
16385
16388
16391
16392
16394
16395
16396
16397
16406
16407
16408
16411
16413
16414
16416
16418
16424
16425
16431
16433
16436
16439
16448
16449
16465
16466
16469
16470
16473
16475
16477
16479
16482
16489
16491
16493
16494
16500
16501
16515
16518
16520
16521
16522
16529
16530
16536
16538
16539
16542
16543
16546
16554
16565
16567
16571
16572
16573
16578
16579
16581
16582
16583
16585
16590
16593
16596
16598
16600
16602
16603
16605
16607
16609
16619
16622
16623
16625
16629
16636
16642
16646
16651
16652
16660
16665
16668
16669
16684
16692
16698
16704
16707
16711
16714
16717
16722
16723
16727
16734
16737
16739
16740
16741
16745
16750
16756
16762
16766
16770
16772
16773
16774
16784
16789
16793
16794
16800
16804
16807
16808
16817
16819
16820
16822
16823
16827
16829
16831
16849
16853
16854
16856
16863
16868
16874
16875
16877
16882
16885
16890
16891
16894
16899
16902
16903
16910
16914
16929
16935
16937
16940
16941
16944
16945
16960
16962
16969
16972
16980
16981
16989
17000
17002
17004
17008
17009
17010
17013
17017
17018
17019
17021
17022
17023
17025
17030
17034
17041
17052
17060
17062
17064
17071
17075
17085
17086
17095
17099
17100
17103
17114
17116
17135
17137
17138
17153
17154
17158
17159
17163
17174
17175
17176
17181
17185
17186
17187
17190
17197
17201
17202
17206
17207
17212
17213
17217
17220
17221
17228
17229
17232
17233
17238
17243
17244
17247
17249
17250
17254
17255
17257
17261
17263
17266
17267
17271
17274
17276
17278
17284
17285
17286
17288
17291
17292
17299
17300
17303
17305
17306
17307
17309
17310
17311
17313
17314
17315
17317
17318
17319
17321
17326
17340
17341
17343
17345
17346
17348
17349
17350
17351
17352
17354
17356
17358
17359
17360
17361
17362
17365
17366
17367
17368
17369
17370
17371
17374
17375
17377
17378
17380
17381
17382
17383
17384
17385
17386
17387
17388
17389
17390
17391
17392
17393
17394
17395
17396
17397
17398
17399
17400
17402
17403
17406
17407
17408
17409
17410
17411
17412
17413
17414
17415
17416
17417
17418
17419
17420
17421
17422
17424
17425
17426
17427
17428
17429
17432
17433
17434
17435
17437
17438
17439
17440
17441
17442
17444
17446
17447
17450
17452
17453
17454
17455
17456
17457
17458
17459
17460
17461
17463
17464
17466
17468
17469
17470
17472
17473
17474
17475
17476
17477
17478
17479
17480
17482
17483
17484
17487
17489
17490
17492
17493
17494
17495
17497
17498
17499
17500
17502
17504
17506
17507
17508
17509
17511
17512
17515
17516
17517
17519
17520
17523
17524
17526
17527
17528
17530
17532
17533
17534
17535
17536
17537
17538
17539
17540
17541
17542
17543
17545
17546
17547
17548
17549
17551
17553
17554
17556
17557
17562
17564
17565
17566
17567
17568
17572
17573
17574
17575
17576
17577
17578
17579
17580
17582
17583
17584
17585
17586
17587
17589
17590
17591
17592
17594
17596
17600
17602
17603
17604
17605
17608
17609
17611
17614
17615
17616
17619
17620
17622
17624
17625
17629
17630
17631
17632
17633
17635
17638
17640
17641
17645
17651
17653
17656
17658
17659
17661
17662
17667
17668
17669
17670
17672
17673
17674
17675
17677
17678
17680
17681
17682
17685
17686
17687
17688
17692
17693
17698
17699
17702
17704
17705
17707
17708
17709
17711
17713
17719
17721
17722
17723
17724
17726
17728
17730
17737
17738
17739
17740
17741
17742
17743
17744
17745
17746
17747
17749
17750
17751
17753
17754
17760
17763
17766
17767
17769
17770
17771
17772
17773
17774
17775
17776
17778
17779
17780
17781
17783
17784
17786
17791
17793
17796
17797
17798
17799
17801
17803
17805
17806
17807
17810
17813
17818
17823
17825
17826
17828
17829
17830
17831
17833
17835
17836
17837
17840
17841
17842
17845
17848
17849
17852
17854
17855
17856
17859
17860
17862
17864
17867
17868
17870
17871
17872
17873
17874
17875
17878
17881
17883
17884
17886
17889
17891
17894
17895
17898
17902
17903
17905
17908
17911
17912
17914
17915
17917
17919
17927
17932
17941
17942
17944
17946
17947
17948
17950
17955
17957
17962
17963
17964
17965
17966
17967
17970
17972
17976
17977
17979
17981
17983
17984
17987
17988
17990
17991
17994
17996
18000
18004
18005
18006
18007
18010
18011
18012
18017
18018
18021
18023
18027
18028
18029
18032
18033
18038
18040
18041
18045
18051
18053
18056
18058
18063
18069
18075
18077
18079
18081
18082
18086
18088
18091
18092
18095
18096
18097
18099
18104
18105
18106
18108
18109
18112
18113
18114
18116
18117
18119
18121
18132
18133
18134
18137
18138
18142
18143
18144
18148
18150
18152
18153
18155
18157
18162
18166
18169
18171
18172
18173
18174
18180
18181
18184
18188
18193
18196
18197
18201
18202
18203
18205
18206
18207
18210
18213
18214
18215
18216
18217
18218
18221
18223
18226
18227
18232
18234
18235
18236
18237
18241
18243
18245
18249
18250
18252
18253
18254
18255
18256
18262
18263
18265
18269
18273
18274
18276
18277
18278
18281
18282
18283
18285
18286
18290
18291
18293
18298
18306
18311
18313
18315
18316
18318
18319
18321
18322
18323
18324
18327
18328
18329
18330
18332
18333
18337
18338
18339
18342
18345
18346
18348
18349
18353
18354
18358
18359
18362
18364
18365
18367
18371
18375
18377
18378
18380
18382
18385
18386
18388
18391
18393
18395
18396
18400
18402
18404
18409
18410
18411
18413
18414
18415
18416
18417
18418
18420
18423
18424
18425
18426
18427
18428
18430
18433
18434
18435
18437
18440
18441
18444
18445
18448
18449
18453
18455
18456
18458
18460
18464
18465
18466
18470
18472
18473
18474
18477
18478
18479
18484
18485
18487
18489
18490
18491
18492
18493
18495
18497
18498
18499
18500
18501
18503
18506
18509
18510
18511
18512
18513
18514
18521
18522
18524
18525
18527
18528
18529
18530
18531
18532
18533
18535
18538
18540
18541
18544
18546
18547
18548
18549
18550
18551
18552
18554
18555
18558
18559
18561
18562
18564
18565
18568
18569
18570
18574
18577
18579
18581
18595
18597
18599
18600
18601
18607
18611
18614
18626
18633
18642
18645
18657
18660
18661
18666
18667
18668
18675
18676
18677
18680
18685
18688
18690
18693
18695
18698
18700
18701
18702
18705
18713
18714
18715
18717
18719
18721
18722
18725
18728
18732
18734
18735
18736
18738
18740
18742
18744
18753
18766
18775
18776
18784
18785
18792
18804
18807
18828
18831
18832
18835
18854
18861
18872
18876
18883
18884
18897
18910
18927
18929
18939
18944
18956
18965
18968
18971
18972
18985
18991
18994
19000
19004
19012
19020
19021
19022
19023
19028
19034
19036
19038
19040
19050
19052
19058
19068
19072
19073
19079
19089
19091
19097
19099
19105
19106
19109
19123
19126
19142
19143
19150
19153
19168
19170
19171
19175
19190
19194
19195
19199
19203
19206
19212
19213
19236
19244
19245
19246
19249
19251
19252
19254
19256
19257
19258
19259
19260
19261
19263
19264
19265
19266
19267
19268
19269
19270
19271
19272
19273
19274
19275
19277
19278
19279
19280
19281
19282
19283
19284
19285
19289
19292
19293
19294
19295
19296
19298
19300
19301
19302
19303
19304
19305
19307
19308
19310
19311
19312
19314
19316
19317
19318
19319
19320
19322
19323
19325
19326
19327
19328
19329
19332
19333
19334
19336
19337
19341
19343
19345
19348
19349
19352
19353
19354
19357
19358
19360
19361
19362
19366
19368
19371
19377
19378
19380
19381
19382
19384
19385
19386
19387
19389
19391
19394
19398
19400
19401
19402
19403
19404
19406
19407
19409
19411
19413
19414
19415
19416
19419
19420
19421
19422
19423
19427
19428
19431
19432
19433
19435
19439
19442
19443
19449
19456
19457
19460
19462
19463
19464
19465
19466
19467
19468
19469
19471
19476
19477
19479
19481
19488
19489
19490
19492
19493
19494
19497
19498
19499
19504
19508
19509
19510
19512
19513
19514
19515
19520
19521
19522
19523
19526
19527
19528
19529
19530
19532
19533
19535
19536
19538
19543
19544
19552
19553
19554
19555
19557
19558
19559
19560
19562
19565
19566
19567
19571
19572
19573
19577
19578
19579
19580
19581
19582
19584
19586
19587
19589
19591
19592
19595
19596
19597
19598
19599
19602
19606
19607
19611
19613
19614
19615
19620
19622
19623
19624
19625
19626
19628
19632
19633
19636
19638
19641
19643
19648
19649
19652
19653
19658
19661
19664
19667
19668
19670
19671
19672
19675
19678
19679
19681
19682
19683
19684
19686
19690
19692
19693
19700
19702
19703
19704
19705
19706
19708
19709
19710
19714
19715
19720
19722
19724
19726
19727
19729
19730
19732
19734
19735
19736
19739
19740
19742
19743
19744
19752
19753
19754
19755
19757
19761
19764
19765
19766
19767
19768
19770
19772
19773
19777
19783
19785
19786
19787
19788
19789
19792
19796
19798
19799
19800
19802
19803
19804
19805
19806
19807
19811
19812
19815
19817
19818
19822
19827
19828
19829
19831
19835
19836
19838
19840
19842
19844
19845
19854
19862
19864
19865
19866
19867
19868
19869
19870
19875
19876
19881
19882
19884
19889
19891
19893
19894
19895
19897
19900
19901
19907
19908
19909
19913
19916
19918
19920
19922
19923
19925
19927
19928
19929
19933
19934
19935
19937
19938
19939
19945
19946
19948
19951
19956
19957
19958
19959
19961
19962
19966
19968
19971
19973
19975
19978
19980
19986
19988
19992
19993
19994
19997
20002
20005
20006
20007
20011
20012
20015
20016
20018
20022
20025
20026
20031
20032
20036
20040
20042
20044
20045
20047
20048
20049
20052
20054
20057
20058
20059
20060
20062
20064
20065
20067
20070
20071
20072
20073
20077
20079
20080
20082
20083
20086
20088
20090
20094
20095
20097
20103
20104
20105
20106
20107
20108
20110
20111
20113
20114
20116
20120
20121
20122
20123
20126
20127
20129
20130
20132
20133
20134
20138
20139
20142
20146
20147
20149
20153
20154
20157
20159
20160
20163
20168
20169
20173
20174
20176
20180
20183
20185
20189
20190
20193
20196
20198
20207
20208
20210
20218
20221
20223
20229
20233
20234
20235
20236
20238
20239
20240
20246
20248
20249
20252
20254
20256
20257
20260
20265
20268
20269
20270
20271
20275
20276
20279
20281
20282
20286
20288
20290
20292
20293
20295
20298
20299
20302
20306
20307
20312
20316
20317
20321
20322
20323
20328
20331
20333
20337
20338
20346
20355
20358
20361
20366
20373
20374
20376
20377
20378
20379
20387
20389
20390
20391
20394
20396
20398
20399
20405
20409
20412
20414
20416
20417
20423
20432
20436
20446
20452
20455
20457
20459
20460
20464
20467
20470
20475
20478
20480
20482
20483
20485
20486
20492
20494
20499
20500
20503
20507
20514
20518
20520
20524
20527
20531
20535
20536
20539
20541
20543
20545
20548
20551
20555
20563
20567
20571
20572
20573
20582
20586
20589
20591
20593
20596
20601
20602
20603
20605
20608
20609
20612
20615
20616
20620
20623
20626
20627
20630
20637
20638
20644
20649
20654
20656
20657
20658
20665
20667
20668
20671
20672
20678
20679
20681
20682
20683
20690
20691
20695
20696
20699
20700
20701
20704
20706
20707
20710
20711
20713
20714
20717
20719
20724
20726
20731
20732
20733
20735
20738
20739
20741
20742
20744
20747
20755
20760
20762
20763
20764
20767
20769
20771
20773
20774
20777
20782
20784
20789
20791
20793
20798
20799
20800
20804
20807
20808
20809
20811
20814
20818
20831
20834
20836
20837
20840
20846
20852
20853
20856
20864
20868
20872
20876
20877
20878
20882
20883
20911
20912
20916
20917
20920
20921
20925
20927
20928
20931
20934
20935
20940
20941
20942
20944
20945
20952
20954
20955
20957
20958
20959
20961
20963
20964
20965
20966
20967
20971
20973
20974
20975
20977
20980
20983
20984
20985
20986
20987
20988
20990
20991
20992
20994
20998
20999
21000
21002
21003
21008
21013
21014
21018
21021
21024
21025
21026
21027
21029
21038
21039
21044
21046
21048
21050
21051
21052
21055
21056
21057
21058
21059
21060
21061
21062
21063
21064
21065
21068
21069
21071
21073
21075
21076
21078
21079
21081
21082
21083
21084
21085
21088
21090
21091
21092
21094
21095
21096
21098
21099
21100
21101
21102
21103
21104
21105
21106
21107
21108
21111
21112
21113
21114
21115
21116
21117
21118
21119
21120
21121
21122
21123
21124
21126
21127
21128
21129
21130
21131
21132
21133
21134
21135
21136
21137
21139
21141
21143
21144
21145
21146
21147
21149
21150
21151
21152
21153
21154
21155
21156
21158
21159
21160
21161
21162
21163
21164
21165
21166
21167
21168
21169
21170
21171
21172
21174
21175
21176
21177
21180
21182
21183
21184
21185
21186
21187
21188
21189
21190
21191
21193
21194
21196
21197
21198
21199
21200
21201
21203
21204
21205
21206
21207
21208
21209
21211
21213
21214
21215
21218
21220
21221
21223
21224
21225
21226
21228
21229
21230
21231
21233
21238
21240
21242
21244
21245
21247
21248
21249
21251
21252
21254
21255
21257
21259
21260
21261
21262
21263
21264
21265
21267
21268
21270
21271
21273
21274
21276
21281
21282
21284
21286
21287
21288
21289
21290
21291
21292
21294
21296
21298
21299
21300
21301
21305
21307
21308
21309
21310
21314
21316
21317
21318
21319
21322
21325
21326
21329
21330
21331
21334
21335
21337
21338
21339
21343
21344
21345
21346
21349
21350
21351
21353
21354
21356
21358
21359
21361
21362
21365
21366
21367
21370
21376
21377
21379
21380
21381
21382
21383
21384
21385
21386
21388
21391
21392
21394
21395
21396
21397
21399
21400
21401
21406
21407
21408
21409
21411
21412
21413
21415
21418
21419
21422
21423
21424
21425
21426
21428
21430
21432
21436
21437
21440
21441
21443
21444
21445
21446
21448
21449
21454
21455
21460
21461
21463
21465
21466
21467
21468
21469
21470
21471
21472
21474
21476
21477
21478
21479
21480
21481
21482
21483
21484
21485
21486
21487
21488
21489
21490
21492
21496
21498
21499
21500
21503
21504
21505
21508
21509
21510
21511
21512
21513
21516
21517
21519
21521
21522
21528
21529
21531
21532
21533
21538
21539
21540
21541
21543
21544
21546
21550
21551
21553
21554
21555
21556
21558
21559
21560
21561
21562
21563
21565
21570
21571
21572
21573
21575
21578
21580
21581
21585
21586
21587
21588
21589
21590
21592
21595
21602
21603
21607
21608
21609
21610
21612
21613
21615
21616
21617
21618
21619
21620
21622
21623
21624
21625
21626
21627
21628
21629
21631
21633
21637
21638
21643
21645
21646
21647
21648
21653
21658
21659
21660
21661
21662
21665
21667
21669
21670
21673
21674
21676
21678
21680
21681
21683
21685
21690
21691
21696
21697
21698
21701
21704
21706
21708
21709
21710
21712
21715
21719
21721
21723
21724
21725
21726
21727
21732
21734
21737
21738
21739
21743
21744
21745
21750
21752
21754
21759
21769
21770
21775
21777
21782
21783
21787
21788
21789
21790
21798
21800
21802
21805
21806
21809
21810
21813
21815
21818
21820
21825
21826
21828
21831
21832
21834
21838
21842
21843
21845
21848
21851
21852
21854
21856
21858
21859
21860
21861
21869
21871
21872
21875
21877
21878
21880
21881
21882
21885
21886
21887
21895
21897
21898
21899
21900
21903
21907
21909
21910
21911
21914
21915
21918
21919
21920
21921
21923
21927
21929
21931
21932
21933
21934
21935
21938
21939
21940
21942
21944
21948
21950
21952
21953
21954
21955
21959
21962
21963
21964
21966
21968
21973
21977
21979
21981
21982
21983
21986
21987
21989
21991
21992
21993
21995
21997
21999
22000
22004
22005
22007
22009
22010
22016
22018
22020
22024
22027
22031
22032
22033
22034
22035
22036
22037
22038
22042
22043
22045
22046
22047
22050
22052
22053
22054
22056
22057
22058
22060
22062
22063
22064
22067
22068
22071
22072
22073
22074
22076
22077
22079
22080
22082
22084
22087
22088
22089
22090
22091
22093
22096
22099
22100
22102
22104
22105
22107
22109
22110
22112
22113
22114
22115
22117
22118
22119
22122
22123
22125
22126
22128
22129
22130
22131
22133
22135
22136
22138
22139
22142
22143
22144
22145
22147
22148
22151
22152
22155
22158
22159
22162
22163
22165
22167
22169
22170
22171
22172
22174
22177
22178
22179
22180
22183
22186
22188
22189
22191
22196
22199
22200
22201
22202
22203
22204
22210
22211
22212
22213
22214
22217
22220
22222
22223
22225
22227
22228
22230
22232
22237
22238
22239
22240
22241
22242
22243
22244
22245
22246
22247
22249
22255
22257
22258
22259
22260
22261
22262
22263
22264
22267
22268
22269
22270
22275
22276
22277
22278
22279
22280
22281
22282
22283
22284
22291
22304
22308
22310
22313
22322
22323
22329
22332
22338
22341
22342
22374
22401
22410
22411
22419
22420
22427
22428
22429
22430
22431
22435
22442
22443
22445
22467
22469
22487
22490
22524
22529
22536
22544
22578
22580
22603
22610
22620
22639
22653
22658
22670
22671
22694
22702
22718
22724
22726
22727
22742
22769
22772
22783
22786
22792
22803
22840
22844
22859
22893
22902
22913
22921
22929
22948
22950
22958
22959
22960
22965
22966
22967
22968
22969
22970
22971
22972
22973
22974
22975
22976
22978
22979
22980
22981
22983
22984
22985
22986
22987
22988
22989
22990
22992
22994
22995
22997
22998
23000
23001
23002
23003
23004
23006
23007
23008
23009
23010
23011
23012
23014
23015
23016
23017
23019
23020
23022
23025
23026
23030
23031
23032
23035
23036
23039
23040
23041
23042
23043
23044
23045
23050
23052
23053
23055
23057
23059
23062
23064
23065
23066
23071
23072
23075
23076
23077
23078
23080
23083
23084
23085
23086
23087
23088
23089
23091
23092
23093
23095
23097
23098
23099
23102
23103
23105
23107
23108
23114
23115
23116
23117
23120
23121
23122
23125
23129
23133
23134
23136
23137
23142
23145
23146
23147
23148
23149
23152
23154
23155
23157
23158
23159
23163
23164
23165
23166
23167
23168
23171
23172
23174
23175
23178
23180
23181
23182
23185
23186
23188
23190
23193
23194
23196
23198
23199
23200
23203
23206
23207
23209
23210
23212
23214
23215
23216
23217
23219
23222
23224
23228
23229
23233
23237
23239
23240
23241
23242
23243
23244
23246
23248
23249
23250
23254
23255
23258
23261
23263
23268
23269
23271
23272
23273
23275
23278
23281
23283
23285
23286
23287
23288
23290
23291
23293
23294
23295
23296
23299
23301
23302
23304
23305
23309
23311
23312
23313
23314
23316
23317
23324
23325
23328
23329
23334
23336
23338
23339
23340
23344
23346
23347
23350
23351
23353
23354
23357
23358
23359
23361
23362
23363
23365
23367
23368
23369
23370
23372
23378
23379
23381
23382
23383
23384
23385
23386
23387
23388
23391
23394
23395
23397
23398
23399
23400
23401
23402
23404
23405
23412
23413
23415
23417
23418
23419
23423
23432
23434
23440
23441
23443
23444
23445
23446
23448
23455
23458
23459
23461
23462
23463
23467
23468
23473
23474
23476
23488
23489
23491
23494
23498
23500
23501
23502
23503
23505
23507
23508
23510
23512
23513
23518
23521
23523
23525
23526
23532
23536
23537
23539
23541
23545
23546
23549
23550
23552
23554
23555
23560
23562
23563
23565
23570
23573
23579
23581
23582
23583
23584
23586
23592
23593
23595
23597
23600
23603
23605
23607
23608
23609
23610
23611
23612
23614
23617
23622
23623
23632
23633
23636
23637
23639
23642
23649
23653
23656
23657
23658
23659
23660
23665
23666
23671
23673
23675
23682
23683
23684
23685
23687
23688
23690
23692
23694
23696
23700
23706
23711
23717
23720
23723
23729
23733
23739
23742
23745
23752
23758
23759
23761
23762
23766
23770
23771
23772
23778
23783
23787
23791
23796
23797
23800
23802
23803
23804
23807
23808
23810
23811
23815
23817
23820
23825
23834
23839
23841
23845
23846
23847
23848
23850
23851
23852
23856
23859
23860
23861
23862
23863
23864
23866
23867
23869
23873
23874
23875
23876
23877
23878
23887
23888
23889
23891
23892
23894
23899
23900
23921
23925
23928
23930
23932
23935
23943
23946
23948
23957
23958
23960
23962
23965
23966
23970
23974
23978
23982
23983
23993
23994
23999
24000
24007
24013
24016
24018
24028
24031
24036
24037
24043
24044
24045
24046
24049
24051
24054
24057
24064
24065
24066
24067
24069
24071
24075
24079
24081
24082
24091
24094
24095
24099
24101
24105
24106
24111
24118
24123
24136
24140
24142
24152
24155
24166
24173
24174
24175
24182
24183
24184
24187
24188
24189
24190
24196
24200
24202
24207
24209
24215
24217
24218
24221
24225
24228
24239
24240
24241
24242
24245
24250
24251
24252
24257
24258
24259
24262
24264
24268
24270
24279
24281
24296
24305
24307
24308
24309
24310
24315
24317
24323
24327
24329
24330
24338
24339
24340
24345
24350
24358
24363
24372
24373
24375
24376
24381
24382
24386
24390
24397
24400
24407
24424
24428
24430
24437
24445
24449
24452
24453
24454
24455
24456
24458
24469
24470
24479
24480
24481
24487
24490
24494
24496
24498
24507
24513
24517
24525
24526
24528
24529
24531
24532
24542
24554
24563
24567
24568
24569
24579
24581
24582
24583
24586
24591
24599
24600
24601
24604
24606
24609
24611
24612
24613
24615
24625
24630
24634
24635
24636
24637
24638
24639
24640
24641
24645
24647
24657
24658
24661
24665
24666
24667
24668
24670
24671
24672
24675
24677
24678
24685
24686
24690
24694
24695
24698
24699
24702
24706
24712
24713
24714
24716
24717
24720
24722
24727
24728
24729
24731
24732
24733
24734
24735
24738
24741
24742
24743
24746
24747
24749
24752
24754
24755
24758
24762
24763
24767
24768
24770
24771
24772
24773
24774
24775
24777
24778
24779
24780
24785
24786
24787
24788
24789
24790
24793
24794
24795
24796
24798
24799
24800
24802
24803
24804
24805
24806
24807
24808
24809
24810
24812
24813
24814
24815
24817
24818
24819
24820
24821
24822
24823
24824
24825
24826
24827
24828
24830
24832
24834
24835
24836
24837
24840
24841
24842
24843
24844
24845
24846
24847
24848
24850
24851
24852
24853
24855
24856
24857
24858
24860
24863
24865
24866
24868
24869
24870
24872
24874
24878
24879
24880
24881
24882
24883
24885
24886
24888
24889
24891
24892
24894
24896
24898
24899
24900
24901
24902
24903
24904
24905
24906
24907
24908
24910
24911
24912
24913
24915
24917
24919
24920
24921
24923
24924
24925
24926
24927
24928
24930
24931
24932
24934
24935
24936
24937
24938
24939
24940
24941
24942
24943
24944
24945
24947
24948
24950
24951
24952
24954
24958
24959
24960
24961
24962
24963
24967
24968
24970
24971
24973
24974
24975
24977
24980
24981
24982
24984
24985
24988
24990
24994
24995
24996
25000
25001
25002
25003
25005
25007
25008
25009
25011
25012
25013
25014
25015
25020
25021
25022
25023
25024
25026
25027
25028
25029
25031
25036
25038
25039
25040
25042
25044
25046
25049
25052
25053
25054
25057
25058
25060
25061
25063
25065
25068
25070
25071
25075
25077
25080
25081
25083
25084
25089
25090
25091
25093
25094
25095
25096
25097
25098
25100
25102
25103
25105
25106
25108
25109
25114
25115
25121
25122
25126
25127
25128
25130
25132
25133
25134
25136
25137
25139
25141
25142
25144
25149
25150
25151
25152
25155
25165
25166
25167
25168
25170
25171
25172
25174
25175
25179
25180
25181
25182
25185
25186
25187
25188
25190
25191
25192
25193
25194
25195
25197
25199
25200
25201
25202
25203
25204
25205
25207
25209
25210
25212
25213
25215
25217
25218
25219
25224
25225
25226
25227
25229
25230
25233
25235
25236
25238
25241
25243
25244
25245
25246
25247
25259
25260
25263
25264
25266
25268
25270
25271
25273
25274
25276
25282
25283
25284
25285
25286
25287
25289
25290
25293
25294
25298
25300
25302
25304
25306
25308
25309
25316
25317
25319
25322
25326
25328
25329
25331
25333
25334
25338
25340
25342
25344
25345
25347
25352
25353
25360
25362
25367
25382
25383
25384
25385
25386
25388
25390
25391
25392
25399
25402
25403
25404
25405
25406
25410
25411
25412
25415
25416
25418
25420
25422
25430
25433
25434
25435
25438
25440
25441
25442
25446
25447
25449
25451
25455
25456
25457
25460
25461
25463
25464
25467
25468
25469
25470
25476
25477
25479
25481
25483
25488
25490
25491
25492
25496
25497
25499
25502
25503
25504
25505
25507
25508
25509
25511
25512
25513
25514
25515
25516
25520
25522
25524
25529
25532
25534
25536
25537
25538
25539
25540
25541
25542
25543
25545
25558
25559
25561
25562
25563
25564
25567
25568
25570
25571
25572
25577
25578
25581
25583
25588
25590
25591
25592
25595
25596
25599
25600
25601
25603
25604
25606
25607
25608
25609
25613
25615
25621
25622
25625
25627
25628
25629
25630
25633
25635
25636
25638
25641
25642
25643
25645
25646
25648
25649
25650
25654
25657
25660
25662
25663
25664
25668
25669
25672
25673
25676
25678
25679
25681
25683
25688
25690
25693
25696
25697
25698
25702
25706
25707
25708
25709
25712
25713
25714
25717
25718
25721
25722
25723
25726
25730
25732
25733
25734
25735
25741
25743
25744
25745
25746
25747
25748
25749
25750
25751
25754
25757
25761
25764
25765
25767
25768
25770
25771
25772
25776
25777
25781
25784
25786
25789
25792
25794
25798
25799
25800
25801
25802
25803
25804
25807
25808
25812
25815
25816
25818
25819
25820
25824
25826
25828
25829
25830
25832
25836
25837
25839
25840
25841
25842
25843
25844
25845
25846
25848
25850
25853
25854
25856
25857
25858
25862
25865
25866
25869
25871
25872
25873
25876
25879
25881
25883
25884
25886
25888
25889
25890
25891
25893
25901
25902
25906
25907
25913
25915
25919
25920
25921
25923
25924
25925
25926
25927
25928
25929
25931
25937
25938
25939
25940
25941
25942
25944
25945
25946
25949
25950
25953
25954
25955
25956
25957
25958
25959
25960
25961
25962
25963
25966
25967
25968
25969
25972
25975
25976
25977
25980
25983
25984
25985
25987
25989
25990
25991
25992
25997
26000
26001
26003
26004
26006
26007
26011
26012
26015
26020
26024
26025
26027
26029
26031
26033
26036
26037
26039
26047
26049
26054
26060
26062
26063
26065
26066
26071
26073
26082
26086
26087
26089
26095
26096
26101
26107
26109
26110
26112
26113
26114
26124
26126
26128
26141
26142
26143
26153
26154
26155
26156
26158
26159
26160
26162
26165
26168
26175
26183
26186
26195
26196
26209
26212
26224
26228
26229
26232
26256
26259
26261
26271
26278
26292
26308
26311
26317
26325
26334
26336
26338
26344
26353
26356
26357
26361
26365
26375
26384
26390
26398
26408
26423
26447
26451
26464
26467
26482
26483
26486
26503
26505
26517
26522
26526
26533
26535
26537
26539
26540
26550
26555
26571
26575
26578
26588
26600
26601
26629
26631
26641
26643
26647
26652
26660
26663
26664
26672
26674
26675
26676
26678
26679
26681
26682
26683
26684
26685
26686
26687
26688
26689
26690
26691
26692
26693
26694
26695
26698
26699
26700
26701
26703
26704
26705
26706
26708
26709
26710
26711
26712
26713
26715
26716
26717
26718
26719
26720
26721
26722
26723
26724
26725
26726
26729
26730
26731
26732
26733
26734
26736
26738
26739
26742
26743
26744
26746
26747
26751
26752
26754
26756
26757
26758
26760
26761
26762
26764
26765
26767
26768
26770
26771
26774
26776
26777
26778
26779
26782
26786
26787
26790
26791
26793
26794
26795
26796
26797
26798
26799
26801
26802
26803
26804
26805
26808
26809
26810
26811
26812
26814
26815
26816
26818
26819
26820
26822
26825
26827
26828
26830
26831
26833
26834
26835
26836
26837
26838
26839
26840
26842
26843
26846
26847
26848
26849
26850
26851
26854
26856
26858
26859
26860
26861
26866
26869
26871
26873
26875
26877
26878
26879
26881
26884
26885
26887
26890
26891
26892
26896
26897
26898
26899
26902
26904
26905
26906
26907
26908
26909
26910
26913
26917
26918
26920
26921
26923
26926
26927
26928
26929
26932
26933
26935
26936
26937
26938
26941
26942
26945
26946
26947
26950
26951
26953
26956
26957
26959
26961
26962
26963
26964
26965
26966
26970
26971
26972
26975
26977
26979
26980
26981
26982
26983
26985
26986
26988
26989
26990
26992
26993
26995
26997
26998
26999
27000
27001
27005
27006
27008
27009
27011
27014
27015
27018
27019
27020
27023
27025
27029
27030
27031
27034
27041
27042
27046
27047
27048
27049
27050
27052
27053
27054
27059
27060
27061
27065
27069
27071
27077
27079
27080
27081
27082
27084
27085
27086
27091
27095
27096
27098
27099
27100
27101
27104
27105
27106
27107
27108
27109
27110
27111
27112
27114
27119
27120
27121
27124
27126
27127
27129
27130
27132
27133
27134
27137
27139
27140
27143
27148
27150
27154
27155
27158
27159
27160
27161
27162
27164
27166
27167
27169
27172
27173
27174
27175
27176
27177
27178
27180
27183
27184
27188
27191
27195
27196
27197
27200
27201
27204
27205
27207
27211
27213
27214
27216
27217
27219
27220
27221
27222
27223
27225
27226
27228
27232
27234
27237
27243
27246
27248
27250
27255
27256
27258
27260
27261
27264
27265
27266
27268
27270
27271
27272
27274
27277
27281
27285
27286
27287
27288
27290
27295
27297
27298
27305
27308
27309
27310
27311
27312
27314
27316
27317
27319
27323
27325
27327
27328
27329
27330
27331
27332
27334
27335
27336
27343
27346
27347
27354
27356
27357
27361
27366
27371
27373
27374
27377
27380
27384
27387
27388
27389
27391
27399
27401
27408
27409
27412
27413
27414
27415
27416
27417
27419
27420
27422
27423
27425
27426
27431
27434
27437
27439
27440
27442
27443
27445
27446
27447
27452
27454
27455
27456
27458
27460
27461
27462
27464
27466
27470
27472
27473
27474
27476
27477
27478
27479
27483
27484
27485
27487
27488
27490
27491
27493
27495
27497
27498
27499
27500
27504
27505
27509
27510
27515
27516
27518
27521
27522
27525
27527
27530
27532
27533
27535
27536
27537
27539
27552
27553
27554
27556
27558
27560
27566
27567
27568
27570
27571
27572
27575
27578
27582
27584
27587
27589
27591
27594
27597
27600
27601
27608
27611
27612
27613
27614
27615
27621
27622
27624
27628
27633
27634
27636
27640
27642
27646
27648
27655
27657
27662
27663
27668
27676
27677
27678
27679
27680
27682
27684
27685
27689
27692
27693
27696
27698
27703
27707
27709
27710
27713
27718
27720
27721
27723
27724
27725
27726
27727
27730
27731
27732
27733
27734
27738
27740
27745
27747
27751
27752
27754
27756
27759
27761
27763
27764
27765
27766
27767
27769
27778
27782
27785
27786
27790
27792
27793
27797
27801
27805
27807
27808
27811
27812
27817
27819
27820
27821
27828
27829
27830
27839
27844
27845
27849
27851
27853
27854
27864
27865
27873
27875
27880
27885
27888
27889
27893
27894
27898
27901
27902
27903
27906
27908
27913
27915
27922
27927
27931
27935
27942
27943
27946
27950
27952
27953
27954
27955
27959
27960
27964
27965
27969
27971
27976
27977
27978
27987
27992
27993
27995
27999
28005
28008
28009
28010
28012
28013
28014
28016
28017
28019
28023
28024
28026
28029
28031
28036
28037
28044
28045
28048
28049
28052
28053
28058
28061
28062
28065
28070
28071
28082
28084
28086
28087
28093
28094
28097
28100
28102
28110
28111
28117
28121
28131
28140
28142
28145
28148
28157
28159
28160
28164
28166
28167
28180
28183
28184
28185
28190
28199
28200
28204
28211
28213
28215
28217
28218
28234
28235
28237
28240
28242
28245
28247
28250
28262
28263
28264
28268
28271
28272
28277
28280
28281
28284
28292
28296
28297
28298
28300
28305
28317
28325
28334
28337
28339
28340
28344
28345
28349
28350
28354
28356
28359
28361
28365
28370
28372
28373
28375
28379
28380
28381
28382
28384
28385
28386
28389
28392
28393
28395
28396
28397
28398
28399
28400
28402
28404
28407
28408
28410
28411
28412
28413
28416
28419
28420
28427
28428
28433
28434
28436
28437
28440
28441
28442
28443
28445
28446
28448
28451
28453
28455
28456
28457
28460
28463
28468
28470
28472
28476
28480
28483
28485
28486
28487
28488
28490
28491
28492
28493
28494
28496
28497
28498
28499
28500
28501
28502
28503
28504
28505
28507
28508
28509
28510
28511
28512
28513
28514
28516
28517
28518
28519
28520
28522
28523
28524
28526
28527
28528
28530
28532
28533
28534
28535
28536
28538
28539
28540
28541
28542
28544
28545
28546
28547
28548
28549
28550
28551
28552
28553
28554
28555
28556
28557
28558
28559
28560
28561
28563
28564
28567
28568
28569
28571
28572
28573
28575
28576
28578
28579
28580
28581
28582
28583
28584
28586
28588
28589
28590
28592
28593
28594
28595
28596
28597
28598
28599
28600
28602
28603
28604
28605
28606
28608
28610
28611
28612
28613
28614
28615
28616
28618
28621
28622
28624
28625
28626
28627
28628
28629
28631
28632
28633
28634
28637
28638
28639
28641
28642
28644
28645
28646
28648
28649
28651
28652
28653
28654
28658
28661
28662
28663
28666
28667
28668
28670
28673
28674
28675
28676
28677
28679
28680
28681
28683
28684
28685
28686
28688
28689
28690
28691
28693
28695
28696
28698
28699
28700
28701
28703
28704
28707
28709
28710
28713
28714
28715
28716
28717
28718
28719
28722
28724
28725
28726
28727
28729
28730
28731
28732
28734
28735
28736
28738
28739
28740
28741
28742
28744
28745
28747
28750
28751
28753
28754
28755
28756
28758
28760
28761
28763
28764
28765
28766
28767
28770
28771
28772
28773
28774
28777
28778
28780
28781
28782
28785
28786
28788
28789
28790
28791
28793
28794
28795
28796
28798
28803
28809
28811
28812
28813
28814
28816
28818
28821
28822
28823
28827
28828
28831
28832
28833
28834
28835
28836
28839
28840
28841
28843
28846
28847
28848
28850
28852
28853
28856
28859
28863
28864
28865
28868
28869
28877
28878
28881
28882
28884
28885
28890
28891
28895
28896
28899
28900
28902
28904
28905
28907
28909
28910
28911
28912
28913
28915
28916
28917
28918
28921
28922
28924
28925
28926
28927
28933
28935
28938
28939
28940
28941
28942
28943
28944
28947
28949
28950
28952
28956
28957
28958
28959
28960
28961
28962
28966
28967
28971
28974
28978
28979
28982
28983
28984
28988
28990
28991
28992
28993
28996
28997
28999
29001
29006
29008
29009
29016
29017
29018
29020
29021
29023
29025
29028
29031
29034
29035
29036
29041
29045
29046
29047
29051
29052
29053
29059
29061
29063
29064
29065
29070
29071
29080
29082
29083
29085
29086
29087
29088
29097
29099
29104
29106
29108
29109
29118
29122
29124
29125
29126
29127
29130
29132
29133
29134
29136
29137
29138
29147
29148
29149
29151
29152
29153
29154
29160
29163
29171
29172
29174
29175
29177
29178
29182
29183
29189
29190
29193
29194
29195
29197
29198
29208
29209
29210
29211
29213
29218
29223
29224
29225
29227
29228
29230
29233
29234
29237
29238
29239
29242
29244
29246
29247
29248
29251
29252
29254
29255
29256
29257
29258
29259
29260
29263
29264
29266
29269
29274
29275
29276
29278
29280
29282
29284
29286
29290
29295
29297
29299
29300
29302
29304
29306
29313
29314
29315
29318
29319
29320
29322
29323
29326
29330
29332
29334
29335
29337
29338
29342
29344
29345
29349
29355
29357
29359
29362
29363
29368
29370
29372
29375
29376
29377
29378
29380
29382
29383
29384
29386
29387
29391
29393
29395
29404
29410
29411
29414
29416
29417
29419
29420
29424
29425
29426
29427
29428
29430
29434
29435
29439
29440
29443
29444
29448
29451
29452
29454
29455
29456
29457
29458
29459
29460
29463
29464
29465
29466
29469
29471
29472
29473
29474
29475
29477
29478
29479
29481
29482
29483
29484
29485
29487
29488
29489
29490
29492
29493
29495
29498
29499
29500
29501
29502
29503
29504
29505
29506
29507
29508
29509
29510
29512
29515
29517
29518
29519
29521
29522
29525
29527
29528
29529
29530
29532
29533
29534
29537
29538
29540
29541
29542
29543
29547
29550
29551
29552
29553
29555
29556
29557
29558
29559
29561
29563
29564
29567
29568
29569
29571
29572
29573
29576
29578
29579
29580
29581
29582
29587
29590
29591
29593
29594
29598
29599
29600
29601
29602
29604
29605
29607
29608
29610
29612
29616
29617
29618
29619
29620
29621
29626
29627
29629
29631
29633
29638
29639
29640
29641
29642
29643
29644
29645
29648
29649
29651
29652
29655
29656
29658
29659
29660
29662
29663
29664
29665
29667
29668
29669
29670
29671
29673
29674
29675
29677
29681
29682
29685
29686
29687
29688
29689
29690
29691
29692
29693
29694
29697
29698
29699
29701
29702
29703
29704
29705
29706
29707
29709
29710
29711
29712
29713
29714
29715
29720
29738
29743
29750
29753
29755
29763
29764
29770
29778
29780
29781
29784
29789
29806
29813
29818
29827
29833
29834
29835
29836
29842
29843
29846
29848
29851
29852
29854
29855
29857
29858
29864
29869
29870
29874
29875
29877
29880
29882
29900
29906
29911
29914
29915
29922
29931
29939
29947
29957
29958
29962
29973
29989
30002
30003
30008
30019
30020
30026
30031
30086
30095
30110
30120
30122
30127
30154
30155
30163
30177
30179
30192
30197
30200
30204
30221
30231
30237
30238
30240
30245
30247
30263
30264
30268
30269
30273
30279
30285
30287
30290
30295
30306
30314
30339
30341
30346
30348
30351
30354
30366
30377
30380
30387
30390
30391
30393
30394
30395
30396
30398
30399
30400
30401
30402
30403
30404
30405
30406
30407
30408
30409
30410
30411
30412
30413
30414
30415
30417
30419
30420
30421
30422
30423
30424
30425
30426
30428
30429
30431
30432
30433
30434
30435
30436
30437
30438
30439
30440
30441
30442
30443
30444
30445
30446
30447
30449
30450
30451
30452
30453
30454
30456
30458
30459
30460
30462
30464
30465
30468
30470
30471
30472
30474
30475
30478
30479
30480
30481
30482
30483
30485
30486
30487
30488
30490
30491
30492
30493
30494
30495
30496
30498
30499
30500
30503
30504
30505
30506
30508
30509
30510
30512
30514
30515
30516
30517
30518
30519
30520
30523
30524
30525
30526
30527
30528
30529
30530
30531
30532
30533
30536
30538
30539
30543
30544
30545
30547
30548
30549
30550
30551
30552
30554
30555
30556
30558
30559
30561
30562
30564
30565
30569
30570
30571
30573
30574
30575
30576
30577
30578
30584
30585
30587
30588
30589
30590
30591
30592
30593
30595
30596
30599
30606
30607
30608
30609
30610
30611
30612
30613
30614
30615
30616
30618
30619
30620
30621
30622
30625
30627
30628
30629
30632
30633
30634
30635
30637
30638
30639
30641
30643
30644
30645
30646
30648
30649
30650
30651
30652
30655
30656
30657
30659
30661
30662
30663
30665
30668
30669
30670
30671
30672
30673
30674
30675
30676
30677
30678
30679
30680
30682
30685
30686
30687
30688
30689
30690
30691
30692
30695
30696
30697
30698
30699
30701
30702
30704
30706
30708
30711
30713
30714
30716
30718
30719
30721
30722
30723
30725
30729
30731
30736
30738
30739
30740
30741
30744
30749
30750
30760
30763
30765
30766
30767
30768
30770
30771
30774
30775
30776
30778
30779
30780
30781
30782
30783
30785
30790
30791
30793
30795
30796
30798
30799
30800
30803
30805
30809
30810
30811
30812
30813
30814
30816
30817
30820
30821
30822
30823
30824
30825
30827
30831
30832
30833
30835
30840
30841
30844
30846
30847
30848
30849
30851
30852
30853
30854
30855
30856
30858
30859
30860
30861
30862
30864
30868
30869
30873
30874
30875
30876
30879
30880
30887
30888
30889
30890
30891
30892
30894
30896
30897
30900
30901
30902
30903
30904
30905
30909
30910
30911
30912
30913
30914
30915
30916
30919
30923
30924
30926
30928
30929
30930
30931
30932
30933
30935
30937
30940
30941
30942
30945
30946
30948
30949
30950
30951
30953
30954
30956
30959
30962
30963
30964
30965
30969
30971
30972
30975
30977
30978
30980
30983
30984
30985
30987
30988
30989
30990
30991
30992
30993
30996
30998
30999
31001
31002
31004
31006
31007
31008
31009
31010
31012
31013
31015
31018
31019
31021
31023
31024
31025
31026
31027
31028
31031
31033
31035
31037
31038
31039
31041
31045
31048
31049
31050
31051
31052
31053
31055
31059
31060
31061
31064
31065
31068
31071
31072
31075
31076
31078
31080
31081
31082
31084
31085
31086
31087
31088
31090
31091
31092
31093
31097
31098
31099
31100
31102
31103
31104
31105
31108
31109
31115
31118
31120
31123
31124
31127
31128
31130
31132
31133
31135
31136
31137
31139
31142
31143
31145
31146
31148
31149
31151
31153
31154
31157
31158
31161
31162
31166
31168
31170
31172
31173
31174
31175
31176
31177
31178
31179
31181
31182
31184
31189
31190
31191
31192
31194
31195
31196
31197
31198
31199
31200
31202
31206
31207
31209
31212
31213
31215
31216
31217
31219
31221
31222
31224
31225
31226
31228
31232
31234
31235
31237
31239
31246
31247
31248
31253
31255
31257
31262
31264
31265
31266
31268
31271
31274
31275
31278
31279
31281
31283
31284
31286
31287
31289
31291
31292
31293
31295
31296
31297
31301
31302
31303
31304
31305
31306
31309
31310
31311
31313
31315
31319
31322
31324
31327
31329
31332
31335
31336
31347
31349
31350
31351
31353
31356
31359
31360
31363
31364
31370
31371
31374
31375
31376
31385
31387
31388
31390
31391
31394
31395
31397
31399
31402
31406
31408
31409
31410
31411
31412
31415
31419
31423
31425
31426
31427
31428
31429
31430
31435
31437
31440
31444
31445
31449
31451
31453
31463
31465
31471
31477
31478
31480
31482
31485
31492
31494
31496
31497
31499
31500
31502
31503
31508
31509
31510
31513
31517
31518
31519
31522
31523
31525
31531
31533
31546
31553
31556
31559
31561
31563
31567
31570
31574
31578
31587
31592
31597
31599
31601
31602
31603
31611
31612
31616
31620
31624
31625
31626
31628
31634
31636
31643
31645
31646
31649
31656
31658
31664
31666
31667
31668
31672
31673
31675
31676
31677
31678
31679
31680
31681
31683
31685
31687
31691
31692
31696
31698
31702
31707
31708
31709
31712
31714
31721
31723
31724
31727
31728
31729
31730
31733
31744
31745
31746
31750
31751
31755
31756
31758
31759
31766
31767
31768
31770
31775
31776
31777
31779
31780
31781
31784
31785
31786
31791
31792
31798
31801
31803
31804
31805
31807
31816
31825
31829
31836
31838
31849
31852
31857
31858
31862
31865
31866
31870
31875
31876
31880
31881
31882
31884
31886
31888
31897
31898
31904
31907
31914
31918
31920
31922
31924
31935
31937
31938
31941
31944
31945
31946
31947
31951
31952
31953
31954
31955
31956
31962
31967
31970
31978
31979
31983
31987
31988
31994
31995
31996
31997
32001
32007
32009
32010
32014
32023
32029
32035
32037
32039
32040
32043
32048
32049
32050
32053
32055
32057
32058
32059
32064
32066
32067
32068
32069
32070
32073
32074
32084
32085
32086
32087
32092
32093
32095
32096
32098
32099
32100
32101
32103
32106
32107
32109
32110
32112
32113
32119
32120
32122
32125
32126
32127
32129
32130
32132
32134
32135
32140
32141
32142
32143
32144
32147
32150
32153
32155
32156
32158
32160
32161
32162
32163
32164
32167
32169
32170
32171
32173
32174
32175
32176
32178
32184
32186
32188
32189
32190
32193
32194
32195
32196
32198
32199
32200
32201
32202
32204
32205
32206
32207
32208
32210
32211
32212
32213
32215
32216
32217
32218
32219
32221
32222
32223
32224
32225
32226
32227
32228
32229
32230
32231
32232
32233
32234
32235
32236
32237
32240
32241
32242
32244
32245
32246
32247
32248
32250
32251
32254
32255
32256
32257
32258
32259
32260
32261
32262
32263
32265
32266
32267
32268
32269
32270
32271
32272
32273
32274
32275
32276
32277
32278
32279
32280
32281
32282
32283
32285
32286
32287
32289
32290
32291
32292
32293
32294
32295
32296
32297
32298
32300
32301
32303
32305
32306
32307
32308
32309
32310
32311
32313
32314
32316
32317
32319
32320
32321
32322
32323
32324
32325
32326
32327
32328
32330
32331
32332
32333
32335
32336
32338
32339
32340
32342
32343
32345
32346
32347
32348
32349
32351
32353
32354
32355
32356
32360
32362
32363
32364
32365
32366
32367
32368
32371
32373
32375
32376
32377
32378
32379
32380
32381
32382
32383
32385
32386
32387
32388
32389
32390
32391
32394
32395
32396
32397
32398
32399
32400
32401
32403
32407
32408
32409
32410
32411
32412
32414
32415
32416
32418
32420
32423
32424
32425
32427
32428
32429
32430
32431
32432
32433
32434
32435
32436
32437
32438
32439
32440
32441
32442
32444
32445
32446
32447
32448
32449
32450
32451
32452
32454
32456
32457
32458
32459
32461
32463
32465
32467
32470
32471
32472
32473
32474
32476
32479
32480
32481
32484
32485
32486
32487
32488
32489
32492
32495
32496
32498
32501
32502
32503
32505
32506
32507
32509
32511
32512
32514
32515
32516
32517
32521
32522
32523
32524
32525
32526
32528
32533
32534
32536
32537
32538
32539
32540
32541
32542
32543
32544
32546
32547
32549
32550
32552
32554
32555
32557
32558
32561
32562
32563
32564
32565
32566
32567
32569
32571
32572
32575
32576
32578
32579
32582
32583
32586
32588
32591
32592
32593
32594
32595
32596
32597
32598
32599
32601
32602
32603
32604
32606
32607
32609
32615
32616
32617
32618
32619
32621
32622
32623
32624
32625
32626
32627
32628
32629
32630
32631
32632
32633
32635
32637
32638
32639
32640
32644
32645
32646
32648
32649
32650
32652
32653
32655
32656
32657
32658
32661
32662
32666
32668
32669
32671
32673
32674
32676
32677
32678
32680
32681
32683
32685
32686
32687
32688
32690
32691
32692
32693
32695
32696
32697
32698
32699
32700
32701
32702
32703
32704
32705
32706
32707
32708
32711
32713
32715
32717
32720
32722
32723
32727
32728
32729
32730
32732
32733
32734
32738
32743
32744
32747
32748
32749
32752
32753
32754
32757
32758
32759
32760
32762
32764
32765
32769
32773
32775
32776
32777
32778
32780
32781
32782
32784
32785
32786
32788
32794
32795
32796
32798
32802
32804
32805
32806
32807
32808
32811
32812
32813
32814
32815
32816
32819
32820
32825
32828
32831
32832
32835
32838
32839
32840
32844
32845
32847
32850
32851
32852
32861
32862
32863
32865
32866
32868
32871
32874
32877
32883
32884
32885
32886
32892
32897
32899
32900
32902
32903
32906
32907
32908
32911
32912
32915
32916
32920
32923
32926
32928
32932
32934
32935
32941
32942
32944
32945
32948
32950
32952
32953
32954
32955
32960
32961
32964
32965
32966
32968
32969
32970
32972
32973
32974
32975
32978
32979
32980
32983
32988
32990
32991
32993
32996
32997
32999
33000
33001
33002
33006
33008
33009
33011
33013
33018
33019
33020
33022
33024
33027
33028
33029
33030
33031
33035
33036
33037
33038
33042
33043
33044
33049
33052
33053
33054
33056
33057
33058
33061
33063
33065
33066
33068
33070
33071
33072
33073
33074
33075
33076
33077
33080
33082
33084
33086
33087
33088
33090
33091
33092
33094
33096
33097
33100
33101
33106
33107
33111
33117
33118
33119
33120
33122
33124
33125
33128
33129
33130
33132
33133
33134
33135
33136
33137
33138
33139
33141
33142
33146
33147
33148
33150
33151
33153
33154
33156
33157
33158
33160
33162
33166
33169
33170
33171
33173
33174
33175
33176
33177
33178
33179
33180
33181
33185
33189
33191
33192
33193
33194
33196
33199
33200
33202
33203
33204
33205
33208
33209
33211
33212
33213
33214
33215
33216
33217
33218
33219
33220
33224
33226
33227
33228
33229
33230
33231
33232
33233
33235
33236
33241
33242
33243
33245
33247
33248
33249
33252
33254
33255
33256
33257
33259
33260
33261
33262
33265
33266
33267
33268
33269
33270
33271
33272
33273
33274
33275
33277
33278
33280
33281
33282
33283
33285
33286
33290
33293
33294
33296
33297
33298
33300
33301
33302
33303
33304
33305
33306
33309
33310
33311
33312
33314
33315
33316
33317
33318
33321
33322
33324
33325
33326
33328
33330
33331
33334
33335
33336
33337
33339
33340
33341
33343
33346
33348
33349
33352
33353
33354
33355
33356
33357
33359
33362
33364
33365
33367
33368
33369
33370
33371
33372
33373
33375
33377
33378
33379
33380
33381
33382
33384
33385
33386
33387
33388
33389
33390
33391
33394
33396
33397
33399
33400
33401
33403
33404
33405
33406
33407
33408
33410
33411
33413
33414
33415
33416
33417
33418
33419
33420
33423
33424
33425
33431
33433
33434
33438
33446
33447
33456
33463
33464
33466
33467
33469
33470
33477
33488
33495
33501
33503
33510
33514
33516
33517
33523
33528
33537
33539
33546
33549
33551
33552
33554
33556
33565
33568
33569
33577
33578
33582
33584
33587
33588
33589
33591
33596
33598
33600
33609
33611
33612
33623
33632
33633
33658
33671
33682
33693
33701
33710
33712
33714
33719
33724
33727
33729
33752
33758
33762
33766
33770
33772
33778
33781
33782
33788
33793
33794
33795
33796
33800
33801
33806
33814
33823
33824
33834
33844
33847
33848
33851
33852
33853
33860
33868
33877
33881
33890
33892
33893
33912
33914
33924
33925
33929
33935
33945
33947
33958
33977
33978
33989
33997
34001
34006
34009
34014
34022
34027
34028
34029
34036
34043
34050
34057
34059
34062
34065
34070
34077
34094
34100
34101
34102
34106
34108
34109
34110
34112
34113
34114
34115
34116
34117
34118
34119
34120
34122
34126
34128
34129
34130
34132
34133
34134
34135
34136
34137
34138
34139
34140
34141
34142
34143
34144
34145
34146
34147
34148
34149
34150
34151
34152
34155
34156
34157
34159
34160
34161
34163
34164
34166
34167
34168
34172
34173
34174
34175
34179
34181
34182
34184
34185
34186
34188
34189
34190
34192
34193
34194
34195
34197
34198
34199
34201
34202
34204
34205
34206
34208
34210
34211
34212
34214
34215
34216
34218
34221
34223
34224
34225
34226
34227
34229
34231
34232
34233
34235
34237
34238
34241
34244
34245
34247
34249
34250
34251
34253
34255
34256
34259
34260
34262
34263
34264
34265
34266
34267
34269
34270
34271
34272
34275
34276
34277
34278
34279
34282
34283
34284
34286
34287
34288
34289
34290
34291
34292
34293
34294
34297
34299
34301
34302
34303
34305
34306
34307
34308
34309
34310
34311
34313
34314
34315
34316
34318
34319
34321
34322
34323
34324
34325
34326
34327
34330
34332
34333
34334
34335
34336
34337
34340
34341
34344
34345
34346
34349
34353
34354
34357
34361
34362
34364
34368
34369
34370
34374
34375
34376
34377
34378
34379
34380
34382
34383
34384
34387
34388
34389
34390
34392
34393
34394
34396
34398
34399
34400
34402
34403
34406
34408
34409
34411
34412
34413
34414
34416
34417
34418
34420
34421
34422
34424
34425
34426
34428
34429
34430
34431
34432
34433
34434
34435
34436
34437
34438
34440
34441
34442
34443
34445
34446
34447
34450
34452
34453
34455
34456
34457
34460
34461
34463
34464
34467
34468
34470
34471
34472
34474
34476
34478
34482
34483
34484
34487
34488
34489
34491
34492
34493
34494
34497
34498
34499
34500
34503
34504
34505
34506
34507
34509
34510
34511
34512
34513
34514
34519
34520
34521
34522
34524
34525
34526
34527
34528
34531
34533
34534
34535
34537
34538
34539
34541
34542
34544
34546
34549
34551
34554
34555
34556
34557
34558
34560
34561
34562
34563
34565
34568
34569
34570
34571
34572
34573
34575
34580
34582
34583
34585
34586
34587
34588
34590
34594
34595
34598
34600
34601
34603
34604
34605
34606
34607
34608
34609
34610
34611
34614
34616
34617
34618
34619
34620
34621
34625
34626
34628
34629
34631
34633
34634
34637
34643
34644
34645
34646
34647
34649
34650
34653
34654
34655
34656
34660
34661
34662
34663
34665
34666
34670
34672
34675
34676
34677
34678
34679
34682
34685
34687
34688
34691
34692
34693
34694
34696
34698
34699
34701
34702
34703
34704
34705
34707
34708
34709
34712
34713
34715
34716
34718
34720
34721
34722
34723
34724
34725
34726
34728
34729
34731
34732
34734
34735
34737
34740
34742
34744
34745
34749
34750
34751
34753
34754
34756
34760
34761
34762
34763
34764
34766
34767
34770
34771
34773
34774
34775
34778
34779
34780
34782
34783
34784
34786
34789
34790
34793
34794
34795
34796
34799
34801
34804
34805
34806
34807
34809
34812
34813
34814
34815
34816
34817
34819
34824
34825
34827
34829
34830
34831
34832
34834
34835
34837
34838
34839
34841
34842
34845
34847
34848
34849
34850
34852
34853
34854
34859
34861
34862
34863
34864
34865
34867
34869
34870
34871
34872
34873
34875
34876
34877
34880
34881
34883
34886
34887
34888
34892
34893
34894
34895
34897
34898
34899
34903
34904
34905
34906
34908
34909
34911
34913
34914
34915
34918
34921
34923
34925
34926
34929
34932
34933
34934
34936
34938
34939
34940
34945
34946
34950
34951
34953
34955
34959
34960
34961
34962
34963
34964
34967
34968
34969
34970
34975
34977
34979
34980
34981
34986
34987
34988
34993
34995
34996
35000
35003
35005
35006
35007
35008
35009
35011
35015
35018
35019
35020
35021
35022
35024
35025
35029
35032
35033
35037
35038
35040
35041
35042
35043
35046
35047
35050
35056
35058
35059
35060
35061
35062
35063
35064
35065
35067
35068
35070
35074
35077
35078
35081
35085
35089
35090
35092
35096
35097
35098
35102
35104
35105
35107
35108
35110
35112
35113
35115
35116
35118
35119
35120
35123
35124
35125
35126
35133
35135
35136
35137
35139
35141
35142
35144
35145
35149
35150
35151
35152
35153
35154
35155
35157
35159
35160
35161
35165
35166
35167
35170
35171
35173
35177
35183
35185
35187
35188
35190
35193
35194
35196
35199
35201
35206
35211
35216
35217
35220
35222
35224
35233
35234
35235
35236
35237
35239
35244
35245
35246
35247
35248
35250
35251
35255
35257
35258
35260
35264
35267
35268
35269
35271
35272
35275
35278
35284
35285
35287
35291
35293
35295
35297
35298
35301
35303
35307
35308
35309
35317
35318
35323
35326
35328
35331
35332
35336
35337
35338
35339
35340
35341
35344
35348
35350
35353
35356
35361
35363
35368
35372
35373
35374
35376
35378
35381
35383
35387
35389
35390
35392
35394
35395
35397
35399
35406
35407
35410
35411
35412
35415
35418
35421
35422
35423
35425
35433
35436
35438
35440
35441
35447
35450
35451
35456
35457
35458
35459
35464
35465
35470
35471
35472
35473
35476
35481
35482
35483
35487
35488
35489
35492
35493
35494
35496
35498
35499
35501
35502
35504
35505
35509
35511
35512
35513
35514
35515
35516
35521
35522
35524
35526
35528
35532
35533
35538
35539
35542
35546
35548
35550
35551
35552
35555
35556
35561
35563
35566
35567
35570
35571
35572
35573
35574
35578
35579
35587
35594
35595
35597
35598
35601
35604
35606
35607
35611
35612
35616
35617
35621
35623
35626
35627
35628
35629
35633
35634
35635
35637
35638
35640
35641
35643
35644
35645
35646
35649
35654
35658
35665
35667
35670
35673
35674
35676
35678
35680
35686
35687
35696
35699
35703
35708
35709
35712
35714
35717
35720
35722
35723
35726
35727
35728
35731
35732
35733
35737
35740
35741
35742
35743
35745
35753
35757
35760
35762
35766
35767
35770
35772
35777
35778
35781
35782
35783
35784
35787
35788
35789
35792
35793
35796
35798
35800
35801
35802
35803
35805
35806
35807
35808
35809
35810
35813
35816
35817
35819
35821
35823
35824
35825
35826
35827
35828
35829
35830
35832
35833
35835
35836
35837
35838
35839
35840
35841
35843
35844
35845
35847
35848
35849
35852
35854
35855
35856
35857
35858
35859
35861
35862
35864
35866
35869
35871
35873
35874
35877
35881
35882
35883
35884
35885
35888
35889
35890
35892
35894
35896
35900
35901
35903
35904
35908
35910
35913
35914
35916
35917
35918
35919
35920
35921
35922
35924
35925
35927
35929
35930
35931
35935
35937
35938
35939
35940
35941
35943
35944
35945
35946
35947
35948
35949
35950
35951
35952
35954
35955
35956
35957
35958
35959
35960
35961
35962
35963
35964
35965
35966
35967
35968
35969
35970
35972
35973
35974
35975
35976
35977
35978
35979
35980
35982
35983
35984
35985
35986
35987
35988
35989
35990
35991
35992
35993
35994
35995
35996
35997
35999
36000
36001
36002
36003
36004
36005
36006
36007
36008
36009
36010
36011
36014
36015
36016
36017
36018
36019
36021
36022
36023
36024
36025
36026
36027
36030
36031
36032
36033
36034
36036
36037
36038
36040
36041
36042
36043
36044
36045
36046
36047
36049
36051
36052
36053
36055
36056
36057
36059
36062
36063
36064
36065
36069
36070
36071
36072
36073
36074
36076
36078
36079
36080
36081
36082
36083
36085
36086
36087
36088
36089
36090
36092
36093
36094
36096
36098
36100
36101
36102
36103
36104
36105
36108
36110
36111
36112
36113
36115
36117
36118
36119
36121
36122
36123
36124
36125
36126
36127
36128
36129
36130
36132
36133
36136
36137
36138
36140
36141
36142
36143
36144
36145
36146
36150
36151
36152
36153
36154
36155
36156
36157
36158
36163
36164
36165
36166
36170
36171
36172
36174
36175
36179
36181
36182
36183
36184
36185
36186
36190
36193
36194
36197
36198
36199
36200
36202
36203
36204
36206
36207
36208
36209
36210
36214
36215
36217
36218
36219
36221
36226
36229
36230
36234
36235
36236
36237
36238
36239
36241
36242
36243
36245
36246
36248
36249
36250
36251
36252
36254
36255
36256
36257
36259
36260
36261
36262
36263
36264
36265
36267
36268
36269
36270
36272
36274
36275
36276
36278
36279
36280
36281
36282
36284
36285
36286
36287
36289
36290
36292
36293
36294
36296
36298
36299
36300
36302
36304
36305
36306
36307
36309
36310
36311
36312
36313
36314
36315
36316
36317
36320
36321
36323
36324
36325
36326
36328
36330
36331
36332
36333
36334
36335
36336
36337
36338
36339
36340
36341
36343
36344
36345
36346
36347
36348
36351
36354
36355
36356
36359
36360
36361
36364
36365
36366
36367
36368
36369
36370
36371
36374
36376
36378
36379
36382
36383
36384
36385
36386
36387
36392
36394
36395
36396
36397
36399
36405
36406
36407
36408
36409
36410
36411
36412
36414
36416
36417
36418
36419
36420
36421
36424
36427
36428
36429
36430
36432
36433
36434
36436
36437
36439
36441
36442
36443
36444
36445
36446
36447
36448
36449
36454
36455
36456
36459
36461
36462
36463
36464
36465
36468
36470
36471
36472
36473
36474
36476
36478
36479
36480
36483
36484
36485
36486
36487
36489
36493
36499
36501
36502
36504
36506
36508
36509
36513
36514
36515
36525
36526
36527
36529
36532
36533
36534
36536
36537
36541
36545
36546
36548
36549
36551
36552
36553
36557
36558
36560
36562
36564
36565
36568
36570
36571
36572
36574
36575
36576
36579
36580
36581
36582
36588
36590
36593
36594
36596
36598
36599
36600
36601
36603
36605
36606
36609
36611
36612
36613
36614
36615
36618
36621
36622
36623
36624
36626
36630
36632
36636
36637
36639
36640
36641
36644
36645
36646
36651
36652
36655
36656
36658
36659
36660
36661
36662
36664
36665
36666
36668
36669
36672
36674
36675
36677
36682
36683
36684
36685
36686
36687
36688
36689
36690
36692
36693
36697
36700
36701
36702
36703
36704
36705
36706
36707
36708
36709
36710
36712
36713
36714
36716
36717
36720
36722
36727
36730
36733
36734
36738
36741
36742
36743
36746
36748
36749
36750
36751
36752
36755
36758
36759
36763
36767
36769
36770
36772
36773
36774
36775
36776
36777
36780
36781
36782
36783
36784
36789
36791
36792
36796
36797
36798
36799
36804
36805
36806
36808
36809
36810
36811
36814
36815
36816
36818
36819
36820
36821
36823
36824
36828
36831
36832
36833
36834
36835
36837
36838
36839
36840
36841
36842
36843
36844
36845
36848
36850
36851
36852
36853
36854
36855
36856
36857
36858
36860
36862
36863
36864
36865
36866
36868
36870
36871
36872
36873
36876
36878
36880
36881
36883
36884
36885
36886
36887
36888
36889
36891
36892
36893
36894
36896
36897
36898
36899
36900
36903
36905
36906
36907
36908
36909
36913
36914
36915
36916
36917
36918
36919
36920
36921
36922
36923
36929
36932
36935
36938
36939
36940
36943
36945
36946
36947
36949
36950
36952
36955
36956
36957
36960
36961
36962
36963
36965
36966
36968
36969
36971
36974
36976
36977
36979
36980
36981
36982
36983
36984
36986
36987
36989
36991
36993
36995
36996
36997
36998
36999
37000
37003
37004
37007
37009
37011
37012
37013
37014
37015
37018
37020
37021
37023
37025
37026
37027
37028
37031
37032
37035
37036
37037
37038
37039
37040
37041
37042
37043
37044
37045
37047
37048
37049
37050
37051
37054
37055
37056
37057
37058
37059
37060
37061
37063
37064
37066
37068
37069
37070
37071
37073
37075
37076
37078
37079
37080
37081
37082
37083
37084
37085
37086
37087
37088
37090
37091
37092
37093
37095
37097
37098
37099
37100
37101
37102
37103
37105
37106
37107
37110
37111
37113
37114
37116
37117
37118
37119
37120
37124
37125
37127
37129
37130
37131
37132
37133
37134
37137
37138
37139
