2
7
10
18
19
24
26
31
33
39
40
55
62
66
69
71
85
89
90
91
110
112
114
116
118
120
123
125
126
128
129
131
133
134
135
137
141
143
144
145
149
158
159
177
179
183
185
190
192
203
206
214
219
227
240
254
257
258
264
273
294
305
307
318
323
346
353
355
356
357
361
364
365
375
384
386
393
394
398
402
409
418
427
435
442
443
445
451
458
466
480
488
498
499
508
509
510
527
528
537
542
549
563
578
588
631
633
639
644
660
663
674
675
677
679
680
681
682
683
684
685
686
687
688
689
690
691
692
693
694
695
696
697
700
701
702
705
706
707
708
709
710
711
712
713
714
716
718
720
721
722
723
724
725
727
728
730
731
732
733
734
735
736
738
741
742
743
744
746
747
748
749
750
751
755
758
759
760
762
763
764
766
767
768
769
770
773
774
775
776
777
778
779
780
781
783
784
785
787
788
789
790
792
795
796
798
799
800
801
802
805
807
809
811
813
814
816
817
818
819
821
822
823
824
827
830
831
832
833
835
836
837
838
841
843
844
845
846
849
850
851
852
853
855
856
858
860
862
863
866
868
870
871
873
875
879
880
884
888
892
893
894
895
897
898
899
900
901
902
904
907
910
919
922
923
925
930
931
934
938
940
941
945
947
948
949
950
952
954
956
957
959
962
964
965
966
967
971
972
974
979
982
984
985
987
989
992
994
995
997
1000
1001
1002
1007
1009
1010
1011
1013
1014
1016
1019
1021
1022
1024
1025
1026
1027
1028
1029
1031
1036
1038
1040
1041
1044
1045
1050
1051
1054
1055
1056
1059
1061
1062
1064
1065
1066
1067
1071
1072
1074
1075
1078
1079
1081
1082
1083
1084
1085
1086
1087
1088
1089
1093
1096
1097
1098
1100
1102
1103
1104
1105
1107
1108
1111
1113
1114
1118
1121
1122
1125
1128
1130
1131
1133
1134
1135
1136
1137
1139
1146
1152
1154
1157
1161
1162
1163
1164
1171
1174
1175
1176
1177
1178
1182
1183
1185
1187
1188
1189
1192
1194
1195
1199
1204
1207
1209
1210
1217
1219
1221
1222
1224
1228
1230
1231
1236
1241
1245
1247
1251
1252
1257
1258
1261
1262
1265
1268
1270
1271
1273
1283
1287
1288
1295
1297
1299
1303
1306
1310
1311
1318
1319
1320
1323
1327
1330
1331
1332
1335
1336
1338
1339
1343
1345
1348
1349
1357
1358
1359
1362
1364
1366
1368
1369
1370
1373
1375
1376
1377
1379
1381
1383
1384
1385
1386
1387
1391
1396
1398
1401
1403
1405
1406
1407
1408
1410
1411
1416
1423
1424
1425
1433
1437
1439
1441
1448
1449
1452
1453
1459
1461
1462
1465
1466
1468
1472
1475
1477
1478
1481
1487
1488
1489
1490
1496
1497
1499
1501
1503
1505
1506
1507
1511
1514
1515
1516
1517
1524
1526
1527
1528
1530
1533
1535
1536
1537
1538
1539
1540
1541
1543
1544
1551
1552
1555
1556
1559
1560
1561
1562
1563
1564
1567
1569
1572
1574
1577
1579
1580
1581
1583
1584
1589
1590
1593
1598
1599
1606
1608
1609
1613
1614
1615
1616
1617
1621
1624
1625
1628
1629
1630
1631
1634
1637
1638
1640
1641
1643
1644
1646
1649
1651
1654
1659
1662
1666
1670
1671
1673
1676
1680
1682
1685
1686
1691
1692
1698
1701
1706
1707
1709
1715
1716
1718
1720
1723
1726
1727
1728
1729
1731
1732
1735
1736
1737
1740
1743
1745
1746
1751
1752
1753
1756
1759
1763
1764
1766
1767
1774
1775
1781
1785
1786
1787
1788
1790
1791
1796
1797
1798
1799
1801
1803
1807
1813
1820
1821
1830
1831
1832
1839
1842
1845
1849
1850
1856
1858
1866
1871
1873
1875
1878
1880
1885
1887
1890
1891
1899
1900
1905
1907
1908
1910
1912
1918
1922
1926
1928
1934
1935
1937
1939
1943
1944
1945
1949
1954
1955
1956
1957
1961
1962
1965
1966
1967
1970
1972
1974
1975
1976
1977
1978
1979
1980
1981
1989
1997
2002
2007
2009
2010
2012
2016
2021
2024
2025
2026
2028
2031
2032
2033
2038
2039
2043
2045
2046
2048
2060
2063
2067
2070
2072
2084
2086
2088
2094
2097
2102
2106
2108
2112
2113
2116
2120
2133
2135
2137
2146
2153
2158
2161
2163
2165
2166
2168
2169
2171
2174
2178
2184
2185
2187
2189
2194
2197
2201
2208
2214
2218
2221
2225
2232
2237
2239
2242
2244
2247
2248
2252
2254
2256
2258
2260
2263
2266
2274
2275
2288
2289
2292
2296
2297
2298
2309
2310
2320
2322
2323
2325
2327
2329
2331
2334
2340
2341
2346
2347
2350
2351
2352
2354
2356
2357
2361
2363
2365
2372
2373
2374
2376
2377
2378
2382
2383
2387
2388
2391
2393
2394
2397
2399
2400
2406
2407
2408
2410
2413
2414
2415
2416
2417
2418
2422
2429
2430
2432
2437
2443
2444
2447
2454
2455
2457
2459
2461
2470
2474
2481
2484
2487
2488
2489
2490
2491
2492
2493
2494
2495
2496
2498
2499
2500
2501
2502
2503
2504
2505
2506
2507
2509
2510
2512
2513
2514
2515
2516
2517
2518
2519
2520
2521
2522
2524
2525
2526
2527
2528
2529
2530
2531
2532
2533
2534
2535
2536
2537
2538
2539
2540
2541
2542
2544
2545
2546
2547
2549
2550
2551
2552
2553
2554
2555
2556
2557
2558
2559
2561
2562
2563
2564
2565
2566
2568
2569
2570
2571
2572
2573
2574
2576
2577
2579
2580
2581
2582
2584
2585
2586
2589
2590
2591
2592
2593
2594
2595
2596
2597
2598
2599
2601
2602
2603
2604
2605
2607
2608
2610
2612
2613
2614
2615
2616
2617
2619
2620
2621
2623
2624
2626
2627
2628
2629
2630
2631
2632
2633
2634
2635
2636
2637
2639
2640
2641
2642
2643
2646
2651
2652
2653
2654
2655
2658
2659
2660
2661
2662
2663
2664
2666
2668
2669
2670
2674
2676
2677
2678
2679
2681
2682
2683
2684
2686
2687
2688
2690
2691
2692
2693
2695
2696
2697
2698
2699
2700
2701
2702
2703
2707
2708
2709
2710
2711
2712
2715
2716
2717
2718
2719
2720
2721
2723
2724
2725
2726
2728
2729
2730
2733
2735
2736
2737
2738
2739
2740
2741
2742
2743
2744
2746
2747
2748
2751
2755
2756
2757
2758
2759
2760
2762
2764
2765
2766
2769
2771
2773
2776
2777
2779
2780
2782
2784
2786
2787
2789
2792
2793
2794
2795
2796
2799
2800
2801
2803
2805
2809
2810
2812
2813
2815
2816
2817
2818
2819
2822
2825
2826
2829
2830
2833
2834
2835
2837
2838
2841
2842
2844
2846
2847
2848
2849
2850
2852
2853
2854
2855
2857
2858
2860
2865
2866
2867
2868
2870
2871
2873
2876
2879
2880
2881
2882
2883
2886
2887
2888
2889
2890
2892
2894
2897
2898
2902
2904
2907
2908
2909
2910
2911
2914
2915
2917
2918
2919
2920
2921
2923
2924
2925
2928
2929
2930
2933
2936
2938
2940
2941
2942
2943
2944
2945
2946
2947
2948
2949
2952
2953
2954
2957
2959
2960
2967
2968
2969
2970
2971
2972
2973
2974
2975
2980
2983
2984
2986
2987
2989
2990
2992
2993
2994
2996
2998
3000
3001
3003
3005
3006
3008
3010
3011
3014
3016
3017
3018
3019
3022
3025
3026
3028
3029
3030
3031
3032
3033
3034
3035
3036
3037
3038
3040
3042
3045
3046
3047
3048
3049
3050
3052
3054
3061
3063
3067
3069
3070
3073
3074
3076
3078
3083
3087
3088
3089
3090
3091
3094
3095
3098
3099
3101
3103
3106
3108
3110
3111
3113
3117
3119
3120
3121
3123
3124
3126
3127
3128
3129
3131
3132
3134
3138
3144
3145
3148
3149
3150
3151
3154
3155
3156
3162
3163
3166
3168
3172
3173
3174
3177
3179
3184
3185
3187
3190
3192
3204
3205
3206
3210
3211
3212
3213
3215
3216
3219
3220
3222
3223
3224
3227
3229
3230
3232
3233
3234
3235
3236
3240
3242
3243
3245
3247
3248
3252
3253
3254
3256
3258
3259
3261
3262
3264
3266
3267
3268
3269
3273
3274
3275
3277
3278
3279
3282
3286
3287
3288
3290
3291
3293
3295
3296
3297
3299
3301
3302
3303
3305
3307
3309
3310
3315
3316
3317
3322
3325
3328
3329
3331
3332
3333
3337
3340
3341
3344
3345
3346
3349
3351
3352
3353
3354
3356
3358
3359
3360
3361
3362
3365
3366
3370
3375
3376
3377
3378
3379
3380
3381
3383
3384
3385
3388
3389
3391
3392
3393
3394
3395
3396
3398
3399
3401
3406
3407
3408
3421
3422
3425
3426
3427
3428
3429
3430
3434
3438
3439
3442
3443
3445
3446
3447
3450
3451
3456
3457
3458
3459
3461
3463
3465
3466
3467
3468
3471
3472
3473
3474
3477
3480
3481
3483
3484
3486
3488
3490
3491
3492
3493
3494
3496
3497
3500
3502
3503
3505
3506
3509
3510
3512
3514
3515
3517
3519
3521
3523
3524
3525
3526
3530
3531
3532
3534
3535
3536
3537
3539
3540
3544
3548
3549
3550
3554
3555
3556
3557
3559
3561
3562
3564
3567
3568
3569
3570
3571
3572
3574
3577
3578
3581
3584
3588
3592
3593
3594
3595
3597
3598
3599
3600
3601
3602
3604
3606
3609
3610
3614
3616
3617
3618
3621
3622
3623
3625
3631
3634
3635
3637
3640
3642
3643
3644
3649
3650
3651
3652
3653
3654
3657
3658
3661
3662
3665
3666
3667
3668
3669
3671
3673
3674
3675
3676
3680
3682
3688
3691
3693
3694
3696
3697
3698
3699
3700
3702
3703
3705
3706
3707
3710
3711
3712
3713
3716
3718
3724
3733
3734
3744
3751
3753
3756
3758
3761
3767
3768
3773
3776
3777
3778
3780
3782
3786
3793
3798
3803
3804
3805
3810
3814
3816
3827
3828
3829
3832
3835
3836
3837
3840
3848
3854
3855
3856
3857
3858
3859
3861
3865
3867
3868
3872
3876
3877
3878
3890
3891
3893
3920
3921
3925
3926
3933
3945
3946
3956
3961
3977
3986
3990
4021
4029
4033
4036
4037
4040
4042
4051
4052
4054
4069
4071
4073
4081
4083
4088
4091
4097
4102
4112
4115
4122
4125
4132
4141
4142
4144
4173
4180
4181
4197
4202
4205
4213
4217
4218
4219
4224
4227
4231
4238
4240
4243
4249
4251
4275
4276
4277
4279
4283
4294
4299
4304
4313
4316
4323
4333
4334
4339
4346
4348
4358
4359
4368
4372
4388
4389
4390
4391
4393
4394
4395
4396
4397
4398
4399
4401
4402
4403
4404
4405
4406
4407
4408
4409
4410
4411
4412
4414
4415
4416
4418
4419
4420
4421
4422
4423
4424
4425
4426
4427
4428
4430
4431
4433
4434
4436
4438
4439
4440
4441
4442
4443
4444
4445
4446
4447
4448
4449
4451
4452
4455
4456
4458
4459
4460
4461
4462
4464
4465
4468
4470
4471
4472
4473
4476
4477
4478
4480
4481
4482
4485
4486
4487
4488
4489
4492
4493
4496
4497
4498
4501
4502
4503
4504
4505
4506
4508
4509
4510
4512
4515
4516
4517
4519
4524
4525
4526
4527
4528
4530
4532
4533
4534
4535
4538
4539
4540
4541
4543
4544
4545
4546
4547
4548
4550
4551
4552
4553
4557
4559
4560
4563
4564
4565
4566
4572
4573
4574
4575
4576
4577
4580
4581
4582
4584
4589
4593
4594
4598
4602
4604
4605
4606
4608
4609
4611
4612
4614
4615
4619
4620
4622
4623
4633
4636
4637
4639
4643
4644
4645
4647
4650
4652
4655
4656
4658
4659
4660
4664
4665
4667
4669
4670
4672
4673
4675
4676
4680
4681
4685
4686
4688
4690
4691
4693
4695
4699
4701
4702
4703
4704
4705
4708
4709
4715
4716
4717
4718
4721
4723
4724
4725
4726
4729
4730
4732
4733
4740
4741
4745
4746
4747
4752
4755
4758
4762
4764
4765
4767
4769
4773
4774
4775
4776
4777
4780
4782
4785
4787
4790
4792
4795
4797
4800
4801
4802
4805
4807
4810
4811
4812
4814
4816
4818
4819
4821
4822
4823
4825
4827
4828
4832
4834
4835
4837
4839
4848
4849
4851
4853
4855
4856
4859
4860
4861
4862
4863
4864
4866
4869
4874
4876
4878
4881
4888
4891
4892
4895
4896
4897
4898
4900
4901
4902
4905
4906
4910
4913
4914
4916
4917
4919
4921
4925
4930
4931
4932
4933
4934
4935
4936
4937
4938
4944
4946
4948
4950
4959
4961
4962
4966
4967
4972
4975
4977
4979
4980
4985
4986
4987
4990
4991
4993
4996
4998
4999
5000
5001
5002
5003
5005
5008
5009
5012
5014
5017
5024
5027
5030
5034
5035
5037
5038
5039
5041
5042
5043
5044
5046
5048
5052
5053
5054
5064
5066
5067
5069
5070
5072
5073
5075
5077
5083
5084
5089
5090
5094
5097
5098
5099
5100
5101
5102
5104
5107
5108
5109
5112
5114
5115
5117
5120
5121
5122
5123
5124
5128
5130
5131
5132
5134
5138
5140
5141
5142
5143
5148
5151
5153
5155
5157
5159
5160
5162
5163
5165
5167
5169
5170
5172
5173
5175
5176
5177
5180
5181
5188
5189
5190
5192
5193
5194
5199
5200
5201
5202
5203
5204
5205
5206
5208
5209
5211
5213
5214
5226
5229
5230
5231
5236
5238
5241
5243
5244
5245
5246
5249
5250
5252
5253
5254
5258
5259
5261
5265
5266
5267
5269
5271
5273
5274
5278
5281
5282
5283
5286
5288
5289
5291
5293
5296
5300
5301
5303
5304
5306
5307
5313
5318
5320
5325
5327
5329
5330
5331
5334
5335
5337
5338
5339
5343
5348
5351
5354
5357
5358
5362
5363
5367
5376
5378
5379
5380
5381
5385
5387
5393
5394
5396
5400
5401
5404
5405
5407
5411
5412
5419
5423
5424
5427
5430
5434
5437
5440
5441
5443
5444
5445
5450
5451
5459
5463
5466
5473
5474
5475
5476
5477
5479
5480
5481
5482
5487
5489
5492
5493
5496
5497
5500
5502
5503
5505
5509
5511
5512
5513
5516
5519
5521
5525
5527
5533
5534
5535
5541
5549
5553
5559
5561
5562
5563
5565
5579
5580
5585
5591
5596
5605
5606
5611
5614
5619
5622
5624
5626
5632
5638
5640
5641
5648
5651
5654
5658
5662
5664
5666
5668
5669
5670
5672
5675
5676
5677
5679
5680
5681
5684
5686
5687
5689
5692
5694
5695
5703
5705
5711
5717
5718
5721
5722
5726
5730
5735
5739
5742
5743
5744
5745
5746
5748
5752
5753
5755
5759
5760
5763
5764
5769
5777
5785
5787
5800
5801
5806
5810
5811
5818
5820
5822
5824
5826
5830
5839
5847
5851
5853
5861
5864
5875
5880
5881
5882
5883
5885
5886
5888
5897
5899
5900
5920
5922
5927
5935
5937
5946
5951
5953
5958
5961
5962
5964
5966
5969
5972
5974
5975
5980
5984
5989
5996
5997
5999
6000
6004
6007
6012
6016
6017
6021
6025
6033
6034
6041
6042
6044
6045
6047
6048
6050
6053
6054
6055
6057
6060
6061
6062
6064
6065
6066
6069
6070
6071
6072
6073
6075
6084
6085
6086
6088
6090
6096
6097
6098
6101
6102
6103
6108
6110
6111
6114
6115
6116
6117
6120
6121
6124
6126
6129
6130
6131
6132
6134
6136
6140
6142
6143
6144
6146
6149
6151
6152
6153
6156
6157
6158
6161
6162
6165
6167
6169
6171
6175
6177
6179
6188
6190
6193
6195
6199
6200
6201
6202
6203
6204
6206
6207
6208
6209
6211
6214
6215
6216
6217
6218
6219
6220
6223
6224
6226
6227
6228
6229
6230
6231
6232
6234
6235
6236
6237
6238
6240
6241
6242
6243
6244
6246
6247
6248
6249
6250
6252
6254
6255
6256
6257
6258
6259
6260
6263
6264
6265
6266
6267
6268
6269
6272
6273
6275
6276
6277
6278
6279
6280
6281
6282
6283
6284
6285
6287
6288
6289
6290
6291
6292
6293
6294
6295
6296
6297
6298
6299
6300
6301
6302
6303
6306
6307
6308
6309
6310
6311
6312
6313
6314
6315
6316
6317
6318
6319
6320
6321
6322
6323
6324
6325
6326
6327
6328
6330
6331
6332
6333
6334
6335
6337
6338
6340
6341
6342
6343
6345
6346
6347
6350
6351
6353
6355
6356
6357
6358
6360
6362
6363
6364
6365
6366
6367
6368
6369
6370
6371
6372
6373
6374
6375
6378
6379
6380
6381
6382
6384
6385
6386
6387
6388
6389
6390
6391
6392
6393
6395
6396
6397
6398
6399
6402
6403
6404
6406
6407
6408
6410
6411
6413
6414
6415
6417
6418
6419
6420
6423
6424
6425
6426
6428
6429
6430
6431
6433
6434
6435
6436
6437
6438
6439
6440
6441
6442
6443
6444
6445
6446
6447
6449
6450
6451
6452
6454
6456
6457
6458
6463
6464
6466
6467
6469
6470
6472
6474
6475
6476
6477
6478
6479
6480
6481
6482
6487
6488
6489
6490
6493
6496
6498
6499
6500
6501
6502
6503
6504
6506
6507
6509
6511
6512
6513
6514
6516
6517
6519
6520
6521
6523
6524
6527
6531
6532
6533
6535
6536
6539
6543
6544
6547
6548
6549
6550
6551
6555
6556
6557
6559
6560
6561
6562
6563
6564
6568
6569
6570
6572
6573
6576
6580
6582
6584
6585
6587
6588
6591
6592
6593
6595
6596
6597
6600
6602
6604
6607
6608
6611
6612
6616
6618
6620
6621
6623
6624
6625
6626
6627
6629
6631
6632
6633
6634
6637
6638
6639
6640
6641
6642
6643
6644
6651
6652
6653
6654
6655
6656
6658
6659
6662
6663
6664
6665
6666
6668
6671
6673
6674
6683
6687
6689
6691
6693
6694
6695
6698
6700
6703
6704
6706
6707
6708
6709
6715
6716
6717
6718
6720
6722
6725
6727
6730
6732
6733
6734
6736
6738
6739
6742
6743
6744
6745
6747
6749
6750
6751
6752
6754
6759
6760
6761
6762
6763
6764
6766
6767
6768
6769
6774
6777
6779
6781
6782
6783
6785
6787
6793
6796
6797
6799
6800
6802
6803
6805
6807
6808
6809
6810
6813
6815
6816
6818
6820
6822
6825
6831
6832
6834
6835
6836
6837
6840
6841
6842
6845
6848
6852
6855
6863
6864
6868
6869
6870
6873
6876
6878
6879
6880
6881
6882
6885
6886
6887
6888
6891
6893
6894
6896
6900
6904
6909
6910
6911
6914
6916
6917
6919
6920
6922
6924
6926
6927
6929
6931
6932
6933
6936
6937
6939
6943
6944
6946
6948
6950
6954
6955
6957
6959
6960
6962
6964
6966
6968
6969
6970
6971
6973
6975
6976
6978
6980
6983
6985
6990
6991
6992
7000
7001
7002
7003
7004
7008
7009
7010
7011
7013
7015
7016
7019
7021
7022
7024
7025
7026
7029
7030
7031
7032
7033
7036
7038
7039
7042
7043
7046
7047
7048
7051
7054
7055
7057
7058
7061
7062
7063
7064
7065
7066
7067
7068
7070
7071
7072
7073
7074
7075
7076
7078
7079
7080
7084
7086
7087
7090
7092
7093
7094
7095
7098
7099
7102
7103
7106
7108
7109
7110
7111
7112
7115
7116
7118
7120
7122
7123
7125
7127
7128
7130
7132
7133
7134
7135
7136
7137
7138
7139
7140
7141
7142
7144
7150
7152
7153
7158
7160
7162
7164
7168
7170
7171
7174
7175
7177
7180
7181
7182
7185
7186
7187
7188
7191
7194
7197
7198
7199
7200
7201
7202
7203
7204
7206
7207
7208
7209
7210
7211
7215
7216
7217
7222
7223
7226
7227
7228
7229
7231
7233
7234
7235
7236
7243
7245
7246
7248
7249
7250
7251
7253
7254
7256
7257
7258
7259
7262
7263
7264
7269
7270
7271
7272
7273
7274
7275
7276
7277
7283
7284
7285
7286
7288
7289
7292
7294
7295
7296
7297
7298
7300
7301
7302
7305
7306
7307
7308
7309
7311
7314
7316
7317
7318
7321
7322
7324
7326
7327
7328
7331
7332
7335
7336
7337
7339
7340
7343
7345
7347
7348
7351
7353
7354
7356
7357
7358
7361
7363
7364
7366
7368
7369
7371
7372
7374
7375
7377
7379
7381
7382
7383
7385
7386
7387
7388
7389
7390
7391
7392
7394
7396
7398
7400
7402
7405
7410
7412
7413
7414
7416
7417
7419
7421
7423
7424
7425
7426
7427
7433
7434
7436
7460
7479
7480
7486
7492
7493
7505
7518
7525
7538
7539
7540
7542
7544
7553
7554
7557
7559
7562
7569
7571
7588
7589
7593
7598
7607
7611
7625
7633
7634
7635
7648
7660
7668
7690
7701
7702
7707
7712
7716
7719
7721
7747
7767
7780
7783
7794
7801
7808
7812
7830
7846
7852
7877
7879
7890
7894
7895
7896
7917
7920
7931
7947
7954
7957
7983
8015
8016
8028
8043
8053
8057
8071
8096
8099
8100
8103
8104
8105
8109
8110
8111
8112
8113
8115
8117
8118
8119
8120
8121
8122
8125
8126
8127
8128
8129
8130
8131
8132
8133
8134
8136
8137
8138
8139
8140
8141
8142
8143
8144
8146
8147
8149
8150
8152
8153
8155
8156
8159
8160
8161
8162
8163
8164
8165
8167
8168
8169
8170
8174
8175
8176
8178
8179
8180
8185
8186
8187
8188
8190
8191
8192
8194
8195
8196
8197
8198
8201
8207
8208
8210
8213
8216
8217
8218
8220
8222
8226
8227
8230
8232
8235
8239
8240
8242
8244
8249
8252
8255
8256
8258
8259
8261
8264
8265
8266
8270
8272
8273
8274
8277
8278
8279
8280
8286
8288
8290
8291
8296
8303
8306
8308
8309
8320
8322
8324
8325
8326
8327
8328
8329
8332
8336
8337
8340
8346
8350
8351
8357
8359
8361
8365
8366
8367
8368
8370
8371
8373
8379
8382
8384
8387
8388
8390
8393
8394
8403
8405
8412
8413
8415
8417
8419
8422
8423
8428
8429
8430
8431
8435
8436
8437
8441
8445
8446
8457
8460
8473
8480
8481
8483
8486
8489
8490
8493
8494
8495
8501
8505
8506
8507
8511
8512
8514
8515
8519
8521
8524
8528
8529
8530
8536
8537
8539
8540
8541
8546
8549
8551
8552
8556
8557
8559
8560
8562
8567
8570
8571
8573
8574
8577
8578
8579
8581
8586
8588
8590
8592
8597
8599
8600
8605
8606
8610
8611
8613
8616
8619
8620
8624
8625
8628
8635
8637
8644
8645
8647
8649
8650
8664
8665
8669
8675
8680
8681
8686
8688
8690
8693
8694
8696
8707
8712
8714
8715
8719
8722
8723
8725
8726
8733
8739
8740
8741
8744
8747
8749
8750
8754
8755
8759
8760
8764
8766
8771
8776
8779
8780
8784
8785
8787
8789
8791
8792
8796
8797
8801
8803
8804
8808
8813
8814
8820
8824
8825
8826
8827
8831
8833
8834
8836
8838
8839
8841
8844
8846
8848
8852
8856
8857
8864
8865
8867
8868
8873
8876
8880
8887
8889
8893
8894
8897
8899
8900
8903
8905
8906
8915
8916
8917
8922
8923
8927
8932
8935
8940
8945
8946
8947
8948
8951
8952
8956
8959
8961
8963
8964
8966
8967
8968
8976
8978
8980
8983
8984
8987
8988
8990
8991
8992
8997
8999
9000
9001
9005
9006
9007
9011
9013
9021
9023
9026
9032
9038
9041
9043
9044
9051
9055
9056
9062
9065
9079
9086
9088
9090
9092
9093
9097
9099
9101
9103
9107
9110
9114
9118
9123
9126
9135
9136
9137
9143
9144
9147
9148
9151
9153
9154
9155
9156
9157
9162
9165
9166
9169
9171
9172
9179
9182
9184
9186
9187
9188
9189
9190
9192
9193
9194
9196
9198
9203
9204
9210
9214
9216
9223
9224
9226
9232
9237
9248
9250
9261
9267
9270
9274
9280
9282
9288
9301
9306
9308
9309
9310
9313
9315
9327
9336
9338
9339
9344
9358
9373
9374
9383
9384
9388
9389
9393
9394
9395
9400
9401
9403
9406
9409
9412
9415
9420
9423
9438
9440
9446
9449
9451
9453
9456
9457
9466
9469
9473
9474
9475
9478
9485
9491
9495
9501
9515
9516
9520
9525
9526
9531
9532
9534
9536
9539
9540
9546
9547
9553
9561
9569
9573
9594
9597
9599
9611
9613
9619
9622
9625
9626
9629
9630
9632
9644
9647
9653
9661
9667
9668
9674
9675
9686
9710
9713
9716
9722
9725
9730
9737
9739
9747
9748
9751
9753
9755
9757
9759
9767
9769
9774
9778
9779
9783
9784
9789
9803
9808
9809
9810
9811
9813
9815
9816
9817
9819
9821
9822
9825
9829
9832
9833
9835
9842
9843
9846
9848
9849
9850
9851
9854
9855
9856
9857
9858
9860
9861
9863
9865
9866
9867
9871
9872
9876
9880
9881
9883
9885
9887
9890
9891
9909
9915
9916
9917
9918
9920
9922
9923
9926
9931
9932
9933
9934
9936
9937
9938
9940
9941
9942
9943
9946
9947
9948
9949
9951
9952
9953
9954
9956
9957
9958
9960
9961
9962
9963
9965
9966
9968
9969
9970
9971
9972
9973
9974
9975
9976
9978
9979
9980
9982
9983
9984
9985
9986
9987
9988
9990
9991
9992
9993
9994
9996
9997
9998
9999
10001
10002
10003
10005
10006
10007
10009
10012
10013
10014
10016
10018
10019
10020
10024
10025
10026
10027
10029
10030
10031
10032
10033
10035
10036
10038
10040
10041
10042
10044
10045
10048
10049
10050
10052
10053
10054
10055
10056
10057
10058
10059
10060
10061
10063
10065
10067
10068
10069
10071
10072
10073
10074
10075
10076
10078
10079
10081
10083
10084
10086
10087
10088
10089
10092
10093
10096
10097
10098
10099
10100
10102
10103
10104
10105
10106
10107
10109
10110
10112
10113
10117
10118
10119
10121
10124
10125
10127
10128
10129
10131
10133
10136
10137
10138
10144
10145
10146
10148
10149
10152
10154
10156
10157
10159
10161
10162
10164
10165
10166
10168
10169
10170
10172
10173
10174
10175
10178
10181
10183
10184
10185
10187
10188
10190
10192
10193
10199
10201
10202
10204
10205
10207
10209
10212
10215
10216
10217
10221
10222
10225
10228
10230
10234
10237
10240
10241
10243
10245
10246
10247
10249
10250
10253
10254
10256
10257
10258
10259
10261
10262
10266
10268
10269
10270
10272
10273
10276
10277
10278
10279
10280
10282
10283
10285
10287
10289
10290
10293
10294
10295
10296
10298
10299
10300
10307
10309
10310
10311
10313
10314
10316
10318
10319
10320
10323
10325
10326
10331
10332
10335
10339
10342
10343
10345
10346
10347
10348
10351
10352
10354
10356
10358
10361
10366
10367
10369
10370
10371
10372
10373
10377
10378
10379
10382
10384
10387
10389
10402
10403
10408
10409
10412
10413
10414
10417
10418
10420
10421
10422
10424
10427
10431
10433
10434
10438
10439
10441
10442
10444
10446
10447
10448
10449
10450
10451
10453
10458
10463
10464
10466
10468
10469
10472
10473
10476
10477
10478
10480
10482
10483
10489
10491
10492
10495
10496
10497
10498
10501
10506
10510
10511
10513
10514
10515
10517
10518
10520
10522
10523
10527
10529
10534
10535
10536
10538
10539
10548
10551
10554
10555
10559
10560
10562
10566
10572
10577
10578
10582
10584
10585
10589
10590
10593
10595
10600
10601
10602
10607
10608
10609
10613
10614
10616
10617
10618
10621
10624
10628
10635
10641
10642
10646
10647
10649
10651
10653
10656
10660
10662
10666
10667
10668
10669
10672
10676
10678
10680
10681
10684
10686
10688
10689
10691
10692
10693
10694
10699
10704
10706
10708
10715
10716
10718
10720
10723
10727
10729
10730
10733
10738
10740
10745
10746
10747
10750
10753
10754
10757
10760
10765
10768
10769
10774
10777
10778
10779
10785
10793
10798
10799
10804
10808
10812
10813
10817
10820
10821
10822
10823
10824
10826
10846
10849
10851
10853
10855
10862
10863
10865
10867
10871
10874
10876
10878
10879
10882
10883
10885
10887
10891
10892
10893
10894
10895
10898
10899
10900
10901
10902
10905
10909
10911
10912
10916
10917
10918
10920
10921
10924
10927
10928
10929
10931
10940
10941
10943
10946
10947
10949
10956
10957
10958
10959
10962
10963
10965
10967
10968
10971
10972
10973
10976
10977
10978
10981
10983
10984
10985
10986
10989
10990
10994
10998
10999
11000
11002
11009
11010
11012
11014
11020
11022
11024
11027
11028
11029
11030
11031
11034
11040
11042
11045
11046
11051
11054
11056
11057
11058
11059
11060
11062
11065
11067
11068
11070
11071
11072
11073
11075
11077
11078
11080
11081
11082
11083
11085
11086
11087
11088
11089
11093
11095
11097
11099
11100
11101
11102
11104
11107
11110
11112
11115
11116
11117
11119
11121
11122
11124
11126
11127
11129
11130
11133
11136
11137
11139
11141
11142
11143
11145
11146
11151
11162
11180
11182
11190
11195
11196
11201
11203
11206
11209
11213
11215
11217
11221
11231
11233
11238
11240
11247
11250
11254
11256
11258
11259
11266
11268
11269
11272
11275
11276
11279
11281
11283
11284
11286
11287
11289
11293
11304
11305
11316
11321
11325
11332
11340
11346
11353
11368
11369
11388
11404
11410
11413
11417
11421
11426
11435
11440
11442
11448
11456
11464
11478
11479
11488
11496
11499
11508
11510
11522
11528
11529
11533
11538
11543
11557
11560
11569
11576
11582
11584
11593
11608
11630
11638
11650
11653
11656
11668
11671
11675
11677
11679
11681
11701
11714
11716
11717
11726
11730
11747
11765
11773
11778
11799
11804
11809
11811
11816
11818
11819
11820
11821
11822
11823
11824
11825
11826
11827
11829
11830
11831
11832
11835
11836
11837
11838
11839
11840
11841
11842
11843
11844
11845
11847
11849
11850
11851
11852
11853
11854
11855
11856
11857
11858
11860
11861
11862
11864
11867
11868
11869
11870
11871
11872
11873
11874
11875
11876
11877
11879
11880
11883
11888
11889
11890
11891
11898
11900
11902
11904
11906
11907
11909
11910
11911
11912
11915
11917
11919
11921
11924
11925
11926
11927
11930
11931
11933
11934
11936
11937
11938
11939
11940
11942
11943
11944
11946
11947
11953
11954
11955
11956
11958
11960
11961
11962
11963
11966
11969
11970
11972
11973
11975
11976
11978
11979
11980
11981
11985
11986
11987
11988
11991
11992
11993
11994
11995
12000
12001
12002
12003
12005
12008
12009
12010
12011
12014
12015
12017
12023
12024
12026
12028
12029
12030
12032
12034
12035
12036
12040
12041
12043
12046
12048
12050
12053
12061
12062
12064
12065
12067
12070
12071
12074
12075
12080
12081
12083
12084
12085
12087
12089
12093
12094
12098
12099
12100
12101
12104
12106
12107
12108
12109
12110
12111
12113
12114
12116
12119
12127
12129
12130
12131
12136
12138
12140
12141
12143
12144
12145
12149
12151
12152
12153
12158
12159
12160
12161
12163
12165
12167
12169
12172
12174
12175
12178
12180
12182
12186
12187
12192
12193
12195
12197
12198
12202
12203
12204
12208
12214
12215
12216
12218
12220
12223
12224
12225
12226
12228
12231
12232
12233
12234
12235
12236
12238
12239
12240
12241
12242
12244
12245
12247
12250
12253
12255
12256
12263
12265
12267
12270
12273
12274
12277
12278
12279
12281
12284
12287
12288
12290
12291
12294
12298
12299
12302
12304
12306
12307
12311
12313
12320
12323
12325
12328
12330
12338
12340
12341
12347
12349
12352
12353
12359
12361
12363
12364
12365
12367
12368
12372
12376
12377
12381
12388
12389
12390
12394
12395
12399
12400
12402
12403
12404
12410
12412
12414
12415
12418
12419
12423
12428
12434
12436
12441
12442
12452
12453
12455
12463
12466
12467
12468
12469
12472
12475
12480
12482
12494
12496
12498
12499
12501
12505
12509
12510
12516
12517
12518
12520
12522
12523
12525
12527
12528
12529
12533
12535
12536
12538
12539
12540
12542
12543
12545
12547
12548
12549
12550
12552
12558
12559
12565
12566
12570
12571
12576
12579
12583
12586
12587
12590
12592
12593
12596
12597
12598
12600
12603
12604
12607
12612
12617
12620
12622
12625
12629
12630
12631
12636
12639
12642
12643
12645
12646
12648
12649
12654
12655
12659
12661
12662
12668
12669
12671
12673
12674
12675
12677
12679
12680
12681
12685
12689
12690
12692
12693
12694
12695
12697
12701
12704
12706
12710
12716
12718
12719
12721
12722
12728
12732
12735
12736
12740
12749
12755
12758
12759
12763
12765
12766
12767
12768
12771
12772
12775
12783
12784
12786
12790
12793
12795
12801
12804
12806
12807
12812
12820
12821
12824
12825
12828
12832
12835
12838
12839
12841
12843
12845
12847
12849
12850
12851
12858
12861
12863
12865
12866
12867
12871
12873
12874
12879
12887
12888
12889
12891
12894
12900
12901
12903
12905
12909
12910
12912
12917
12918
12922
12924
12925
12928
12930
12932
12933
12940
12946
12949
12951
12953
12955
12959
12965
12966
12975
12977
12983
12984
12988
12990
12993
12997
12999
13015
13026
13032
13036
13043
13052
13053
13054
13058
13059
13060
13065
13066
13076
13090
13092
13095
13098
13099
13103
13104
13105
13107
13109
13110
13111
13113
13114
13116
13117
13120
13121
13129
13139
13143
13147
13149
13154
13158
13159
13163
13165
13166
13167
13171
13177
13187
13188
13189
13192
13196
13197
13198
13199
13210
13215
13216
13221
13226
13230
13240
13244
13248
13250
13252
13254
13255
13256
13258
13262
13265
13267
13278
13289
13297
13303
13308
13310
13314
13316
13326
13327
13332
13343
13344
13350
13352
13354
13357
13365
13370
13372
13377
13378
13379
13381
13386
13387
13395
13397
13402
13408
13410
13418
13421
13424
13432
13444
13445
13447
13449
13453
13454
13457
13459
13462
13465
13467
13469
13470
13474
13475
13483
13488
13492
13493
13494
13498
13499
13500
13501
13503
13506
13511
13515
13516
13518
13522
13523
13524
13525
13527
13529
13530
13531
13534
13535
13536
13538
13539
13542
13544
13545
13546
13547
13548
13549
13552
13554
13555
13557
13558
13559
13564
13569
13570
13571
13574
13577
13578
13580
13584
13585
13593
13597
13599
13605
13606
13613
13617
13619
13621
13622
13624
13629
13630
13631
13632
13633
13634
13635
13636
13637
13639
13641
13643
13645
13647
13648
13650
13651
13652
13653
13654
13655
13656
13657
13660
13661
13662
13663
13664
13665
13666
13667
13668
13670
13671
13672
13673
13675
13676
13678
13680
13681
13682
13683
13684
13685
13686
13688
13689
13690
13691
13692
13693
13694
13695
13696
13697
13698
13699
13700
13701
13702
13703
13705
13706
13707
13708
13709
13710
13711
13712
13713
13715
13716
13717
13718
13719
13721
13722
13723
13724
13725
13726
13730
13731
13732
13733
13734
13735
13737
13738
13739
13740
13741
13743
13744
13745
13746
13747
13748
13749
13750
13751
13752
13753
13754
13755
13756
13757
13758
13759
13760
13761
13762
13763
13765
13766
13768
13769
13770
13771
13772
13773
13774
13775
13776
13777
13781
13782
13783
13784
13786
13790
13791
13793
13794
13795
13796
13797
13800
13801
13803
13806
13808
13810
13811
13812
13814
13815
13816
13817
13818
13819
13821
13823
13824
13825
13826
13827
13828
13830
13831
13832
13833
13834
13835
13838
13839
13841
13842
13843
13844
13845
13848
13850
13853
13854
13856
13858
13859
13860
13862
13863
13865
13866
13868
13870
13871
13873
13877
13878
13879
13882
13883
13884
13885
13886
13888
13889
13890
13892
13895
13897
13902
13904
13905
13906
13907
13912
13913
13915
13917
13918
13919
13922
13924
13925
13926
13928
13929
13932
13934
13935
13937
13938
13940
13941
13942
13944
13945
13950
13951
13954
13955
13957
13958
13961
13963
13964
13965
13966
13967
13971
13972
13975
13977
13979
13980
13983
13987
13990
13991
13992
13994
13995
13996
13997
14004
14007
14009
14010
14011
14012
14013
14014
14015
14018
14021
14022
14023
14024
14026
14027
14028
14029
14030
14033
14034
14036
14037
14039
14040
14044
14045
14046
14048
14049
14050
14051
14052
14053
14054
14057
14059
14060
14061
14062
14065
14066
14067
14072
14073
14075
14076
14077
14079
14080
14081
14082
14083
14084
14086
14087
14088
14091
14092
14099
14101
14102
14104
14105
14106
14111
14113
14115
14117
14118
14120
14122
14123
14124
14126
14128
14130
14131
14132
14133
14134
14135
14136
14139
14143
14144
14145
14150
14152
14153
14158
14159
14160
14161
14162
14164
14165
14167
14172
14174
14175
14177
14178
14179
14180
14182
14187
14188
14190
14192
14194
14196
14197
14200
14202
14203
14205
14210
14213
14215
14216
14218
14229
14230
14234
14236
14241
14243
14246
14248
14250
14252
14253
14256
14258
14262
14265
14268
14269
14273
14274
14276
14280
14286
14291
14292
14293
14295
14296
14297
14298
14301
14304
14306
14307
14313
14314
14318
14321
14322
14327
14328
14332
14337
14339
14340
14344
14346
14347
14350
14352
14353
14355
14360
14361
14364
14365
14367
14370
14374
14377
14378
14380
14383
14385
14387
14388
14390
14391
14392
14394
14395
14396
14398
14400
14402
14403
14404
14406
14407
14408
14410
14413
14414
14417
14418
14419
14420
14428
14429
14430
14432
14435
14436
14437
14438
14441
14443
14444
14446
14447
14449
14454
14458
14460
14461
14463
14464
14467
14468
14472
14474
14475
14476
14477
14479
14482
14484
14485
14486
14488
14489
14491
14493
14494
14495
14496
14500
14503
14504
14505
14506
14507
14512
14513
14514
14515
14519
14521
14522
14526
14527
14528
14529
14530
14531
14534
14535
14536
14537
14539
14540
14545
14546
14553
14556
14558
14559
14560
14561
14562
14564
14565
14567
14568
14570
14572
14581
14584
14587
14589
14590
14592
14596
14598
14599
14600
14601
14603
14604
14605
14607
14608
14609
14610
14612
14614
14615
14617
14619
14622
14623
14625
14626
14628
14629
14630
14632
14634
14636
14638
14639
14641
14643
14644
14645
14648
14650
14653
14654
14656
14657
14659
14661
14662
14663
14666
14668
14670
14671
14673
14674
14676
14677
14679
14681
14682
14686
14687
14690
14691
14693
14695
14696
14697
14699
14700
14701
14703
14706
14711
14712
14713
14716
14717
14719
14720
14723
14727
14728
14731
14734
14738
14739
14740
14742
14744
14746
14748
14751
14752
14755
14756
14758
14759
14760
14761
14764
14765
14766
14768
14771
14773
14776
14777
14782
14784
14785
14787
14789
14790
14792
14793
14794
14795
14797
14799
14800
14801
14802
14804
14807
14809
14810
14811
14812
14814
14815
14816
14817
14818
14820
14821
14824
14826
14828
14829
14830
14833
14834
14835
14836
14838
14840
14841
14842
14845
14847
14849
14851
14852
14853
14854
14855
14861
14864
14875
14882
14890
14893
14898
14900
14918
14923
14931
14940
14946
14953
14982
14983
14997
14998
15001
15002
15011
15018
15024
15038
15041
15062
15063
15072
15079
15090
15096
15114
15175
15188
15205
15235
15236
15248
15249
15251
15261
15265
15267
15280
15303
15309
15322
15332
15355
15364
15369
15377
15402
15433
15436
15447
15485
15531
15532
15535
15538
15539
15540
15541
15542
15543
15545
15546
15547
15549
15550
15551
15553
15556
15557
15558
15559
15560
15561
15562
15563
15564
15565
15566
15567
15568
15569
15570
15572
15574
15577
15578
15580
15581
15582
15584
15587
15590
15591
15593
15595
15597
15598
15600
15608
15609
15612
15614
15615
15618
15619
15623
15624
15625
15627
15629
15634
15635
15636
15637
15640
15643
15644
15645
15647
15652
15654
15655
15656
15657
15660
15661
15663
15667
15669
15672
15673
15674
15675
15676
15677
15678
15679
15680
15686
15687
15688
15689
15692
15693
15695
15697
15698
15700
15702
15703
15705
15706
15707
15708
15712
15714
15715
15717
15718
15719
15720
15721
15722
15724
15729
15730
15736
15737
15738
15739
15740
15744
15750
15751
15753
15754
15757
15758
15760
15762
15764
15765
15770
15773
15774
15775
15777
15778
15779
15780
15781
15782
15786
15788
15792
15794
15795
15798
15800
15803
15805
15812
15813
15815
15822
15823
15825
15826
15830
15831
15833
15835
15840
15841
15843
15844
15845
15846
15850
15851
15852
15856
15857
15858
15862
15863
15865
15866
15869
15872
15873
15874
15875
15879
15880
15882
15883
15888
15890
15894
15900
15901
15904
15907
15908
15914
15915
15919
15921
15922
15925
15927
15928
15929
15930
15931
15934
15935
15937
15938
15939
15941
15942
15943
15947
15949
15952
15956
15958
15960
15965
15966
15967
15968
15969
15970
15972
15977
15978
15979
15981
15982
15987
15991
15995
15997
15999
16003
16004
16005
16006
16007
16008
16011
16012
16015
16016
16019
16020
16024
16028
16030
16033
16034
16042
16043
16045
16047
16049
16055
16056
16061
16063
16069
16073
16075
16078
16079
16084
16088
16089
16092
16097
16103
16104
16114
16115
16117
16118
16119
16120
16121
16127
16131
16132
16133
16137
16138
16144
16145
16147
16148
16151
16152
16153
16154
16156
16159
16166
16167
16168
16169
16170
16175
16180
16182
16183
16185
16186
16188
16195
16196
16198
16202
16204
16207
16209
16210
16214
16215
16217
16220
16222
16224
16225
16227
16229
16231
16234
16235
16240
16248
16249
16250
16252
16253
16263
16264
16266
16267
16271
16272
16276
16282
16284
16289
16294
16295
16297
16301
16302
16304
16305
16306
16314
16316
16317
16318
16320
16322
16328
16329
16337
16340
16343
16344
16350
16351
16353
16355
16356
16361
16363
16368
16371
16372
16376
16380
16383
16385
16389
16390
16391
16392
16397
16402
16407
16409
16411
16416
16417
16418
16419
16423
16425
16430
16431
16432
16435
16436
16439
16445
16449
16450
16451
16452
16454
16455
16463
16473
16479
16481
16483
16485
16489
16500
16501
16503
16504
16506
16508
16513
16516
16521
16522
16525
16527
16529
16532
16534
16540
16546
16547
16548
16553
16554
16555
16556
16565
16571
16572
16574
16575
16576
16579
16582
16583
16587
16588
16591
16603
16604
16609
16615
16617
16622
16623
16624
16626
16635
16637
16642
16643
16645
16646
16647
16651
16652
16660
16663
16665
16676
16677
16685
16695
16698
16701
16708
16714
16722
16732
16739
16753
16762
16764
16765
16766
16768
16774
16783
16793
16800
16809
16810
16811
16817
16818
16823
16825
16827
16831
16834
16837
16853
16861
16867
16868
16872
16882
16884
16891
16893
16894
16901
16908
16913
16919
16923
16929
16930
16935
16941
16943
16944
16948
16951
16953
16954
16964
16969
16972
16987
16989
16993
17002
17006
17008
17011
17019
17021
17022
17024
17025
17027
17030
17041
17047
17049
17051
17057
17059
17062
17071
17079
17087
17100
17103
17108
17112
17120
17123
17131
17133
17135
17138
17141
17142
17150
17153
17154
17171
17179
17181
17183
17184
17185
17187
17189
17190
17194
17197
17198
17201
17202
17212
17213
17217
17230
17231
17232
17236
17238
17239
17243
17244
17249
17250
17253
17256
17257
17259
17262
17263
17266
17268
17272
17274
17276
17277
17278
17283
17285
17288
17291
17292
17294
17300
17302
17303
17306
17308
17309
17313
17316
17317
17320
17321
17327
17335
17338
17340
17341
17342
17343
17345
17346
17347
17348
17349
17351
17354
17355
17357
17359
17360
17361
17362
17365
17366
17367
17369
17370
17371
17374
17375
17376
17377
17379
17380
17381
17382
17383
17384
17385
17386
17387
17388
17389
17390
17392
17393
17394
17395
17396
17398
17399
17400
17401
17402
17405
17406
17408
17409
17410
17413
17414
17415
17416
17417
17418
17420
17421
17424
17425
17426
17427
17428
17429
17430
17431
17432
17433
17434
17435
17436
17437
17438
17440
17441
17442
17443
17446
17447
17450
17451
17452
17453
17454
17455
17457
17458
17460
17463
17464
17465
17468
17469
17470
17472
17474
17475
17477
17479
17480
17482
17483
17484
17487
17489
17490
17492
17493
17494
17495
17496
17497
17499
17500
17502
17504
17505
17507
17508
17509
17510
17511
17515
17516
17517
17519
17520
17522
17523
17524
17525
17526
17527
17528
17532
17533
17534
17535
17537
17538
17540
17541
17543
17544
17545
17546
17547
17548
17549
17551
17552
17553
17554
17555
17556
17557
17559
17561
17567
17572
17573
17576
17577
17578
17579
17581
17584
17585
17587
17589
17591
17592
17593
17594
17595
17596
17598
17600
17602
17603
17605
17609
17611
17614
17616
17617
17620
17621
17622
17629
17632
17635
17636
17637
17639
17640
17642
17645
17648
17650
17651
17653
17654
17656
17658
17661
17662
17663
17665
17667
17669
17674
17675
17676
17677
17678
17681
17682
17685
17686
17687
17691
17692
17693
17696
17697
17698
17700
17701
17705
17708
17710
17711
17715
17716
17720
17724
17725
17726
17727
17730
17732
17735
17737
17741
17742
17743
17746
17747
17748
17750
17754
17757
17758
17760
17763
17765
17766
17767
17768
17770
17771
17773
17774
17775
17776
17779
17783
17784
17785
17786
17793
17794
17798
17799
17800
17801
17802
17804
17806
17814
17815
17828
17829
17831
17832
17833
17835
17836
17837
17840
17842
17843
17845
17846
17849
17850
17852
17854
17857
17858
17859
17860
17862
17863
17867
17869
17870
17872
17874
17875
17876
17877
17878
17879
17881
17885
17886
17891
17892
17893
17894
17895
17896
17902
17903
17904
17905
17906
17908
17911
17917
17919
17923
17924
17925
17930
17934
17936
17938
17939
17943
17944
17945
17946
17948
17950
17955
17957
17958
17962
17963
17964
17966
17967
17968
17971
17972
17975
17976
17979
17982
17983
17984
17985
17986
17988
17990
17994
17995
18001
18006
18009
18010
18011
18012
18018
18020
18021
18023
18027
18028
18029
18035
18036
18038
18040
18041
18043
18049
18051
18053
18054
18056
18060
18061
18064
18066
18069
18071
18073
18075
18076
18078
18081
18085
18086
18090
18091
18092
18093
18096
18097
18098
18099
18101
18103
18104
18109
18112
18113
18114
18116
18123
18124
18125
18127
18128
18132
18134
18140
18143
18144
18146
18149
18152
18154
18155
18157
18160
18161
18163
18166
18178
18179
18181
18185
18188
18190
18191
18193
18194
18196
18198
18205
18207
18214
18220
18226
18231
18234
18235
18236
18238
18240
18241
18245
18249
18250
18251
18254
18265
18268
18269
18275
18277
18279
18280
18281
18282
18283
18286
18292
18293
18295
18298
18302
18306
18308
18313
18315
18317
18318
18322
18323
18324
18329
18330
18331
18333
18335
18336
18339
18343
18345
18346
18348
18353
18358
18359
18360
18362
18363
18364
18366
18368
18373
18377
18379
18380
18385
18387
18388
18391
18395
18396
18399
18400
18401
18404
18405
18406
18409
18411
18412
18414
18415
18416
18417
18421
18422
18423
18424
18425
18426
18427
18429
18430
18431
18432
18433
18434
18436
18437
18439
18441
18442
18444
18445
18448
18451
18456
18458
18460
18462
18468
18470
18471
18473
18474
18475
18477
18478
18482
18484
18485
18486
18487
18488
18490
18492
18493
18496
18498
18499
18500
18503
18506
18507
18508
18509
18511
18512
18513
18514
18515
18516
18518
18522
18523
18525
18526
18528
18529
18530
18531
18532
18534
18535
18536
18537
18538
18543
18545
18547
18548
18549
18550
18553
18555
18556
18557
18558
18559
18561
18562
18563
18564
18565
18567
18575
18582
18587
18596
18604
18608
18624
18632
18635
18640
18641
18645
18650
18658
18667
18674
18677
18682
18683
18684
18685
18692
18694
18696
18698
18704
18707
18714
18715
18718
18721
18724
18727
18728
18732
18735
18755
18772
18777
18781
18789
18802
18813
18830
18831
18845
18854
18858
18873
18892
18913
18944
18945
18962
18965
18980
18991
19012
19036
19037
19042
19046
19069
19085
19091
19094
19105
19128
19131
19132
19136
19138
19142
19153
19156
19172
19179
19193
19203
19232
19244
19246
19247
19251
19253
19254
19256
19257
19258
19259
19260
19261
19262
19263
19264
19265
19266
19267
19268
19269
19270
19272
19274
19275
19277
19278
19279
19280
19281
19282
19283
19284
19285
19289
19290
19291
19292
19294
19296
19297
19298
19299
19300
19301
19303
19304
19308
19311
19312
19315
19316
19317
19320
19325
19327
19328
19329
19330
19332
19333
19334
19335
19336
19338
19339
19340
19341
19342
19343
19344
19345
19349
19350
19351
19352
19354
19355
19358
19359
19360
19361
19362
19363
19368
19370
19372
19374
19375
19377
19379
19381
19382
19383
19384
19385
19386
19388
19390
19391
19393
19394
19396
19397
19400
19403
19404
19406
19407
19408
19411
19412
19413
19414
19415
19419
19420
19421
19422
19423
19428
19430
19431
19432
19433
19435
19436
19438
19445
19449
19450
19451
19453
19454
19458
19459
19460
19462
19463
19465
19468
19471
19473
19474
19476
19477
19478
19479
19481
19482
19489
19492
19493
19495
19498
19499
19500
19502
19504
19508
19509
19510
19511
19512
19515
19517
19518
19520
19525
19527
19529
19532
19534
19535
19536
19537
19538
19539
19541
19542
19544
19547
19550
19554
19555
19557
19558
19559
19560
19562
19564
19565
19566
19568
19571
19572
19573
19574
19579
19583
19584
19586
19587
19588
19589
19594
19596
19597
19602
19608
19611
19612
19614
19615
19616
19620
19621
19622
19623
19625
19631
19632
19633
19635
19636
19638
19639
19642
19643
19644
19646
19649
19651
19653
19654
19657
19658
19662
19663
19665
19666
19667
19668
19670
19671
19672
19675
19678
19679
19680
19681
19683
19686
19691
19693
19694
19695
19700
19702
19704
19705
19709
19712
19713
19715
19716
19722
19725
19727
19730
19732
19734
19742
19743
19745
19747
19748
19749
19751
19752
19754
19758
19761
19766
19768
19769
19770
19774
19775
19781
19789
19790
19792
19793
19794
19795
19796
19798
19800
19802
19804
19806
19807
19809
19813
19816
19817
19822
19823
19826
19828
19829
19830
19831
19842
19843
19846
19847
19849
19852
19854
19856
19858
19859
19861
19867
19868
19870
19873
19877
19880
19881
19882
19883
19884
19888
19889
19892
19894
19895
19897
19898
19900
19902
19904
19906
19913
19916
19923
19925
19926
19929
19933
19934
19936
19938
19944
19945
19946
19948
19952
19953
19955
19956
19957
19961
19966
19968
19972
19973
19974
19975
19976
19978
19980
19981
19988
19989
19998
19999
20003
20006
20007
20008
20011
20013
20015
20017
20018
20020
20021
20025
20029
20030
20031
20032
20036
20039
20040
20046
20048
20049
20053
20056
20058
20059
20061
20064
20069
20070
20071
20072
20076
20077
20080
20082
20083
20092
20094
20095
20097
20098
20099
20102
20103
20105
20106
20109
20110
20111
20114
20121
20123
20127
20129
20130
20132
20133
20134
20137
20138
20139
20140
20142
20144
20145
20147
20149
20150
20153
20157
20159
20162
20163
20164
20168
20169
20174
20176
20179
20185
20186
20187
20188
20191
20193
20194
20195
20198
20199
20200
20203
20208
20210
20211
20214
20216
20219
20222
20232
20235
20237
20245
20248
20251
20252
20253
20260
20262
20263
20267
20268
20270
20271
20273
20275
20279
20280
20282
20285
20290
20293
20295
20296
20298
20299
20300
20304
20307
20313
20315
20316
20317
20321
20329
20331
20332
20336
20337
20338
20343
20348
20349
20353
20357
20358
20360
20363
20366
20368
20374
20377
20379
20381
20397
20403
20408
20409
20412
20416
20417
20423
20438
20443
20450
20455
20459
20460
20461
20462
20474
20475
20480
20482
20486
20488
20494
20495
20498
20504
20505
20509
20514
20515
20516
20518
20520
20522
20524
20525
20526
20531
20532
20533
20537
20538
20541
20543
20544
20550
20551
20552
20561
20565
20567
20570
20574
20580
20582
20584
20585
20586
20593
20594
20595
20599
20600
20601
20603
20608
20610
20611
20616
20617
20626
20627
20633
20643
20648
20649
20654
20658
20659
20662
20672
20676
20682
20683
20686
20695
20696
20703
20704
20707
20708
20715
20716
20725
20728
20736
20738
20740
20741
20744
20754
20755
20760
20761
20767
20771
20776
20777
20781
20798
20803
20807
20809
20817
20822
20824
20828
20830
20840
20852
20853
20854
20856
20858
20869
20872
20873
20874
20877
20878
20880
20889
20895
20897
20898
20903
20910
20911
20916
20917
20921
20922
20923
20925
20926
20927
20929
20930
20931
20935
20936
20940
20943
20944
20945
20946
20950
20951
20952
20953
20954
20958
20959
20961
20962
20963
20964
20965
20966
20967
20969
20970
20971
20975
20979
20980
20982
20985
20987
20988
20991
20992
20996
20998
20999
21002
21004
21005
21006
21012
21013
21014
21015
21017
21018
21019
21024
21025
21026
21027
21029
21030
21032
21033
21038
21041
21042
21044
21047
21048
21054
21055
21056
21057
21058
21059
21060
21061
21062
21063
21064
21065
21070
21071
21073
21075
21076
21078
21079
21081
21082
21083
21084
21085
21088
21089
21090
21091
21094
21095
21096
21097
21098
21099
21100
21102
21103
21104
21105
21106
21107
21109
21110
21111
21112
21113
21114
21115
21116
21117
21119
21120
21121
21122
21123
21124
21125
21126
21127
21128
21129
21130
21131
21132
21134
21135
21136
21139
21140
21141
21142
21143
21144
21145
21146
21147
21149
21151
21152
21156
21158
21161
21162
21164
21165
21166
21167
21168
21169
21171
21172
21173
21174
21175
21176
21178
21180
21182
21183
21184
21185
21186
21187
21189
21190
21191
21193
21194
21196
21197
21198
21199
21200
21201
21203
21204
21205
21206
21207
21208
21209
21214
21218
21222
21223
21224
21225
21226
21228
21229
21230
21231
21236
21238
21239
21240
21241
21242
21246
21249
21250
21252
21253
21255
21257
21258
21259
21260
21261
21263
21265
21266
21267
21270
21271
21273
21275
21276
21278
21279
21280
21281
21282
21286
21287
21288
21289
21290
21292
21293
21294
21296
21298
21299
21301
21303
21306
21307
21308
21310
21311
21312
21314
21317
21318
21319
21322
21323
21324
21325
21328
21330
21331
21332
21334
21335
21341
21343
21345
21346
21347
21349
21354
21356
21357
21359
21361
21363
21365
21366
21367
21369
21370
21372
21373
21374
21375
21377
21378
21379
21381
21383
21385
21386
21387
21388
21389
21391
21392
21394
21395
21396
21400
21403
21404
21405
21407
21410
21411
21412
21414
21415
21419
21420
21422
21423
21425
21427
21429
21432
21435
21437
21438
21440
21441
21442
21444
21449
21450
21451
21452
21453
21456
21458
21460
21461
21462
21465
21466
21467
21468
21470
21471
21474
21476
21477
21480
21481
21484
21485
21487
21489
21490
21498
21499
21505
21506
21507
21511
21512
21514
21515
21516
21519
21520
21521
21524
21526
21527
21529
21530
21538
21539
21542
21543
21544
21545
21547
21550
21551
21552
21553
21555
21556
21557
21559
21560
21562
21563
21564
21566
21569
21571
21573
21576
21578
21579
21581
21582
21586
21587
21588
21589
21590
21592
21593
21598
21599
21605
21607
21608
21610
21612
21613
21616
21617
21618
21619
21620
21621
21623
21625
21627
21631
21633
21637
21638
21639
21640
21641
21647
21652
21655
21656
21658
21659
21664
21669
21674
21676
21677
21678
21680
21681
21683
21685
21690
21693
21694
21696
21697
21698
21701
21702
21704
21705
21714
21718
21720
21723
21726
21732
21734
21737
21741
21744
21745
21747
21749
21750
21755
21758
21760
21761
21765
21769
21774
21778
21780
21783
21784
21785
21789
21791
21795
21798
21802
21806
21809
21810
21811
21812
21823
21824
21828
21829
21831
21836
21838
21839
21841
21845
21846
21848
21852
21853
21857
21858
21862
21866
21869
21871
21873
21874
21875
21877
21878
21879
21882
21884
21885
21887
21889
21891
21892
21893
21895
21896
21902
21904
21905
21907
21910
21911
21913
21915
21916
21919
21920
21921
21928
21931
21932
21933
21934
21935
21942
21943
21946
21948
21951
21954
21955
21959
21962
21963
21964
21965
21966
21967
21968
21970
21971
21972
21978
21979
21981
21983
21985
21986
21989
21990
21991
21992
21996
22001
22003
22004
22005
22006
22007
22008
22009
22012
22015
22016
22019
22020
22021
22024
22027
22028
22029
22031
22036
22037
22040
22041
22042
22043
22044
22047
22048
22051
22052
22053
22054
22055
22058
22060
22062
22066
22067
22069
22071
22072
22073
22076
22078
22080
22082
22084
22087
22089
22090
22091
22096
22098
22099
22101
22102
22104
22105
22107
22109
22110
22114
22117
22118
22120
22123
22124
22125
22126
22127
22128
22129
22131
22133
22136
22139
22140
22141
22143
22144
22146
22147
22152
22153
22155
22158
22159
22162
22163
22164
22165
22166
22167
22170
22171
22172
22173
22174
22176
22177
22180
22183
22184
22187
22188
22189
22191
22192
22193
22199
22201
22204
22207
22210
22212
22213
22214
22215
22217
22218
22223
22224
22225
22227
22228
22230
22231
22232
22235
22236
22237
22238
22240
22241
22242
22243
22244
22245
22246
22247
22252
22254
22256
22257
22258
22259
22261
22262
22263
22264
22265
22266
22267
22268
22269
22270
22271
22272
22273
22275
22276
22277
22278
22281
22282
22283
22285
22286
22293
22301
22309
22310
22314
22319
22322
22326
22330
22346
22368
22391
22427
22430
22435
22439
22443
22444
22446
22454
22460
22469
22489
22490
22498
22536
22546
22590
22592
22611
22614
22616
22647
22676
22683
22694
22702
22709
22739
22745
22749
22792
22808
22831
22846
22867
22880
22882
22915
22916
22917
22941
22953
22954
22958
22960
22962
22963
22965
22967
22968
22969
22970
22971
22973
22974
22975
22976
22978
22979
22980
22981
22982
22984
22985
22986
22988
22989
22992
22993
22994
22995
22997
23000
23004
23006
23008
23009
23010
23012
23013
23014
23017
23020
23021
23026
23031
23032
23033
23034
23035
23037
23040
23041
23042
23043
23044
23049
23050
23051
23052
23053
23054
23057
23062
23063
23064
23066
23070
23075
23076
23078
23081
23082
23084
23085
23086
23087
23090
23091
23095
23097
23098
23099
23100
23102
23103
23104
23105
23108
23109
23110
23111
23116
23117
23119
23120
23121
23122
23128
23129
23130
23135
23136
23140
23142
23144
23145
23146
23147
23150
23152
23154
23155
23157
23158
23159
23160
23162
23164
23165
23167
23172
23174
23179
23184
23185
23186
23187
23188
23190
23191
23193
23194
23196
23199
23203
23206
23207
23209
23213
23214
23217
23218
23219
23220
23221
23222
23223
23228
23231
23232
23233
23234
23235
23238
23239
23241
23243
23244
23245
23246
23247
23248
23250
23254
23258
23260
23269
23270
23271
23273
23278
23281
23285
23289
23292
23293
23294
23296
23297
23300
23301
23303
23310
23312
23313
23316
23322
23323
23324
23325
23329
23334
23336
23337
23338
23339
23340
23342
23343
23345
23347
23348
23349
23352
23353
23356
23357
23358
23359
23362
23366
23367
23368
23371
23372
23377
23380
23381
23384
23386
23389
23392
23393
23394
23395
23396
23397
23398
23404
23406
23407
23409
23414
23416
23418
23420
23421
23424
23425
23427
23428
23429
23430
23433
23434
23435
23440
23444
23445
23448
23452
23455
23456
23457
23458
23461
23471
23475
23476
23483
23485
23488
23493
23494
23501
23503
23504
23505
23506
23507
23508
23512
23514
23525
23526
23528
23530
23531
23532
23534
23536
23538
23541
23542
23544
23546
23549
23554
23556
23557
23560
23561
23563
23564
23568
23573
23576
23579
23582
23591
23593
23595
23599
23602
23604
23606
23607
23610
23614
23618
23620
23622
23624
23625
23626
23632
23633
23636
23637
23640
23642
23647
23648
23650
23653
23654
23658
23659
23660
23666
23669
23670
23671
23674
23675
23678
23680
23684
23686
23687
23689
23690
23691
23694
23695
23697
23698
23700
23710
23711
23712
23713
23717
23719
23720
23725
23726
23729
23732
23739
23741
23742
23743
23745
23749
23750
23756
23758
23759
23761
23762
23764
23766
23770
23771
23772
23773
23774
23775
23778
23790
23794
23797
23804
23806
23808
23811
23813
23816
23817
23819
23820
23821
23825
23828
23831
23833
23842
23844
23845
23846
23847
23850
23851
23853
23855
23858
23860
23862
23863
23868
23869
23871
23873
23875
23877
23883
23887
23899
23910
23913
23917
23921
23922
23928
23931
23936
23943
23945
23949
23954
23957
23965
23966
23978
23980
23981
23982
23983
23984
23985
23993
23994
23995
24004
24005
24007
24009
24017
24018
24021
24025
24027
24030
24031
24034
24040
24047
24051
24052
24075
24079
24080
24089
24091
24093
24095
24096
24097
24101
24103
24108
24123
24126
24131
24136
24141
24142
24159
24162
24164
24165
24170
24173
24174
24175
24188
24190
24194
24198
24200
24202
24206
24211
24217
24225
24227
24228
24236
24238
24245
24247
24249
24250
24253
24257
24259
24262
24268
24270
24274
24279
24281
24287
24296
24300
24309
24310
24315
24319
24321
24322
24325
24329
24330
24331
24340
24347
24358
24362
24363
24369
24371
24372
24383
24385
24386
24387
24397
24400
24421
24430
24434
24437
24442
24447
24452
24453
24455
24462
24469
24470
24479
24485
24487
24490
24491
24496
24498
24507
24512
24514
24523
24525
24526
24531
24534
24544
24547
24559
24566
24567
24568
24570
24575
24582
24586
24595
24601
24604
24612
24617
24625
24628
24630
24631
24635
24641
24647
24648
24656
24659
24663
24666
24667
24670
24671
24675
24677
24678
24679
24680
24681
24684
24687
24689
24690
24691
24692
24695
24696
24698
24699
24702
24704
24705
24706
24711
24712
24713
24714
24715
24716
24719
24720
24722
24726
24727
24728
24731
24732
24733
24734
24738
24741
24743
24745
24746
24747
24752
24756
24758
24761
24762
24764
24765
24771
24772
24773
24774
24776
24778
24779
24780
24782
24783
24787
24788
24789
24790
24791
24794
24796
24797
24798
24799
24801
24802
24803
24804
24805
24806
24808
24809
24810
24812
24813
24814
24815
24816
24817
24818
24819
24821
24822
24823
24824
24825
24826
24827
24828
24829
24830
24832
24833
24834
24835
24836
24837
24838
24839
24841
24843
24844
24845
24846
24847
24848
24849
24850
24853
24854
24855
24857
24858
24859
24860
24861
24865
24866
24867
24869
24872
24873
24874
24875
24876
24879
24880
24881
24882
24883
24885
24886
24888
24890
24891
24892
24895
24896
24897
24898
24899
24900
24901
24904
24905
24906
24907
24908
24910
24911
24913
24914
24915
24917
24918
24920
24921
24923
24925
24927
24928
24930
24932
24936
24937
24938
24939
24942
24943
24944
24945
24949
24950
24952
24953
24954
24956
24958
24960
24962
24963
24965
24966
24967
24969
24974
24975
24977
24979
24980
24982
24984
24986
24990
24991
24994
24995
24996
24997
24998
24999
25001
25002
25003
25005
25006
25007
25009
25010
25012
25016
25017
25018
25020
25023
25024
25028
25031
25032
25037
25039
25040
25042
25043
25044
25048
25049
25053
25054
25057
25059
25060
25061
25067
25068
25073
25076
25077
25078
25079
25080
25082
25084
25085
25089
25092
25093
25094
25096
25099
25105
25106
25109
25110
25113
25114
25115
25117
25118
25120
25121
25126
25131
25132
25133
25134
25136
25138
25141
25143
25146
25148
25149
25151
25152
25153
25154
25155
25156
25158
25160
25163
25165
25166
25167
25170
25174
25175
25177
25179
25181
25182
25184
25186
25188
25191
25193
25194
25195
25197
25199
25200
25201
25202
25203
25207
25208
25211
25212
25218
25221
25222
25223
25224
25225
25227
25229
25230
25233
25234
25237
25238
25243
25246
25257
25258
25259
25265
25266
25268
25270
25273
25274
25277
25278
25280
25284
25286
25288
25290
25291
25292
25295
25300
25302
25306
25315
25317
25320
25321
25322
25324
25329
25330
25331
25332
25333
25334
25335
25336
25337
25340
25341
25345
25347
25348
25351
25352
25364
25373
25374
25375
25376
25379
25380
25383
25385
25390
25391
25392
25394
25395
25397
25404
25405
25407
25411
25412
25418
25422
25429
25433
25434
25436
25437
25438
25440
25441
25443
25447
25448
25449
25451
25455
25458
25459
25460
25461
25464
25469
25470
25471
25474
25478
25479
25481
25489
25492
25493
25497
25499
25503
25504
25512
25518
25521
25523
25526
25527
25532
25534
25536
25537
25538
25540
25542
25545
25548
25549
25550
25554
25555
25556
25559
25560
25561
25562
25563
25566
25570
25572
25574
25575
25579
25580
25582
25583
25584
25585
25588
25589
25592
25599
25601
25602
25603
25606
25609
25613
25614
25616
25617
25618
25621
25623
25624
25625
25626
25627
25632
25633
25635
25638
25641
25644
25646
25654
25655
25656
25662
25663
25664
25666
25669
25672
25673
25675
25676
25677
25682
25685
25686
25689
25691
25697
25700
25704
25705
25706
25709
25713
25714
25718
25719
25720
25722
25726
25728
25730
25734
25735
25739
25740
25741
25742
25746
25748
25750
25751
25754
25757
25758
25761
25764
25765
25767
25770
25771
25773
25775
25776
25777
25780
25781
25782
25783
25784
25785
25786
25787
25789
25790
25792
25798
25802
25803
25805
25813
25814
25815
25816
25817
25819
25821
25823
25824
25828
25830
25832
25833
25837
25838
25839
25840
25841
25844
25845
25846
25851
25855
25856
25858
25859
25861
25862
25865
25866
25870
25871
25876
25877
25879
25881
25883
25886
25887
25888
25893
25894
25897
25898
25900
25901
25902
25903
25907
25908
25910
25913
25915
25916
25918
25920
25921
25922
25924
25926
25927
25928
25931
25933
25934
25938
25941
25942
25944
25945
25946
25949
25950
25953
25954
25955
25956
25958
25959
25960
25961
25963
25964
25965
25966
25968
25971
25972
25974
25975
25976
25977
25978
25980
25982
25983
25984
25985
25986
25987
25988
25989
25990
25991
25992
25993
25994
25995
25996
26001
26005
26010
26024
26025
26027
26029
26035
26036
26037
26038
26042
26046
26049
26065
26077
26087
26094
26099
26110
26112
26113
26119
26121
26122
26124
26126
26129
26133
26140
26141
26143
26150
26155
26156
26157
26166
26168
26172
26184
26200
26205
26238
26256
26279
26289
26291
26317
26343
26359
26366
26372
26376
26377
26410
26423
26465
26466
26467
26486
26504
26506
26523
26526
26533
26535
26564
26581
26584
26586
26598
26600
26603
26632
26634
26641
26653
26667
26674
26679
26680
26681
26682
26685
26686
26687
26688
26689
26690
26692
26693
26694
26695
26696
26698
26699
26700
26701
26703
26704
26705
26706
26707
26708
26709
26711
26712
26713
26714
26715
26716
26717
26718
26720
26721
26722
26723
26724
26726
26727
26728
26729
26730
26731
26732
26733
26736
26737
26738
26739
26740
26744
26745
26746
26751
26752
26754
26755
26756
26758
26760
26762
26763
26764
26766
26767
26768
26770
26771
26773
26776
26777
26778
26779
26780
26782
26785
26786
26787
26788
26790
26793
26794
26795
26796
26797
26798
26799
26800
26802
26803
26804
26805
26807
26808
26809
26810
26811
26812
26813
26814
26815
26816
26817
26818
26819
26821
26822
26824
26825
26830
26831
26834
26835
26839
26840
26841
26842
26846
26847
26848
26849
26850
26851
26852
26856
26857
26858
26860
26861
26863
26864
26866
26867
26874
26876
26878
26880
26881
26882
26884
26888
26890
26893
26894
26895
26896
26899
26900
26903
26907
26913
26917
26920
26921
26923
26925
26926
26927
26930
26932
26933
26935
26936
26938
26939
26941
26942
26943
26947
26949
26952
26953
26954
26955
26956
26957
26963
26964
26965
26967
26969
26972
26973
26975
26980
26983
26984
26985
26986
26988
26989
26991
26993
26996
26998
26999
27005
27006
27007
27008
27010
27014
27016
27017
27021
27024
27025
27026
27030
27035
27038
27039
27042
27043
27048
27049
27051
27052
27053
27054
27059
27060
27061
27062
27064
27065
27066
27069
27071
27073
27076
27077
27079
27080
27081
27082
27085
27087
27090
27092
27094
27096
27098
27099
27106
27109
27119
27120
27121
27123
27124
27126
27128
27129
27130
27134
27135
27137
27141
27142
27145
27150
27151
27154
27155
27158
27160
27162
27170
27172
27173
27175
27176
27178
27179
27181
27186
27187
27189
27193
27194
27195
27196
27202
27205
27207
27208
27209
27215
27216
27219
27221
27226
27235
27242
27245
27247
27248
27250
27251
27259
27260
27261
27263
27264
27266
27268
27270
27275
27276
27281
27284
27287
27288
27292
27294
27297
27298
27299
27303
27308
27309
27310
27311
27313
27322
27323
27324
27325
27328
27330
27332
27334
27336
27338
27340
27341
27342
27346
27347
27350
27351
27354
27355
27356
27357
27359
27362
27363
27366
27371
27373
27374
27376
27377
27379
27380
27381
27382
27384
27385
27387
27391
27392
27394
27396
27398
27401
27404
27406
27409
27410
27414
27419
27422
27425
27426
27427
27434
27435
27437
27439
27441
27443
27444
27446
27449
27453
27456
27459
27467
27468
27470
27471
27473
27475
27479
27480
27483
27485
27486
27488
27495
27497
27498
27501
27502
27505
27509
27511
27512
27513
27515
27520
27522
27524
27525
27527
27528
27530
27532
27533
27534
27536
27537
27545
27548
27549
27550
27551
27555
27556
27557
27559
27561
27564
27566
27567
27570
27572
27574
27575
27576
27577
27581
27590
27591
27594
27596
27597
27601
27602
27613
27615
27618
27621
27622
27631
27632
27634
27635
27636
27637
27639
27640
27642
27645
27646
27649
27655
27663
27668
27671
27672
27677
27678
27679
27681
27686
27687
27691
27692
27693
27694
27696
27697
27698
27703
27706
27707
27713
27714
27718
27719
27721
27723
27724
27726
27727
27728
27729
27730
27731
27741
27743
27744
27745
27749
27757
27759
27760
27761
27764
27767
27768
27778
27781
27788
27789
27792
27793
27796
27802
27803
27807
27808
27811
27812
27817
27820
27826
27829
27834
27835
27837
27839
27844
27845
27849
27851
27855
27856
27865
27866
27878
27881
27887
27888
27892
27902
27903
27904
27905
27908
27913
27914
27920
27922
27930
27932
27933
27935
27942
27944
27946
27948
27950
27952
27953
27956
27959
27961
27964
27967
27969
27971
27972
27978
27980
27985
27995
27996
27998
28001
28008
28010
28013
28015
28019
28022
28023
28031
28032
28036
28037
28039
28044
28045
28047
28048
28055
28061
28062
28069
28071
28072
28077
28078
28083
28087
28093
28095
28096
28104
28110
28111
28114
28121
28123
28127
28129
28131
28133
28135
28139
28142
28144
28154
28159
28161
28162
28164
28166
28167
28170
28176
28180
28183
28189
28195
28197
28198
28199
28200
28204
28205
28206
28216
28219
28221
28226
28227
28228
28233
28235
28237
28239
28242
28245
28246
28258
28263
28265
28274
28280
28281
28292
28294
28295
28296
28300
28305
28308
28309
28314
28317
28318
28321
28325
28328
28331
28333
28339
28340
28342
28343
28345
28347
28348
28350
28351
28354
28355
28357
28359
28364
28365
28368
28372
28374
28380
28382
28386
28389
28392
28393
28395
28399
28402
28404
28405
28408
28410
28411
28412
28413
28416
28419
28420
28421
28425
28426
28427
28428
28430
28432
28433
28436
28441
28445
28447
28451
28453
28454
28455
28457
28459
28461
28462
28470
28472
28473
28475
28480
28482
28485
28486
28487
28488
28489
28490
28491
28492
28493
28496
28498
28499
28500
28501
28503
28506
28507
28508
28510
28511
28513
28514
28515
28516
28517
28518
28519
28520
28521
28522
28523
28524
28526
28527
28528
28530
28531
28532
28534
28536
28537
28538
28539
28540
28541
28542
28543
28544
28545
28547
28548
28549
28550
28552
28553
28554
28556
28557
28558
28560
28561
28562
28563
28567
28568
28569
28571
28572
28574
28575
28577
28578
28579
28580
28582
28584
28585
28586
28587
28589
28591
28592
28594
28595
28596
28597
28599
28600
28601
28602
28603
28605
28606
28608
28610
28611
28612
28613
28614
28615
28616
28617
28618
28619
28621
28622
28624
28625
28626
28627
28628
28629
28631
28632
28633
28636
28637
28639
28642
28643
28646
28650
28651
28652
28653
28654
28655
28656
28658
28659
28662
28664
28666
28667
28668
28669
28670
28671
28672
28674
28675
28676
28677
28678
28679
28680
28683
28685
28686
28687
28688
28689
28690
28691
28694
28695
28696
28697
28698
28699
28701
28702
28703
28704
28709
28710
28711
28712
28713
28714
28715
28716
28718
28719
28721
28722
28723
28724
28726
28727
28728
28731
28734
28735
28736
28738
28739
28740
28741
28745
28746
28747
28749
28751
28753
28755
28756
28757
28758
28760
28762
28763
28765
28766
28767
28769
28771
28774
28775
28782
28783
28785
28787
28788
28790
28791
28793
28794
28796
28797
28798
28799
28805
28806
28807
28808
28813
28816
28817
28820
28823
28824
28827
28828
28831
28833
28835
28836
28840
28842
28843
28846
28847
28848
28850
28851
28852
28853
28854
28857
28860
28861
28863
28864
28865
28866
28867
28869
28871
28872
28874
28875
28877
28878
28880
28881
28882
28883
28884
28888
28894
28895
28896
28898
28899
28900
28904
28905
28908
28909
28910
28911
28912
28913
28915
28917
28918
28923
28924
28926
28928
28932
28934
28936
28937
28939
28940
28942
28943
28945
28947
28949
28950
28951
28952
28954
28957
28958
28960
28962
28965
28966
28968
28971
28973
28974
28977
28980
28982
28983
28984
28985
28986
28988
28990
28991
28992
28998
28999
29000
29001
29002
29004
29006
29010
29012
29013
29016
29017
29018
29020
29021
29023
29028
29030
29031
29033
29036
29038
29039
29040
29041
29043
29044
29046
29047
29048
29050
29051
29054
29055
29059
29061
29065
29067
29070
29071
29072
29074
29075
29080
29081
29085
29087
29090
29092
29096
29097
29099
29100
29104
29106
29108
29109
29111
29113
29114
29115
29118
29119
29121
29125
29126
29128
29132
29136
29147
29148
29150
29151
29152
29153
29155
29160
29162
29163
29165
29169
29171
29172
29173
29175
29177
29180
29183
29188
29190
29192
29193
29194
29197
29198
29203
29205
29209
29210
29211
29217
29221
29223
29224
29226
29227
29228
29230
29231
29234
29236
29237
29238
29240
29241
29242
29243
29246
29248
29251
29252
29254
29255
29258
29259
29260
29266
29269
29270
29274
29275
29276
29280
29283
29284
29285
29286
29288
29290
29295
29299
29302
29303
29305
29306
29307
29309
29310
29312
29313
29314
29315
29316
29320
29323
29326
29327
29330
29335
29336
29337
29339
29340
29341
29343
29344
29347
29349
29354
29355
29356
29357
29359
29360
29361
29362
29366
29367
29368
29371
29373
29374
29376
29378
29382
29383
29387
29391
29394
29396
29397
29398
29400
29401
29403
29404
29405
29406
29407
29409
29411
29412
29414
29415
29416
29417
29418
29419
29420
29421
29423
29424
29425
29427
29431
29434
29436
29437
29440
29444
29448
29454
29455
29458
29459
29460
29461
29464
29465
29466
29468
29469
29471
29473
29475
29477
29478
29481
29482
29484
29485
29486
29488
29490
29491
29495
29499
29500
29504
29505
29508
29510
29514
29515
29517
29518
29519
29522
29529
29530
29532
29533
29534
29535
29537
29538
29540
29542
29545
29546
29547
29551
29553
29554
29555
29556
29557
29558
29559
29561
29562
29563
29564
29566
29567
29568
29569
29570
29572
29573
29576
29577
29579
29580
29583
29584
29585
29586
29587
29588
29590
29591
29593
29594
29595
29598
29600
29602
29605
29606
29607
29608
29611
29612
29615
29616
29617
29621
29624
29627
29629
29630
29631
29632
29634
29635
29638
29640
29641
29642
29645
29646
29648
29649
29651
29653
29655
29656
29657
29658
29660
29661
29663
29664
29665
29669
29670
29671
29672
29673
29675
29677
29678
29679
29680
29682
29685
29686
29689
29690
29691
29694
29696
29699
29700
29701
29704
29705
29706
29707
29709
29710
29711
29722
29724
29728
29732
29736
29737
29738
29748
29751
29754
29775
29777
29780
29787
29802
29826
29838
29843
29857
29859
29860
29862
29867
29878
29891
29902
29926
29938
29950
29952
29954
29957
29962
29969
29974
29982
29984
30002
30016
30035
30052
30056
30058
30065
30067
30089
30110
30123
30130
30165
30170
30178
30181
30182
30195
30225
30229
30236
30238
30247
30248
30262
30263
30310
30311
30328
30343
30345
30356
30369
30377
30386
30390
30391
30392
30393
30394
30395
30396
30397
30398
30400
30401
30402
30403
30404
30405
30406
30407
30408
30409
30411
30412
30413
30414
30415
30417
30420
30421
30422
30423
30425
30426
30428
30429
30430
30431
30432
30434
30435
30436
30437
30438
30439
30440
30444
30446
30447
30449
30450
30452
30453
30454
30456
30458
30459
30460
30461
30463
30465
30469
30470
30471
30474
30475
30477
30478
30480
30481
30482
30483
30484
30485
30486
30487
30490
30491
30492
30493
30494
30499
30500
30501
30503
30504
30507
30508
30510
30512
30513
30514
30516
30517
30519
30521
30523
30525
30526
30527
30528
30530
30531
30534
30535
30536
30540
30541
30542
30544
30545
30546
30547
30548
30549
30552
30554
30555
30556
30557
30558
30560
30562
30563
30564
30566
30567
30569
30570
30572
30574
30575
30577
30578
30580
30584
30587
30589
30590
30591
30592
30593
30595
30596
30597
30598
30599
30600
30604
30606
30607
30608
30609
30611
30613
30614
30615
30616
30618
30619
30623
30624
30626
30627
30628
30629
30631
30634
30635
30637
30642
30643
30644
30645
30646
30647
30648
30649
30650
30652
30653
30655
30662
30663
30665
30666
30667
30668
30669
30672
30673
30674
30675
30676
30677
30678
30679
30682
30686
30688
30689
30690
30691
30693
30694
30697
30700
30701
30702
30703
30705
30708
30715
30717
30718
30719
30720
30721
30722
30724
30725
30728
30729
30730
30731
30736
30738
30739
30740
30741
30744
30748
30749
30750
30752
30753
30756
30757
30762
30767
30768
30769
30770
30773
30774
30775
30776
30777
30778
30779
30780
30785
30786
30790
30791
30792
30793
30795
30796
30797
30798
30799
30800
30805
30808
30809
30812
30813
30814
30817
30818
30820
30821
30823
30824
30825
30826
30832
30833
30835
30838
30839
30840
30841
30843
30846
30847
30852
30854
30855
30857
30861
30862
30863
30864
30866
30869
30873
30874
30876
30879
30880
30883
30884
30886
30887
30890
30892
30893
30895
30896
30897
30901
30902
30903
30904
30905
30909
30910
30911
30913
30916
30917
30921
30922
30923
30927
30928
30929
30931
30933
30935
30937
30940
30944
30945
30946
30947
30948
30950
30951
30954
30960
30962
30964
30965
30969
30970
30971
30974
30975
30977
30978
30980
30982
30983
30985
30986
30988
30991
30992
30995
30996
30999
31000
31003
31004
31006
31007
31010
31011
31012
31013
31014
31015
31019
31020
31023
31024
31025
31026
31027
31033
31035
31037
31038
31039
31041
31042
31043
31045
31046
31048
31050
31052
31061
31065
31068
31070
31071
31072
31075
31076
31078
31080
31081
31082
31083
31085
31087
31088
31090
31094
31097
31098
31100
31104
31105
31108
31110
31112
31114
31115
31118
31120
31122
31125
31127
31128
31130
31133
31134
31135
31136
31139
31140
31145
31148
31150
31151
31153
31155
31157
31160
31161
31162
31169
31171
31172
31173
31174
31177
31178
31179
31180
31181
31182
31184
31185
31189
31190
31191
31194
31195
31199
31200
31202
31204
31208
31209
31211
31213
31214
31216
31219
31220
31223
31224
31225
31229
31232
31234
31236
31237
31238
31239
31241
31247
31248
31251
31252
31253
31258
31259
31261
31263
31264
31267
31268
31270
31272
31273
31274
31275
31276
31278
31280
31282
31284
31286
31287
31289
31290
31291
31292
31293
31295
31297
31301
31304
31305
31306
31311
31315
31319
31320
31325
31328
31329
31332
31335
31336
31338
31341
31345
31347
31348
31349
31351
31354
31359
31360
31363
31369
31370
31371
31374
31375
31377
31382
31384
31385
31393
31394
31397
31399
31404
31405
31406
31410
31412
31421
31427
31428
31430
31431
31432
31433
31434
31438
31440
31443
31444
31445
31447
31451
31456
31459
31460
31461
31463
31465
31472
31473
31474
31479
31480
31487
31488
31494
31495
31498
31503
31508
31509
31511
31516
31517
31521
31522
31523
31525
31529
31530
31532
31551
31554
31558
31566
31570
31571
31574
31578
31579
31584
31585
31590
31592
31594
31600
31601
31602
31605
31616
31617
31619
31620
31622
31624
31628
31630
31636
31641
31643
31645
31646
31648
31649
31656
31660
31666
31667
31668
31670
31673
31677
31678
31679
31680
31683
31684
31685
31687
31690
31691
31692
31693
31697
31702
31705
31706
31707
31724
31727
31728
31733
31737
31743
31744
31750
31753
31757
31758
31759
31766
31767
31768
31772
31781
31786
31788
31791
31796
31801
31802
31810
31821
31825
31828
31831
31837
31841
31846
31849
31855
31858
31864
31877
31880
31882
31883
31884
31886
31887
31893
31897
31899
31901
31907
31909
31913
31915
31918
31921
31924
31927
31935
31940
31941
31945
31953
31955
31956
31959
31962
31963
31966
31970
31975
31978
31986
31987
31988
31990
31994
31995
31996
31997
31998
32009
32010
32013
32014
32015
32022
32027
32028
32031
32032
32035
32036
32040
32043
32045
32047
32053
32057
32058
32060
32064
32068
32069
32071
32073
32074
32076
32081
32082
32084
32086
32088
32089
32092
32093
32094
32096
32099
32100
32103
32105
32106
32107
32109
32110
32111
32112
32113
32116
32118
32120
32126
32127
32128
32129
32130
32131
32132
32134
32135
32138
32140
32141
32143
32144
32145
32146
32147
32148
32149
32150
32151
32154
32155
32156
32157
32158
32159
32161
32162
32163
32165
32166
32167
32169
32170
32171
32173
32177
32180
32184
32185
32186
32188
32190
32191
32193
32199
32200
32201
32202
32203
32204
32205
32206
32207
32210
32211
32213
32214
32215
32217
32218
32221
32222
32223
32224
32225
32226
32227
32229
32230
32231
32232
32233
32234
32235
32236
32237
32238
32242
32243
32244
32245
32246
32247
32248
32249
32250
32252
32253
32254
32255
32256
32257
32258
32260
32261
32262
32263
32264
32265
32266
32269
32270
32271
32273
32274
32275
32276
32277
32278
32279
32280
32281
32282
32284
32285
32286
32287
32290
32291
32292
32293
32294
32296
32297
32298
32300
32301
32303
32307
32308
32309
32310
32311
32313
32314
32315
32316
32317
32319
32320
32321
32322
32324
32325
32326
32327
32328
32330
32331
32332
32333
32334
32335
32336
32338
32339
32342
32343
32344
32345
32346
32348
32352
32353
32355
32356
32357
32360
32363
32364
32365
32366
32367
32368
32370
32372
32373
32376
32380
32381
32382
32383
32384
32385
32386
32387
32388
32389
32390
32391
32392
32393
32394
32395
32396
32397
32398
32399
32400
32401
32402
32403
32404
32405
32407
32408
32409
32410
32411
32412
32413
32415
32416
32417
32418
32419
32420
32421
32422
32423
32424
32426
32427
32428
32429
32431
32432
32435
32438
32439
32440
32441
32442
32443
32445
32446
32447
32448
32449
32450
32452
32453
32456
32459
32460
32461
32462
32463
32465
32466
32470
32471
32472
32473
32476
32477
32479
32480
32481
32483
32485
32486
32487
32488
32489
32491
32492
32494
32495
32496
32498
32499
32502
32504
32507
32509
32511
32512
32513
32515
32517
32518
32519
32520
32521
32525
32526
32528
32529
32530
32531
32534
32537
32538
32542
32544
32545
32546
32548
32549
32554
32556
32561
32562
32564
32565
32566
32567
32569
32571
32573
32574
32577
32578
32579
32580
32582
32583
32584
32585
32586
32587
32588
32589
32590
32591
32593
32594
32595
32598
32600
32601
32602
32603
32604
32606
32607
32610
32612
32614
32615
32616
32617
32618
32619
32620
32622
32623
32625
32626
32627
32629
32630
32631
32637
32638
32639
32640
32642
32643
32645
32648
32649
32653
32654
32655
32656
32657
32658
32659
32661
32662
32666
32668
32670
32671
32672
32673
32674
32676
32681
32682
32683
32685
32687
32688
32692
32693
32694
32695
32696
32698
32700
32702
32703
32704
32705
32706
32707
32710
32712
32713
32715
32716
32718
32720
32723
32726
32728
32730
32731
32732
32734
32737
32740
32741
32745
32747
32748
32749
32750
32752
32753
32758
32759
32760
32761
32762
32764
32765
32768
32769
32772
32773
32775
32779
32781
32782
32784
32788
32789
32792
32794
32795
32800
32801
32804
32806
32807
32810
32811
32813
32818
32820
32822
32823
32825
32827
32829
32831
32832
32835
32838
32839
32840
32841
32842
32843
32846
32850
32851
32858
32861
32862
32863
32866
32870
32873
32874
32876
32877
32879
32880
32883
32884
32886
32887
32889
32892
32894
32899
32900
32901
32904
32905
32907
32910
32911
32915
32917
32920
32921
32922
32924
32925
32929
32931
32932
32934
32935
32936
32944
32945
32948
32949
32952
32955
32960
32964
32965
32968
32970
32972
32973
32975
32976
32977
32978
32980
32981
32982
32984
32985
32987
32988
32989
32990
32993
32994
32995
32997
32998
32999
33000
33004
33005
33006
33011
33013
33015
33018
33019
33020
33021
33022
33023
33024
33027
33028
33029
33033
33035
33037
33044
33046
33049
33053
33055
33058
33059
33063
33064
33069
33070
33072
33077
33078
33080
33082
33087
33089
33093
33096
33097
33100
33101
33104
33105
33106
33110
33117
33120
33121
33125
33126
33127
33128
33129
33132
33133
33134
33136
33137
33138
33139
33141
33142
33145
33146
33147
33148
33150
33151
33154
33156
33158
33159
33160
33162
33163
33164
33166
33167
33168
33169
33170
33171
33172
33173
33174
33176
33178
33179
33180
33182
33183
33184
33185
33186
33187
33190
33191
33193
33194
33195
33196
33198
33199
33201
33204
33205
33206
33210
33212
33213
33214
33215
33218
33219
33221
33222
33224
33225
33228
33229
33230
33231
33232
33233
33235
33238
33239
33241
33243
33244
33246
33247
33249
33250
33251
33252
33254
33255
33256
33260
33261
33262
33264
33265
33266
33267
33268
33269
33270
33271
33272
33273
33274
33275
33277
33279
33280
33281
33283
33284
33285
33286
33287
33289
33290
33291
33292
33293
33294
33296
33298
33301
33304
33305
33306
33309
33310
33311
33312
33314
33317
33319
33320
33321
33322
33324
33326
33329
33330
33332
33334
33335
33336
33340
33341
33343
33344
33345
33346
33347
33348
33350
33352
33353
33354
33355
33356
33358
33359
33361
33362
33365
33367
33369
33370
33371
33372
33373
33377
33378
33381
33382
33383
33384
33385
33386
33387
33388
33389
33390
33391
33392
33394
33396
33397
33399
33400
33403
33404
33406
33408
33410
33411
33412
33413
33414
33415
33417
33418
33419
33421
33422
33423
33424
33425
33429
33435
33436
33447
33452
33456
33458
33462
33464
33468
33472
33473
33476
33477
33480
33494
33504
33515
33516
33522
33528
33538
33540
33541
33544
33547
33549
33551
33555
33561
33567
33568
33570
33574
33580
33584
33585
33587
33588
33596
33606
33609
33611
33616
33633
33640
33642
33661
33683
33696
33707
33710
33741
33766
33776
33779
33792
33794
33795
33812
33820
33824
33835
33842
33869
33885
33892
33893
33911
33961
33973
33978
33987
33994
33998
34003
34005
34006
34014
34020
34028
34035
34049
34069
34070
34071
34074
34094
34100
34102
34103
34104
34105
34106
34107
34108
34109
34110
34112
34113
34114
34115
34116
34118
34119
34120
34121
34122
34123
34124
34125
34126
34128
34131
34134
34135
34136
34137
34138
34139
34140
34142
34144
34145
34146
34147
34148
34149
34150
34151
34152
34154
34155
34156
34157
34158
34160
34161
34164
34167
34170
34172
34173
34174
34176
34177
34178
34179
34182
34183
34184
34185
34186
34187
34188
34190
34191
34192
34194
34195
34197
34198
34199
34201
34204
34205
34207
34208
34209
34210
34213
34214
34215
34216
34217
34218
34220
34221
34223
34225
34226
34227
34228
34229
34231
34232
34233
34235
34236
34238
34240
34243
34244
34245
34247
34250
34252
34253
34254
34256
34257
34260
34261
34263
34265
34266
34267
34269
34270
34277
34279
34282
34283
34284
34287
34288
34289
34291
34292
34293
34294
34295
34298
34299
34301
34302
34305
34306
34308
34309
34312
34314
34316
34318
34320
34321
34322
34324
34325
34326
34327
34330
34331
34332
34335
34336
34345
34346
34348
34349
34351
34354
34355
34356
34357
34358
34359
34361
34362
34365
34366
34367
34368
34369
34370
34372
34373
34376
34377
34379
34381
34383
34384
34385
34387
34388
34391
34392
34393
34397
34399
34400
34403
34407
34408
34409
34410
34411
34412
34413
34414
34417
34421
34422
34424
34425
34426
34427
34428
34429
34431
34433
34434
34435
34437
34438
34439
34442
34444
34445
34446
34449
34450
34452
34453
34454
34458
34459
34460
34461
34464
34465
34468
34470
34471
34473
34474
34477
34478
34479
34481
34484
34486
34487
34488
34489
34490
34491
34492
34493
34494
34495
34497
34499
34500
34501
34502
34505
34506
34507
34508
34509
34510
34513
34519
34520
34521
34522
34524
34526
34528
34531
34533
34535
34537
34538
34539
34540
34542
34545
34547
34549
34550
34551
34554
34558
34560
34561
34562
34563
34565
34567
34568
34569
34571
34572
34575
34576
34577
34578
34583
34586
34588
34590
34591
34594
34597
34598
34600
34601
34603
34604
34606
34607
34608
34609
34610
34612
34613
34619
34622
34625
34626
34628
34629
34630
34631
34633
34636
34639
34640
34642
34643
34647
34649
34653
34654
34656
34658
34660
34662
34665
34667
34668
34672
34674
34676
34678
34679
34684
34687
34688
34689
34691
34692
34694
34696
34698
34699
34702
34703
34705
34708
34709
34714
34715
34717
34720
34721
34722
34723
34724
34725
34726
34728
34731
34736
34737
34740
34745
34747
34748
34751
34752
34756
34758
34760
34761
34762
34763
34764
34765
34766
34767
34769
34770
34772
34774
34775
34781
34782
34785
34789
34790
34791
34792
34794
34795
34796
34798
34799
34800
34801
34803
34806
34807
34809
34811
34812
34813
34815
34816
34819
34820
34822
34824
34826
34827
34828
34829
34832
34836
34837
34838
34839
34841
34842
34843
34844
34848
34849
34852
34853
34854
34855
34859
34861
34862
34863
34865
34867
34869
34870
34871
34875
34878
34881
34882
34883
34884
34887
34893
34895
34896
34898
34901
34903
34904
34905
34906
34907
34908
34912
34913
34916
34918
34920
34922
34923
34924
34925
34928
34929
34932
34933
34934
34935
34939
34941
34946
34947
34948
34950
34951
34953
34955
34958
34959
34961
34962
34964
34965
34967
34970
34972
34973
34975
34978
34980
34981
34982
34983
34985
34987
34989
34991
34993
34994
34996
34997
35000
35002
35003
35005
35006
35008
35009
35011
35012
35013
35017
35018
35019
35021
35024
35025
35030
35031
35032
35039
35040
35042
35043
35046
35049
35051
35054
35055
35061
35062
35065
35067
35068
35070
35074
35075
35077
35083
35084
35089
35091
35094
35096
35098
35099
35104
35107
35108
35109
35110
35112
35113
35116
35119
35120
35123
35124
35125
35129
35131
35134
35137
35138
35139
35145
35146
35149
35151
35152
35156
35158
35170
35172
35173
35177
35179
35180
35182
35185
35188
35191
35192
35193
35194
35195
35196
35199
35201
35202
35205
35206
35210
35212
35214
35215
35216
35217
35220
35221
35222
35224
35225
35233
35235
35237
35239
35240
35257
35258
35260
35265
35272
35273
35279
35280
35283
35284
35287
35288
35291
35293
35294
35301
35307
35308
35315
35316
35317
35320
35321
35323
35331
35334
35336
35337
35342
35343
35345
35349
35352
35355
35360
35361
35367
35370
35371
35374
35378
35380
35381
35383
35384
35387
35391
35393
35394
35397
35401
35404
35405
35406
35407
35409
35412
35413
35418
35421
35423
35424
35430
35433
35434
35437
35438
35442
35443
35447
35450
35451
35452
35453
35455
35457
35459
35460
35461
35462
35465
35467
35470
35471
35472
35473
35475
35476
35480
35481
35482
35483
35484
35490
35492
35493
35505
35511
35512
35513
35514
35515
35518
35521
35522
35524
35526
35527
35528
35529
35532
35534
35538
35539
35541
35543
35549
35552
35553
35565
35566
35572
35573
35578
35579
35583
35589
35591
35594
35595
35596
35597
35600
35604
35605
35607
35610
35611
35613
35615
35616
35617
35625
35627
35628
35629
35632
35638
35640
35642
35646
35649
35663
35665
35667
35670
35673
35674
35677
35678
35689
35692
35702
35708
35709
35710
35711
35712
35715
35720
35723
35724
35725
35728
35733
35737
35740
35741
35745
35749
35752
35757
35763
35765
35767
35769
35773
35774
35777
35778
35781
35783
35784
35787
35790
35791
35794
35796
35798
35800
35801
35802
35803
35806
35807
35808
35809
35812
35814
35817
35819
35820
35821
35822
35823
35824
35827
35828
35830
35832
35835
35837
35838
35841
35844
35847
35848
35849
35854
35855
35856
35857
35858
35860
35861
35862
35864
35866
35867
35869
35870
35871
35874
35877
35879
35887
35888
35891
35894
35900
35903
35904
35906
35907
35908
35909
35911
35912
35913
35914
35915
35917
35918
35919
35920
35921
35922
35925
35926
35927
35928
35929
35930
35931
35932
35934
35935
35937
35938
35941
35942
35943
35944
35946
35947
35948
35949
35950
35951
35952
35954
35955
35956
35957
35958
35959
35960
35961
35962
35963
35964
35965
35966
35967
35968
35969
35970
35971
35972
35974
35976
35977
35978
35980
35982
35984
35985
35986
35987
35988
35989
35990
35991
35993
35994
35995
35996
35997
35999
36000
36001
36003
36005
36006
36007
36008
36009
36010
36012
36015
36016
36017
36018
36020
36022
36023
36024
36025
36027
36030
36031
36032
36033
36034
36035
36036
36037
36038
36039
36040
36041
36043
36044
36046
36047
36049
36050
36052
36053
36054
36055
36056
36057
36059
36060
36061
36062
36063
36064
36065
36066
36068
36069
36072
36073
36074
36077
36078
36079
36080
36081
36082
36085
36086
36087
36088
36089
36090
36092
36094
36096
36097
36098
36101
36103
36104
36105
36106
36109
36110
36111
36115
36116
36117
36118
36121
36122
36123
36124
36126
36127
36129
36131
36132
36133
36134
36135
36138
36141
36142
36143
36144
36145
36146
36147
36150
36151
36152
36153
36154
36155
36156
36157
36159
36160
36162
36163
36164
36165
36166
36167
36169
36170
36173
36174
36175
36179
36180
36181
36183
36184
36185
36186
36187
36188
36190
36191
36194
36196
36199
36202
36205
36206
36210
36212
36213
36214
36215
36219
36221
36222
36223
36224
36226
36229
36230
36231
36233
36234
36235
36238
36239
36240
36241
36242
36243
36245
36247
36248
36249
36251
36252
36255
36256
36258
36259
36262
36263
36264
36266
36268
36269
36270
36271
36272
36274
36275
36276
36278
36280
36281
36286
36288
36290
36291
36293
36294
36298
36301
36302
36305
36306
36307
36309
36310
36311
36312
36313
36316
36317
36318
36319
36322
36323
36324
36326
36327
36328
36330
36332
36333
36335
36336
36337
36338
36339
36341
36343
36345
36346
36348
36350
36351
36352
36354
36355
36356
36360
36361
36362
36363
36364
36365
36367
36368
36369
36370
36372
36374
36375
36377
36378
36379
36380
36382
36383
36385
36390
36394
36398
36399
36401
36402
36403
36405
36407
36409
36410
36411
36412
36414
36416
36418
36419
36420
36421
36424
36425
36426
36429
36432
36433
36434
36436
36439
36440
36441
36444
36445
36446
36448
36449
36451
36458
36459
36460
36461
36462
36463
36464
36466
36467
36468
36471
36474
36475
36476
36481
36483
36484
36486
36487
36494
36495
36503
36508
36510
36511
36513
36514
36515
36516
36517
36518
36521
36522
36524
36525
36527
36528
36532
36533
36534
36535
36536
36537
36539
36544
36545
36546
36549
36550
36552
36554
36557
36560
36564
36571
36576
36577
36580
36581
36582
36583
36588
36590
36591
36593
36596
36597
36598
36599
36602
36603
36605
36606
36608
36612
36614
36617
36618
36620
36621
36622
36624
36625
36630
36631
36633
36634
36637
36638
36639
36645
36648
36654
36656
36658
36659
36661
36662
36664
36665
36666
36668
36669
36671
36674
36677
36678
36680
36682
36683
36684
36686
36687
36688
36690
36692
36693
36695
36697
36699
36700
36701
36702
36704
36705
36708
36709
36710
36711
36713
36714
36716
36717
36718
36724
36726
36727
36730
36731
36733
36736
36737
36738
36742
36743
36744
36745
36747
36752
36754
36755
36757
36758
36765
36766
36767
36769
36772
36773
36775
36777
36779
36780
36782
36783
36791
36792
36796
36797
36799
36800
36805
36806
36807
36808
36810
36811
36814
36815
36818
36820
36822
36824
36826
36831
36832
36833
36834
36835
36837
36838
36839
36842
36843
36844
36845
36846
36847
36848
36849
36851
36852
36853
36855
36856
36860
36862
36864
36867
36870
36871
36872
36874
36876
36877
36879
36880
36882
36883
36884
36885
36886
36887
36889
36890
36891
36892
36893
36894
36896
36899
36907
36909
36912
36913
36915
36916
36918
36919
36920
36923
36924
36927
36928
36929
36931
36932
36933
36935
36936
36938
36940
36941
36943
36944
36945
36946
36947
36950
36956
36957
36958
36959
36960
36961
36962
36969
36970
36974
36975
36976
36977
36979
36981
36982
36983
36984
36985
36987
36991
36994
36995
36996
36997
36998
36999
37001
37003
37004
37005
37006
37007
37008
37009
37010
37011
37014
37018
37019
37021
37022
37025
37026
37027
37028
37030
37032
37035
37036
37039
37040
37041
37044
37045
37047
37048
37049
37050
37051
37052
37055
37056
37057
37058
37062
37063
37064
37066
37068
37069
37070
37073
37077
37078
37079
37080
37081
37083
37084
37086
37087
37092
37093
37095
37097
37098
37099
37100
37101
37102
37103
37104
37105
37107
37108
37110
37111
37113
37114
37116
37117
37118
37119
37120
37122
37123
37124
37125
37126
37127
37128
37129
37130
37131
37132
37133
37135
37137
37138
37139
