2
9
12
14
15
26
28
29
31
39
49
51
55
56
57
62
64
75
90
91
100
102
112
116
117
126
127
141
143
145
148
155
157
158
162
165
177
185
190
196
206
208
211
216
233
234
240
242
245
249
255
256
261
263
265
266
271
273
280
281
285
290
293
296
305
319
326
327
336
355
359
361
365
370
379
388
409
417
424
425
427
431
433
434
435
442
446
448
451
465
466
471
481
490
491
498
519
521
535
536
538
572
574
575
590
593
601
602
623
624
629
634
635
645
649
668
670
674
677
678
679
681
682
683
684
685
686
687
688
690
691
692
693
695
696
697
698
699
700
701
702
703
704
705
707
708
709
710
711
712
713
714
715
716
717
718
719
720
721
722
724
725
726
727
728
730
731
732
733
734
735
736
738
741
742
743
744
746
747
748
751
752
758
759
760
761
763
764
765
766
768
769
770
772
773
775
778
779
780
781
782
783
784
785
786
787
788
789
790
791
792
796
798
799
801
802
803
804
805
807
811
812
813
814
816
818
819
820
821
824
826
828
830
831
832
833
834
835
836
837
838
841
843
844
845
849
850
851
858
859
860
861
862
863
864
867
868
869
872
873
875
878
879
880
882
888
889
890
891
892
894
895
898
899
900
904
905
906
907
909
912
914
919
920
921
922
923
925
927
929
930
931
933
934
935
936
939
940
943
945
946
948
950
951
952
955
958
959
962
965
966
967
968
969
970
972
973
974
977
982
985
986
987
989
994
995
996
998
1000
1001
1002
1003
1005
1007
1008
1009
1010
1011
1013
1016
1017
1019
1022
1026
1027
1029
1032
1034
1036
1037
1038
1040
1045
1047
1050
1051
1052
1055
1056
1061
1062
1063
1064
1065
1066
1069
1070
1071
1072
1073
1078
1079
1081
1082
1083
1084
1085
1086
1087
1088
1093
1096
1097
1098
1100
1102
1104
1105
1108
1111
1113
1115
1116
1118
1120
1123
1129
1131
1132
1133
1139
1143
1146
1147
1149
1150
1153
1157
1160
1162
1163
1164
1165
1168
1169
1174
1176
1177
1178
1180
1182
1186
1190
1192
1199
1200
1201
1204
1207
1208
1212
1217
1224
1226
1228
1230
1231
1234
1235
1236
1243
1244
1247
1253
1256
1257
1258
1259
1261
1262
1263
1265
1266
1269
1270
1271
1272
1273
1276
1279
1282
1284
1287
1288
1290
1291
1293
1294
1295
1297
1298
1299
1300
1301
1307
1313
1314
1316
1318
1319
1321
1324
1325
1327
1328
1330
1331
1332
1333
1334
1338
1339
1340
1348
1349
1351
1352
1353
1358
1359
1362
1363
1364
1369
1370
1374
1375
1376
1383
1384
1386
1387
1396
1398
1401
1403
1405
1406
1407
1408
1410
1411
1416
1422
1428
1429
1433
1437
1439
1441
1446
1448
1449
1458
1459
1460
1461
1465
1466
1468
1469
1471
1476
1478
1479
1486
1487
1488
1489
1490
1494
1495
1497
1499
1500
1501
1507
1508
1512
1515
1520
1524
1526
1527
1532
1533
1535
1536
1538
1539
1540
1541
1547
1550
1551
1552
1555
1557
1560
1561
1562
1563
1567
1568
1569
1570
1572
1574
1576
1577
1579
1580
1581
1585
1588
1590
1592
1593
1595
1599
1600
1606
1609
1610
1614
1615
1617
1618
1620
1621
1622
1623
1628
1634
1636
1637
1641
1642
1644
1645
1646
1648
1649
1652
1656
1663
1664
1665
1669
1673
1675
1676
1682
1686
1688
1690
1692
1693
1695
1698
1699
1700
1701
1702
1709
1713
1716
1720
1723
1726
1727
1729
1730
1731
1736
1743
1747
1749
1751
1752
1753
1754
1759
1761
1762
1765
1766
1767
1768
1769
1770
1772
1774
1776
1787
1788
1795
1796
1797
1801
1803
1804
1805
1807
1809
1813
1818
1821
1822
1826
1828
1830
1832
1835
1838
1842
1845
1848
1851
1852
1854
1858
1865
1868
1875
1878
1882
1885
1887
1888
1890
1895
1897
1900
1904
1905
1906
1907
1908
1909
1910
1922
1923
1925
1926
1929
1933
1935
1937
1940
1945
1946
1949
1954
1955
1958
1960
1961
1962
1967
1973
1975
1978
1979
1980
1981
1990
1997
2012
2016
2018
2023
2025
2027
2033
2034
2038
2045
2046
2054
2057
2058
2062
2065
2067
2073
2074
2076
2078
2079
2085
2088
2096
2099
2102
2103
2106
2108
2112
2113
2115
2116
2120
2133
2138
2139
2141
2142
2146
2152
2153
2161
2163
2166
2167
2168
2169
2170
2172
2175
2177
2182
2186
2190
2191
2194
2197
2201
2208
2210
2212
2213
2216
2223
2227
2230
2235
2237
2239
2240
2244
2248
2252
2256
2258
2264
2265
2266
2267
2270
2274
2275
2279
2286
2289
2292
2294
2298
2302
2305
2307
2309
2319
2320
2325
2327
2328
2329
2334
2339
2341
2342
2350
2351
2352
2355
2356
2357
2360
2364
2370
2374
2375
2378
2382
2383
2384
2387
2388
2391
2393
2394
2396
2397
2399
2401
2402
2404
2406
2407
2408
2410
2415
2416
2420
2422
2424
2427
2428
2430
2432
2438
2439
2443
2444
2445
2447
2448
2449
2456
2457
2458
2459
2462
2463
2474
2476
2479
2480
2482
2486
2487
2488
2489
2490
2491
2492
2493
2494
2495
2497
2498
2499
2501
2503
2504
2505
2506
2510
2511
2512
2513
2514
2515
2518
2519
2520
2521
2522
2523
2524
2525
2526
2527
2528
2529
2530
2531
2532
2533
2534
2535
2536
2537
2538
2539
2540
2541
2542
2543
2544
2545
2546
2547
2549
2550
2551
2552
2553
2554
2555
2556
2558
2559
2560
2561
2562
2563
2564
2565
2566
2567
2568
2569
2570
2571
2573
2574
2575
2577
2578
2579
2580
2581
2582
2583
2584
2585
2586
2588
2589
2590
2591
2592
2593
2594
2595
2596
2597
2598
2599
2600
2601
2604
2605
2606
2607
2608
2609
2610
2611
2612
2613
2614
2615
2616
2617
2618
2619
2620
2621
2623
2624
2625
2626
2627
2628
2629
2630
2631
2634
2635
2636
2637
2639
2641
2643
2644
2645
2651
2652
2653
2654
2655
2658
2659
2660
2661
2664
2665
2666
2667
2668
2669
2670
2671
2672
2673
2675
2676
2677
2678
2679
2682
2684
2685
2686
2688
2689
2690
2691
2692
2693
2696
2697
2698
2699
2700
2701
2702
2703
2705
2706
2707
2708
2709
2710
2711
2712
2713
2714
2715
2716
2717
2718
2719
2720
2721
2722
2723
2724
2728
2729
2730
2731
2733
2734
2736
2739
2740
2741
2742
2743
2744
2745
2746
2747
2749
2753
2755
2756
2759
2760
2761
2764
2766
2767
2768
2769
2770
2771
2772
2773
2774
2775
2776
2779
2780
2782
2783
2784
2786
2787
2789
2790
2794
2795
2796
2797
2800
2801
2803
2804
2805
2806
2807
2808
2810
2811
2812
2813
2815
2816
2817
2818
2819
2821
2822
2825
2826
2828
2829
2830
2831
2833
2836
2837
2838
2839
2841
2842
2847
2848
2849
2852
2854
2855
2856
2857
2859
2860
2862
2864
2865
2866
2868
2870
2871
2873
2874
2876
2879
2880
2881
2882
2883
2884
2886
2887
2888
2890
2892
2893
2897
2898
2903
2904
2907
2910
2911
2912
2913
2914
2915
2917
2918
2919
2920
2922
2923
2925
2926
2928
2931
2933
2935
2939
2940
2941
2942
2944
2945
2947
2948
2949
2951
2952
2954
2956
2957
2959
2960
2962
2965
2966
2973
2974
2975
2976
2978
2980
2981
2982
2986
2987
2988
2989
2992
2993
2995
2996
2998
3001
3003
3006
3008
3010
3011
3016
3017
3018
3022
3024
3029
3030
3033
3034
3035
3036
3037
3038
3039
3040
3042
3044
3045
3046
3047
3048
3049
3052
3054
3055
3056
3057
3058
3061
3063
3065
3066
3067
3068
3069
3070
3075
3078
3081
3082
3083
3084
3088
3090
3095
3097
3099
3101
3103
3104
3106
3110
3111
3119
3120
3121
3122
3123
3125
3127
3128
3134
3140
3148
3149
3150
3152
3153
3154
3155
3156
3157
3162
3165
3166
3167
3168
3169
3170
3172
3173
3174
3177
3179
3185
3186
3187
3190
3192
3193
3196
3197
3199
3200
3204
3206
3207
3208
3210
3211
3213
3219
3220
3222
3223
3224
3225
3227
3228
3232
3236
3239
3240
3241
3242
3245
3248
3250
3252
3253
3258
3259
3261
3262
3264
3266
3271
3275
3276
3277
3278
3280
3285
3286
3287
3288
3290
3291
3293
3294
3295
3297
3298
3299
3301
3302
3303
3305
3307
3309
3310
3312
3316
3317
3319
3322
3325
3329
3332
3333
3334
3337
3340
3341
3342
3344
3349
3351
3352
3353
3354
3356
3357
3361
3364
3365
3368
3370
3377
3378
3380
3383
3384
3385
3388
3389
3392
3393
3396
3397
3398
3404
3405
3406
3409
3412
3413
3414
3415
3419
3422
3423
3425
3426
3427
3428
3430
3432
3434
3435
3436
3438
3439
3442
3444
3446
3447
3448
3449
3450
3451
3454
3456
3458
3459
3460
3462
3463
3465
3466
3467
3468
3470
3472
3473
3474
3475
3481
3483
3484
3486
3487
3488
3492
3493
3496
3501
3502
3503
3506
3507
3508
3509
3512
3514
3515
3517
3518
3519
3520
3521
3523
3524
3529
3530
3531
3532
3534
3535
3537
3539
3540
3542
3543
3544
3545
3546
3554
3555
3556
3557
3559
3561
3564
3567
3569
3570
3571
3574
3578
3580
3581
3584
3585
3587
3588
3589
3593
3595
3599
3600
3602
3603
3606
3608
3609
3610
3612
3613
3614
3619
3622
3623
3624
3625
3628
3629
3631
3634
3635
3637
3640
3642
3643
3644
3647
3650
3651
3652
3653
3655
3657
3658
3660
3661
3665
3666
3668
3669
3671
3672
3673
3674
3675
3676
3677
3678
3679
3680
3681
3682
3685
3687
3688
3691
3692
3694
3695
3696
3698
3699
3700
3703
3705
3706
3707
3708
3710
3712
3716
3733
3740
3743
3752
3757
3763
3764
3766
3768
3773
3775
3776
3786
3789
3793
3794
3801
3804
3805
3806
3808
3811
3812
3815
3820
3821
3822
3824
3825
3826
3827
3829
3830
3831
3832
3836
3837
3842
3843
3844
3845
3850
3851
3854
3855
3857
3858
3859
3860
3861
3865
3866
3872
3874
3876
3878
3879
3886
3893
3897
3899
3904
3907
3910
3916
3920
3921
3927
3930
3932
3933
3943
3944
3946
3951
3953
3955
3956
3974
3975
3976
3977
3978
3982
3992
4004
4005
4010
4024
4026
4030
4033
4038
4040
4041
4050
4052
4066
4069
4070
4071
4076
4079
4083
4091
4094
4097
4106
4108
4109
4112
4124
4139
4146
4147
4148
4149
4156
4157
4164
4165
4166
4167
4169
4178
4179
4180
4182
4195
4198
4202
4205
4213
4215
4218
4237
4238
4239
4243
4249
4250
4251
4252
4253
4262
4273
4275
4276
4279
4284
4292
4294
4304
4306
4316
4323
4333
4334
4343
4345
4347
4356
4358
4383
4389
4390
4391
4392
4393
4394
4395
4396
4397
4398
4399
4400
4401
4402
4403
4404
4405
4406
4407
4408
4410
4411
4413
4414
4416
4417
4418
4419
4420
4421
4422
4425
4426
4427
4428
4429
4430
4431
4432
4433
4434
4436
4437
4438
4439
4440
4441
4442
4444
4445
4446
4447
4448
4449
4451
4452
4453
4455
4456
4458
4459
4460
4461
4464
4465
4466
4468
4470
4472
4473
4476
4478
4480
4481
4482
4483
4484
4485
4486
4487
4490
4491
4492
4493
4495
4496
4499
4502
4505
4506
4507
4509
4510
4512
4513
4515
4516
4519
4525
4526
4527
4528
4530
4531
4532
4533
4534
4535
4537
4538
4540
4541
4543
4544
4545
4547
4549
4550
4551
4553
4554
4557
4558
4559
4560
4563
4564
4565
4568
4571
4572
4574
4576
4577
4582
4583
4584
4585
4587
4589
4591
4593
4594
4595
4596
4597
4598
4600
4601
4602
4603
4605
4606
4607
4608
4609
4611
4612
4613
4615
4616
4618
4619
4620
4621
4623
4626
4628
4629
4631
4633
4634
4635
4636
4637
4639
4641
4642
4643
4644
4645
4647
4648
4649
4651
4652
4653
4654
4656
4659
4661
4662
4664
4665
4666
4669
4670
4671
4672
4675
4676
4677
4678
4679
4680
4681
4684
4685
4686
4687
4689
4691
4693
4696
4697
4699
4700
4701
4702
4703
4704
4705
4706
4708
4709
4710
4711
4712
4713
4716
4720
4721
4723
4724
4725
4728
4730
4731
4733
4736
4739
4740
4741
4746
4749
4750
4752
4753
4756
4758
4759
4760
4764
4766
4767
4770
4771
4775
4776
4777
4780
4781
4782
4785
4787
4788
4790
4791
4792
4794
4795
4796
4797
4798
4800
4801
4802
4807
4808
4811
4812
4815
4816
4817
4819
4820
4821
4822
4825
4828
4830
4832
4834
4835
4837
4838
4842
4845
4846
4848
4849
4851
4853
4854
4860
4861
4863
4865
4866
4872
4874
4875
4876
4877
4878
4882
4883
4887
4888
4889
4891
4892
4895
4896
4898
4899
4900
4904
4905
4908
4911
4914
4915
4916
4918
4919
4920
4921
4925
4927
4930
4931
4932
4935
4936
4937
4938
4941
4944
4945
4946
4947
4948
4949
4953
4955
4958
4959
4963
4964
4966
4967
4969
4972
4973
4975
4976
4977
4979
4980
4981
4982
4983
4985
4986
4995
4997
4998
5001
5003
5005
5009
5010
5011
5014
5019
5025
5033
5038
5039
5040
5041
5043
5044
5045
5046
5047
5048
5051
5052
5053
5054
5062
5063
5064
5065
5066
5067
5070
5071
5072
5073
5078
5080
5084
5088
5089
5094
5095
5096
5097
5099
5102
5103
5104
5105
5107
5110
5112
5117
5118
5119
5121
5122
5124
5125
5129
5130
5137
5138
5139
5140
5142
5151
5153
5159
5160
5164
5165
5169
5170
5171
5172
5175
5176
5180
5185
5188
5189
5190
5191
5192
5193
5199
5201
5202
5203
5204
5205
5206
5208
5211
5212
5213
5214
5215
5216
5226
5227
5232
5233
5234
5240
5241
5242
5243
5244
5246
5247
5249
5250
5252
5253
5255
5266
5269
5270
5273
5274
5275
5276
5277
5278
5280
5281
5282
5283
5284
5286
5288
5291
5293
5294
5295
5297
5298
5300
5303
5307
5313
5317
5320
5323
5324
5328
5329
5330
5334
5338
5339
5340
5341
5343
5344
5347
5352
5354
5356
5359
5360
5362
5363
5373
5378
5379
5381
5384
5385
5387
5388
5396
5397
5400
5402
5405
5407
5409
5410
5411
5412
5413
5414
5417
5418
5420
5423
5424
5428
5430
5434
5437
5439
5440
5441
5443
5447
5450
5451
5456
5460
5462
5464
5465
5468
5469
5473
5474
5475
5476
5479
5481
5482
5483
5484
5487
5490
5497
5500
5509
5510
5512
5513
5518
5519
5521
5523
5525
5527
5540
5544
5547
5548
5549
5551
5552
5553
5556
5558
5562
5563
5565
5567
5568
5571
5575
5576
5592
5596
5601
5602
5604
5605
5606
5608
5611
5614
5619
5620
5621
5622
5624
5626
5628
5630
5632
5634
5636
5638
5645
5647
5651
5652
5654
5655
5659
5660
5669
5670
5671
5672
5675
5676
5679
5681
5682
5683
5684
5685
5687
5688
5689
5693
5694
5695
5697
5698
5706
5709
5711
5721
5723
5726
5732
5735
5737
5739
5741
5743
5745
5746
5747
5752
5753
5754
5758
5759
5760
5761
5764
5768
5771
5772
5777
5778
5781
5782
5785
5787
5788
5790
5791
5792
5793
5796
5798
5799
5801
5802
5810
5813
5814
5816
5822
5826
5827
5829
5834
5838
5839
5840
5841
5842
5843
5845
5851
5853
5854
5860
5864
5869
5870
5871
5875
5877
5879
5883
5884
5885
5886
5888
5893
5899
5906
5912
5915
5921
5922
5926
5927
5928
5935
5939
5943
5944
5950
5953
5954
5955
5958
5963
5966
5968
5972
5973
5974
5978
5979
5980
5983
5989
5991
5994
5996
5999
6003
6006
6009
6011
6012
6014
6016
6021
6024
6025
6031
6033
6034
6037
6039
6041
6043
6054
6055
6063
6064
6065
6068
6070
6075
6077
6079
6080
6084
6088
6089
6095
6096
6097
6101
6102
6105
6106
6107
6108
6110
6111
6113
6114
6115
6118
6120
6121
6122
6124
6125
6129
6130
6131
6132
6134
6136
6139
6141
6142
6143
6144
6146
6149
6152
6156
6157
6158
6159
6161
6162
6169
6170
6171
6173
6174
6175
6177
6188
6191
6198
6200
6201
6202
6203
6204
6205
6206
6207
6208
6209
6212
6213
6214
6217
6218
6219
6220
6221
6223
6224
6225
6226
6227
6228
6229
6231
6232
6234
6235
6237
6238
6239
6240
6242
6243
6244
6245
6246
6247
6249
6250
6251
6252
6253
6254
6255
6256
6257
6259
6260
6261
6262
6264
6265
6266
6267
6268
6269
6270
6271
6272
6273
6274
6275
6276
6277
6279
6280
6282
6283
6285
6286
6287
6288
6289
6290
6291
6292
6293
6294
6295
6296
6297
6298
6299
6300
6302
6303
6304
6305
6306
6308
6309
6310
6311
6312
6313
6314
6315
6316
6317
6318
6319
6321
6322
6323
6324
6325
6326
6327
6328
6330
6331
6332
6333
6334
6335
6337
6338
6339
6340
6341
6342
6343
6344
6345
6346
6347
6348
6349
6350
6351
6355
6356
6357
6359
6361
6362
6363
6364
6365
6366
6367
6368
6369
6370
6371
6372
6375
6376
6377
6379
6381
6382
6384
6386
6389
6390
6392
6393
6396
6397
6398
6403
6404
6405
6406
6407
6410
6411
6412
6413
6414
6415
6417
6418
6420
6421
6422
6423
6424
6425
6426
6427
6428
6429
6430
6431
6433
6434
6435
6436
6437
6438
6439
6442
6444
6445
6447
6448
6449
6450
6451
6452
6454
6456
6457
6458
6459
6460
6461
6462
6463
6469
6470
6473
6474
6475
6476
6478
6479
6480
6482
6486
6487
6488
6490
6491
6493
6494
6495
6496
6497
6498
6501
6502
6504
6505
6509
6510
6511
6513
6514
6519
6520
6521
6523
6524
6527
6528
6530
6531
6532
6533
6535
6536
6539
6540
6542
6543
6544
6545
6547
6548
6550
6551
6552
6553
6555
6556
6559
6560
6563
6564
6566
6567
6568
6569
6570
6573
6574
6575
6576
6577
6580
6581
6582
6584
6585
6588
6590
6591
6592
6593
6596
6597
6600
6601
6602
6603
6604
6605
6607
6608
6609
6611
6612
6617
6618
6619
6620
6621
6623
6624
6625
6628
6629
6630
6631
6632
6633
6634
6637
6638
6639
6640
6641
6642
6643
6644
6645
6647
6649
6651
6652
6653
6655
6656
6657
6660
6661
6662
6663
6664
6666
6667
6671
6673
6676
6677
6680
6682
6683
6684
6687
6688
6689
6690
6691
6692
6694
6697
6698
6700
6702
6703
6706
6707
6709
6712
6713
6714
6717
6718
6722
6723
6724
6725
6730
6732
6733
6734
6736
6737
6738
6739
6743
6744
6746
6747
6748
6749
6750
6751
6752
6754
6758
6761
6762
6763
6764
6766
6769
6770
6772
6773
6775
6777
6780
6781
6784
6785
6786
6787
6792
6794
6797
6801
6802
6805
6807
6808
6813
6815
6816
6820
6821
6822
6824
6825
6834
6837
6838
6840
6841
6842
6845
6848
6849
6850
6852
6858
6862
6863
6864
6865
6868
6870
6879
6882
6886
6887
6888
6891
6894
6899
6900
6901
6904
6905
6906
6909
6910
6914
6915
6918
6919
6920
6922
6924
6926
6927
6933
6935
6936
6937
6939
6942
6943
6946
6948
6950
6953
6954
6957
6958
6959
6960
6961
6962
6966
6967
6968
6969
6970
6972
6975
6978
6982
6986
6987
6988
6991
6992
6993
6994
6998
6999
7001
7002
7009
7010
7011
7012
7013
7015
7021
7026
7029
7030
7031
7032
7035
7036
7039
7040
7041
7043
7046
7048
7051
7054
7055
7057
7058
7059
7063
7065
7068
7070
7071
7074
7075
7076
7078
7079
7080
7084
7085
7086
7087
7090
7091
7092
7093
7094
7096
7097
7099
7102
7103
7106
7107
7109
7110
7111
7112
7115
7118
7119
7120
7122
7126
7127
7128
7130
7131
7132
7135
7136
7138
7139
7140
7141
7143
7144
7148
7149
7151
7152
7153
7154
7156
7158
7160
7164
7172
7173
7176
7177
7179
7180
7181
7182
7185
7186
7187
7188
7191
7194
7196
7197
7200
7201
7202
7206
7207
7208
7209
7211
7214
7215
7216
7217
7220
7222
7223
7224
7228
7229
7230
7231
7233
7234
7235
7237
7243
7244
7245
7246
7248
7249
7251
7253
7254
7257
7258
7259
7260
7262
7264
7267
7269
7270
7271
7272
7273
7275
7276
7278
7280
7281
7282
7284
7285
7288
7292
7296
7298
7302
7303
7306
7309
7310
7312
7313
7314
7317
7321
7323
7324
7326
7331
7332
7333
7335
7336
7337
7339
7343
7347
7348
7349
7350
7351
7354
7355
7356
7357
7361
7364
7368
7369
7371
7372
7373
7374
7375
7379
7380
7381
7382
7383
7385
7386
7387
7389
7390
7393
7396
7398
7400
7401
7402
7404
7405
7408
7410
7411
7412
7413
7414
7417
7419
7420
7422
7423
7424
7425
7426
7427
7434
7440
7448
7454
7466
7468
7481
7487
7490
7491
7512
7518
7526
7540
7541
7542
7543
7548
7553
7554
7556
7565
7567
7571
7572
7573
7579
7580
7585
7586
7587
7590
7592
7595
7596
7598
7599
7613
7631
7634
7635
7642
7659
7685
7689
7729
7749
7754
7764
7774
7781
7796
7800
7826
7829
7838
7842
7845
7853
7857
7862
7870
7877
7886
7894
7896
7897
7898
7916
7925
7926
7927
7934
7935
7939
7947
7952
7961
7976
7980
8001
8020
8023
8026
8029
8034
8051
8057
8064
8066
8072
8081
8085
8086
8091
8092
8099
8102
8104
8106
8109
8110
8111
8112
8114
8115
8116
8117
8118
8119
8121
8124
8128
8130
8131
8132
8133
8134
8136
8137
8138
8139
8140
8141
8142
8144
8146
8147
8148
8152
8153
8154
8155
8156
8158
8160
8161
8162
8163
8167
8170
8172
8174
8175
8176
8179
8184
8185
8186
8187
8189
8192
8195
8196
8197
8200
8201
8203
8204
8205
8206
8207
8208
8210
8211
8212
8214
8215
8216
8217
8220
8224
8225
8226
8228
8231
8233
8236
8239
8240
8242
8243
8244
8245
8246
8247
8248
8249
8252
8256
8258
8259
8261
8263
8264
8265
8266
8267
8269
8270
8272
8273
8274
8277
8281
8283
8284
8286
8288
8289
8290
8291
8293
8296
8297
8301
8303
8307
8309
8311
8312
8315
8316
8318
8320
8321
8322
8323
8325
8326
8329
8331
8332
8333
8334
8335
8337
8340
8347
8353
8355
8358
8359
8360
8361
8362
8366
8368
8371
8373
8375
8376
8379
8380
8381
8382
8384
8385
8386
8389
8390
8393
8394
8398
8402
8405
8407
8409
8413
8414
8415
8417
8423
8424
8427
8429
8430
8431
8434
8435
8436
8437
8438
8439
8441
8444
8451
8455
8460
8467
8471
8472
8473
8478
8479
8483
8484
8485
8489
8493
8495
8499
8501
8505
8506
8507
8509
8510
8511
8514
8517
8521
8525
8526
8528
8529
8530
8532
8536
8539
8541
8549
8550
8559
8560
8562
8563
8567
8570
8572
8574
8576
8577
8578
8581
8583
8585
8588
8590
8601
8602
8606
8608
8612
8619
8622
8624
8625
8628
8632
8635
8636
8641
8645
8647
8649
8650
8656
8659
8661
8662
8663
8667
8671
8677
8680
8681
8688
8690
8691
8693
8696
8698
8700
8705
8707
8708
8709
8715
8716
8719
8720
8722
8723
8725
8726
8727
8735
8738
8741
8747
8749
8752
8755
8757
8758
8759
8760
8767
8777
8779
8781
8783
8784
8787
8792
8797
8798
8800
8803
8809
8810
8813
8814
8815
8817
8818
8820
8822
8825
8826
8829
8830
8831
8833
8839
8844
8847
8852
8853
8860
8864
8865
8867
8869
8870
8871
8874
8875
8876
8877
8879
8880
8884
8889
8890
8892
8894
8900
8902
8903
8906
8907
8909
8912
8914
8916
8919
8922
8923
8925
8928
8929
8934
8935
8938
8940
8941
8943
8946
8948
8952
8957
8958
8959
8960
8961
8962
8963
8966
8967
8968
8969
8975
8983
8984
8986
8989
8990
8991
8992
8997
9002
9005
9007
9011
9012
9013
9017
9018
9022
9025
9029
9030
9038
9041
9043
9044
9046
9048
9054
9057
9064
9065
9066
9068
9070
9072
9073
9074
9087
9092
9098
9099
9101
9102
9103
9104
9109
9110
9111
9118
9119
9120
9126
9127
9134
9135
9137
9141
9143
9148
9149
9151
9157
9160
9161
9165
9167
9169
9172
9175
9178
9179
9180
9182
9187
9188
9189
9193
9195
9196
9203
9207
9215
9216
9218
9219
9223
9224
9225
9226
9235
9250
9259
9270
9279
9280
9291
9294
9296
9299
9303
9309
9312
9313
9317
9318
9325
9333
9335
9344
9346
9350
9352
9354
9355
9361
9362
9365
9369
9372
9374
9378
9384
9394
9395
9399
9400
9406
9408
9410
9424
9425
9430
9440
9444
9446
9451
9453
9473
9474
9502
9506
9507
9513
9516
9522
9525
9526
9529
9530
9536
9543
9544
9550
9557
9558
9571
9583
9590
9591
9592
9597
9600
9602
9610
9613
9615
9636
9637
9642
9649
9653
9667
9668
9669
9672
9674
9680
9686
9689
9692
9693
9701
9707
9710
9718
9723
9735
9736
9737
9743
9747
9759
9769
9770
9774
9775
9783
9784
9785
9800
9803
9807
9808
9809
9810
9811
9815
9816
9819
9822
9823
9825
9831
9835
9836
9837
9838
9842
9843
9846
9850
9852
9854
9855
9856
9857
9858
9860
9864
9866
9869
9871
9879
9880
9883
9889
9896
9898
9902
9903
9904
9908
9914
9915
9917
9918
9919
9920
9921
9922
9923
9925
9926
9928
9933
9934
9937
9938
9940
9941
9942
9943
9945
9946
9949
9952
9953
9954
9955
9956
9957
9958
9960
9961
9962
9963
9964
9965
9966
9968
9969
9970
9971
9972
9973
9974
9975
9976
9978
9979
9980
9981
9983
9984
9986
9987
9988
9990
9992
9993
9994
9996
9997
9998
9999
10000
10001
10002
10003
10004
10005
10006
10007
10008
10009
10010
10011
10012
10013
10014
10016
10017
10018
10019
10020
10021
10022
10023
10024
10025
10026
10027
10029
10030
10031
10032
10033
10035
10036
10038
10040
10041
10042
10043
10046
10047
10048
10049
10050
10051
10052
10054
10055
10057
10058
10059
10061
10062
10064
10065
10067
10069
10071
10072
10073
10075
10076
10079
10080
10081
10082
10083
10084
10086
10087
10088
10089
10093
10094
10097
10098
10099
10100
10103
10104
10105
10106
10107
10109
10110
10111
10113
10117
10118
10119
10120
10121
10122
10125
10126
10127
10128
10129
10131
10132
10136
10137
10138
10139
10140
10144
10148
10149
10150
10151
10152
10153
10154
10156
10157
10158
10161
10164
10165
10166
10168
10169
10170
10172
10175
10177
10179
10183
10184
10187
10188
10190
10191
10192
10193
10194
10195
10196
10199
10201
10204
10207
10208
10212
10214
10216
10217
10218
10223
10227
10228
10232
10233
10239
10241
10244
10246
10249
10250
10251
10252
10253
10254
10257
10258
10259
10262
10264
10266
10267
10269
10270
10273
10274
10276
10277
10278
10280
10281
10282
10283
10285
10286
10287
10288
10291
10293
10295
10296
10297
10298
10299
10300
10302
10304
10307
10310
10314
10315
10316
10318
10319
10321
10322
10323
10325
10326
10327
10332
10334
10335
10339
10342
10343
10344
10345
10347
10348
10350
10351
10353
10354
10356
10358
10361
10366
10367
10368
10369
10370
10371
10377
10378
10380
10382
10387
10388
10390
10394
10396
10397
10398
10399
10401
10402
10404
10405
10409
10412
10413
10414
10419
10420
10421
10423
10424
10426
10427
10429
10431
10435
10436
10439
10442
10444
10446
10449
10450
10451
10453
10455
10457
10458
10461
10463
10464
10465
10466
10468
10470
10471
10472
10473
10475
10476
10477
10478
10479
10483
10486
10487
10488
10491
10496
10497
10504
10507
10510
10515
10517
10522
10523
10527
10528
10529
10530
10531
10532
10534
10535
10536
10539
10540
10543
10548
10551
10555
10556
10559
10560
10562
10565
10566
10574
10577
10578
10579
10581
10582
10583
10584
10587
10590
10593
10595
10596
10598
10599
10602
10605
10608
10609
10613
10617
10620
10621
10622
10623
10626
10628
10629
10630
10633
10634
10636
10639
10641
10643
10647
10648
10651
10653
10656
10657
10658
10659
10660
10662
10667
10668
10669
10671
10673
10676
10680
10681
10682
10684
10685
10686
10688
10689
10690
10692
10693
10694
10699
10702
10704
10706
10710
10711
10712
10715
10716
10718
10719
10723
10725
10726
10727
10729
10733
10734
10735
10739
10744
10745
10747
10748
10750
10752
10756
10757
10763
10765
10767
10768
10769
10771
10778
10779
10780
10781
10787
10789
10790
10793
10794
10796
10798
10806
10808
10810
10812
10813
10816
10817
10820
10822
10824
10825
10826
10833
10838
10841
10842
10846
10848
10849
10850
10851
10852
10853
10855
10857
10861
10863
10864
10866
10867
10874
10876
10878
10879
10882
10885
10887
10888
10891
10892
10893
10894
10895
10901
10902
10905
10908
10909
10912
10913
10914
10915
10916
10918
10920
10921
10922
10923
10924
10928
10929
10934
10937
10942
10943
10944
10945
10946
10947
10948
10949
10951
10957
10958
10959
10960
10963
10964
10965
10967
10972
10977
10978
10981
10982
10983
10984
10985
10987
10988
10989
10990
10993
10994
10995
10996
10997
10998
11000
11002
11006
11008
11009
11010
11012
11014
11016
11020
11023
11024
11025
11027
11028
11030
11031
11034
11037
11038
11039
11040
11041
11042
11045
11046
11047
11050
11052
11053
11054
11055
11057
11059
11061
11062
11065
11068
11070
11071
11075
11078
11081
11083
11084
11085
11086
11089
11090
11091
11093
11094
11096
11097
11099
11100
11101
11102
11103
11104
11105
11107
11110
11115
11118
11119
11120
11122
11124
11126
11127
11129
11131
11132
11133
11136
11138
11139
11141
11147
11168
11174
11179
11181
11198
11199
11204
11209
11212
11215
11222
11231
11232
11233
11239
11240
11241
11245
11252
11255
11256
11257
11259
11260
11262
11265
11266
11273
11278
11281
11282
11283
11284
11285
11286
11287
11289
11293
11300
11304
11312
11316
11327
11334
11339
11342
11344
11348
11353
11356
11360
11369
11374
11379
11380
11382
11384
11388
11390
11394
11403
11404
11414
11429
11432
11433
11457
11463
11469
11478
11480
11482
11495
11499
11505
11506
11507
11511
11516
11525
11528
11532
11534
11540
11544
11553
11560
11561
11567
11573
11576
11582
11584
11596
11604
11608
11610
11611
11612
11636
11640
11641
11644
11646
11647
11650
11651
11653
11660
11663
11668
11677
11678
11684
11698
11699
11708
11717
11719
11725
11733
11734
11746
11751
11753
11756
11758
11762
11763
11765
11769
11771
11777
11786
11791
11800
11805
11816
11817
11818
11819
11821
11822
11823
11824
11825
11826
11827
11828
11829
11830
11831
11832
11833
11834
11835
11836
11837
11838
11839
11840
11841
11842
11844
11845
11846
11848
11849
11850
11851
11852
11853
11854
11855
11856
11857
11859
11860
11861
11862
11864
11865
11866
11867
11868
11869
11872
11873
11874
11877
11879
11880
11882
11884
11888
11889
11893
11899
11900
11901
11908
11912
11913
11914
11915
11916
11917
11921
11922
11923
11924
11926
11927
11928
11930
11932
11934
11936
11937
11940
11942
11944
11945
11946
11947
11951
11953
11954
11955
11956
11957
11961
11963
11966
11968
11970
11975
11978
11979
11980
11981
11986
11987
11991
11992
11993
12000
12002
12003
12004
12005
12006
12007
12008
12010
12011
12014
12015
12017
12018
12022
12023
12025
12029
12030
12033
12034
12035
12036
12039
12040
12041
12043
12044
12046
12047
12048
12050
12060
12061
12064
12069
12073
12076
12077
12080
12081
12084
12087
12088
12092
12093
12095
12097
12098
12100
12101
12104
12107
12108
12112
12116
12117
12119
12121
12124
12126
12127
12128
12129
12130
12131
12132
12136
12138
12141
12143
12144
12147
12148
12149
12150
12151
12152
12155
12161
12165
12168
12169
12174
12176
12177
12182
12184
12187
12192
12194
12198
12203
12204
12205
12208
12211
12212
12214
12215
12216
12219
12220
12221
12223
12225
12226
12228
12229
12230
12233
12235
12236
12237
12239
12240
12242
12244
12245
12247
12250
12253
12255
12256
12258
12260
12262
12263
12264
12265
12266
12267
12268
12271
12273
12276
12279
12281
12282
12284
12286
12287
12288
12292
12293
12294
12299
12304
12306
12311
12314
12315
12316
12317
12320
12322
12323
12327
12334
12336
12341
12349
12352
12356
12358
12359
12360
12361
12365
12372
12375
12376
12377
12378
12379
12381
12383
12385
12389
12391
12395
12396
12399
12400
12402
12403
12404
12407
12408
12410
12421
12426
12427
12428
12431
12433
12436
12437
12439
12440
12441
12442
12445
12450
12453
12454
12455
12459
12463
12465
12466
12467
12468
12472
12473
12474
12475
12476
12477
12478
12480
12481
12483
12485
12491
12492
12497
12499
12503
12506
12511
12514
12515
12516
12517
12518
12522
12523
12524
12525
12528
12529
12531
12532
12533
12535
12536
12537
12538
12541
12544
12545
12548
12552
12558
12559
12561
12563
12566
12569
12570
12571
12575
12578
12581
12587
12588
12590
12593
12601
12604
12605
12607
12611
12620
12622
12626
12629
12630
12631
12636
12637
12642
12644
12646
12647
12652
12654
12655
12661
12666
12667
12669
12671
12672
12673
12674
12675
12677
12678
12681
12682
12683
12685
12692
12697
12698
12700
12701
12705
12706
12710
12711
12713
12714
12718
12725
12726
12727
12729
12732
12735
12737
12741
12745
12747
12748
12749
12752
12753
12754
12755
12757
12762
12764
12765
12768
12769
12770
12772
12778
12779
12780
12782
12783
12790
12791
12795
12796
12798
12799
12801
12806
12812
12814
12818
12820
12824
12825
12826
12828
12831
12833
12835
12837
12840
12841
12842
12845
12846
12851
12864
12867
12868
12870
12871
12874
12876
12879
12880
12883
12888
12891
12893
12894
12895
12902
12904
12907
12909
12910
12912
12918
12927
12932
12937
12938
12939
12940
12943
12946
12949
12950
12951
12955
12963
12964
12978
12981
12984
12987
12990
12994
12996
13003
13009
13019
13023
13024
13025
13029
13032
13048
13049
13050
13052
13054
13060
13064
13069
13072
13075
13076
13079
13086
13087
13092
13093
13096
13098
13099
13108
13109
13111
13120
13123
13125
13134
13135
13137
13142
13145
13149
13151
13154
13163
13165
13166
13167
13170
13171
13174
13180
13187
13188
13189
13192
13195
13197
13200
13213
13215
13218
13221
13223
13225
13230
13231
13238
13239
13243
13244
13250
13254
13255
13258
13267
13276
13279
13284
13294
13295
13299
13305
13308
13309
13310
13311
13313
13314
13327
13328
13329
13333
13339
13342
13343
13344
13348
13349
13350
13353
13354
13356
13357
13365
13381
13384
13386
13389
13391
13394
13397
13400
13402
13408
13417
13424
13425
13426
13427
13439
13440
13445
13449
13457
13459
13461
13465
13468
13473
13479
13482
13483
13489
13490
13493
13494
13496
13497
13499
13500
13512
13516
13517
13524
13525
13526
13529
13530
13532
13533
13535
13536
13539
13541
13543
13548
13549
13552
13553
13555
13558
13559
13560
13562
13563
13564
13566
13570
13571
13572
13574
13575
13577
13580
13581
13582
13585
13586
13588
13590
13593
13599
13603
13604
13607
13609
13616
13617
13629
13630
13631
13632
13633
13634
13635
13636
13638
13640
13641
13642
13644
13645
13646
13647
13648
13649
13651
13652
13653
13654
13656
13657
13659
13660
13662
13663
13664
13666
13667
13668
13669
13670
13671
13672
13673
13674
13675
13676
13678
13679
13680
13682
13683
13684
13685
13686
13688
13689
13690
13691
13692
13693
13694
13695
13696
13700
13701
13702
13703
13704
13705
13707
13708
13710
13711
13712
13713
13715
13716
13717
13718
13719
13720
13721
13722
13723
13725
13726
13727
13730
13732
13733
13734
13738
13739
13740
13741
13743
13744
13745
13746
13749
13750
13752
13754
13755
13756
13757
13758
13759
13761
13762
13763
13764
13765
13766
13768
13769
13770
13771
13772
13773
13774
13775
13776
13777
13778
13779
13780
13781
13782
13783
13785
13786
13787
13790
13791
13792
13795
13797
13798
13799
13801
13802
13803
13805
13807
13808
13809
13810
13811
13815
13816
13818
13820
13821
13823
13824
13825
13826
13827
13828
13830
13831
13832
13833
13834
13835
13838
13839
13840
13841
13842
13843
13844
13845
13848
13849
13850
13853
13854
13856
13858
13859
13861
13862
13863
13864
13865
13866
13867
13868
13870
13871
13872
13873
13874
13875
13876
13878
13879
13880
13882
13884
13886
13888
13889
13890
13893
13895
13897
13899
13900
13901
13902
13903
13904
13906
13907
13909
13910
13911
13912
13913
13914
13915
13916
13917
13918
13921
13922
13923
13924
13926
13928
13929
13931
13932
13934
13935
13937
13939
13942
13947
13948
13952
13953
13955
13956
13957
13958
13959
13961
13963
13964
13966
13967
13968
13969
13970
13971
13972
13973
13975
13976
13978
13979
13980
13981
13983
13984
13986
13987
13989
13991
13992
13994
13995
13996
13997
14000
14001
14002
14005
14007
14008
14010
14012
14013
14016
14018
14021
14023
14024
14025
14028
14029
14031
14032
14033
14036
14037
14038
14039
14040
14042
14043
14044
14046
14048
14049
14051
14052
14053
14056
14057
14059
14060
14061
14062
14063
14065
14067
14069
14070
14072
14073
14075
14077
14079
14080
14081
14083
14084
14086
14087
14089
14090
14091
14092
14093
14096
14099
14101
14104
14106
14108
14110
14112
14115
14116
14118
14122
14123
14125
14126
14128
14129
14131
14134
14135
14137
14139
14140
14142
14143
14145
14148
14150
14152
14153
14154
14158
14159
14160
14164
14167
14170
14171
14172
14173
14174
14175
14179
14180
14182
14189
14190
14191
14192
14194
14196
14197
14198
14201
14203
14205
14208
14209
14210
14211
14212
14213
14216
14224
14225
14226
14227
14229
14230
14236
14241
14243
14244
14246
14248
14249
14250
14253
14258
14261
14262
14265
14268
14269
14273
14274
14276
14280
14292
14295
14296
14297
14298
14304
14306
14307
14309
14313
14316
14317
14321
14322
14324
14327
14328
14332
14337
14341
14342
14345
14346
14347
14350
14354
14355
14356
14361
14362
14364
14367
14370
14372
14374
14376
14381
14382
14383
14388
14390
14392
14393
14394
14395
14396
14398
14399
14400
14401
14403
14407
14408
14410
14413
14417
14420
14424
14426
14427
14428
14429
14430
14434
14438
14439
14441
14442
14443
14444
14445
14446
14448
14449
14452
14453
14454
14457
14458
14459
14460
14461
14463
14464
14466
14467
14468
14470
14471
14474
14476
14479
14482
14483
14484
14485
14486
14487
14488
14491
14493
14496
14497
14500
14504
14505
14507
14508
14510
14512
14513
14517
14518
14520
14521
14523
14524
14526
14527
14529
14531
14534
14536
14538
14539
14540
14541
14546
14548
14553
14555
14556
14558
14561
14562
14563
14566
14567
14568
14569
14570
14572
14574
14575
14576
14577
14578
14579
14581
14584
14588
14590
14592
14599
14601
14602
14603
14604
14606
14607
14608
14609
14610
14612
14614
14615
14616
14619
14622
14623
14624
14625
14626
14628
14630
14634
14636
14638
14639
14642
14643
14644
14648
14650
14656
14657
14659
14660
14661
14662
14663
14666
14668
14671
14672
14673
14674
14677
14678
14679
14680
14681
14685
14686
14690
14691
14692
14694
14697
14698
14701
14703
14704
14706
14710
14712
14713
14714
14716
14717
14720
14723
14725
14728
14730
14734
14735
14739
14741
14742
14744
14748
14751
14752
14754
14759
14760
14761
14762
14763
14764
14765
14767
14773
14776
14779
14782
14784
14785
14792
14794
14795
14796
14797
14798
14799
14800
14801
14803
14805
14807
14809
14811
14812
14813
14814
14815
14816
14817
14818
14819
14820
14821
14829
14830
14831
14832
14833
14834
14836
14838
14840
14841
14842
14845
14847
14848
14849
14850
14851
14853
14854
14858
14860
14893
14895
14896
14910
14913
14919
14931
14937
14940
14943
14944
14946
14947
14952
14963
14968
14969
14970
14972
14973
14979
14982
14986
14987
14994
14999
15000
15001
15003
15008
15011
15014
15027
15034
15039
15061
15069
15070
15073
15096
15121
15155
15158
15160
15175
15183
15192
15205
15213
15239
15248
15250
15254
15266
15267
15276
15290
15301
15322
15324
15344
15349
15352
15355
15380
15391
15392
15393
15412
15414
15429
15431
15439
15454
15455
15464
15472
15480
15483
15485
15488
15490
15500
15510
15525
15530
15536
15537
15538
15539
15540
15542
15543
15544
15545
15546
15547
15548
15549
15551
15552
15553
15554
15555
15556
15557
15558
15559
15561
15562
15563
15564
15565
15566
15567
15568
15569
15570
15571
15572
15573
15574
15576
15578
15580
15581
15582
15583
15584
15585
15587
15588
15589
15590
15591
15593
15594
15595
15596
15597
15598
15600
15602
15603
15604
15606
15607
15608
15609
15612
15613
15614
15615
15616
15618
15620
15621
15622
15624
15625
15628
15629
15630
15631
15634
15635
15636
15637
15638
15640
15641
15643
15644
15645
15646
15647
15649
15651
15652
15654
15657
15658
15659
15661
15663
15667
15668
15669
15672
15674
15675
15679
15680
15682
15687
15688
15689
15690
15691
15693
15694
15695
15698
15700
15701
15702
15703
15706
15707
15708
15714
15715
15716
15719
15722
15724
15728
15729
15731
15735
15736
15743
15744
15748
15749
15750
15752
15755
15756
15757
15761
15762
15763
15765
15767
15775
15778
15779
15781
15782
15787
15788
15789
15792
15794
15796
15797
15798
15800
15808
15810
15819
15822
15823
15825
15827
15829
15830
15835
15840
15841
15844
15845
15847
15848
15851
15855
15856
15857
15858
15859
15865
15866
15867
15869
15871
15872
15875
15879
15883
15884
15886
15888
15889
15894
15901
15904
15906
15907
15909
15911
15912
15914
15916
15917
15918
15922
15923
15928
15929
15930
15931
15934
15937
15938
15939
15940
15942
15943
15947
15949
15951
15953
15956
15957
15958
15965
15966
15967
15968
15969
15970
15972
15977
15978
15982
15983
15987
15991
15995
16000
16002
16005
16006
16008
16011
16012
16016
16018
16027
16028
16029
16030
16033
16034
16036
16041
16043
16047
16052
16053
16057
16058
16059
16063
16066
16070
16073
16074
16075
16081
16083
16084
16086
16089
16092
16093
16099
16101
16104
16106
16108
16109
16110
16113
16117
16118
16119
16121
16127
16130
16133
16135
16136
16139
16145
16147
16151
16153
16154
16155
16156
16165
16167
16170
16175
16176
16180
16182
16183
16185
16189
16190
16191
16193
16195
16196
16197
16201
16205
16207
16208
16210
16212
16214
16217
16219
16220
16229
16230
16231
16232
16235
16237
16239
16241
16242
16245
16247
16248
16249
16254
16256
16257
16258
16261
16262
16266
16267
16268
16271
16272
16280
16282
16286
16289
16292
16295
16297
16301
16304
16305
16306
16307
16310
16313
16317
16325
16328
16332
16333
16334
16336
16338
16343
16344
16350
16351
16354
16356
16360
16363
16365
16368
16369
16374
16380
16382
16383
16388
16389
16391
16392
16395
16396
16401
16411
16412
16413
16416
16418
16419
16423
16424
16432
16433
16435
16436
16439
16442
16444
16446
16449
16452
16454
16466
16473
16475
16479
16486
16489
16492
16493
16494
16497
16498
16500
16501
16504
16508
16520
16521
16527
16529
16530
16532
16536
16538
16540
16542
16543
16546
16547
16550
16554
16555
16565
16567
16571
16578
16579
16582
16584
16585
16592
16593
16599
16600
16601
16609
16616
16617
16622
16623
16625
16626
16630
16634
16642
16643
16644
16647
16657
16667
16675
16676
16678
16684
16688
16702
16711
16712
16717
16718
16719
16729
16731
16736
16737
16741
16745
16746
16747
16750
16753
16758
16774
16775
16779
16780
16781
16786
16790
16793
16795
16798
16804
16806
16811
16812
16817
16823
16828
16829
16831
16834
16835
16836
16840
16847
16852
16853
16854
16860
16866
16868
16871
16872
16879
16882
16884
16885
16887
16893
16894
16902
16906
16907
16912
16917
16919
16921
16927
16928
16937
16941
16944
16945
16953
16955
16958
16962
16969
16972
16978
16979
16986
16989
17000
17003
17004
17006
17018
17021
17022
17024
17025
17027
17028
17030
17031
17037
17039
17040
17041
17052
17053
17055
17064
17068
17072
17077
17095
17100
17103
17104
17109
17110
17116
17129
17131
17132
17135
17138
17141
17142
17143
17145
17156
17163
17165
17172
17181
17183
17184
17185
17191
17197
17199
17202
17207
17208
17211
17212
17213
17217
17220
17230
17231
17238
17239
17240
17243
17245
17247
17249
17250
17254
17256
17263
17264
17265
17270
17271
17274
17277
17278
17281
17283
17285
17286
17288
17291
17292
17294
17296
17298
17299
17300
17311
17313
17315
17316
17317
17318
17320
17328
17331
17343
17344
17345
17346
17347
17348
17349
17350
17351
17352
17354
17355
17356
17357
17359
17360
17361
17362
17363
17364
17365
17367
17368
17369
17370
17371
17374
17376
17377
17379
17380
17381
17382
17384
17385
17386
17387
17388
17390
17391
17392
17393
17394
17395
17396
17397
17398
17399
17400
17402
17403
17404
17405
17407
17408
17409
17410
17411
17412
17413
17414
17415
17416
17417
17418
17420
17421
17424
17425
17426
17427
17428
17429
17430
17431
17432
17433
17434
17435
17437
17438
17439
17440
17442
17444
17445
17446
17447
17448
17451
17452
17454
17455
17457
17458
17460
17462
17463
17464
17465
17468
17469
17470
17473
17474
17475
17476
17477
17478
17479
17480
17482
17483
17485
17486
17487
17488
17489
17490
17491
17492
17493
17495
17497
17498
17499
17500
17501
17503
17507
17508
17509
17511
17512
17513
17514
17516
17517
17520
17524
17526
17527
17528
17529
17530
17531
17532
17533
17534
17535
17537
17541
17542
17544
17545
17546
17547
17548
17551
17552
17553
17554
17556
17557
17559
17560
17566
17567
17568
17569
17570
17571
17572
17573
17574
17576
17577
17579
17580
17583
17584
17585
17586
17587
17589
17590
17591
17592
17594
17596
17597
17598
17599
17600
17603
17605
17606
17607
17609
17611
17612
17614
17616
17622
17624
17625
17627
17629
17632
17633
17635
17636
17637
17639
17640
17642
17645
17646
17651
17653
17655
17656
17660
17661
17665
17668
17669
17670
17671
17673
17674
17677
17678
17681
17685
17686
17687
17688
17689
17692
17693
17694
17698
17702
17703
17704
17705
17708
17710
17711
17713
17714
17715
17717
17718
17719
17721
17723
17724
17726
17727
17729
17730
17731
17732
17733
17734
17735
17738
17739
17742
17744
17746
17750
17752
17753
17754
17756
17758
17759
17760
17762
17763
17765
17766
17767
17769
17770
17771
17773
17774
17775
17776
17784
17786
17787
17788
17789
17793
17797
17798
17799
17801
17802
17805
17807
17815
17817
17822
17825
17829
17830
17833
17839
17840
17842
17843
17845
17848
17849
17850
17854
17857
17858
17859
17862
17866
17872
17873
17874
17877
17878
17880
17883
17884
17887
17889
17890
17891
17892
17893
17894
17898
17900
17902
17905
17906
17909
17910
17911
17917
17919
17921
17922
17924
17925
17927
17932
17934
17936
17939
17941
17942
17943
17944
17947
17948
17950
17951
17954
17955
17957
17958
17960
17961
17964
17967
17973
17975
17976
17977
17982
17983
17988
17990
17992
17993
17994
17995
18001
18003
18006
18007
18008
18010
18011
18012
18015
18018
18021
18029
18030
18032
18033
18034
18035
18041
18043
18045
18046
18049
18051
18052
18054
18060
18062
18067
18068
18071
18075
18076
18077
18085
18088
18090
18092
18095
18096
18099
18100
18102
18104
18105
18108
18110
18111
18112
18114
18115
18116
18117
18118
18120
18125
18131
18132
18134
18138
18142
18143
18144
18145
18147
18148
18149
18151
18153
18154
18155
18157
18158
18162
18163
18167
18168
18171
18172
18173
18175
18176
18178
18180
18184
18185
18188
18192
18193
18194
18195
18196
18200
18203
18205
18207
18213
18216
18217
18220
18221
18226
18229
18232
18236
18240
18241
18242
18245
18246
18248
18250
18251
18252
18253
18254
18260
18262
18264
18265
18269
18270
18271
18273
18274
18276
18278
18280
18282
18283
18284
18286
18290
18291
18292
18293
18297
18298
18302
18306
18313
18314
18315
18316
18321
18322
18323
18324
18326
18328
18329
18332
18333
18337
18339
18340
18341
18342
18346
18348
18350
18352
18353
18354
18355
18356
18359
18360
18362
18364
18365
18366
18368
18369
18370
18372
18373
18374
18375
18376
18377
18379
18380
18385
18386
18387
18388
18390
18391
18393
18395
18396
18398
18399
18400
18401
18404
18405
18409
18411
18412
18413
18414
18415
18416
18417
18418
18419
18420
18423
18425
18426
18430
18434
18437
18438
18440
18444
18447
18448
18452
18454
18455
18456
18458
18459
18460
18461
18463
18465
18466
18468
18470
18472
18473
18474
18475
18476
18479
18483
18484
18485
18489
18490
18493
18495
18496
18498
18499
18500
18503
18505
18506
18508
18509
18511
18512
18513
18514
18515
18516
18519
18521
18522
18524
18525
18526
18528
18529
18530
18531
18532
18540
18541
18542
18543
18544
18546
18547
18548
18549
18550
18551
18552
18553
18554
18555
18556
18557
18558
18561
18562
18564
18565
18569
18570
18574
18599
18607
18608
18611
18612
18617
18623
18625
18627
18634
18645
18649
18652
18654
18666
18671
18679
18682
18684
18685
18693
18694
18695
18698
18707
18713
18714
18715
18718
18721
18722
18727
18728
18731
18733
18735
18737
18738
18743
18749
18753
18755
18772
18775
18776
18789
18805
18807
18809
18817
18827
18832
18838
18843
18856
18860
18861
18873
18876
18889
18897
18906
18910
18916
18927
18939
18947
18950
18960
18965
18980
18988
18990
18995
18997
19004
19012
19021
19023
19028
19032
19035
19036
19039
19052
19055
19058
19069
19072
19078
19079
19087
19091
19099
19103
19120
19121
19132
19143
19144
19146
19151
19156
19158
19168
19172
19190
19197
19199
19202
19205
19238
19240
19244
19245
19246
19247
19249
19250
19251
19253
19254
19255
19256
19257
19259
19260
19261
19262
19263
19264
19265
19266
19267
19269
19272
19274
19275
19276
19277
19279
19280
19281
19282
19283
19284
19285
19286
19289
19290
19291
19292
19293
19294
19295
19296
19297
19298
19299
19300
19301
19303
19304
19305
19307
19308
19309
19310
19311
19312
19316
19317
19320
19326
19327
19328
19329
19336
19338
19339
19342
19343
19345
19348
19350
19351
19352
19354
19355
19357
19358
19359
19360
19362
19363
19364
19367
19368
19371
19372
19373
19375
19376
19377
19381
19382
19383
19385
19386
19387
19389
19391
19393
19394
19395
19400
19401
19404
19405
19406
19407
19410
19411
19412
19414
19418
19419
19420
19421
19422
19428
19429
19431
19432
19433
19434
19435
19436
19438
19439
19442
19445
19449
19450
19453
19455
19458
19460
19462
19463
19464
19465
19466
19467
19469
19471
19474
19475
19476
19479
19481
19484
19487
19488
19489
19490
19494
19495
19497
19498
19500
19501
19504
19505
19506
19508
19510
19512
19513
19514
19515
19516
19521
19524
19525
19526
19527
19529
19531
19532
19533
19535
19537
19541
19542
19544
19545
19547
19549
19550
19552
19554
19555
19557
19558
19560
19561
19562
19564
19566
19567
19572
19573
19577
19578
19580
19581
19593
19596
19597
19598
19600
19601
19604
19610
19611
19613
19614
19615
19620
19621
19623
19624
19625
19626
19630
19632
19633
19636
19637
19638
19641
19644
19648
19649
19653
19654
19656
19657
19658
19659
19663
19664
19667
19668
19669
19670
19671
19672
19674
19675
19678
19679
19681
19682
19683
19684
19686
19688
19690
19691
19692
19693
19696
19697
19699
19702
19704
19705
19707
19708
19709
19712
19713
19714
19715
19716
19720
19722
19727
19731
19732
19734
19738
19742
19743
19744
19745
19747
19748
19750
19755
19759
19760
19761
19762
19764
19766
19770
19777
19779
19781
19782
19783
19786
19787
19790
19791
19793
19794
19795
19796
19797
19798
19799
19802
19804
19806
19807
19811
19812
19814
19816
19817
19818
19821
19822
19823
19825
19827
19828
19832
19835
19836
19838
19842
19843
19844
19848
19849
19852
19854
19856
19859
19860
19861
19862
19864
19865
19868
19869
19870
19871
19875
19876
19877
19881
19883
19885
19889
19890
19891
19892
19894
19896
19897
19898
19900
19902
19903
19904
19908
19910
19915
19918
19922
19924
19928
19929
19934
19938
19939
19945
19946
19949
19950
19952
19955
19956
19957
19958
19960
19961
19963
19966
19968
19970
19973
19975
19976
19978
19980
19981
19982
19986
19988
19992
19995
19997
19999
20000
20003
20006
20007
20009
20011
20016
20018
20020
20021
20023
20024
20025
20027
20028
20031
20035
20036
20042
20047
20048
20049
20052
20054
20055
20057
20058
20064
20065
20067
20069
20070
20073
20074
20075
20076
20077
20083
20086
20087
20088
20090
20091
20094
20095
20099
20100
20103
20104
20105
20106
20108
20109
20111
20125
20129
20130
20132
20133
20134
20135
20137
20138
20139
20142
20145
20147
20149
20153
20158
20159
20160
20163
20168
20169
20176
20179
20180
20183
20186
20187
20190
20191
20193
20194
20197
20198
20200
20204
20205
20207
20209
20211
20212
20214
20217
20218
20228
20229
20232
20234
20235
20237
20241
20242
20243
20247
20252
20253
20254
20256
20260
20263
20264
20265
20267
20268
20269
20270
20273
20279
20281
20286
20290
20292
20293
20294
20296
20298
20299
20301
20304
20306
20313
20317
20323
20324
20330
20331
20332
20333
20336
20337
20338
20341
20346
20355
20357
20359
20360
20361
20362
20364
20365
20366
20374
20377
20379
20385
20388
20389
20391
20392
20394
20396
20401
20403
20404
20409
20410
20412
20417
20418
20421
20423
20426
20431
20437
20439
20451
20458
20459
20474
20475
20478
20488
20497
20501
20504
20509
20514
20522
20523
20526
20528
20531
20533
20537
20539
20541
20542
20544
20546
20547
20548
20549
20550
20551
20558
20564
20565
20566
20567
20570
20571
20580
20582
20588
20589
20591
20592
20593
20596
20597
20598
20599
20606
20608
20609
20615
20616
20617
20620
20625
20630
20631
20632
20633
20639
20649
20650
20651
20664
20672
20673
20676
20678
20679
20682
20683
20686
20688
20695
20704
20706
20707
20709
20712
20713
20731
20734
20736
20738
20739
20740
20741
20743
20746
20755
20758
20761
20765
20769
20771
20772
20776
20778
20781
20782
20783
20784
20791
20793
20795
20799
20804
20809
20812
20813
20818
20819
20822
20835
20837
20843
20846
20847
20852
20853
20856
20872
20874
20877
20881
20887
20888
20890
20896
20897
20898
20901
20903
20908
20911
20916
20920
20921
20926
20927
20929
20931
20933
20934
20936
20939
20940
20942
20945
20952
20953
20954
20957
20958
20961
20962
20964
20967
20968
20974
20979
20980
20981
20983
20984
20985
20988
20992
20997
20998
20999
21000
21002
21005
21008
21012
21013
21014
21021
21022
21023
21027
21031
21033
21034
21035
21038
21039
21040
21041
21042
21044
21045
21047
21048
21051
21055
21057
21058
21059
21060
21061
21062
21063
21064
21065
21066
21068
21069
21071
21072
21073
21074
21075
21076
21077
21078
21079
21081
21082
21085
21088
21089
21090
21092
21094
21095
21096
21098
21099
21100
21102
21103
21104
21106
21107
21108
21110
21111
21112
21113
21114
21116
21117
21118
21120
21121
21122
21123
21124
21125
21126
21127
21128
21129
21130
21131
21132
21133
21134
21135
21136
21137
21138
21139
21140
21141
21143
21144
21145
21146
21147
21148
21149
21150
21151
21152
21153
21154
21155
21156
21158
21159
21160
21161
21162
21165
21166
21167
21168
21169
21171
21172
21174
21176
21177
21179
21180
21181
21182
21184
21185
21186
21187
21188
21189
21190
21191
21193
21194
21196
21197
21198
21200
21201
21203
21204
21205
21206
21207
21211
21212
21213
21214
21215
21216
21218
21221
21222
21223
21224
21225
21226
21228
21229
21230
21231
21233
21234
21238
21239
21240
21241
21242
21243
21245
21246
21247
21248
21249
21251
21253
21254
21255
21256
21258
21259
21260
21261
21262
21263
21265
21266
21267
21268
21269
21270
21271
21273
21275
21276
21277
21278
21279
21281
21282
21283
21285
21286
21287
21288
21289
21290
21291
21292
21293
21294
21295
21298
21299
21301
21302
21303
21304
21305
21306
21307
21308
21309
21310
21311
21312
21314
21316
21317
21318
21319
21321
21322
21323
21325
21328
21330
21333
21335
21336
21337
21338
21342
21343
21345
21346
21348
21350
21352
21354
21356
21357
21358
21359
21360
21362
21365
21366
21368
21369
21370
21371
21372
21375
21376
21377
21382
21383
21384
21385
21386
21387
21388
21389
21391
21392
21394
21395
21396
21397
21399
21400
21403
21405
21407
21408
21411
21412
21413
21415
21418
21419
21420
21422
21424
21425
21427
21428
21429
21430
21433
21434
21435
21436
21437
21440
21441
21449
21450
21453
21455
21457
21458
21460
21463
21465
21467
21470
21474
21475
21476
21477
21478
21479
21480
21481
21482
21484
21485
21487
21488
21489
21490
21492
21493
21498
21499
21500
21505
21506
21507
21508
21509
21510
21512
21513
21514
21515
21519
21520
21522
21524
21525
21527
21529
21530
21532
21537
21538
21540
21541
21543
21546
21547
21548
21549
21550
21551
21553
21554
21556
21557
21558
21562
21563
21564
21565
21566
21570
21571
21573
21576
21581
21582
21587
21588
21590
21592
21595
21599
21600
21603
21605
21606
21608
21610
21612
21616
21617
21618
21619
21620
21622
21623
21625
21626
21628
21631
21633
21634
21635
21637
21638
21640
21642
21644
21646
21648
21652
21654
21658
21664
21665
21669
21670
21673
21674
21676
21677
21678
21680
21681
21685
21690
21692
21695
21696
21698
21702
21704
21708
21711
21716
21719
21720
21721
21723
21724
21726
21731
21732
21734
21735
21737
21741
21742
21743
21744
21746
21747
21749
21752
21757
21760
21761
21763
21764
21765
21766
21769
21770
21776
21778
21780
21781
21782
21783
21786
21789
21792
21798
21800
21802
21809
21810
21813
21815
21817
21822
21823
21824
21825
21826
21829
21831
21834
21836
21837
21838
21839
21841
21842
21844
21845
21846
21848
21850
21852
21854
21856
21858
21861
21862
21869
21871
21872
21874
21875
21876
21879
21880
21882
21885
21886
21887
21889
21890
21891
21893
21895
21896
21898
21902
21904
21907
21910
21911
21912
21913
21916
21917
21919
21920
21921
21924
21926
21927
21931
21932
21933
21935
21937
21940
21941
21943
21944
21946
21948
21950
21954
21955
21958
21959
21962
21965
21966
21967
21972
21974
21976
21982
21983
21984
21987
21988
21990
21991
21992
21993
21994
21995
21996
21997
21999
22000
22002
22003
22004
22005
22006
22007
22008
22012
22017
22018
22019
22020
22024
22027
22028
22029
22031
22032
22033
22034
22036
22037
22040
22041
22042
22043
22047
22051
22052
22053
22054
22057
22058
22060
22061
22062
22063
22064
22066
22067
22071
22072
22073
22074
22076
22080
22082
22084
22085
22087
22089
22090
22091
22094
22096
22099
22100
22101
22102
22104
22105
22107
22109
22110
22112
22113
22114
22115
22116
22117
22118
22119
22120
22123
22125
22126
22127
22128
22129
22130
22131
22134
22135
22138
22139
22140
22142
22143
22144
22146
22147
22148
22151
22152
22153
22154
22156
22157
22158
22159
22161
22162
22169
22170
22172
22173
22175
22176
22178
22179
22183
22184
22187
22190
22192
22193
22196
22198
22199
22204
22205
22207
22208
22209
22210
22212
22213
22214
22215
22217
22219
22220
22223
22225
22227
22228
22229
22230
22231
22232
22235
22238
22239
22241
22242
22243
22244
22245
22246
22247
22249
22252
22254
22258
22261
22262
22264
22266
22268
22270
22273
22275
22276
22278
22279
22280
22282
22283
22289
22309
22322
22338
22341
22342
22343
22346
22347
22351
22352
22368
22374
22376
22396
22397
22399
22400
22410
22412
22414
22427
22429
22430
22438
22442
22463
22469
22470
22486
22490
22498
22508
22524
22536
22539
22545
22568
22588
22620
22622
22630
22633
22637
22641
22653
22664
22670
22694
22695
22702
22703
22705
22709
22711
22719
22737
22742
22761
22783
22796
22800
22816
22817
22819
22846
22854
22856
22859
22862
22869
22872
22876
22886
22907
22915
22918
22958
22959
22960
22965
22966
22967
22968
22969
22970
22971
22974
22975
22976
22977
22978
22981
22982
22984
22986
22988
22989
22990
22991
22995
22997
22998
23000
23002
23003
23004
23006
23008
23009
23010
23011
23012
23013
23015
23016
23017
23018
23019
23021
23022
23025
23026
23030
23031
23032
23033
23034
23036
23037
23038
23040
23041
23043
23045
23047
23050
23051
23052
23053
23056
23057
23058
23059
23061
23062
23063
23064
23065
23066
23068
23073
23076
23078
23079
23080
23082
23086
23087
23089
23091
23094
23095
23097
23098
23099
23100
23101
23102
23103
23104
23105
23108
23111
23112
23113
23116
23119
23120
23121
23122
23127
23128
23129
23130
23133
23134
23135
23136
23140
23142
23146
23147
23150
23152
23153
23157
23158
23159
23162
23163
23164
23166
23167
23170
23172
23174
23176
23177
23178
23181
23182
23183
23184
23185
23188
23189
23190
23193
23196
23197
23203
23206
23207
23208
23214
23215
23216
23220
23222
23223
23224
23225
23227
23228
23229
23231
23232
23233
23236
23237
23241
23242
23243
23246
23250
23251
23253
23255
23258
23261
23263
23265
23267
23269
23271
23274
23276
23279
23280
23282
23284
23286
23287
23291
23293
23294
23297
23299
23301
23303
23304
23310
23311
23312
23315
23316
23318
23321
23322
23326
23328
23334
23335
23339
23340
23345
23346
23347
23350
23351
23353
23355
23357
23358
23359
23361
23362
23363
23367
23368
23370
23372
23373
23377
23378
23379
23380
23381
23382
23383
23385
23386
23387
23392
23393
23395
23396
23397
23398
23399
23400
23404
23405
23407
23409
23418
23421
23422
23427
23429
23430
23431
23433
23436
23437
23440
23444
23445
23446
23447
23448
23449
23456
23461
23462
23463
23464
23469
23476
23478
23479
23487
23488
23491
23493
23495
23496
23498
23499
23500
23501
23505
23506
23507
23508
23511
23512
23513
23514
23519
23521
23523
23528
23531
23536
23537
23543
23545
23546
23549
23550
23551
23554
23558
23560
23565
23566
23571
23575
23579
23580
23581
23584
23586
23587
23595
23596
23597
23598
23599
23600
23603
23607
23610
23611
23614
23615
23616
23617
23619
23621
23622
23623
23631
23632
23633
23636
23647
23648
23649
23650
23657
23658
23659
23662
23663
23666
23667
23670
23673
23676
23677
23680
23682
23683
23685
23686
23687
23692
23693
23695
23696
23700
23702
23705
23706
23708
23711
23712
23715
23729
23730
23731
23732
23733
23739
23742
23743
23745
23747
23753
23756
23758
23759
23762
23763
23764
23766
23767
23768
23771
23772
23777
23778
23781
23782
23784
23787
23789
23791
23792
23796
23800
23806
23807
23808
23809
23810
23813
23814
23818
23819
23821
23822
23823
23824
23828
23832
23839
23842
23843
23844
23846
23851
23854
23859
23861
23862
23864
23867
23868
23869
23873
23874
23875
23876
23877
23883
23887
23888
23891
23892
23899
23900
23901
23908
23910
23919
23921
23922
23924
23926
23930
23931
23949
23950
23954
23955
23958
23964
23966
23968
23973
23974
23977
23978
23982
23983
23990
23993
23994
23995
23997
23999
24000
24002
24003
24006
24007
24011
24013
24016
24023
24030
24031
24035
24036
24038
24044
24045
24047
24049
24050
24051
24052
24054
24055
24057
24063
24065
24069
24070
24071
24072
24082
24085
24088
24093
24097
24104
24106
24123
24126
24128
24130
24139
24143
24150
24156
24162
24175
24178
24192
24194
24196
24198
24208
24210
24212
24214
24217
24218
24219
24221
24223
24224
24228
24229
24236
24238
24239
24240
24241
24242
24245
24252
24256
24257
24262
24264
24267
24268
24270
24271
24272
24279
24282
24284
24286
24293
24296
24299
24300
24302
24305
24309
24328
24329
24330
24331
24339
24344
24347
24348
24358
24363
24365
24368
24372
24373
24379
24380
24382
24386
24392
24397
24400
24413
24415
24430
24436
24437
24441
24445
24447
24451
24452
24453
24454
24456
24458
24459
24469
24476
24477
24483
24485
24486
24490
24491
24492
24496
24502
24515
24517
24518
24523
24525
24529
24532
24533
24536
24538
24541
24554
24559
24560
24567
24570
24582
24583
24586
24602
24604
24612
24613
24620
24625
24626
24629
24630
24634
24635
24636
24639
24641
24645
24652
24653
24659
24660
24661
24666
24667
24668
24672
24675
24677
24678
24680
24681
24682
24685
24687
24688
24690
24692
24694
24699
24702
24704
24705
24706
24707
24713
24714
24716
24719
24720
24722
24723
24724
24726
24727
24728
24729
24731
24733
24739
24741
24742
24743
24745
24747
24749
24751
24758
24759
24760
24761
24762
24771
24772
24773
24774
24775
24776
24777
24778
24779
24780
24782
24783
24785
24789
24790
24793
24794
24796
24797
24798
24799
24802
24803
24804
24808
24809
24810
24811
24812
24813
24814
24815
24816
24817
24818
24819
24820
24821
24822
24823
24824
24825
24826
24827
24828
24829
24830
24831
24832
24834
24835
24836
24837
24838
24840
24841
24842
24843
24844
24845
24846
24847
24848
24849
24850
24851
24852
24853
24854
24855
24856
24857
24859
24860
24861
24863
24865
24866
24867
24868
24869
24870
24873
24874
24875
24876
24878
24880
24881
24882
24883
24885
24886
24888
24889
24890
24891
24892
24896
24897
24898
24901
24902
24903
24904
24905
24906
24907
24908
24910
24911
24912
24913
24914
24915
24916
24917
24918
24919
24920
24921
24923
24924
24925
24926
24927
24928
24929
24930
24932
24934
24935
24936
24937
24938
24939
24940
24942
24943
24945
24950
24951
24952
24953
24954
24956
24957
24958
24959
24960
24961
24962
24963
24964
24965
24966
24973
24974
24975
24976
24977
24979
24980
24981
24982
24983
24984
24988
24989
24990
24994
24995
24996
24997
24999
25000
25002
25003
25004
25005
25007
25008
25010
25012
25013
25014
25015
25016
25019
25020
25022
25023
25024
25025
25026
25027
25028
25029
25031
25032
25033
25036
25037
25039
25040
25041
25042
25044
25046
25048
25049
25051
25052
25053
25057
25059
25061
25063
25064
25065
25068
25069
25071
25072
25077
25079
25081
25084
25086
25088
25089
25095
25096
25097
25099
25100
25103
25105
25109
25110
25111
25113
25114
25115
25116
25117
25121
25123
25124
25126
25128
25133
25134
25136
25137
25138
25143
25145
25147
25149
25150
25154
25155
25156
25158
25161
25165
25166
25167
25170
25171
25172
25173
25174
25175
25179
25181
25183
25185
25187
25188
25191
25193
25195
25197
25198
25199
25200
25201
25203
25204
25207
25208
25209
25210
25211
25212
25213
25214
25218
25222
25223
25224
25226
25227
25228
25232
25233
25235
25236
25239
25241
25243
25245
25246
25250
25251
25253
25254
25257
25258
25262
25266
25268
25270
25271
25274
25276
25277
25282
25286
25287
25288
25291
25292
25295
25296
25300
25301
25302
25303
25306
25308
25313
25317
25319
25320
25321
25322
25324
25331
25332
25333
25334
25336
25338
25344
25345
25347
25350
25351
25354
25355
25362
25367
25368
25369
25371
25372
25375
25378
25379
25383
25384
25385
25386
25390
25391
25392
25394
25396
25401
25403
25404
25405
25407
25410
25411
25412
25414
25418
25422
25424
25433
25434
25437
25438
25440
25441
25449
25450
25451
25452
25455
25456
25457
25458
25464
25466
25467
25468
25469
25471
25476
25479
25481
25482
25483
25484
25489
25491
25492
25496
25497
25498
25499
25502
25503
25504
25505
25506
25507
25509
25511
25512
25514
25516
25522
25524
25531
25532
25533
25534
25536
25537
25538
25540
25541
25543
25544
25545
25546
25550
25559
25560
25562
25563
25568
25570
25571
25572
25573
25575
25579
25580
25581
25583
25585
25590
25592
25595
25600
25601
25602
25608
25610
25613
25614
25615
25616
25618
25619
25620
25621
25622
25625
25628
25629
25632
25633
25634
25635
25636
25637
25638
25641
25644
25646
25647
25648
25654
25655
25657
25662
25663
25664
25668
25669
25670
25672
25673
25676
25677
25678
25679
25682
25687
25688
25690
25693
25695
25696
25697
25705
25707
25710
25711
25713
25714
25715
25719
25720
25722
25723
25725
25730
25734
25735
25738
25742
25743
25747
25750
25751
25752
25756
25757
25761
25765
25767
25768
25770
25771
25772
25774
25775
25776
25778
25781
25782
25786
25794
25796
25803
25804
25805
25807
25812
25814
25815
25816
25818
25819
25821
25823
25824
25826
25828
25829
25832
25833
25834
25837
25838
25839
25840
25841
25843
25844
25845
25846
25850
25851
25852
25853
25856
25858
25859
25862
25863
25864
25865
25866
25869
25871
25872
25873
25875
25876
25877
25878
25879
25881
25884
25886
25888
25890
25896
25898
25900
25901
25902
25903
25905
25907
25908
25910
25911
25912
25913
25914
25915
25916
25918
25919
25921
25922
25924
25925
25926
25927
25931
25935
25936
25937
25938
25939
25940
25941
25942
25944
25945
25949
25950
25952
25953
25954
25955
25956
25957
25958
25959
25960
25961
25963
25964
25966
25968
25971
25972
25974
25975
25976
25977
25978
25979
25982
25983
25984
25986
25987
25989
25990
25992
25993
25996
25997
26002
26007
26008
26022
26024
26028
26034
26035
26039
26053
26057
26060
26073
26088
26089
26100
26101
26103
26108
26110
26112
26113
26114
26118
26120
26121
26122
26123
26124
26127
26132
26134
26137
26138
26140
26141
26142
26145
26156
26157
26160
26165
26166
26177
26181
26183
26186
26190
26193
26196
26197
26200
26210
26248
26253
26255
26256
26260
26270
26274
26277
26289
26298
26299
26303
26304
26317
26322
26335
26336
26344
26354
26365
26367
26369
26372
26375
26378
26385
26391
26396
26399
26404
26426
26440
26441
26447
26451
26462
26463
26464
26466
26467
26468
26481
26483
26486
26501
26506
26511
26523
26526
26527
26530
26533
26560
26561
26565
26566
26588
26592
26603
26607
26621
26627
26634
26640
26655
26666
26669
26672
26674
26676
26677
26678
26679
26680
26681
26682
26683
26684
26685
26686
26688
26689
26690
26692
26693
26694
26695
26696
26697
26698
26699
26700
26701
26702
26703
26705
26706
26707
26708
26709
26710
26711
26712
26713
26714
26715
26716
26717
26718
26719
26720
26722
26723
26725
26726
26727
26729
26731
26733
26735
26736
26738
26739
26743
26744
26745
26747
26750
26751
26752
26754
26755
26756
26757
26760
26761
26762
26764
26765
26767
26769
26770
26771
26773
26776
26777
26778
26780
26782
26783
26786
26787
26794
26795
26796
26799
26801
26802
26803
26804
26805
26808
26809
26810
26811
26813
26816
26817
26819
26820
26822
26823
26824
26825
26828
26829
26831
26833
26834
26835
26836
26838
26839
26842
26843
26846
26847
26849
26850
26855
26856
26859
26861
26863
26864
26866
26867
26871
26873
26874
26876
26877
26878
26880
26881
26886
26890
26891
26894
26895
26896
26897
26899
26902
26903
26904
26905
26906
26909
26910
26916
26917
26918
26920
26921
26925
26927
26928
26929
26931
26932
26933
26935
26936
26937
26940
26943
26945
26947
26948
26949
26950
26953
26955
26956
26957
26959
26960
26961
26963
26964
26965
26967
26972
26975
26977
26980
26982
26983
26985
26988
26989
26992
26993
26994
26995
26997
27004
27005
27006
27007
27012
27013
27014
27015
27017
27019
27020
27022
27024
27030
27031
27036
27037
27042
27043
27045
27048
27049
27053
27054
27059
27060
27062
27063
27064
27065
27066
27067
27072
27074
27076
27077
27079
27081
27084
27085
27086
27092
27095
27096
27099
27100
27102
27103
27106
27107
27108
27109
27111
27112
27114
27116
27119
27120
27121
27122
27123
27125
27127
27128
27132
27133
27136
27141
27142
27144
27147
27149
27150
27151
27158
27159
27160
27163
27164
27166
27167
27170
27172
27173
27176
27180
27182
27183
27188
27190
27192
27193
27195
27196
27203
27205
27209
27215
27217
27219
27220
27221
27222
27232
27233
27234
27235
27236
27237
27240
27241
27244
27246
27250
27251
27256
27257
27260
27261
27264
27268
27271
27274
27275
27277
27283
27287
27290
27292
27293
27296
27297
27298
27303
27305
27306
27307
27309
27311
27312
27317
27319
27320
27323
27325
27328
27330
27331
27332
27334
27336
27337
27341
27343
27346
27347
27348
27350
27351
27354
27356
27357
27361
27362
27366
27368
27370
27373
27376
27377
27379
27380
27384
27387
27389
27390
27394
27398
27399
27401
27408
27409
27414
27416
27420
27422
27434
27437
27439
27441
27442
27443
27444
27446
27447
27448
27449
27453
27454
27456
27460
27462
27465
27467
27470
27472
27473
27476
27481
27486
27488
27490
27492
27493
27497
27498
27499
27501
27503
27509
27510
27511
27512
27514
27518
27520
27522
27524
27525
27533
27536
27537
27539
27541
27542
27546
27550
27553
27558
27560
27561
27562
27564
27565
27567
27568
27573
27574
27577
27578
27579
27582
27586
27588
27589
27591
27592
27597
27602
27603
27604
27606
27607
27608
27610
27612
27613
27614
27615
27621
27622
27623
27624
27628
27629
27630
27631
27635
27636
27640
27642
27645
27646
27649
27655
27660
27661
27662
27663
27669
27671
27674
27676
27680
27682
27684
27688
27689
27691
27695
27696
27697
27698
27703
27707
27709
27710
27713
27714
27715
27722
27724
27729
27730
27732
27737
27738
27741
27744
27745
27747
27749
27751
27754
27756
27759
27760
27761
27764
27766
27769
27771
27772
27781
27785
27786
27789
27793
27799
27800
27809
27817
27818
27819
27820
27822
27823
27828
27837
27843
27847
27849
27857
27863
27864
27885
27887
27888
27889
27890
27892
27893
27895
27898
27903
27904
27909
27912
27913
27915
27916
27932
27935
27937
27942
27943
27944
27946
27950
27952
27953
27954
27955
27956
27958
27959
27961
27964
27969
27970
27971
27973
27976
27978
27982
27984
27985
27988
27990
27992
27993
27995
28010
28013
28014
28016
28019
28023
28024
28026
28027
28028
28031
28033
28037
28042
28044
28045
28047
28048
28050
28051
28053
28054
28055
28060
28066
28072
28080
28081
28082
28085
28086
28091
28093
28094
28096
28099
28100
28102
28110
28111
28114
28116
28121
28125
28128
28132
28136
28142
28143
28144
28145
28147
28151
28159
28163
28164
28166
28167
28168
28169
28170
28179
28181
28183
28188
28190
28192
28203
28204
28206
28208
28211
28214
28216
28221
28222
28224
28227
28230
28231
28232
28237
28238
28242
28246
28256
28258
28262
28264
28265
28266
28281
28285
28288
28293
28297
28300
28306
28311
28314
28321
28324
28326
28327
28334
28335
28339
28341
28344
28345
28349
28350
28354
28355
28356
28359
28360
28362
28368
28371
28373
28374
28375
28378
28379
28380
28381
28382
28386
28387
28389
28391
28392
28393
28395
28399
28400
28401
28402
28404
28405
28406
28408
28412
28413
28414
28416
28418
28419
28420
28421
28422
28423
28424
28426
28427
28428
28430
28433
28436
28437
28441
28443
28445
28447
28453
28454
28455
28456
28457
28459
28461
28463
28470
28472
28473
28475
28477
28485
28486
28487
28488
28489
28490
28491
28492
28493
28494
28496
28497
28499
28501
28502
28503
28504
28507
28508
28509
28511
28512
28513
28516
28517
28518
28519
28520
28521
28522
28523
28524
28526
28527
28528
28529
28531
28532
28534
28535
28536
28537
28538
28539
28540
28541
28542
28544
28545
28546
28549
28550
28551
28552
28553
28554
28555
28556
28557
28558
28559
28560
28562
28563
28566
28567
28568
28569
28571
28572
28573
28574
28575
28576
28579
28580
28581
28582
28583
28584
28586
28587
28588
28590
28592
28593
28594
28595
28596
28597
28599
28600
28602
28603
28604
28605
28606
28608
28609
28610
28613
28614
28615
28616
28617
28618
28619
28621
28622
28624
28625
28628
28629
28631
28632
28633
28635
28636
28637
28639
28640
28641
28642
28643
28646
28648
28650
28651
28652
28653
28654
28655
28656
28657
28660
28661
28662
28665
28666
28667
28668
28670
28671
28673
28674
28675
28676
28677
28679
28680
28681
28683
28687
28689
28690
28693
28694
28695
28696
28698
28699
28701
28705
28706
28710
28711
28714
28715
28718
28719
28720
28721
28722
28724
28726
28727
28728
28729
28733
28734
28735
28736
28738
28739
28740
28741
28742
28745
28747
28748
28749
28751
28752
28753
28754
28756
28758
28759
28760
28761
28762
28763
28764
28765
28766
28770
28771
28772
28773
28774
28775
28777
28778
28779
28780
28783
28788
28789
28793
28794
28795
28798
28800
28803
28804
28808
28811
28816
28817
28819
28820
28821
28823
28824
28826
28827
28828
28829
28832
28835
28836
28839
28840
28842
28843
28844
28846
28847
28848
28850
28852
28853
28856
28859
28863
28866
28868
28869
28870
28871
28874
28877
28879
28881
28884
28885
28886
28888
28889
28895
28896
28898
28899
28902
28903
28904
28905
28906
28907
28908
28909
28910
28911
28912
28915
28916
28917
28918
28920
28921
28926
28927
28928
28931
28932
28934
28935
28936
28939
28941
28942
28943
28944
28946
28951
28952
28955
28957
28958
28960
28962
28964
28966
28969
28971
28972
28973
28974
28977
28978
28979
28980
28981
28982
28983
28984
28986
28988
28989
28990
28991
28992
28993
28994
28997
29001
29003
29007
29009
29014
29016
29019
29020
29021
29023
29027
29028
29029
29031
29032
29034
29035
29036
29038
29040
29043
29046
29048
29050
29053
29054
29058
29059
29061
29065
29066
29067
29068
29069
29071
29074
29076
29081
29083
29085
29086
29087
29088
29090
29093
29097
29100
29101
29102
29104
29105
29106
29108
29109
29113
29117
29118
29119
29121
29124
29125
29132
29134
29136
29142
29146
29148
29149
29152
29153
29154
29160
29163
29165
29169
29170
29171
29172
29175
29176
29177
29178
29179
29183
29189
29190
29191
29192
29193
29194
29195
29197
29198
29199
29205
29209
29210
29211
29212
29216
29217
29218
29220
29229
29230
29233
29237
29238
29239
29241
29244
29246
29247
29248
29250
29251
29252
29254
29255
29256
29257
29259
29260
29264
29266
29267
29269
29272
29273
29274
29276
29279
29280
29283
29284
29285
29286
29288
29292
29297
29299
29300
29304
29305
29306
29310
29311
29315
29316
29320
29321
29322
29323
29325
29326
29328
29332
29333
29334
29335
29337
29338
29339
29340
29343
29345
29349
29351
29353
29354
29356
29358
29361
29362
29363
29367
29368
29370
29372
29373
29376
29377
29378
29380
29381
29382
29383
29386
29387
29390
29391
29396
29402
29404
29409
29410
29411
29416
29417
29420
29422
29423
29426
29427
29428
29430
29431
29432
29434
29435
29436
29437
29439
29440
29442
29448
29452
29455
29456
29457
29458
29459
29460
29461
29462
29463
29464
29465
29466
29468
29470
29472
29473
29474
29475
29480
29481
29482
29483
29486
29489
29490
29493
29495
29496
29499
29500
29503
29504
29506
29507
29508
29510
29512
29515
29516
29517
29518
29519
29523
29527
29528
29529
29530
29532
29533
29534
29537
29540
29541
29542
29544
29546
29547
29548
29551
29553
29554
29556
29557
29558
29559
29560
29567
29570
29571
29572
29576
29578
29579
29580
29581
29584
29586
29588
29590
29591
29592
29597
29598
29599
29600
29602
29604
29605
29606
29607
29608
29614
29615
29616
29619
29620
29621
29623
29625
29627
29628
29629
29632
29634
29635
29637
29638
29641
29642
29645
29647
29651
29653
29654
29655
29656
29658
29659
29660
29662
29663
29666
29667
29668
29669
29670
29671
29672
29673
29674
29675
29676
29678
29680
29682
29683
29685
29686
29689
29690
29691
29692
29694
29695
29696
29697
29698
29699
29700
29703
29704
29706
29711
29713
29720
29731
29736
29738
29751
29753
29754
29764
29765
29767
29768
29774
29783
29797
29802
29803
29824
29827
29832
29838
29842
29845
29849
29854
29855
29857
29860
29861
29863
29868
29870
29873
29874
29876
29882
29891
29904
29908
29909
29915
29918
29926
29962
29967
29969
29993
29996
30008
30016
30036
30039
30040
30044
30067
30075
30080
30081
30087
30088
30097
30100
30104
30113
30115
30126
30129
30137
30155
30161
30163
30168
30176
30178
30182
30192
30197
30198
30200
30211
30217
30229
30233
30236
30237
30238
30244
30247
30263
30268
30290
30300
30304
30310
30314
30319
30331
30341
30343
30345
30356
30369
30381
30386
30387
30389
30391
30393
30395
30396
30398
30399
30400
30401
30402
30403
30404
30405
30406
30407
30408
30409
30411
30412
30414
30415
30416
30417
30418
30419
30420
30421
30423
30425
30426
30428
30429
30430
30431
30432
30433
30434
30435
30436
30437
30438
30439
30441
30442
30443
30444
30445
30446
30447
30449
30450
30452
30453
30454
30455
30456
30458
30459
30460
30461
30464
30465
30467
30468
30469
30470
30471
30474
30475
30477
30478
30479
30480
30481
30482
30483
30485
30486
30488
30490
30491
30492
30493
30496
30497
30498
30499
30500
30501
30503
30504
30506
30508
30509
30510
30512
30513
30514
30516
30517
30518
30519
30523
30524
30525
30526
30527
30528
30530
30531
30532
30533
30534
30536
30538
30539
30542
30544
30545
30547
30548
30549
30550
30551
30552
30553
30557
30558
30559
30560
30561
30562
30564
30565
30568
30569
30570
30571
30572
30573
30574
30575
30576
30577
30578
30580
30581
30583
30585
30587
30589
30591
30592
30593
30595
30596
30598
30599
30600
30601
30602
30604
30605
30606
30607
30608
30609
30610
30613
30614
30616
30617
30618
30619
30620
30621
30623
30624
30625
30627
30630
30631
30634
30635
30636
30637
30641
30643
30645
30646
30650
30656
30657
30659
30661
30662
30663
30664
30665
30667
30669
30670
30671
30673
30674
30675
30676
30677
30678
30679
30680
30681
30682
30684
30686
30688
30689
30690
30691
30697
30698
30699
30701
30702
30703
30704
30706
30707
30708
30709
30711
30712
30713
30714
30715
30718
30721
30722
30726
30731
30732
30735
30736
30738
30739
30740
30741
30742
30744
30746
30748
30749
30752
30753
30754
30755
30756
30757
30762
30766
30768
30772
30773
30775
30777
30778
30779
30781
30782
30785
30786
30787
30790
30791
30792
30793
30795
30796
30797
30798
30799
30800
30801
30803
30805
30807
30809
30810
30811
30812
30813
30814
30820
30821
30822
30823
30824
30825
30826
30827
30828
30830
30833
30835
30838
30841
30842
30843
30844
30845
30846
30848
30851
30852
30855
30858
30860
30861
30862
30864
30865
30868
30869
30871
30872
30874
30876
30880
30881
30884
30885
30886
30887
30889
30890
30891
30894
30895
30897
30898
30899
30900
30901
30902
30905
30907
30908
30911
30912
30913
30914
30916
30917
30918
30919
30920
30922
30923
30927
30928
30929
30931
30933
30935
30936
30938
30939
30940
30941
30942
30944
30946
30948
30949
30950
30951
30953
30959
30964
30965
30969
30970
30971
30972
30973
30974
30977
30978
30979
30982
30983
30984
30991
30999
31003
31004
31007
31012
31014
31015
31018
31019
31022
31023
31024
31025
31026
31027
31028
31030
31031
31032
31033
31035
31036
31037
31038
31039
31042
31043
31045
31046
31049
31050
31051
31057
31060
31062
31063
31064
31065
31069
31072
31075
31076
31078
31080
31085
31087
31088
31089
31091
31093
31095
31098
31099
31100
31101
31102
31103
31104
31105
31108
31110
31112
31115
31117
31120
31123
31125
31126
31128
31131
31132
31133
31136
31140
31142
31143
31145
31148
31151
31153
31154
31157
31158
31162
31163
31164
31167
31170
31172
31173
31176
31177
31178
31181
31182
31184
31186
31190
31191
31192
31194
31196
31197
31198
31199
31200
31206
31207
31208
31209
31212
31213
31215
31216
31217
31219
31220
31221
31222
31223
31224
31225
31228
31230
31232
31234
31235
31236
31238
31239
31241
31244
31246
31247
31248
31249
31251
31252
31253
31255
31258
31262
31264
31270
31272
31274
31275
31276
31279
31283
31284
31286
31287
31288
31289
31290
31291
31295
31296
31299
31301
31302
31304
31305
31306
31308
31311
31313
31315
31316
31321
31322
31328
31329
31330
31334
31336
31338
31341
31343
31345
31346
31350
31351
31354
31359
31360
31364
31368
31370
31371
31374
31375
31376
31377
31379
31382
31386
31387
31390
31393
31394
31395
31396
31399
31402
31406
31407
31410
31411
31413
31419
31421
31423
31426
31427
31429
31435
31437
31440
31441
31443
31444
31446
31447
31449
31452
31459
31460
31461
31462
31463
31465
31471
31473
31474
31478
31479
31480
31482
31485
31487
31490
31497
31498
31500
31502
31503
31507
31508
31509
31514
31517
31519
31521
31525
31531
31533
31536
31543
31544
31546
31551
31554
31561
31564
31566
31567
31570
31574
31578
31579
31580
31583
31590
31593
31601
31602
31609
31616
31620
31624
31626
31628
31630
31634
31645
31646
31649
31651
31655
31656
31657
31659
31660
31664
31666
31667
31668
31669
31670
31674
31677
31678
31679
31683
31690
31696
31701
31704
31707
31709
31713
31716
31723
31724
31727
31728
31732
31733
31737
31740
31743
31747
31750
31756
31758
31759
31763
31767
31768
31769
31772
31774
31775
31776
31778
31779
31786
31790
31791
31792
31796
31797
31799
31800
31801
31803
31810
31811
31819
31822
31824
31825
31841
31845
31849
31854
31856
31858
31865
31873
31875
31877
31878
31880
31884
31886
31892
31897
31899
31907
31908
31913
31914
31915
31918
31919
31923
31924
31926
31934
31935
31937
31941
31943
31945
31947
31951
31952
31953
31956
31960
31961
31968
31971
31973
31974
31976
31978
31979
31986
31988
31994
31995
31996
31997
32001
32003
32006
32007
32008
32010
32014
32015
32019
32025
32029
32031
32032
32035
32037
32040
32043
32053
32058
32063
32064
32066
32067
32068
32069
32072
32073
32077
32079
32084
32086
32092
32094
32095
32096
32099
32100
32103
32104
32105
32106
32107
32108
32109
32112
32113
32115
32116
32117
32118
32119
32120
32121
32123
32126
32130
32132
32133
32134
32137
32140
32141
32144
32147
32148
32149
32150
32155
32156
32157
32158
32160
32164
32166
32167
32169
32170
32171
32173
32174
32176
32177
32179
32181
32184
32187
32189
32190
32195
32196
32197
32198
32199
32200
32201
32202
32203
32204
32205
32206
32207
32209
32210
32213
32215
32216
32217
32218
32219
32221
32222
32223
32224
32225
32226
32227
32228
32229
32230
32231
32232
32233
32234
32235
32236
32237
32238
32239
32240
32241
32242
32243
32244
32245
32246
32248
32249
32250
32253
32254
32255
32256
32258
32260
32261
32263
32264
32265
32266
32267
32268
32269
32270
32271
32272
32273
32274
32275
32276
32277
32278
32280
32281
32282
32283
32285
32286
32287
32288
32289
32290
32291
32292
32293
32294
32295
32296
32297
32298
32301
32302
32303
32304
32305
32306
32308
32309
32310
32311
32312
32313
32314
32315
32316
32317
32318
32319
32320
32322
32323
32324
32325
32326
32327
32328
32329
32330
32331
32332
32333
32334
32335
32336
32339
32340
32341
32342
32343
32344
32345
32346
32347
32348
32349
32351
32353
32354
32355
32356
32357
32358
32361
32363
32364
32365
32366
32367
32368
32370
32371
32373
32376
32378
32379
32380
32381
32382
32384
32386
32387
32388
32389
32390
32391
32392
32393
32394
32395
32396
32397
32398
32400
32401
32402
32403
32404
32405
32407
32408
32409
32410
32411
32412
32413
32415
32416
32418
32419
32420
32421
32423
32424
32425
32426
32428
32429
32430
32431
32432
32433
32434
32435
32436
32438
32439
32440
32441
32442
32443
32444
32445
32446
32447
32448
32449
32450
32451
32452
32454
32455
32456
32457
32458
32459
32461
32463
32465
32467
32468
32469
32470
32471
32472
32474
32475
32476
32479
32480
32481
32482
32484
32485
32486
32487
32488
32489
32490
32491
32492
32495
32496
32498
32501
32502
32503
32507
32509
32511
32512
32514
32515
32516
32517
32518
32519
32520
32522
32525
32527
32528
32529
32530
32533
32534
32537
32538
32539
32540
32542
32544
32546
32549
32552
32553
32554
32555
32556
32558
32559
32560
32561
32562
32564
32566
32567
32571
32573
32577
32579
32582
32583
32584
32586
32588
32590
32591
32593
32594
32595
32597
32598
32599
32602
32603
32606
32609
32610
32612
32613
32614
32615
32616
32618
32619
32620
32621
32623
32624
32625
32626
32627
32629
32630
32631
32632
32635
32637
32639
32640
32642
32643
32646
32647
32651
32652
32653
32655
32657
32658
32659
32661
32662
32663
32666
32668
32671
32673
32674
32676
32677
32682
32685
32686
32687
32688
32691
32692
32693
32694
32695
32696
32698
32701
32702
32703
32705
32708
32710
32711
32712
32713
32715
32720
32723
32724
32725
32726
32728
32730
32732
32733
32734
32741
32742
32745
32747
32748
32749
32750
32751
32752
32755
32758
32759
32760
32761
32762
32763
32765
32767
32771
32772
32773
32775
32780
32781
32782
32786
32788
32790
32794
32796
32798
32799
32800
32801
32802
32806
32809
32811
32813
32814
32819
32820
32822
32823
32824
32826
32828
32829
32832
32833
32835
32837
32838
32839
32840
32842
32846
32850
32860
32861
32868
32869
32874
32875
32876
32879
32880
32882
32883
32884
32885
32886
32891
32892
32897
32899
32902
32905
32907
32908
32911
32912
32914
32916
32921
32922
32923
32924
32925
32926
32927
32931
32932
32937
32939
32946
32947
32951
32952
32954
32955
32957
32960
32961
32963
32965
32966
32968
32969
32970
32972
32973
32974
32975
32978
32980
32985
32986
32987
32988
32989
32990
32992
32993
32994
32995
32996
32998
32999
33000
33003
33004
33005
33006
33007
33011
33012
33013
33014
33016
33017
33020
33021
33022
33024
33026
33027
33029
33030
33031
33032
33033
33035
33037
33040
33044
33049
33051
33052
33053
33054
33055
33056
33061
33063
33070
33072
33073
33075
33076
33077
33079
33082
33083
33084
33085
33086
33087
33088
33090
33091
33092
33094
33095
33096
33097
33100
33101
33103
33104
33105
33107
33108
33109
33110
33111
33116
33117
33118
33121
33122
33123
33124
33125
33126
33127
33128
33129
33130
33132
33133
33134
33137
33138
33139
33141
33142
33146
33148
33151
33154
33158
33160
33162
33163
33166
33168
33169
33170
33171
33173
33174
33175
33176
33177
33178
33179
33180
33185
33186
33189
33191
33193
33194
33195
33196
33198
33199
33200
33202
33203
33204
33206
33208
33209
33214
33215
33218
33220
33221
33222
33224
33226
33227
33228
33229
33233
33236
33237
33242
33243
33244
33245
33246
33247
33248
33249
33251
33252
33254
33256
33257
33260
33261
33262
33264
33267
33268
33269
33270
33271
33272
33273
33274
33275
33276
33278
33279
33280
33281
33283
33284
33286
33288
33289
33290
33293
33294
33296
33297
33299
33300
33301
33304
33307
33309
33311
33312
33313
33314
33316
33318
33319
33320
33321
33326
33328
33330
33331
33332
33334
33335
33337
33339
33340
33341
33342
33343
33346
33347
33349
33350
33352
33354
33355
33356
33359
33361
33362
33364
33365
33367
33368
33369
33370
33371
33372
33373
33374
33377
33378
33379
33380
33381
33382
33383
33384
33385
33386
33387
33388
33389
33390
33391
33392
33394
33396
33397
33398
33399
33400
33403
33404
33405
33406
33408
33410
33411
33412
33413
33414
33415
33416
33417
33419
33420
33421
33422
33423
33424
33425
33426
33428
33432
33433
33437
33439
33451
33453
33455
33458
33460
33462
33463
33464
33465
33466
33467
33469
33474
33475
33476
33479
33480
33481
33483
33485
33486
33488
33490
33493
33495
33510
33512
33515
33517
33519
33523
33528
33532
33539
33541
33546
33549
33550
33551
33552
33553
33554
33561
33562
33563
33565
33567
33570
33573
33576
33577
33579
33584
33586
33587
33588
33591
33594
33596
33605
33611
33615
33616
33632
33633
33640
33642
33645
33663
33683
33696
33702
33704
33713
33736
33740
33748
33752
33755
33769
33771
33775
33778
33795
33796
33800
33820
33824
33828
33844
33851
33860
33868
33869
33876
33881
33898
33899
33902
33904
33908
33911
33914
33919
33929
33935
33936
33945
33950
33955
33957
33961
33972
33974
33975
33978
33981
33983
33988
34004
34005
34016
34020
34024
34028
34053
34057
34059
34062
34066
34069
34075
34080
34081
34097
34100
34101
34102
34103
34104
34105
34106
34107
34108
34109
34110
34111
34112
34113
34114
34116
34117
34118
34119
34120
34121
34122
34123
34125
34126
34127
34128
34129
34130
34131
34133
34134
34135
34136
34137
34139
34140
34141
34142
34143
34144
34145
34146
34147
34148
34149
34150
34151
34152
34153
34156
34157
34158
34159
34160
34161
34163
34164
34166
34167
34168
34170
34171
34172
34173
34174
34175
34178
34179
34180
34182
34183
34184
34185
34186
34188
34189
34191
34192
34194
34195
34196
34198
34199
34200
34201
34204
34205
34208
34210
34211
34212
34213
34214
34215
34216
34217
34221
34222
34223
34224
34225
34226
34227
34228
34230
34231
34233
34235
34238
34239
34242
34244
34245
34246
34247
34250
34251
34252
34253
34254
34255
34256
34257
34258
34259
34260
34261
34262
34263
34264
34266
34267
34268
34269
34270
34272
34273
34274
34275
34276
34278
34279
34283
34284
34285
34286
34287
34288
34289
34290
34291
34293
34294
34295
34299
34301
34302
34303
34305
34306
34307
34308
34309
34310
34312
34314
34315
34316
34318
34319
34320
34321
34322
34323
34324
34325
34326
34327
34330
34331
34333
34335
34337
34338
34339
34344
34348
34349
34354
34356
34357
34358
34359
34364
34365
34366
34367
34368
34370
34371
34373
34375
34378
34379
34381
34382
34383
34384
34387
34388
34390
34391
34393
34394
34395
34398
34400
34403
34405
34408
34410
34411
34412
34413
34414
34415
34417
34418
34420
34421
34422
34426
34427
34428
34429
34431
34432
34433
34434
34435
34436
34437
34438
34440
34441
34445
34448
34449
34452
34453
34454
34457
34458
34464
34466
34468
34469
34470
34471
34473
34474
34475
34476
34477
34478
34479
34480
34481
34482
34487
34488
34489
34490
34491
34492
34493
34495
34496
34497
34499
34500
34501
34502
34504
34505
34507
34508
34509
34510
34512
34513
34514
34517
34519
34521
34522
34523
34524
34525
34526
34527
34528
34529
34531
34533
34534
34535
34537
34538
34539
34540
34542
34545
34547
34549
34553
34555
34557
34558
34559
34562
34563
34564
34565
34569
34570
34571
34572
34573
34575
34578
34580
34582
34583
34584
34585
34586
34587
34588
34589
34593
34595
34597
34600
34601
34604
34605
34606
34607
34609
34611
34613
34614
34616
34617
34620
34621
34624
34625
34628
34629
34632
34633
34634
34636
34637
34639
34643
34647
34649
34651
34652
34653
34654
34656
34660
34661
34662
34664
34667
34668
34670
34671
34672
34674
34676
34678
34679
34682
34683
34684
34685
34686
34688
34689
34691
34692
34693
34694
34702
34706
34710
34712
34715
34718
34719
34720
34722
34723
34724
34726
34729
34731
34732
34733
34737
34739
34740
34744
34745
34746
34747
34750
34751
34753
34754
34756
34757
34759
34761
34762
34763
34764
34767
34771
34774
34777
34778
34779
34780
34781
34782
34784
34785
34787
34788
34789
34790
34791
34792
34794
34796
34798
34801
34803
34804
34805
34808
34809
34812
34813
34814
34815
34816
34817
34819
34820
34821
34822
34824
34827
34828
34829
34830
34833
34834
34837
34840
34841
34844
34847
34849
34850
34851
34853
34854
34855
34856
34857
34859
34862
34863
34864
34865
34867
34870
34871
34872
34873
34875
34877
34880
34882
34883
34884
34886
34887
34888
34890
34891
34892
34893
34894
34895
34897
34899
34901
34903
34904
34905
34909
34912
34913
34914
34915
34918
34921
34926
34927
34928
34929
34930
34931
34933
34936
34938
34939
34944
34945
34946
34950
34953
34954
34955
34958
34959
34961
34962
34963
34964
34970
34972
34974
34978
34987
34988
34989
34990
34993
34994
34995
34996
34998
35000
35001
35002
35003
35005
35006
35007
35008
35009
35013
35017
35018
35019
35020
35021
35024
35027
35029
35030
35035
35036
35038
35041
35042
35043
35047
35049
35052
35055
35056
35058
35060
35061
35062
35068
35073
35074
35075
35077
35078
35080
35083
35085
35088
35091
35097
35099
35100
35104
35107
35108
35110
35112
35113
35116
35117
35118
35119
35120
35122
35124
35125
35126
35129
35134
35135
35137
35139
35141
35142
35143
35146
35149
35151
35152
35153
35155
35160
35163
35166
35169
35171
35172
35173
35175
35177
35179
35183
35184
35185
35187
35188
35191
35192
35193
35194
35196
35197
35200
35202
35205
35206
35208
35209
35210
35212
35213
35216
35217
35219
35221
35222
35223
35225
35230
35232
35233
35235
35237
35243
35244
35247
35248
35251
35255
35256
35258
35260
35262
35266
35268
35270
35271
35274
35279
35281
35283
35284
35285
35286
35289
35293
35295
35297
35302
35304
35306
35307
35315
35316
35320
35326
35330
35333
35335
35336
35338
35342
35343
35344
35348
35352
35354
35355
35357
35360
35370
35373
35374
35377
35378
35379
35380
35387
35390
35392
35393
35397
35401
35405
35406
35410
35411
35412
35416
35417
35421
35422
35423
35424
35433
35436
35437
35438
35440
35444
35445
35447
35452
35454
35458
35459
35461
35463
35470
35471
35472
35473
35476
35479
35480
35481
35482
35483
35487
35489
35490
35492
35505
35507
35509
35510
35511
35514
35515
35516
35519
35522
35524
35528
35529
35530
35532
35533
35537
35538
35539
35542
35546
35548
35551
35555
35556
35560
35561
35562
35572
35573
35576
35579
35580
35581
35583
35587
35591
35594
35595
35596
35598
35600
35601
35602
35604
35606
35607
35611
35612
35613
35616
35617
35625
35628
35632
35633
35634
35638
35641
35645
35649
35650
35654
35655
35656
35658
35661
35663
35665
35666
35667
35672
35673
35675
35678
35681
35684
35686
35687
35692
35700
35708
35714
35716
35718
35720
35724
35728
35739
35740
35743
35744
35745
35746
35752
35753
35754
35755
35756
35757
35764
35766
35767
35769
35771
35772
35773
35778
35781
35783
35784
35785
35787
35788
35789
35791
35798
35800
35801
35803
35806
35807
35808
35809
35810
35813
35814
35817
35819
35823
35824
35825
35827
35830
35832
35833
35834
35835
35836
35838
35840
35841
35843
35844
35846
35848
35849
35850
35852
35853
35854
35855
35856
35858
35861
35862
35865
35869
35870
35871
35873
35875
35877
35879
35881
35882
35883
35884
35885
35887
35888
35889
35891
35892
35893
35899
35900
35903
35904
35905
35907
35908
35909
35912
35913
35914
35915
35916
35919
35924
35925
35927
35928
35929
35930
35931
35935
35936
35937
35938
35939
35940
35941
35943
35944
35945
35946
35947
35948
35949
35950
35952
35954
35955
35956
35957
35958
35959
35960
35962
35963
35964
35966
35967
35968
35969
35970
35971
35972
35973
35974
35975
35976
35977
35978
35979
35980
35981
35982
35984
35985
35986
35988
35990
35991
35993
35994
35995
35996
35999
36000
36001
36002
36003
36004
36005
36006
36007
36008
36009
36010
36011
36012
36014
36016
36017
36018
36021
36022
36024
36025
36027
36028
36029
36030
36031
36032
36033
36034
36036
36037
36038
36040
36041
36042
36044
36045
36046
36047
36048
36049
36050
36051
36052
36053
36054
36056
36057
36058
36059
36061
36062
36063
36064
36067
36068
36069
36070
36071
36073
36074
36077
36078
36079
36080
36081
36082
36083
36085
36086
36087
36089
36090
36092
36093
36094
36096
36097
36098
36101
36102
36103
36104
36105
36106
36108
36109
36110
36111
36112
36113
36114
36115
36116
36117
36119
36120
36121
36122
36123
36124
36125
36126
36127
36128
36131
36132
36133
36134
36136
36137
36138
36141
36142
36143
36144
36146
36147
36148
36149
36150
36151
36154
36156
36157
36159
36160
36161
36162
36163
36164
36166
36167
36168
36169
36170
36171
36172
36173
36174
36175
36176
36179
36182
36183
36184
36185
36186
36187
36188
36191
36192
36193
36194
36197
36198
36199
36201
36202
36203
36204
36206
36209
36210
36211
36212
36214
36215
36216
36218
36221
36222
36223
36224
36225
36226
36228
36229
36231
36232
36235
36238
36239
36241
36242
36244
36245
36246
36247
36251
36252
36254
36255
36256
36263
36264
36267
36268
36269
36270
36271
36274
36275
36277
36278
36279
36280
36281
36282
36283
36284
36285
36286
36288
36289
36291
36293
36294
36296
36297
36299
36300
36305
36307
36308
36309
36311
36312
36314
36316
36317
36318
36319
36320
36321
36322
36323
36324
36327
36330
36332
36333
36334
36335
36336
36337
36338
36339
36340
36341
36343
36345
36346
36348
36349
36350
36351
36353
36354
36355
36356
36357
36359
36361
36362
36364
36367
36368
36369
36370
36371
36375
36376
36377
36381
36384
36385
36386
36387
36388
36391
36392
36394
36395
36396
36397
36398
36399
36400
36404
36406
36407
36409
36410
36411
36412
36413
36414
36415
36416
36418
36419
36420
36421
36422
36423
36424
36425
36427
36428
36429
36430
36437
36438
36439
36441
36442
36444
36445
36446
36447
36448
36449
36452
36454
36455
36456
36459
36461
36462
36463
36464
36466
36468
36470
36471
36472
36473
36474
36475
36477
36478
36481
36483
36486
36487
36489
36490
36493
36494
36499
36501
36502
36503
36504
36506
36508
36510
36511
36513
36514
36515
36516
36517
36520
36525
36534
36536
36537
36541
36545
36546
36548
36549
36556
36557
36559
36560
36564
36566
36567
36569
36570
36574
36575
36576
36577
36580
36581
36583
36585
36586
36588
36591
36594
36598
36599
36600
36601
36602
36605
36606
36608
36609
36611
36612
36613
36614
36616
36618
36621
36623
36626
36630
36631
36633
36634
36636
36637
36638
36639
36643
36645
36646
36647
36651
36653
36656
36664
36665
36668
36669
36670
36671
36672
36674
36678
36679
36680
36681
36682
36683
36684
36685
36686
36687
36688
36689
36691
36692
36694
36697
36701
36702
36704
36705
36709
36710
36712
36714
36715
36717
36718
36720
36722
36725
36727
36729
36730
36731
36733
36734
36735
36737
36738
36742
36743
36744
36747
36748
36749
36750
36751
36754
36755
36756
36758
36761
36763
36764
36765
36766
36767
36769
36770
36771
36772
36773
36774
36775
36777
36778
36783
36784
36785
36788
36791
36796
36797
36798
36799
36800
36802
36803
36805
36806
36808
36809
36810
36811
36814
36815
36818
36819
36822
36823
36825
36826
36830
36832
36837
36838
36840
36842
36843
36846
36848
36850
36851
36852
36853
36854
36855
36856
36859
36860
36861
36862
36864
36865
36868
36871
36872
36873
36874
36875
36876
36878
36880
36881
36883
36884
36888
36889
36890
36891
36892
36893
36894
36896
36897
36899
36901
36903
36905
36906
36907
36908
36909
36910
36913
36914
36916
36917
36918
36919
36921
36923
36924
36927
36929
36930
36931
36932
36933
36934
36936
36938
36941
36943
36945
36946
36947
36949
36950
36951
36952
36955
36956
36957
36958
36960
36961
36963
36964
36965
36966
36968
36969
36970
36971
36972
36974
36975
36976
36979
36980
36981
36982
36983
36984
36985
36986
36987
36988
36992
36994
36999
37000
37002
37004
37006
37007
37014
37015
37016
37018
37020
37025
37026
37027
37028
37029
37030
37032
37033
37036
37038
37039
37041
37044
37047
37048
37050
37051
37052
37055
37056
37057
37058
37059
37060
37061
37062
37063
37065
37066
37068
37069
37071
37072
37073
37075
37076
37078
37079
37080
37081
37083
37084
37085
37086
37087
37089
37091
37092
37093
37095
37096
37097
37098
37099
37100
37101
37102
37103
37104
37105
37108
37110
37111
37113
37114
37116
37117
37118
37119
37120
37122
37124
37125
37127
37128
37129
37130
37131
37132
37134
37135
37137
37138
37139
