2
3
5
7
9
19
20
35
37
38
40
47
48
54
62
67
72
79
88
90
98
102
105
106
114
133
137
143
145
152
155
158
161
179
206
207
214
220
234
240
246
261
279
280
296
312
322
326
333
334
340
352
357
358
366
370
376
388
398
409
410
413
418
431
434
435
440
442
466
469
479
485
488
499
505
506
511
520
533
541
542
545
548
550
570
574
578
581
588
591
603
631
632
636
645
668
674
679
681
683
684
685
686
687
688
689
690
691
692
694
696
697
698
700
702
704
705
706
707
708
709
710
711
714
717
718
721
724
725
726
727
728
729
731
732
734
735
737
738
739
741
742
745
746
747
748
751
752
757
758
759
760
761
764
766
767
768
769
770
773
776
779
780
781
782
784
785
788
789
790
791
792
793
795
798
800
801
802
804
805
807
808
812
813
814
815
817
818
819
822
823
824
828
829
830
831
832
833
836
837
839
841
842
843
844
845
849
850
852
855
857
858
861
862
863
864
866
868
869
870
871
873
876
877
880
881
883
884
890
893
894
895
898
899
900
901
903
904
905
906
907
908
909
912
913
917
919
923
924
925
926
930
931
933
934
938
941
942
945
947
957
958
959
961
962
966
971
972
974
975
976
977
979
982
983
985
987
988
989
992
994
995
996
1000
1002
1007
1008
1009
1010
1017
1018
1019
1021
1022
1024
1026
1027
1028
1029
1033
1038
1039
1040
1042
1044
1045
1051
1052
1056
1057
1061
1062
1063
1064
1067
1071
1073
1074
1075
1078
1080
1081
1082
1085
1086
1087
1088
1089
1091
1095
1097
1098
1101
1102
1103
1107
1108
1111
1113
1115
1116
1117
1118
1121
1129
1130
1131
1132
1133
1134
1135
1136
1140
1143
1149
1150
1152
1153
1154
1157
1159
1161
1162
1172
1173
1174
1178
1179
1181
1184
1185
1187
1191
1193
1194
1198
1200
1201
1202
1205
1207
1209
1210
1212
1216
1217
1221
1224
1225
1226
1231
1235
1241
1244
1246
1252
1253
1257
1261
1262
1264
1265
1266
1268
1271
1273
1276
1280
1282
1283
1284
1285
1287
1289
1291
1295
1296
1297
1299
1300
1302
1303
1311
1312
1317
1319
1321
1325
1326
1327
1328
1330
1332
1333
1336
1338
1339
1343
1345
1348
1349
1353
1357
1359
1360
1361
1363
1364
1367
1368
1369
1374
1375
1380
1386
1387
1388
1398
1400
1403
1404
1406
1407
1408
1409
1410
1414
1416
1418
1420
1421
1424
1426
1427
1429
1433
1436
1439
1448
1449
1453
1457
1464
1465
1475
1477
1478
1483
1486
1487
1488
1489
1490
1494
1495
1499
1501
1504
1507
1512
1513
1520
1524
1525
1527
1528
1530
1533
1535
1536
1537
1538
1540
1545
1551
1555
1558
1562
1563
1566
1568
1569
1572
1574
1577
1579
1580
1583
1584
1585
1586
1588
1590
1593
1594
1599
1606
1609
1613
1615
1623
1626
1627
1636
1637
1638
1640
1644
1658
1659
1664
1665
1673
1682
1686
1688
1691
1692
1695
1697
1698
1699
1702
1703
1704
1706
1709
1710
1716
1717
1720
1723
1724
1726
1731
1732
1734
1736
1737
1743
1745
1746
1747
1748
1751
1762
1765
1766
1767
1768
1775
1776
1787
1791
1792
1795
1798
1807
1811
1813
1818
1819
1821
1828
1831
1833
1835
1842
1844
1848
1853
1854
1867
1871
1874
1878
1879
1883
1885
1887
1892
1894
1899
1905
1906
1907
1910
1916
1918
1924
1930
1932
1933
1934
1939
1940
1944
1946
1948
1954
1955
1956
1962
1963
1971
1974
1975
1978
1981
1990
1992
1995
1997
2007
2011
2012
2015
2021
2025
2033
2038
2041
2045
2046
2048
2050
2052
2054
2058
2064
2067
2069
2070
2079
2080
2085
2088
2091
2093
2095
2098
2102
2112
2113
2116
2125
2130
2131
2137
2138
2142
2144
2150
2157
2161
2168
2169
2170
2171
2172
2175
2177
2178
2182
2183
2185
2187
2195
2205
2206
2211
2213
2218
2220
2233
2239
2241
2246
2247
2253
2261
2266
2268
2282
2283
2291
2297
2298
2299
2302
2304
2307
2317
2319
2323
2327
2329
2341
2343
2346
2347
2351
2356
2357
2365
2371
2372
2373
2375
2379
2382
2387
2388
2389
2390
2393
2394
2395
2396
2397
2407
2408
2410
2415
2416
2418
2420
2421
2422
2430
2432
2439
2443
2445
2448
2450
2451
2454
2455
2457
2459
2462
2463
2476
2479
2484
2486
2487
2488
2489
2490
2491
2492
2493
2494
2495
2498
2499
2501
2502
2504
2505
2506
2507
2509
2510
2512
2513
2514
2515
2516
2517
2518
2519
2520
2521
2522
2523
2524
2525
2526
2528
2529
2530
2532
2533
2534
2536
2537
2539
2540
2542
2543
2544
2546
2547
2548
2549
2550
2551
2552
2553
2554
2556
2557
2558
2559
2560
2561
2562
2563
2564
2565
2566
2568
2569
2571
2572
2573
2574
2575
2576
2577
2579
2580
2581
2582
2583
2584
2585
2586
2588
2589
2590
2591
2592
2595
2596
2597
2598
2599
2600
2601
2602
2604
2605
2606
2607
2608
2610
2611
2612
2613
2614
2615
2616
2617
2620
2621
2622
2623
2624
2626
2627
2628
2629
2631
2632
2633
2634
2636
2637
2639
2642
2643
2644
2645
2646
2647
2648
2649
2651
2652
2653
2654
2655
2656
2657
2658
2659
2660
2661
2663
2665
2667
2668
2669
2670
2673
2674
2675
2676
2677
2678
2679
2681
2682
2683
2684
2685
2686
2687
2689
2690
2691
2692
2693
2696
2697
2698
2699
2700
2701
2702
2703
2704
2708
2711
2712
2715
2716
2717
2718
2719
2720
2722
2723
2724
2728
2729
2730
2731
2732
2733
2734
2736
2737
2738
2739
2740
2742
2743
2744
2745
2746
2747
2750
2752
2753
2755
2758
2759
2762
2763
2764
2765
2769
2771
2773
2774
2776
2777
2783
2784
2785
2789
2791
2792
2795
2797
2800
2802
2803
2806
2810
2812
2813
2815
2816
2817
2818
2822
2825
2826
2828
2829
2830
2831
2833
2835
2837
2838
2840
2841
2842
2847
2849
2850
2852
2854
2855
2856
2859
2860
2864
2865
2867
2868
2869
2870
2873
2874
2875
2876
2878
2879
2880
2881
2882
2883
2885
2886
2888
2891
2893
2897
2898
2899
2901
2902
2903
2904
2907
2909
2911
2913
2915
2916
2917
2918
2919
2920
2923
2926
2928
2929
2930
2935
2936
2938
2939
2940
2941
2942
2943
2945
2947
2949
2950
2952
2954
2955
2957
2959
2961
2965
2966
2968
2969
2971
2973
2974
2975
2976
2979
2980
2983
2984
2986
2988
2989
2990
2991
2992
2993
2996
2998
3000
3003
3007
3010
3011
3012
3015
3016
3018
3021
3022
3023
3024
3025
3027
3029
3032
3033
3035
3036
3037
3038
3039
3040
3042
3044
3046
3047
3048
3050
3053
3055
3061
3062
3063
3068
3069
3072
3076
3078
3083
3085
3087
3088
3089
3090
3091
3092
3094
3097
3099
3100
3101
3103
3105
3106
3108
3110
3111
3115
3117
3120
3122
3123
3125
3126
3127
3128
3131
3134
3138
3149
3150
3153
3154
3156
3162
3164
3167
3172
3173
3176
3179
3180
3181
3185
3190
3191
3192
3194
3195
3196
3199
3200
3204
3208
3210
3212
3213
3215
3217
3220
3221
3222
3223
3225
3231
3232
3236
3239
3240
3242
3245
3246
3248
3249
3251
3252
3253
3254
3257
3258
3259
3260
3261
3262
3265
3266
3269
3270
3275
3276
3277
3278
3279
3281
3282
3286
3287
3288
3289
3291
3293
3296
3297
3298
3299
3301
3305
3307
3310
3312
3315
3317
3318
3319
3321
3322
3329
3332
3334
3335
3336
3337
3338
3339
3340
3344
3348
3349
3350
3351
3354
3355
3357
3359
3363
3365
3366
3370
3371
3375
3376
3379
3380
3381
3382
3384
3385
3387
3388
3389
3392
3394
3395
3396
3397
3398
3399
3401
3406
3407
3414
3415
3418
3419
3420
3421
3422
3423
3424
3425
3426
3427
3429
3430
3434
3436
3437
3439
3441
3442
3444
3446
3450
3454
3456
3457
3459
3460
3463
3464
3465
3466
3467
3469
3471
3480
3483
3485
3488
3489
3490
3496
3497
3499
3502
3503
3506
3509
3510
3514
3515
3517
3519
3521
3529
3530
3534
3535
3536
3537
3538
3539
3540
3542
3544
3548
3549
3553
3554
3555
3557
3558
3560
3562
3563
3564
3565
3569
3570
3572
3574
3577
3578
3580
3581
3582
3584
3588
3592
3593
3597
3599
3600
3602
3603
3608
3610
3612
3613
3614
3617
3618
3623
3625
3626
3631
3634
3637
3640
3642
3643
3644
3646
3647
3650
3652
3653
3654
3655
3658
3660
3661
3663
3665
3669
3671
3672
3673
3674
3675
3676
3678
3680
3682
3683
3684
3688
3690
3691
3692
3693
3694
3695
3696
3698
3699
3700
3703
3705
3706
3707
3708
3710
3711
3712
3716
3720
3743
3744
3750
3754
3767
3768
3777
3786
3793
3794
3801
3802
3807
3808
3809
3811
3813
3816
3823
3824
3825
3826
3828
3839
3841
3845
3849
3851
3853
3856
3857
3858
3859
3861
3867
3872
3873
3875
3876
3878
3879
3881
3884
3893
3897
3899
3907
3910
3919
3920
3921
3925
3937
3946
3953
3954
3961
3971
3975
3977
3979
4007
4017
4033
4035
4040
4041
4044
4054
4059
4066
4069
4071
4075
4079
4081
4090
4097
4106
4109
4116
4119
4123
4124
4126
4132
4135
4136
4138
4139
4149
4153
4156
4157
4176
4178
4179
4183
4190
4195
4196
4198
4201
4205
4210
4213
4215
4218
4240
4241
4243
4249
4251
4260
4266
4269
4275
4276
4293
4297
4308
4316
4332
4333
4334
4337
4345
4356
4359
4363
4368
4374
4376
4389
4390
4393
4394
4395
4398
4399
4400
4401
4402
4404
4405
4406
4407
4408
4410
4411
4412
4413
4414
4415
4416
4417
4418
4419
4420
4421
4423
4424
4425
4426
4427
4428
4430
4431
4432
4433
4434
4435
4436
4438
4439
4440
4442
4443
4444
4446
4447
4448
4449
4450
4451
4452
4454
4455
4456
4457
4458
4461
4462
4464
4465
4467
4468
4469
4470
4472
4473
4476
4479
4480
4481
4482
4483
4485
4486
4487
4488
4489
4490
4491
4492
4493
4494
4495
4496
4497
4498
4501
4505
4506
4507
4508
4510
4511
4512
4514
4517
4518
4519
4523
4524
4525
4526
4527
4528
4530
4531
4533
4534
4535
4537
4538
4542
4544
4545
4546
4547
4549
4550
4551
4553
4556
4557
4558
4560
4561
4562
4563
4564
4565
4566
4572
4574
4575
4576
4577
4581
4582
4583
4588
4589
4591
4592
4593
4596
4597
4601
4602
4606
4607
4609
4611
4612
4613
4615
4617
4618
4620
4621
4623
4626
4629
4630
4632
4633
4636
4637
4638
4640
4641
4643
4644
4645
4646
4648
4649
4651
4652
4653
4655
4656
4659
4664
4667
4670
4672
4673
4676
4677
4678
4679
4680
4683
4685
4686
4687
4688
4689
4690
4691
4693
4695
4696
4698
4699
4700
4701
4702
4703
4704
4705
4706
4708
4710
4711
4713
4714
4715
4716
4717
4718
4720
4721
4723
4724
4726
4728
4731
4732
4733
4735
4736
4741
4743
4746
4747
4749
4751
4754
4758
4759
4761
4764
4765
4767
4770
4772
4777
4778
4784
4785
4787
4788
4790
4792
4794
4796
4797
4798
4801
4803
4804
4807
4809
4810
4811
4812
4814
4816
4817
4818
4819
4821
4823
4824
4825
4827
4828
4829
4830
4833
4837
4838
4839
4841
4842
4844
4845
4846
4848
4849
4850
4851
4852
4853
4856
4857
4858
4859
4864
4865
4870
4871
4875
4876
4877
4878
4879
4885
4889
4891
4892
4894
4895
4896
4897
4898
4902
4908
4913
4916
4917
4920
4921
4924
4925
4927
4929
4930
4931
4932
4935
4936
4937
4938
4940
4944
4946
4948
4949
4951
4952
4953
4956
4962
4964
4966
4967
4970
4972
4973
4975
4976
4978
4980
4982
4984
4987
4989
4990
4991
4999
5000
5003
5005
5010
5012
5013
5014
5015
5019
5020
5021
5022
5024
5025
5030
5033
5035
5037
5038
5039
5040
5041
5043
5045
5046
5047
5052
5054
5056
5059
5061
5062
5064
5065
5069
5072
5073
5077
5078
5079
5081
5082
5083
5084
5086
5087
5088
5089
5090
5092
5093
5094
5095
5096
5100
5101
5103
5105
5107
5108
5112
5113
5114
5115
5117
5118
5120
5124
5125
5128
5130
5131
5135
5137
5138
5139
5141
5146
5147
5149
5150
5151
5153
5155
5160
5163
5164
5166
5168
5169
5170
5171
5172
5174
5176
5177
5179
5180
5181
5182
5192
5193
5197
5199
5200
5201
5202
5206
5208
5209
5211
5214
5221
5223
5226
5227
5229
5230
5231
5233
5238
5239
5240
5243
5245
5247
5249
5252
5253
5254
5258
5261
5262
5263
5267
5268
5269
5273
5276
5278
5282
5283
5286
5288
5289
5291
5293
5294
5297
5299
5300
5301
5303
5306
5307
5310
5316
5317
5320
5322
5325
5329
5330
5333
5334
5337
5340
5343
5344
5347
5350
5352
5355
5356
5360
5361
5366
5368
5371
5373
5379
5380
5382
5386
5387
5388
5396
5400
5401
5405
5407
5408
5411
5412
5413
5414
5417
5421
5425
5426
5430
5434
5435
5437
5439
5440
5442
5443
5450
5453
5454
5457
5458
5459
5460
5465
5467
5469
5471
5473
5475
5478
5480
5481
5482
5484
5487
5490
5492
5494
5497
5498
5499
5500
5502
5506
5507
5509
5510
5512
5516
5518
5519
5520
5523
5527
5532
5533
5534
5536
5538
5542
5546
5553
5554
5556
5558
5563
5565
5566
5567
5569
5570
5573
5575
5583
5586
5588
5589
5590
5592
5596
5603
5605
5606
5608
5615
5619
5622
5630
5631
5633
5637
5638
5641
5644
5651
5653
5654
5655
5657
5658
5659
5662
5666
5668
5669
5671
5675
5676
5680
5689
5692
5694
5701
5704
5706
5708
5711
5716
5718
5719
5720
5724
5725
5726
5730
5735
5737
5740
5743
5745
5746
5749
5752
5753
5756
5760
5761
5770
5772
5777
5778
5781
5782
5791
5793
5796
5804
5810
5811
5813
5815
5816
5818
5820
5822
5830
5832
5834
5838
5840
5847
5849
5859
5864
5866
5868
5871
5872
5875
5876
5877
5879
5880
5881
5882
5884
5886
5888
5897
5899
5901
5905
5911
5912
5913
5915
5920
5924
5928
5929
5932
5937
5939
5940
5943
5944
5947
5949
5951
5952
5953
5961
5962
5963
5966
5968
5972
5974
5975
5980
5985
5987
5992
5996
5998
6001
6002
6004
6012
6016
6021
6025
6031
6034
6037
6039
6041
6045
6050
6055
6057
6058
6061
6062
6064
6065
6070
6071
6075
6079
6081
6083
6084
6088
6089
6091
6094
6096
6097
6101
6102
6103
6105
6106
6107
6109
6110
6111
6115
6120
6123
6125
6127
6129
6132
6134
6136
6138
6142
6144
6145
6146
6147
6149
6150
6152
6153
6156
6157
6158
6159
6161
6163
6164
6168
6169
6171
6173
6175
6189
6193
6198
6199
6200
6201
6202
6203
6204
6205
6206
6207
6208
6212
6213
6214
6215
6218
6219
6220
6223
6224
6225
6226
6227
6228
6229
6230
6231
6232
6233
6234
6235
6236
6238
6239
6240
6241
6242
6244
6246
6248
6250
6251
6252
6253
6255
6256
6257
6258
6260
6261
6263
6264
6265
6266
6267
6268
6269
6270
6272
6273
6274
6275
6277
6279
6282
6283
6285
6286
6287
6288
6290
6291
6292
6293
6294
6295
6296
6297
6298
6299
6302
6303
6304
6305
6306
6308
6309
6310
6311
6312
6313
6315
6316
6317
6318
6319
6320
6324
6325
6327
6328
6329
6330
6331
6332
6333
6334
6335
6336
6337
6338
6339
6340
6341
6342
6343
6344
6345
6347
6348
6350
6351
6353
6354
6355
6356
6357
6358
6359
6360
6361
6362
6364
6365
6366
6367
6368
6369
6370
6372
6373
6374
6375
6376
6377
6378
6379
6380
6381
6382
6383
6384
6385
6386
6388
6390
6391
6392
6393
6394
6395
6396
6397
6398
6399
6400
6401
6403
6404
6405
6406
6407
6410
6411
6413
6414
6415
6417
6419
6421
6424
6425
6426
6429
6430
6431
6432
6433
6434
6435
6436
6437
6438
6439
6440
6441
6442
6444
6445
6448
6449
6450
6452
6453
6454
6456
6458
6461
6462
6465
6466
6469
6471
6472
6473
6474
6475
6476
6478
6479
6483
6486
6487
6488
6489
6490
6491
6492
6493
6494
6496
6498
6500
6502
6504
6506
6507
6508
6509
6510
6513
6514
6517
6520
6521
6524
6525
6527
6529
6530
6531
6532
6533
6534
6536
6537
6538
6539
6540
6543
6544
6546
6547
6550
6551
6555
6556
6557
6559
6560
6562
6563
6566
6568
6569
6571
6572
6573
6574
6575
6576
6577
6580
6581
6582
6584
6585
6587
6589
6591
6593
6594
6595
6596
6597
6598
6600
6602
6603
6604
6606
6607
6608
6609
6611
6612
6613
6614
6615
6617
6618
6620
6621
6623
6624
6625
6627
6628
6629
6631
6633
6634
6635
6636
6639
6642
6643
6644
6648
6649
6651
6652
6653
6654
6657
6658
6659
6661
6662
6663
6665
6666
6668
6671
6673
6674
6676
6679
6684
6686
6687
6688
6689
6690
6694
6695
6696
6698
6702
6703
6706
6707
6709
6712
6713
6714
6715
6716
6717
6718
6721
6724
6725
6726
6728
6730
6731
6732
6733
6734
6736
6740
6742
6743
6746
6747
6749
6750
6751
6752
6754
6755
6756
6759
6760
6762
6763
6764
6766
6767
6768
6774
6775
6777
6778
6779
6781
6782
6784
6786
6790
6791
6792
6796
6797
6800
6801
6802
6804
6805
6808
6811
6813
6815
6816
6825
6827
6829
6830
6833
6834
6835
6837
6838
6839
6840
6841
6842
6845
6846
6848
6852
6854
6859
6862
6863
6864
6868
6869
6870
6871
6875
6876
6878
6881
6882
6884
6885
6886
6887
6888
6890
6893
6894
6897
6899
6900
6901
6904
6906
6909
6910
6912
6913
6914
6915
6916
6918
6919
6920
6922
6924
6925
6927
6929
6933
6934
6936
6940
6942
6943
6946
6953
6954
6957
6959
6963
6965
6966
6968
6970
6972
6975
6976
6978
6980
6982
6983
6986
6989
6990
6992
6996
6999
7000
7001
7002
7004
7005
7006
7007
7010
7011
7012
7013
7015
7021
7026
7029
7030
7031
7032
7033
7036
7038
7042
7046
7047
7051
7052
7054
7055
7056
7057
7059
7063
7064
7065
7068
7069
7071
7076
7079
7084
7086
7091
7093
7094
7095
7098
7099
7102
7107
7108
7109
7112
7117
7118
7119
7120
7123
7125
7126
7127
7130
7131
7135
7136
7137
7142
7144
7149
7150
7152
7153
7156
7157
7160
7162
7164
7166
7167
7168
7170
7171
7173
7174
7176
7177
7178
7179
7180
7181
7182
7184
7187
7188
7191
7192
7197
7198
7199
7200
7201
7203
7204
7206
7211
7214
7218
7220
7222
7223
7226
7228
7231
7233
7234
7235
7237
7238
7244
7245
7246
7249
7250
7251
7252
7253
7254
7257
7258
7259
7262
7264
7267
7268
7269
7270
7271
7273
7274
7275
7277
7279
7281
7282
7283
7284
7285
7288
7289
7290
7291
7292
7295
7296
7302
7303
7306
7308
7312
7313
7314
7316
7318
7320
7321
7323
7326
7332
7335
7336
7337
7339
7343
7345
7347
7349
7351
7352
7354
7356
7357
7358
7360
7361
7364
7365
7366
7371
7372
7373
7374
7375
7381
7383
7384
7386
7387
7388
7389
7390
7392
7393
7394
7396
7398
7401
7402
7403
7405
7406
7408
7410
7411
7413
7416
7419
7421
7422
7424
7426
7430
7437
7438
7447
7451
7454
7461
7465
7468
7469
7473
7491
7500
7527
7530
7533
7538
7539
7540
7543
7546
7549
7550
7551
7554
7563
7566
7573
7586
7596
7599
7600
7604
7634
7644
7654
7662
7666
7673
7686
7710
7718
7734
7751
7755
7760
7764
7770
7783
7795
7811
7840
7851
7855
7886
7904
7927
7930
7933
7935
7948
7949
7961
7968
7972
7982
7998
8008
8015
8016
8021
8064
8084
8091
8102
8103
8105
8106
8107
8109
8110
8111
8112
8113
8115
8116
8118
8119
8120
8121
8122
8124
8128
8129
8130
8131
8133
8134
8137
8138
8139
8141
8143
8144
8147
8148
8150
8152
8153
8154
8155
8156
8158
8159
8161
8162
8163
8165
8166
8167
8168
8169
8170
8171
8172
8174
8175
8177
8180
8184
8185
8186
8190
8191
8192
8193
8194
8195
8196
8197
8198
8200
8201
8203
8204
8209
8210
8214
8216
8217
8218
8219
8220
8223
8225
8226
8227
8228
8230
8232
8233
8234
8235
8237
8239
8240
8241
8242
8244
8246
8247
8248
8249
8251
8252
8254
8257
8258
8261
8262
8264
8265
8266
8270
8273
8274
8278
8279
8283
8286
8289
8290
8291
8292
8296
8298
8301
8303
8305
8307
8309
8310
8311
8315
8323
8326
8327
8329
8330
8332
8333
8334
8337
8344
8345
8347
8349
8350
8356
8357
8359
8360
8361
8362
8363
8367
8368
8371
8372
8373
8381
8382
8384
8385
8386
8387
8392
8393
8398
8402
8403
8404
8406
8407
8410
8411
8413
8416
8419
8420
8422
8426
8427
8428
8429
8430
8431
8432
8434
8437
8440
8441
8445
8449
8450
8455
8460
8461
8463
8465
8466
8468
8470
8472
8473
8477
8481
8482
8484
8486
8491
8495
8497
8499
8500
8501
8503
8507
8508
8512
8514
8515
8516
8521
8525
8526
8528
8529
8530
8536
8539
8541
8544
8545
8549
8551
8557
8562
8564
8568
8578
8583
8584
8590
8592
8594
8596
8597
8600
8602
8606
8608
8615
8622
8623
8630
8633
8635
8639
8645
8649
8651
8653
8656
8661
8664
8665
8669
8670
8672
8673
8675
8677
8678
8680
8681
8684
8685
8688
8689
8690
8691
8692
8693
8695
8696
8698
8701
8706
8720
8725
8733
8738
8739
8741
8747
8750
8751
8753
8755
8758
8759
8761
8762
8766
8769
8770
8772
8777
8779
8783
8785
8792
8794
8795
8797
8798
8803
8806
8807
8812
8814
8816
8818
8820
8824
8826
8830
8831
8834
8836
8837
8839
8844
8847
8848
8852
8861
8865
8867
8869
8873
8876
8880
8886
8889
8890
8893
8895
8897
8902
8906
8909
8911
8916
8922
8927
8935
8940
8944
8947
8950
8962
8963
8964
8968
8970
8980
8983
8985
8989
8991
8993
8995
9002
9004
9005
9007
9011
9013
9014
9020
9021
9023
9025
9027
9037
9038
9043
9047
9050
9054
9055
9057
9064
9066
9067
9068
9069
9070
9073
9076
9077
9081
9084
9087
9092
9093
9098
9101
9102
9110
9115
9117
9118
9120
9121
9124
9128
9133
9134
9136
9137
9140
9143
9144
9151
9154
9159
9160
9162
9165
9172
9175
9178
9181
9188
9189
9191
9193
9194
9198
9204
9219
9221
9226
9232
9241
9272
9274
9275
9277
9280
9299
9302
9303
9321
9327
9329
9335
9336
9338
9350
9352
9357
9358
9361
9362
9364
9365
9374
9375
9376
9380
9381
9389
9395
9399
9401
9402
9406
9408
9420
9423
9425
9427
9430
9440
9443
9449
9450
9456
9457
9472
9474
9478
9485
9491
9500
9501
9504
9505
9507
9508
9513
9517
9540
9541
9553
9561
9567
9572
9580
9584
9585
9594
9596
9597
9599
9600
9602
9613
9614
9630
9631
9644
9651
9667
9672
9675
9705
9707
9710
9718
9719
9722
9730
9735
9747
9748
9751
9753
9755
9769
9770
9787
9791
9803
9805
9808
9810
9811
9815
9816
9819
9821
9822
9823
9828
9833
9840
9841
9843
9846
9849
9850
9851
9854
9857
9860
9862
9863
9864
9866
9867
9871
9875
9878
9879
9883
9884
9889
9891
9899
9901
9902
9903
9905
9909
9914
9915
9916
9917
9918
9922
9923
9928
9929
9931
9933
9934
9937
9938
9939
9940
9942
9943
9944
9945
9946
9951
9952
9953
9954
9955
9956
9957
9958
9960
9962
9965
9966
9968
9969
9970
9971
9972
9975
9976
9978
9979
9980
9981
9983
9984
9986
9988
9989
9990
9992
9993
9995
9996
9997
9998
9999
10000
10001
10002
10003
10004
10005
10007
10008
10009
10012
10014
10016
10017
10018
10019
10020
10021
10022
10023
10024
10025
10026
10027
10029
10030
10032
10033
10034
10035
10036
10038
10039
10041
10042
10043
10044
10045
10047
10048
10049
10051
10052
10053
10054
10057
10058
10059
10061
10062
10063
10064
10067
10069
10070
10071
10072
10073
10074
10076
10077
10079
10081
10082
10083
10084
10086
10087
10088
10089
10092
10093
10096
10098
10100
10103
10104
10105
10106
10107
10109
10112
10113
10114
10117
10118
10119
10120
10121
10123
10124
10125
10126
10128
10129
10131
10136
10137
10138
10139
10140
10143
10144
10145
10146
10148
10149
10150
10151
10152
10154
10155
10156
10157
10158
10159
10160
10161
10162
10164
10165
10168
10170
10172
10175
10177
10179
10180
10183
10186
10187
10188
10189
10190
10191
10192
10193
10194
10196
10201
10204
10206
10208
10209
10211
10212
10214
10218
10219
10221
10224
10225
10226
10227
10228
10230
10231
10235
10236
10239
10241
10243
10249
10250
10252
10253
10254
10257
10258
10259
10261
10265
10266
10269
10270
10272
10273
10279
10280
10282
10283
10284
10285
10286
10287
10289
10293
10294
10296
10298
10299
10300
10301
10302
10305
10306
10308
10311
10312
10316
10318
10321
10322
10325
10326
10327
10332
10337
10339
10340
10341
10343
10345
10346
10347
10348
10350
10351
10354
10356
10357
10358
10359
10361
10365
10366
10368
10370
10372
10377
10378
10382
10385
10386
10387
10388
10389
10397
10403
10404
10408
10409
10412
10413
10414
10417
10418
10421
10422
10424
10426
10427
10428
10429
10430
10431
10432
10433
10434
10435
10439
10443
10444
10446
10447
10449
10450
10451
10453
10457
10458
10460
10461
10463
10466
10468
10473
10474
10475
10476
10477
10478
10482
10483
10485
10489
10490
10491
10492
10495
10496
10501
10504
10506
10509
10511
10515
10516
10519
10522
10523
10527
10529
10534
10538
10539
10542
10545
10547
10548
10551
10554
10555
10556
10558
10560
10561
10562
10566
10576
10577
10578
10581
10582
10583
10584
10585
10590
10593
10595
10596
10601
10602
10607
10608
10610
10613
10619
10620
10626
10635
10636
10638
10639
10640
10641
10643
10646
10647
10648
10650
10653
10661
10662
10664
10667
10668
10671
10673
10674
10678
10684
10685
10689
10694
10697
10699
10702
10703
10704
10706
10710
10711
10714
10716
10721
10722
10725
10726
10727
10728
10729
10730
10733
10736
10745
10747
10749
10750
10751
10753
10755
10756
10760
10764
10765
10768
10771
10772
10774
10775
10778
10779
10782
10784
10785
10786
10787
10789
10796
10798
10799
10804
10807
10808
10809
10810
10812
10813
10816
10817
10818
10820
10826
10827
10831
10832
10834
10835
10841
10844
10846
10848
10849
10850
10852
10854
10855
10856
10857
10858
10861
10862
10866
10868
10874
10876
10881
10884
10885
10887
10888
10889
10891
10893
10894
10895
10901
10902
10904
10905
10908
10909
10911
10913
10916
10918
10920
10921
10922
10930
10931
10933
10934
10938
10944
10945
10947
10948
10949
10957
10958
10959
10960
10962
10963
10967
10968
10969
10971
10972
10973
10976
10977
10978
10981
10983
10984
10985
10987
10988
10989
10990
10991
10994
10996
10998
11000
11001
11002
11003
11005
11006
11007
11008
11009
11011
11012
11013
11020
11021
11023
11024
11027
11031
11038
11041
11042
11045
11046
11048
11049
11050
11052
11057
11059
11061
11062
11063
11064
11065
11066
11068
11070
11072
11073
11074
11075
11078
11080
11083
11085
11086
11089
11090
11093
11094
11097
11099
11100
11102
11103
11104
11105
11106
11108
11110
11111
11115
11116
11119
11120
11121
11122
11124
11126
11127
11129
11131
11133
11134
11136
11139
11140
11151
11154
11186
11195
11196
11200
11204
11208
11215
11221
11223
11224
11226
11227
11240
11241
11244
11248
11250
11251
11258
11260
11267
11268
11269
11272
11274
11275
11278
11280
11284
11286
11287
11293
11298
11300
11301
11303
11304
11314
11321
11324
11331
11348
11374
11382
11389
11392
11400
11414
11419
11440
11442
11446
11457
11468
11472
11473
11480
11482
11491
11503
11512
11522
11528
11534
11553
11554
11560
11569
11576
11577
11579
11585
11593
11600
11604
11608
11609
11611
11628
11629
11659
11662
11663
11704
11707
11710
11714
11719
11732
11739
11744
11765
11769
11771
11775
11777
11781
11791
11818
11822
11823
11825
11826
11827
11828
11829
11830
11831
11832
11833
11834
11835
11836
11838
11839
11840
11841
11842
11843
11844
11845
11846
11847
11850
11851
11852
11853
11854
11855
11856
11857
11858
11859
11861
11862
11864
11865
11866
11867
11868
11869
11870
11871
11872
11873
11875
11876
11878
11879
11880
11881
11882
11883
11884
11885
11886
11888
11889
11890
11891
11894
11896
11897
11898
11899
11900
11901
11902
11906
11908
11909
11910
11911
11913
11915
11916
11917
11918
11919
11921
11923
11924
11925
11926
11929
11931
11933
11934
11935
11936
11937
11938
11939
11940
11941
11942
11945
11948
11949
11952
11953
11954
11955
11958
11959
11961
11962
11963
11965
11966
11968
11972
11973
11974
11975
11977
11978
11979
11981
11983
11984
11987
11991
11993
11998
12000
12003
12005
12008
12010
12011
12013
12014
12015
12017
12019
12023
12024
12025
12026
12028
12032
12034
12035
12036
12037
12038
12041
12043
12046
12047
12048
12049
12051
12052
12053
12058
12059
12061
12063
12065
12067
12068
12069
12070
12072
12074
12076
12081
12082
12083
12084
12085
12086
12092
12093
12097
12098
12099
12100
12101
12102
12104
12107
12108
12111
12113
12114
12115
12116
12117
12121
12123
12124
12126
12127
12129
12130
12131
12132
12133
12134
12136
12141
12142
12143
12144
12145
12149
12151
12152
12155
12158
12163
12166
12167
12171
12172
12174
12179
12182
12186
12187
12188
12192
12195
12198
12200
12203
12204
12207
12208
12209
12210
12212
12213
12217
12218
12220
12221
12223
12224
12225
12226
12227
12228
12229
12230
12231
12236
12238
12239
12241
12242
12244
12245
12247
12252
12253
12255
12258
12260
12263
12265
12266
12267
12269
12271
12273
12276
12279
12281
12284
12287
12290
12292
12294
12297
12298
12299
12300
12301
12302
12303
12304
12305
12306
12307
12313
12314
12316
12317
12319
12320
12325
12326
12330
12331
12334
12337
12341
12342
12343
12345
12347
12348
12349
12351
12352
12353
12357
12358
12359
12364
12365
12366
12372
12373
12374
12375
12376
12377
12378
12379
12380
12381
12382
12383
12384
12387
12394
12395
12399
12400
12402
12403
12404
12405
12408
12409
12414
12415
12417
12418
12419
12421
12423
12428
12429
12431
12434
12436
12437
12438
12439
12440
12441
12442
12443
12444
12446
12449
12455
12458
12459
12461
12465
12466
12467
12468
12469
12470
12471
12472
12474
12475
12476
12477
12480
12482
12488
12490
12494
12497
12499
12500
12501
12505
12506
12508
12509
12510
12511
12514
12515
12516
12517
12518
12519
12522
12524
12528
12532
12534
12538
12540
12541
12546
12547
12548
12553
12558
12562
12565
12566
12570
12572
12577
12578
12583
12585
12586
12587
12588
12592
12597
12600
12608
12620
12624
12628
12629
12630
12631
12634
12636
12637
12639
12645
12646
12648
12649
12653
12654
12655
12656
12659
12661
12662
12665
12666
12667
12670
12671
12672
12675
12676
12677
12678
12680
12682
12683
12685
12690
12696
12697
12698
12701
12703
12704
12706
12709
12711
12712
12714
12715
12716
12719
12721
12722
12725
12726
12727
12728
12735
12736
12738
12739
12741
12744
12746
12748
12749
12751
12753
12757
12759
12761
12765
12766
12775
12779
12782
12783
12784
12790
12793
12796
12798
12801
12803
12804
12805
12807
12812
12815
12817
12819
12820
12823
12824
12828
12835
12839
12840
12842
12851
12854
12858
12859
12862
12863
12864
12865
12867
12871
12877
12879
12883
12885
12887
12888
12889
12890
12895
12899
12902
12904
12907
12908
12910
12912
12914
12922
12929
12930
12931
12933
12937
12941
12946
12947
12948
12951
12953
12954
12955
12961
12965
12971
12979
12983
12984
12987
12990
12994
13000
13003
13004
13008
13009
13014
13015
13018
13028
13030
13036
13039
13041
13042
13044
13047
13050
13052
13058
13064
13082
13086
13092
13093
13096
13097
13098
13099
13100
13103
13106
13108
13109
13113
13117
13121
13129
13134
13135
13137
13142
13144
13146
13151
13152
13154
13156
13157
13163
13165
13168
13170
13171
13180
13184
13187
13189
13191
13193
13199
13205
13216
13220
13221
13222
13224
13226
13228
13231
13235
13238
13244
13249
13250
13254
13255
13258
13261
13267
13270
13275
13278
13280
13281
13290
13292
13294
13305
13308
13310
13312
13316
13318
13324
13325
13329
13330
13333
13334
13341
13343
13344
13349
13353
13366
13371
13381
13384
13387
13394
13400
13401
13404
13407
13408
13411
13424
13426
13429
13431
13432
13437
13444
13445
13459
13461
13462
13468
13483
13484
13488
13492
13493
13498
13523
13524
13529
13530
13531
13533
13535
13536
13537
13538
13539
13543
13550
13557
13560
13565
13570
13571
13572
13574
13575
13577
13578
13580
13581
13583
13584
13585
13586
13589
13592
13593
13598
13599
13601
13605
13614
13618
13619
13625
13627
13628
13629
13630
13631
13632
13635
13636
13637
13641
13642
13643
13645
13646
13647
13648
13652
13653
13654
13655
13656
13657
13660
13661
13663
13664
13666
13667
13668
13670
13671
13672
13673
13674
13675
13676
13677
13678
13679
13680
13683
13684
13685
13687
13688
13689
13690
13691
13692
13695
13696
13697
13699
13700
13701
13702
13703
13704
13705
13706
13707
13708
13710
13711
13712
13713
13715
13716
13717
13719
13720
13721
13722
13723
13724
13725
13726
13728
13730
13731
13732
13733
13734
13735
13736
13737
13738
13739
13740
13741
13742
13743
13744
13746
13747
13749
13752
13754
13756
13757
13758
13759
13760
13762
13764
13765
13767
13768
13769
13770
13771
13772
13775
13776
13777
13779
13781
13782
13783
13785
13786
13787
13788
13789
13790
13793
13794
13795
13796
13797
13798
13800
13801
13802
13805
13806
13809
13810
13811
13814
13817
13818
13819
13820
13821
13823
13824
13825
13826
13827
13828
13830
13831
13833
13834
13835
13837
13840
13842
13843
13845
13846
13847
13848
13849
13851
13852
13853
13854
13857
13858
13859
13860
13861
13862
13863
13864
13865
13866
13867
13868
13869
13870
13871
13873
13877
13878
13879
13880
13882
13883
13884
13885
13890
13893
13895
13896
13898
13900
13901
13902
13903
13904
13905
13906
13907
13908
13909
13911
13912
13915
13916
13918
13923
13926
13930
13931
13932
13933
13934
13935
13937
13938
13939
13942
13945
13946
13947
13954
13955
13957
13958
13961
13963
13964
13966
13968
13970
13971
13983
13984
13986
13987
13989
13990
13991
13994
13995
13996
13997
14000
14002
14005
14006
14008
14009
14012
14013
14015
14019
14021
14024
14025
14026
14028
14030
14031
14032
14033
14036
14037
14039
14040
14042
14046
14048
14049
14051
14052
14054
14055
14057
14059
14060
14061
14062
14063
14066
14067
14070
14071
14072
14073
14075
14077
14079
14080
14083
14084
14085
14086
14087
14089
14091
14092
14093
14094
14096
14098
14099
14101
14104
14108
14111
14115
14116
14117
14122
14123
14126
14128
14130
14131
14132
14133
14135
14138
14141
14142
14143
14144
14145
14148
14150
14153
14154
14157
14158
14159
14160
14161
14164
14165
14167
14172
14175
14178
14180
14182
14184
14185
14186
14187
14190
14191
14202
14203
14205
14206
14207
14209
14210
14214
14215
14216
14217
14218
14222
14225
14226
14229
14230
14234
14236
14241
14243
14244
14250
14252
14256
14258
14262
14265
14268
14269
14270
14273
14276
14280
14287
14288
14291
14292
14296
14297
14298
14305
14309
14310
14313
14319
14320
14325
14328
14329
14332
14333
14337
14338
14340
14342
14346
14350
14351
14352
14355
14356
14361
14362
14363
14364
14365
14367
14371
14372
14374
14378
14382
14385
14387
14393
14394
14395
14400
14401
14403
14404
14405
14406
14407
14408
14410
14413
14414
14417
14418
14420
14424
14427
14428
14430
14432
14433
14436
14437
14438
14439
14441
14443
14444
14446
14448
14450
14451
14453
14457
14460
14463
14467
14468
14470
14471
14473
14481
14482
14485
14488
14491
14493
14499
14501
14502
14506
14507
14512
14513
14515
14517
14518
14520
14521
14523
14524
14526
14527
14531
14533
14534
14535
14536
14537
14538
14540
14545
14547
14554
14555
14556
14558
14560
14563
14564
14566
14567
14568
14570
14572
14575
14576
14578
14580
14581
14590
14592
14593
14596
14599
14601
14602
14605
14606
14608
14609
14610
14612
14613
14615
14616
14619
14622
14623
14624
14626
14632
14633
14638
14639
14640
14642
14644
14648
14650
14656
14659
14661
14662
14663
14671
14673
14674
14676
14677
14678
14679
14680
14681
14682
14685
14686
14687
14690
14691
14694
14695
14697
14699
14700
14701
14703
14706
14707
14709
14710
14711
14712
14713
14715
14716
14717
14720
14723
14724
14726
14730
14731
14732
14734
14735
14739
14742
14743
14747
14748
14752
14754
14756
14758
14760
14764
14765
14771
14773
14775
14779
14780
14782
14784
14785
14786
14789
14792
14795
14796
14799
14800
14802
14803
14807
14808
14811
14812
14816
14817
14818
14819
14821
14823
14824
14829
14830
14832
14833
14836
14838
14840
14841
14847
14850
14854
14862
14869
14875
14882
14888
14892
14897
14923
14935
14944
14946
14947
14953
14962
14970
14972
14973
14978
14981
15001
15012
15014
15015
15032
15033
15072
15079
15128
15139
15140
15152
15159
15192
15196
15202
15205
15211
15226
15268
15273
15281
15299
15307
15323
15326
15344
15346
15355
15359
15364
15395
15400
15408
15411
15433
15436
15443
15444
15472
15505
15506
15530
15539
15540
15541
15542
15543
15545
15546
15547
15549
15550
15551
15552
15554
15555
15556
15557
15558
15561
15563
15564
15565
15566
15567
15568
15569
15570
15571
15572
15573
15574
15575
15576
15577
15578
15580
15581
15583
15584
15585
15586
15588
15590
15591
15592
15593
15594
15596
15597
15598
15600
15602
15603
15604
15605
15607
15609
15612
15613
15614
15615
15616
15618
15620
15621
15623
15624
15625
15626
15628
15629
15634
15635
15636
15637
15638
15640
15642
15644
15645
15647
15648
15651
15652
15653
15654
15655
15656
15657
15658
15659
15660
15661
15662
15663
15664
15667
15668
15669
15670
15671
15672
15673
15674
15675
15677
15679
15680
15681
15682
15683
15688
15689
15691
15693
15698
15700
15702
15706
15707
15714
15715
15716
15717
15718
15719
15720
15721
15725
15728
15729
15731
15737
15739
15740
15742
15744
15750
15752
15753
15754
15758
15760
15762
15763
15765
15774
15775
15778
15783
15784
15788
15789
15795
15799
15806
15811
15812
15814
15821
15822
15830
15833
15834
15835
15839
15840
15841
15843
15845
15846
15847
15849
15850
15851
15852
15856
15858
15859
15860
15863
15864
15865
15867
15868
15869
15870
15874
15882
15883
15884
15888
15891
15896
15897
15899
15901
15904
15907
15908
15912
15917
15923
15925
15927
15929
15930
15931
15932
15934
15935
15939
15940
15943
15944
15948
15949
15951
15953
15955
15956
15958
15961
15963
15965
15966
15967
15968
15969
15970
15977
15979
15988
15989
15991
15992
15993
15999
16003
16005
16006
16007
16008
16009
16012
16014
16015
16017
16018
16030
16031
16034
16038
16041
16047
16048
16049
16051
16053
16054
16055
16063
16066
16068
16071
16073
16075
16076
16077
16079
16084
16085
16090
16091
16094
16097
16101
16105
16106
16108
16109
16113
16115
16116
16117
16118
16121
16122
16132
16143
16156
16161
16164
16166
16167
16172
16175
16177
16179
16180
16181
16182
16186
16192
16193
16196
16197
16199
16204
16207
16211
16214
16215
16217
16219
16220
16225
16231
16233
16234
16239
16240
16241
16242
16243
16247
16248
16249
16252
16254
16256
16257
16258
16262
16271
16272
16280
16284
16288
16295
16297
16301
16302
16305
16307
16308
16311
16316
16317
16322
16329
16333
16334
16337
16338
16343
16344
16345
16350
16354
16364
16365
16368
16369
16373
16375
16380
16385
16388
16389
16391
16392
16393
16395
16407
16408
16409
16411
16412
16415
16418
16423
16426
16428
16433
16435
16436
16438
16442
16446
16451
16454
16455
16459
16463
16465
16467
16471
16472
16474
16475
16476
16481
16489
16494
16496
16497
16498
16507
16510
16518
16523
16527
16529
16530
16538
16542
16543
16546
16548
16556
16562
16566
16577
16582
16585
16589
16593
16603
16606
16607
16609
16615
16619
16622
16623
16627
16641
16642
16645
16649
16652
16665
16668
16671
16677
16681
16687
16695
16700
16701
16705
16710
16718
16736
16744
16749
16751
16753
16758
16760
16766
16768
16770
16774
16790
16793
16804
16811
16812
16814
16817
16822
16824
16827
16829
16834
16837
16846
16863
16871
16872
16881
16882
16902
16903
16919
16925
16938
16941
16944
16945
16958
16964
16967
16968
16969
16972
16979
16981
16982
16983
16991
16995
16997
17005
17006
17009
17013
17017
17024
17025
17027
17030
17035
17045
17053
17059
17064
17067
17076
17084
17085
17090
17094
17100
17103
17114
17123
17127
17138
17144
17145
17147
17150
17158
17167
17171
17173
17180
17185
17187
17190
17197
17200
17202
17207
17212
17213
17217
17239
17240
17243
17244
17247
17249
17250
17253
17257
17259
17262
17267
17271
17274
17277
17278
17279
17281
17284
17285
17286
17288
17289
17290
17291
17292
17294
17295
17297
17299
17300
17301
17304
17306
17307
17309
17311
17317
17318
17319
17322
17323
17330
17333
17334
17336
17337
17342
17343
17346
17347
17349
17350
17351
17352
17355
17357
17359
17360
17361
17365
17366
17367
17368
17369
17370
17371
17372
17374
17375
17376
17379
17380
17381
17382
17383
17385
17386
17387
17388
17390
17391
17392
17393
17394
17396
17397
17398
17399
17400
17403
17406
17407
17408
17409
17412
17414
17415
17417
17418
17419
17421
17422
17423
17424
17425
17426
17427
17428
17429
17430
17431
17433
17437
17438
17439
17442
17446
17449
17450
17451
17452
17454
17457
17458
17460
17461
17463
17464
17465
17466
17468
17470
17471
17472
17473
17475
17476
17478
17479
17481
17482
17483
17485
17486
17487
17488
17489
17491
17492
17494
17495
17496
17497
17499
17502
17504
17507
17508
17509
17510
17511
17512
17515
17516
17517
17521
17522
17523
17524
17526
17528
17531
17533
17534
17535
17537
17538
17539
17541
17542
17543
17545
17546
17549
17550
17551
17553
17555
17556
17557
17558
17559
17560
17562
17563
17567
17568
17570
17571
17572
17573
17574
17575
17576
17578
17582
17585
17587
17589
17594
17595
17596
17600
17602
17603
17604
17605
17607
17609
17611
17614
17615
17617
17618
17619
17621
17627
17629
17633
17636
17637
17640
17643
17645
17646
17648
17653
17655
17656
17658
17659
17661
17662
17665
17666
17670
17671
17672
17673
17674
17677
17681
17682
17685
17686
17687
17688
17690
17692
17698
17700
17701
17703
17704
17705
17708
17710
17711
17718
17724
17726
17727
17728
17729
17731
17734
17737
17738
17740
17744
17746
17747
17748
17751
17753
17754
17755
17757
17758
17759
17760
17762
17763
17764
17765
17767
17768
17769
17771
17773
17774
17775
17776
17779
17784
17786
17790
17791
17793
17795
17798
17804
17805
17807
17808
17809
17810
17812
17814
17816
17818
17821
17825
17829
17836
17837
17840
17842
17845
17846
17848
17849
17850
17854
17859
17860
17861
17863
17867
17870
17871
17873
17874
17875
17876
17878
17879
17881
17885
17886
17888
17889
17893
17894
17896
17898
17900
17901
17903
17904
17905
17906
17909
17911
17913
17916
17917
17919
17920
17922
17923
17924
17927
17929
17932
17934
17936
17939
17941
17943
17950
17951
17952
17955
17956
17957
17960
17964
17967
17970
17975
17976
17979
17982
17983
17984
17987
17990
17994
17996
18000
18004
18006
18010
18012
18013
18015
18018
18021
18023
18024
18025
18027
18028
18031
18032
18033
18034
18035
18036
18041
18042
18047
18048
18049
18051
18054
18057
18071
18075
18076
18078
18081
18086
18088
18092
18094
18095
18096
18099
18101
18104
18109
18110
18112
18113
18117
18120
18121
18122
18124
18126
18130
18132
18134
18138
18139
18143
18144
18147
18149
18151
18153
18154
18155
18157
18158
18161
18162
18164
18166
18167
18169
18171
18173
18174
18175
18181
18184
18185
18187
18188
18193
18195
18196
18199
18203
18205
18207
18210
18213
18214
18219
18220
18221
18225
18226
18227
18230
18236
18237
18238
18241
18242
18243
18244
18245
18252
18254
18260
18262
18267
18268
18269
18272
18274
18275
18277
18278
18279
18281
18282
18283
18284
18285
18286
18290
18292
18295
18300
18306
18307
18313
18315
18319
18320
18321
18322
18323
18324
18328
18329
18333
18337
18339
18340
18342
18344
18346
18348
18349
18357
18358
18361
18362
18364
18365
18366
18368
18373
18375
18377
18386
18388
18390
18391
18395
18396
18398
18399
18400
18401
18404
18405
18408
18409
18412
18414
18416
18417
18418
18419
18420
18424
18426
18428
18429
18430
18433
18434
18437
18444
18445
18448
18452
18453
18456
18457
18458
18460
18461
18462
18466
18470
18473
18474
18475
18476
18477
18478
18479
18481
18483
18484
18485
18488
18489
18490
18491
18493
18494
18495
18496
18497
18498
18499
18500
18503
18505
18506
18507
18509
18513
18514
18516
18517
18521
18522
18525
18526
18527
18529
18530
18531
18532
18533
18535
18538
18543
18544
18545
18547
18548
18549
18550
18552
18553
18554
18555
18556
18558
18559
18561
18562
18563
18564
18565
18567
18570
18571
18573
18574
18575
18576
18592
18593
18594
18598
18607
18619
18632
18636
18640
18645
18654
18656
18658
18661
18666
18670
18672
18677
18681
18683
18686
18687
18695
18696
18701
18703
18707
18711
18714
18715
18721
18722
18725
18732
18733
18736
18751
18753
18755
18775
18777
18796
18803
18815
18822
18825
18828
18831
18861
18873
18875
18889
18901
18916
18928
18935
18944
18947
18950
18958
18994
18995
19024
19032
19065
19072
19089
19104
19125
19141
19150
19152
19153
19168
19197
19203
19206
19208
19209
19213
19238
19245
19248
19249
19250
19251
19253
19254
19255
19257
19258
19260
19261
19262
19263
19264
19265
19266
19267
19268
19269
19272
19273
19274
19275
19276
19277
19278
19280
19281
19282
19283
19284
19285
19287
19288
19290
19292
19294
19295
19296
19297
19299
19300
19301
19304
19305
19306
19308
19310
19311
19312
19316
19317
19320
19322
19327
19328
19329
19330
19331
19335
19336
19337
19339
19340
19341
19343
19345
19346
19348
19349
19353
19356
19357
19358
19359
19362
19364
19365
19366
19370
19371
19373
19374
19375
19376
19377
19379
19381
19382
19383
19386
19388
19390
19394
19400
19402
19403
19404
19405
19406
19407
19409
19410
19412
19414
19419
19420
19421
19426
19427
19428
19430
19431
19432
19433
19434
19435
19441
19443
19445
19446
19449
19450
19451
19453
19456
19457
19460
19462
19463
19464
19467
19468
19469
19471
19476
19480
19482
19486
19487
19489
19491
19492
19493
19498
19502
19504
19505
19506
19515
19519
19527
19528
19529
19530
19532
19536
19537
19539
19541
19542
19544
19545
19547
19551
19552
19555
19556
19557
19559
19561
19562
19563
19564
19565
19566
19567
19569
19570
19571
19573
19576
19577
19578
19579
19580
19589
19591
19599
19601
19606
19608
19609
19610
19614
19615
19616
19618
19622
19623
19625
19629
19630
19631
19632
19634
19635
19636
19637
19643
19644
19648
19649
19653
19655
19656
19658
19663
19664
19666
19667
19668
19671
19672
19674
19681
19683
19686
19691
19693
19695
19700
19701
19704
19705
19708
19709
19710
19712
19716
19718
19719
19723
19724
19726
19727
19730
19732
19733
19735
19737
19739
19740
19742
19744
19745
19747
19748
19752
19757
19767
19769
19770
19772
19777
19779
19781
19783
19790
19791
19798
19799
19801
19802
19803
19804
19806
19807
19811
19812
19817
19822
19823
19828
19829
19830
19831
19832
19834
19842
19843
19847
19848
19851
19852
19856
19859
19863
19864
19865
19866
19869
19870
19871
19879
19882
19883
19884
19891
19893
19894
19896
19897
19899
19900
19901
19902
19903
19904
19905
19908
19919
19920
19922
19925
19927
19928
19929
19934
19935
19939
19941
19942
19945
19947
19950
19951
19956
19961
19967
19969
19970
19972
19975
19981
19982
19986
19987
19993
19994
19998
19999
20002
20004
20005
20006
20009
20011
20012
20013
20016
20018
20019
20020
20023
20024
20025
20026
20027
20028
20029
20031
20032
20033
20039
20045
20048
20049
20052
20057
20058
20059
20062
20064
20068
20072
20074
20075
20076
20081
20082
20086
20090
20094
20097
20103
20106
20108
20109
20110
20111
20112
20120
20123
20126
20130
20131
20132
20133
20134
20137
20142
20143
20146
20147
20150
20155
20156
20158
20163
20164
20165
20169
20174
20176
20178
20180
20189
20190
20191
20193
20196
20198
20199
20205
20207
20210
20211
20212
20214
20215
20219
20221
20222
20229
20232
20236
20238
20243
20245
20247
20252
20253
20255
20257
20260
20263
20265
20268
20272
20276
20279
20281
20283
20286
20288
20290
20292
20293
20296
20298
20299
20312
20313
20314
20315
20317
20318
20322
20327
20331
20335
20336
20337
20338
20346
20348
20353
20354
20355
20356
20357
20359
20361
20362
20364
20368
20377
20379
20380
20381
20382
20391
20393
20400
20412
20422
20424
20431
20438
20442
20446
20448
20452
20455
20456
20457
20458
20459
20460
20461
20462
20469
20470
20474
20475
20478
20479
20483
20486
20488
20493
20495
20500
20503
20505
20507
20509
20518
20521
20522
20524
20525
20526
20527
20530
20531
20533
20536
20541
20542
20543
20545
20548
20551
20553
20554
20557
20563
20565
20570
20573
20579
20586
20587
20588
20591
20593
20597
20599
20600
20602
20603
20605
20611
20612
20613
20617
20619
20625
20627
20628
20633
20634
20636
20637
20642
20643
20649
20653
20656
20658
20659
20663
20672
20676
20677
20678
20682
20683
20684
20693
20695
20703
20707
20711
20717
20719
20726
20733
20736
20740
20741
20742
20753
20754
20755
20758
20761
20765
20768
20772
20776
20777
20786
20788
20790
20794
20799
20804
20808
20809
20811
20814
20816
20817
20818
20819
20823
20845
20847
20851
20852
20854
20856
20863
20864
20865
20866
20870
20872
20874
20877
20881
20886
20887
20889
20895
20901
20905
20907
20916
20919
20921
20922
20926
20927
20929
20932
20933
20934
20938
20940
20945
20947
20951
20952
20953
20957
20959
20960
20961
20964
20965
20967
20971
20976
20978
20979
20980
20982
20983
20985
20987
20988
20989
20990
20991
20992
20999
21002
21005
21006
21009
21011
21013
21014
21017
21024
21025
21027
21032
21034
21037
21045
21048
21049
21051
21056
21057
21058
21059
21060
21061
21062
21063
21064
21065
21069
21071
21072
21073
21075
21076
21079
21080
21081
21082
21083
21085
21088
21089
21090
21093
21094
21095
21096
21097
21098
21099
21100
21101
21102
21103
21105
21106
21107
21108
21110
21111
21112
21113
21114
21115
21116
21117
21118
21119
21120
21121
21122
21124
21127
21128
21130
21131
21132
21133
21134
21136
21138
21139
21140
21141
21142
21143
21144
21145
21146
21147
21149
21150
21151
21152
21154
21155
21156
21157
21158
21160
21161
21164
21165
21166
21167
21168
21169
21171
21172
21174
21175
21177
21180
21181
21182
21183
21184
21186
21187
21188
21189
21190
21191
21193
21194
21196
21197
21199
21201
21202
21203
21204
21205
21206
21207
21212
21213
21214
21217
21218
21220
21221
21222
21223
21224
21225
21226
21227
21228
21229
21230
21231
21233
21234
21236
21237
21238
21239
21240
21241
21242
21244
21245
21246
21247
21248
21249
21251
21252
21253
21255
21256
21259
21262
21266
21267
21268
21270
21271
21272
21273
21276
21278
21279
21280
21281
21283
21286
21287
21288
21290
21291
21293
21294
21297
21298
21299
21300
21301
21302
21304
21305
21306
21309
21310
21313
21314
21316
21317
21319
21325
21327
21328
21329
21330
21332
21335
21338
21339
21340
21342
21343
21344
21346
21348
21349
21354
21359
21364
21365
21367
21368
21369
21370
21372
21374
21377
21382
21383
21384
21387
21388
21391
21392
21396
21399
21400
21402
21403
21404
21406
21407
21408
21410
21411
21412
21415
21416
21417
21418
21419
21420
21422
21423
21424
21425
21431
21436
21437
21438
21440
21441
21443
21446
21447
21449
21452
21454
21455
21456
21457
21458
21460
21461
21464
21466
21467
21468
21471
21474
21475
21476
21477
21479
21480
21481
21483
21485
21486
21487
21488
21489
21493
21495
21497
21498
21499
21500
21501
21503
21506
21507
21508
21511
21513
21515
21517
21518
21519
21520
21521
21524
21527
21528
21529
21530
21532
21533
21535
21536
21539
21540
21544
21547
21551
21553
21556
21558
21559
21560
21562
21564
21565
21568
21569
21570
21571
21572
21573
21574
21575
21580
21581
21582
21586
21587
21589
21592
21593
21595
21599
21603
21605
21606
21607
21608
21610
21612
21614
21615
21617
21618
21619
21623
21625
21626
21630
21631
21633
21635
21636
21637
21638
21639
21644
21646
21647
21648
21650
21653
21655
21657
21659
21660
21664
21676
21677
21680
21681
21683
21685
21689
21690
21693
21696
21697
21698
21700
21701
21704
21708
21715
21716
21717
21719
21720
21721
21724
21726
21727
21732
21734
21735
21737
21739
21740
21744
21749
21751
21752
21754
21755
21757
21762
21765
21767
21769
21770
21774
21776
21779
21781
21782
21783
21784
21788
21789
21790
21793
21798
21800
21804
21810
21815
21818
21823
21824
21828
21829
21831
21835
21836
21846
21847
21848
21850
21852
21855
21857
21860
21861
21862
21863
21864
21865
21867
21869
21871
21874
21881
21882
21887
21888
21890
21891
21892
21893
21896
21898
21899
21901
21903
21904
21909
21910
21911
21913
21914
21915
21917
21918
21921
21927
21929
21930
21932
21934
21936
21940
21945
21946
21948
21949
21950
21951
21952
21953
21954
21955
21957
21959
21962
21964
21965
21967
21972
21973
21976
21982
21983
21984
21986
21987
21988
21991
21992
21994
21995
21996
21998
21999
22001
22003
22004
22005
22006
22008
22010
22015
22016
22020
22021
22027
22029
22031
22033
22034
22035
22036
22037
22040
22042
22043
22044
22047
22051
22052
22053
22055
22056
22057
22061
22062
22064
22065
22066
22067
22073
22074
22076
22079
22080
22082
22085
22086
22088
22089
22090
22091
22092
22093
22097
22099
22101
22103
22104
22105
22107
22109
22110
22113
22114
22118
22119
22122
22123
22126
22127
22128
22129
22130
22131
22132
22134
22135
22136
22138
22139
22140
22144
22146
22148
22150
22151
22153
22155
22159
22160
22161
22164
22166
22167
22168
22170
22171
22172
22174
22175
22180
22182
22183
22187
22188
22189
22192
22193
22195
22197
22199
22200
22201
22202
22204
22205
22207
22209
22210
22212
22213
22214
22215
22217
22219
22220
22222
22223
22224
22225
22228
22229
22230
22231
22237
22239
22240
22241
22242
22243
22244
22245
22246
22247
22249
22250
22252
22254
22255
22257
22258
22261
22263
22264
22266
22267
22270
22272
22273
22275
22276
22278
22281
22282
22283
22284
22287
22289
22302
22304
22315
22321
22326
22327
22336
22364
22381
22384
22393
22396
22400
22410
22411
22412
22415
22419
22420
22429
22435
22442
22445
22474
22476
22490
22500
22516
22556
22608
22611
22618
22624
22657
22660
22664
22669
22685
22723
22727
22737
22739
22750
22751
22754
22764
22766
22769
22774
22775
22803
22818
22819
22862
22867
22872
22943
22949
22958
22961
22964
22965
22966
22967
22968
22969
22970
22971
22972
22973
22974
22975
22976
22977
22978
22980
22983
22984
22985
22986
22987
22988
22989
22992
22993
22995
22997
22998
22999
23000
23003
23004
23005
23006
23008
23009
23011
23012
23014
23015
23016
23017
23018
23019
23020
23021
23022
23025
23027
23029
23030
23031
23032
23035
23036
23037
23040
23042
23043
23044
23045
23046
23047
23050
23051
23053
23057
23062
23063
23065
23066
23067
23069
23071
23072
23075
23076
23079
23080
23082
23084
23085
23087
23088
23093
23095
23096
23097
23102
23103
23105
23108
23114
23117
23120
23121
23122
23125
23126
23128
23129
23130
23133
23134
23142
23145
23146
23149
23150
23151
23155
23157
23159
23160
23162
23164
23167
23174
23176
23182
23183
23184
23185
23187
23188
23189
23191
23193
23194
23199
23203
23207
23208
23217
23218
23222
23224
23225
23233
23238
23239
23240
23241
23242
23244
23249
23250
23253
23256
23257
23258
23260
23261
23262
23263
23266
23268
23269
23270
23271
23273
23278
23280
23283
23286
23288
23289
23293
23294
23296
23298
23300
23301
23302
23303
23305
23307
23310
23311
23314
23316
23322
23328
23329
23332
23334
23336
23338
23339
23343
23353
23355
23356
23357
23359
23363
23364
23367
23375
23376
23377
23379
23380
23382
23386
23388
23389
23390
23391
23393
23394
23395
23396
23397
23398
23399
23404
23407
23409
23412
23418
23419
23422
23425
23426
23427
23432
23434
23436
23439
23440
23441
23443
23444
23445
23446
23448
23449
23457
23458
23461
23462
23464
23468
23469
23471
23484
23489
23491
23493
23498
23501
23505
23506
23507
23510
23518
23520
23523
23525
23528
23530
23535
23536
23541
23542
23545
23547
23550
23552
23556
23557
23558
23563
23573
23574
23576
23578
23579
23580
23581
23582
23583
23584
23590
23591
23595
23598
23604
23605
23607
23608
23609
23610
23611
23614
23616
23619
23622
23625
23636
23642
23643
23648
23649
23652
23653
23657
23660
23662
23664
23670
23671
23675
23679
23682
23683
23684
23690
23692
23699
23711
23714
23717
23720
23722
23723
23725
23729
23730
23732
23733
23734
23740
23741
23742
23745
23751
23752
23753
23754
23756
23757
23760
23761
23762
23766
23770
23771
23772
23773
23774
23778
23782
23784
23789
23797
23804
23806
23808
23815
23816
23817
23819
23820
23823
23831
23833
23839
23843
23845
23848
23850
23852
23853
23855
23856
23858
23860
23862
23863
23864
23873
23874
23875
23876
23877
23880
23883
23887
23888
23891
23893
23895
23897
23913
23917
23918
23921
23924
23925
23926
23945
23954
23955
23956
23957
23963
23966
23970
23974
23976
23978
23980
23987
23991
23993
23995
23999
24007
24009
24012
24019
24020
24021
24031
24032
24038
24046
24051
24052
24057
24066
24067
24069
24074
24076
24079
24093
24097
24101
24103
24125
24128
24132
24146
24152
24166
24170
24172
24174
24175
24180
24188
24189
24190
24192
24200
24202
24208
24213
24217
24218
24219
24221
24226
24230
24234
24235
24236
24239
24242
24247
24255
24257
24258
24262
24264
24277
24281
24296
24297
24301
24305
24313
24317
24318
24323
24331
24334
24338
24342
24347
24350
24358
24362
24373
24381
24382
24386
24396
24397
24400
24411
24412
24413
24417
24434
24440
24450
24452
24453
24454
24469
24470
24485
24494
24495
24502
24507
24513
24523
24525
24529
24532
24533
24536
24540
24542
24553
24568
24570
24587
24591
24595
24601
24607
24609
24612
24613
24614
24625
24629
24631
24636
24653
24660
24661
24664
24666
24668
24670
24671
24672
24674
24675
24676
24677
24678
24685
24687
24689
24690
24691
24694
24695
24696
24697
24698
24699
24701
24702
24706
24707
24712
24713
24714
24716
24719
24720
24721
24722
24726
24727
24728
24735
24736
24737
24738
24740
24741
24745
24746
24747
24748
24749
24753
24756
24761
24762
24764
24765
24766
24767
24770
24771
24772
24773
24775
24778
24779
24780
24781
24783
24785
24788
24789
24790
24793
24794
24795
24796
24798
24799
24800
24801
24802
24803
24804
24805
24806
24810
24811
24812
24813
24814
24815
24816
24818
24819
24821
24822
24824
24826
24827
24828
24829
24830
24831
24832
24834
24835
24836
24837
24838
24839
24841
24842
24844
24846
24847
24848
24850
24852
24853
24854
24855
24857
24858
24859
24860
24861
24862
24863
24865
24867
24868
24870
24872
24873
24874
24875
24876
24878
24880
24881
24882
24883
24884
24885
24886
24888
24889
24890
24891
24892
24894
24895
24896
24898
24899
24903
24904
24905
24907
24908
24910
24912
24914
24915
24917
24920
24921
24923
24925
24928
24932
24936
24937
24938
24939
24940
24943
24944
24945
24948
24949
24950
24951
24952
24953
24954
24955
24956
24958
24959
24960
24961
24962
24963
24964
24965
24966
24967
24969
24970
24971
24972
24973
24974
24975
24976
24977
24978
24979
24980
24981
24982
24984
24985
24986
24987
24988
24989
24990
24992
24994
24995
25000
25001
25002
25004
25005
25006
25007
25008
25009
25011
25012
25013
25014
25017
25018
25020
25021
25022
25023
25024
25028
25031
25033
25037
25041
25043
25044
25046
25048
25049
25055
25057
25060
25061
25062
25063
25068
25070
25072
25074
25075
25076
25077
25080
25081
25084
25086
25089
25090
25099
25100
25102
25105
25108
25109
25110
25112
25113
25114
25116
25120
25121
25126
25128
25129
25132
25133
25134
25136
25137
25138
25139
25141
25143
25145
25149
25150
25154
25155
25157
25161
25164
25166
25167
25169
25170
25171
25172
25174
25176
25180
25181
25182
25183
25185
25188
25190
25191
25192
25194
25195
25197
25199
25200
25201
25203
25205
25212
25220
25225
25226
25227
25228
25229
25230
25234
25238
25241
25243
25244
25245
25246
25248
25250
25252
25253
25254
25257
25258
25265
25266
25268
25270
25272
25273
25276
25277
25282
25286
25287
25288
25290
25292
25294
25295
25297
25300
25302
25306
25307
25310
25316
25317
25319
25321
25322
25324
25331
25332
25333
25334
25336
25339
25345
25346
25347
25351
25353
25355
25357
25361
25362
25364
25366
25367
25368
25369
25372
25373
25375
25377
25378
25379
25385
25386
25391
25392
25394
25395
25399
25403
25404
25407
25410
25411
25418
25421
25422
25427
25432
25433
25434
25435
25438
25439
25440
25441
25445
25449
25451
25453
25457
25458
25464
25475
25480
25484
25486
25488
25489
25494
25497
25498
25499
25500
25503
25504
25509
25513
25516
25518
25520
25524
25525
25527
25531
25540
25543
25548
25549
25550
25552
25555
25557
25559
25560
25562
25563
25564
25566
25570
25572
25574
25579
25581
25582
25583
25585
25586
25592
25594
25597
25601
25602
25603
25605
25608
25609
25610
25613
25614
25615
25618
25621
25623
25624
25633
25635
25636
25640
25641
25642
25644
25650
25653
25657
25664
25667
25668
25669
25672
25673
25674
25675
25682
25686
25687
25692
25696
25698
25701
25702
25705
25706
25707
25709
25710
25711
25713
25718
25719
25720
25722
25723
25727
25730
25734
25741
25743
25745
25748
25749
25750
25751
25752
25755
25757
25761
25766
25767
25770
25772
25774
25777
25778
25781
25783
25786
25794
25796
25798
25800
25801
25802
25803
25805
25807
25808
25813
25814
25815
25819
25823
25824
25826
25828
25829
25832
25833
25834
25837
25838
25839
25840
25841
25843
25844
25845
25846
25848
25849
25851
25853
25854
25858
25859
25861
25862
25864
25865
25869
25876
25877
25884
25885
25886
25888
25891
25892
25893
25896
25898
25900
25901
25903
25913
25914
25915
25918
25919
25921
25925
25926
25927
25931
25934
25937
25939
25940
25941
25942
25944
25945
25949
25950
25951
25952
25954
25957
25958
25959
25961
25964
25966
25968
25971
25972
25975
25976
25977
25978
25980
25982
25983
25984
25985
25986
25987
25989
25990
25993
25996
25997
26005
26006
26018
26019
26025
26027
26028
26035
26038
26070
26078
26086
26087
26088
26095
26114
26123
26125
26126
26131
26133
26141
26143
26157
26159
26160
26162
26164
26166
26174
26180
26183
26188
26211
26217
26219
26229
26230
26231
26243
26252
26275
26279
26286
26287
26291
26294
26301
26303
26317
26319
26321
26325
26330
26332
26354
26366
26384
26415
26440
26469
26489
26491
26496
26555
26556
26584
26590
26592
26596
26638
26662
26668
26672
26673
26674
26675
26676
26677
26679
26680
26681
26682
26683
26685
26686
26687
26688
26689
26690
26691
26694
26695
26697
26698
26699
26700
26702
26703
26704
26706
26708
26709
26710
26711
26712
26714
26715
26717
26718
26719
26720
26721
26722
26723
26725
26726
26727
26728
26729
26731
26732
26736
26738
26739
26740
26741
26742
26744
26745
26746
26747
26748
26750
26751
26755
26756
26757
26758
26759
26760
26761
26764
26766
26767
26768
26769
26770
26771
26774
26776
26777
26778
26779
26781
26782
26784
26786
26787
26794
26795
26796
26797
26798
26799
26801
26805
26809
26810
26811
26812
26813
26814
26816
26817
26818
26819
26822
26823
26825
26829
26831
26833
26835
26836
26837
26838
26840
26841
26842
26843
26844
26845
26846
26847
26851
26853
26856
26857
26858
26859
26861
26865
26866
26867
26869
26870
26871
26873
26874
26875
26878
26881
26884
26885
26886
26887
26888
26889
26890
26891
26893
26896
26897
26898
26902
26904
26905
26906
26914
26915
26917
26920
26921
26923
26924
26926
26927
26929
26930
26932
26934
26935
26936
26937
26938
26946
26950
26953
26954
26956
26957
26961
26963
26964
26965
26968
26969
26970
26972
26973
26975
26980
26983
26985
26986
26988
26989
26992
26995
26996
26997
26999
27000
27002
27003
27004
27006
27008
27009
27011
27015
27017
27021
27025
27026
27027
27030
27036
27037
27038
27039
27042
27050
27060
27064
27065
27068
27070
27071
27072
27074
27076
27080
27081
27082
27083
27084
27085
27086
27087
27090
27091
27092
27095
27097
27099
27103
27105
27106
27107
27108
27109
27111
27113
27115
27117
27120
27121
27123
27127
27129
27130
27132
27133
27134
27136
27138
27140
27141
27142
27143
27145
27146
27154
27155
27157
27158
27161
27162
27163
27170
27171
27172
27173
27175
27176
27179
27180
27182
27183
27188
27197
27202
27204
27205
27210
27211
27215
27219
27220
27221
27222
27226
27227
27228
27230
27232
27233
27234
27235
27240
27243
27245
27247
27249
27251
27253
27254
27255
27256
27257
27259
27260
27263
27264
27269
27270
27271
27274
27279
27281
27283
27284
27286
27287
27291
27292
27293
27294
27295
27297
27299
27303
27305
27308
27309
27315
27317
27319
27321
27324
27325
27328
27330
27331
27332
27333
27334
27335
27336
27343
27344
27345
27346
27347
27353
27355
27356
27357
27362
27363
27364
27366
27369
27371
27373
27374
27383
27384
27386
27389
27390
27394
27396
27398
27404
27407
27408
27409
27411
27413
27414
27415
27417
27419
27420
27421
27422
27425
27427
27428
27433
27436
27437
27439
27440
27443
27446
27447
27448
27450
27453
27454
27456
27457
27459
27460
27465
27473
27474
27475
27476
27479
27481
27483
27484
27485
27486
27487
27491
27495
27496
27497
27498
27499
27501
27502
27505
27510
27511
27513
27514
27515
27518
27521
27523
27524
27525
27527
27528
27531
27533
27534
27535
27536
27537
27538
27540
27541
27543
27544
27546
27548
27549
27552
27553
27556
27560
27562
27565
27566
27567
27570
27572
27574
27575
27576
27577
27579
27580
27582
27583
27584
27587
27591
27592
27594
27595
27597
27600
27601
27604
27607
27610
27613
27615
27618
27619
27621
27622
27633
27634
27636
27637
27640
27642
27643
27644
27645
27650
27654
27656
27657
27658
27660
27661
27663
27665
27666
27669
27677
27679
27680
27681
27688
27690
27697
27698
27702
27705
27707
27709
27713
27714
27716
27718
27721
27723
27724
27726
27727
27729
27730
27733
27734
27744
27745
27749
27751
27752
27753
27756
27757
27761
27762
27763
27764
27765
27766
27771
27780
27784
27785
27789
27791
27795
27797
27806
27807
27809
27810
27817
27820
27827
27829
27837
27841
27848
27855
27856
27858
27859
27860
27871
27876
27878
27886
27887
27888
27889
27890
27894
27895
27897
27903
27904
27905
27906
27908
27911
27912
27916
27917
27922
27928
27930
27931
27932
27944
27946
27949
27950
27953
27954
27962
27969
27970
27971
27973
27976
27989
27991
27993
27994
27995
27999
28000
28011
28013
28017
28019
28023
28031
28032
28033
28035
28036
28037
28042
28043
28045
28053
28054
28055
28058
28059
28061
28071
28077
28083
28086
28087
28095
28096
28098
28103
28104
28110
28111
28112
28113
28114
28116
28120
28123
28129
28131
28135
28137
28142
28143
28149
28154
28155
28156
28159
28160
28161
28162
28164
28165
28166
28168
28170
28172
28174
28179
28181
28183
28185
28186
28187
28192
28193
28196
28197
28199
28200
28201
28227
28230
28237
28239
28242
28243
28247
28248
28252
28253
28258
28259
28267
28272
28280
28281
28282
28284
28287
28292
28293
28296
28300
28309
28315
28317
28323
28325
28339
28344
28346
28348
28349
28351
28352
28354
28355
28359
28360
28365
28366
28371
28373
28374
28379
28380
28381
28382
28385
28386
28389
28390
28392
28395
28399
28402
28405
28407
28408
28412
28413
28414
28416
28420
28426
28427
28430
28433
28434
28435
28436
28439
28441
28442
28445
28448
28451
28453
28455
28456
28457
28459
28462
28463
28472
28475
28476
28482
28483
28485
28486
28487
28488
28490
28491
28493
28495
28497
28499
28501
28502
28503
28504
28508
28509
28510
28512
28513
28514
28515
28516
28517
28519
28520
28521
28522
28524
28526
28528
28529
28530
28531
28533
28534
28535
28536
28537
28538
28539
28540
28541
28542
28544
28545
28546
28548
28549
28551
28552
28554
28556
28557
28558
28559
28561
28562
28563
28564
28566
28567
28569
28570
28571
28575
28577
28578
28580
28584
28586
28588
28589
28590
28592
28593
28594
28595
28596
28597
28599
28600
28602
28603
28604
28605
28606
28608
28610
28612
28613
28615
28617
28618
28619
28620
28621
28622
28623
28624
28626
28629
28631
28633
28634
28635
28637
28638
28639
28640
28646
28647
28648
28649
28650
28651
28652
28653
28654
28658
28660
28661
28662
28663
28664
28666
28667
28668
28670
28672
28673
28674
28675
28676
28677
28679
28680
28681
28682
28684
28685
28687
28688
28689
28690
28693
28695
28696
28697
28698
28700
28701
28703
28704
28705
28706
28709
28710
28711
28712
28714
28715
28716
28717
28718
28719
28720
28721
28722
28724
28725
28726
28727
28728
28729
28731
28733
28734
28735
28736
28737
28738
28739
28742
28745
28747
28751
28753
28755
28758
28762
28763
28766
28767
28768
28770
28771
28772
28773
28774
28775
28777
28778
28782
28785
28786
28793
28795
28798
28799
28800
28803
28804
28808
28809
28810
28812
28814
28816
28817
28819
28822
28823
28824
28828
28829
28830
28831
28835
28837
28839
28841
28843
28844
28847
28850
28852
28853
28856
28859
28861
28862
28864
28865
28867
28869
28871
28872
28877
28880
28881
28882
28883
28884
28885
28886
28889
28891
28894
28895
28896
28900
28901
28902
28904
28905
28906
28907
28909
28910
28915
28916
28917
28921
28923
28925
28926
28927
28928
28932
28933
28936
28939
28941
28943
28945
28946
28947
28952
28954
28956
28957
28958
28959
28964
28966
28967
28971
28977
28978
28981
28982
28984
28987
28988
28990
28991
28992
28994
28995
28997
28998
28999
29000
29001
29006
29007
29009
29011
29012
29015
29018
29020
29021
29023
29025
29026
29028
29029
29030
29031
29032
29033
29034
29035
29036
29037
29038
29040
29042
29043
29044
29045
29047
29058
29059
29065
29066
29067
29068
29073
29078
29082
29085
29088
29090
29095
29097
29100
29104
29105
29106
29108
29109
29113
29114
29117
29118
29121
29124
29125
29127
29132
29136
29137
29140
29147
29148
29149
29151
29152
29153
29157
29162
29163
29165
29170
29171
29174
29175
29177
29178
29179
29180
29183
29184
29188
29189
29190
29191
29192
29193
29195
29197
29198
29199
29206
29209
29210
29212
29213
29217
29218
29220
29227
29228
29230
29234
29236
29238
29241
29246
29247
29248
29249
29250
29251
29252
29253
29254
29256
29260
29261
29262
29269
29275
29276
29277
29280
29284
29285
29287
29288
29289
29290
29291
29292
29293
29297
29303
29308
29310
29312
29314
29316
29320
29321
29323
29326
29327
29329
29332
29335
29336
29338
29339
29340
29341
29345
29346
29347
29349
29350
29355
29356
29358
29361
29362
29363
29366
29368
29371
29372
29374
29375
29376
29377
29378
29380
29382
29383
29384
29386
29387
29390
29392
29396
29400
29402
29403
29404
29409
29410
29411
29412
29415
29416
29417
29418
29419
29421
29422
29424
29427
29429
29430
29434
29436
29437
29438
29440
29441
29443
29444
29448
29449
29452
29455
29457
29460
29461
29462
29463
29464
29465
29468
29469
29471
29475
29480
29481
29482
29483
29490
29491
29495
29498
29500
29501
29502
29504
29506
29507
29511
29512
29514
29515
29516
29517
29519
29520
29521
29523
29527
29529
29533
29535
29537
29538
29540
29541
29542
29544
29545
29546
29547
29551
29552
29554
29555
29556
29557
29559
29560
29563
29564
29566
29567
29568
29570
29571
29573
29576
29579
29580
29586
29587
29589
29590
29594
29595
29598
29599
29600
29603
29604
29607
29608
29611
29612
29613
29616
29617
29619
29623
29627
29629
29630
29631
29633
29635
29636
29638
29640
29641
29642
29645
29647
29648
29651
29652
29655
29656
29657
29658
29659
29661
29663
29664
29667
29668
29669
29670
29672
29673
29674
29675
29680
29682
29683
29685
29686
29687
29688
29689
29691
29692
29697
29699
29700
29701
29703
29704
29705
29706
29709
29710
29712
29716
29717
29718
29720
29721
29742
29758
29764
29765
29770
29782
29786
29787
29788
29792
29794
29796
29800
29809
29813
29818
29821
29824
29827
29828
29834
29836
29848
29849
29853
29855
29858
29859
29866
29879
29884
29890
29895
29909
29910
29912
29914
29919
29933
29942
29959
29974
29977
29986
29996
30004
30019
30029
30032
30037
30048
30051
30052
30070
30078
30081
30082
30087
30117
30122
30133
30146
30155
30170
30174
30177
30194
30205
30215
30221
30235
30236
30238
30252
30256
30284
30290
30296
30306
30339
30341
30346
30370
30376
30377
30378
30382
30386
30395
30396
30397
30398
30401
30402
30403
30405
30406
30407
30408
30409
30410
30412
30414
30416
30417
30418
30420
30421
30422
30423
30424
30425
30426
30428
30429
30430
30431
30432
30433
30434
30436
30437
30438
30439
30440
30441
30442
30443
30445
30447
30449
30450
30451
30452
30453
30454
30455
30456
30458
30459
30461
30462
30463
30464
30465
30468
30469
30471
30472
30474
30475
30476
30477
30478
30480
30481
30483
30484
30485
30486
30487
30490
30491
30492
30493
30494
30496
30500
30501
30503
30504
30508
30511
30512
30513
30515
30517
30518
30519
30523
30524
30525
30528
30529
30530
30531
30533
30535
30537
30542
30543
30544
30545
30547
30548
30549
30556
30558
30559
30560
30561
30564
30565
30566
30570
30571
30572
30574
30575
30576
30578
30580
30582
30584
30586
30587
30588
30590
30592
30595
30596
30597
30598
30600
30602
30604
30605
30606
30607
30609
30610
30611
30613
30614
30615
30616
30618
30619
30623
30624
30626
30627
30628
30629
30631
30639
30640
30642
30643
30645
30646
30648
30649
30650
30652
30654
30655
30659
30662
30663
30666
30669
30671
30672
30673
30674
30677
30678
30679
30681
30684
30685
30686
30687
30691
30694
30695
30696
30697
30698
30699
30701
30702
30704
30705
30706
30708
30710
30714
30716
30717
30718
30721
30722
30724
30725
30726
30729
30730
30734
30738
30739
30740
30741
30743
30745
30746
30747
30748
30750
30753
30756
30758
30764
30766
30768
30770
30772
30773
30774
30777
30778
30781
30783
30785
30786
30789
30790
30791
30792
30794
30795
30796
30799
30800
30803
30804
30805
30809
30812
30813
30814
30817
30818
30819
30820
30821
30823
30824
30825
30826
30832
30833
30834
30835
30839
30840
30841
30843
30846
30847
30848
30849
30850
30851
30852
30853
30854
30855
30858
30859
30860
30862
30864
30865
30868
30869
30870
30872
30873
30874
30876
30877
30878
30880
30884
30886
30889
30890
30891
30892
30894
30895
30897
30901
30903
30904
30905
30908
30912
30914
30916
30917
30919
30921
30922
30923
30925
30929
30932
30933
30935
30937
30940
30942
30943
30946
30947
30949
30950
30951
30952
30954
30958
30960
30962
30963
30964
30965
30967
30969
30970
30971
30973
30975
30977
30978
30984
30985
30988
30989
30990
30991
30995
30998
31001
31005
31007
31011
31019
31022
31023
31025
31026
31032
31036
31038
31039
31040
31042
31044
31046
31047
31050
31052
31060
31061
31065
31070
31073
31075
31076
31078
31080
31081
31082
31085
31087
31088
31090
31093
31094
31098
31099
31100
31101
31102
31105
31108
31110
31120
31122
31123
31124
31125
31127
31128
31129
31130
31132
31133
31135
31136
31141
31145
31147
31148
31150
31151
31153
31154
31157
31158
31159
31161
31162
31167
31168
31170
31173
31178
31179
31180
31181
31182
31183
31184
31186
31189
31190
31191
31194
31200
31201
31205
31206
31207
31210
31211
31212
31215
31216
31218
31219
31221
31223
31224
31225
31232
31236
31239
31247
31248
31249
31250
31252
31254
31258
31263
31264
31267
31268
31269
31271
31272
31273
31274
31275
31283
31285
31287
31288
31290
31291
31292
31299
31301
31304
31305
31307
31308
31311
31312
31315
31318
31319
31321
31323
31327
31332
31342
31345
31349
31354
31358
31359
31361
31363
31366
31370
31371
31374
31375
31377
31380
31381
31382
31385
31391
31393
31394
31405
31406
31410
31415
31421
31422
31423
31427
31428
31430
31434
31435
31437
31438
31440
31441
31443
31444
31446
31447
31450
31454
31458
31459
31462
31465
31469
31471
31473
31474
31479
31480
31482
31483
31485
31488
31492
31494
31495
31496
31497
31500
31503
31507
31509
31510
31518
31519
31521
31522
31525
31533
31536
31540
31545
31551
31556
31558
31559
31566
31570
31576
31579
31585
31591
31592
31601
31602
31603
31606
31608
31611
31616
31620
31622
31628
31629
31634
31636
31641
31644
31646
31648
31651
31660
31662
31667
31668
31670
31673
31674
31677
31679
31680
31681
31683
31691
31692
31697
31701
31704
31707
31709
31713
31721
31724
31730
31733
31737
31738
31740
31744
31745
31749
31750
31752
31755
31756
31758
31759
31766
31767
31768
31771
31775
31777
31779
31786
31789
31791
31794
31798
31799
31800
31809
31810
31813
31814
31818
31819
31820
31823
31824
31825
31828
31835
31837
31838
31845
31849
31858
31865
31869
31871
31873
31878
31880
31882
31884
31897
31898
31900
31902
31915
31924
31935
31942
31947
31951
31953
31956
31957
31960
31973
31975
31976
31986
31987
31996
31998
32000
32002
32006
32008
32011
32014
32035
32037
32039
32040
32041
32043
32046
32052
32053
32056
32058
32059
32062
32063
32067
32068
32070
32073
32076
32081
32083
32088
32089
32095
32096
32099
32100
32105
32106
32109
32110
32113
32116
32117
32118
32119
32120
32121
32122
32124
32126
32127
32130
32132
32133
32134
32139
32140
32141
32142
32143
32144
32147
32148
32150
32151
32154
32155
32156
32158
32159
32161
32162
32163
32164
32166
32170
32173
32174
32176
32178
32183
32186
32187
32188
32189
32190
32195
32196
32197
32198
32199
32200
32201
32204
32205
32206
32207
32208
32210
32211
32212
32213
32215
32216
32217
32218
32219
32221
32222
32223
32224
32226
32227
32228
32229
32230
32231
32232
32233
32234
32235
32236
32237
32238
32239
32240
32241
32242
32243
32245
32246
32247
32250
32251
32252
32253
32254
32255
32256
32257
32258
32259
32262
32263
32264
32265
32267
32268
32269
32270
32271
32272
32273
32274
32275
32276
32277
32278
32279
32281
32283
32284
32285
32286
32287
32289
32290
32291
32292
32294
32296
32297
32298
32300
32301
32302
32303
32308
32309
32310
32311
32312
32313
32315
32316
32317
32318
32319
32320
32322
32323
32324
32326
32327
32328
32329
32331
32332
32334
32335
32336
32338
32339
32340
32343
32345
32347
32348
32349
32351
32353
32355
32356
32357
32358
32360
32362
32363
32365
32368
32369
32371
32373
32374
32377
32378
32379
32380
32381
32384
32385
32386
32387
32388
32389
32390
32392
32393
32394
32395
32397
32398
32399
32400
32401
32403
32404
32405
32406
32407
32408
32409
32410
32411
32412
32413
32414
32415
32417
32418
32419
32422
32423
32424
32426
32427
32428
32430
32431
32432
32433
32434
32435
32436
32438
32439
32440
32441
32442
32443
32445
32447
32448
32449
32450
32451
32452
32453
32454
32456
32457
32459
32460
32461
32463
32464
32467
32468
32470
32471
32472
32476
32478
32479
32480
32482
32484
32485
32486
32487
32488
32489
32490
32491
32492
32494
32496
32500
32501
32502
32503
32504
32506
32509
32512
32514
32517
32518
32522
32526
32527
32528
32530
32531
32532
32534
32537
32538
32540
32542
32543
32547
32548
32549
32552
32553
32554
32555
32556
32557
32559
32560
32561
32564
32565
32566
32567
32570
32571
32572
32573
32575
32577
32578
32581
32582
32583
32584
32586
32587
32588
32591
32593
32594
32595
32596
32600
32602
32603
32606
32607
32609
32610
32612
32615
32616
32619
32622
32623
32624
32625
32627
32628
32629
32631
32632
32636
32637
32638
32640
32641
32642
32644
32645
32648
32649
32650
32653
32655
32656
32657
32658
32662
32663
32666
32667
32668
32669
32671
32674
32677
32678
32679
32682
32684
32685
32688
32690
32691
32692
32693
32694
32695
32696
32698
32699
32701
32702
32703
32704
32705
32706
32713
32714
32715
32716
32718
32720
32723
32724
32726
32728
32730
32732
32734
32736
32741
32742
32744
32745
32747
32748
32750
32751
32754
32755
32757
32759
32761
32765
32768
32769
32771
32772
32773
32775
32779
32780
32781
32785
32790
32794
32798
32801
32802
32804
32805
32806
32809
32810
32811
32812
32815
32816
32817
32818
32819
32820
32822
32823
32824
32825
32827
32831
32832
32834
32835
32836
32838
32839
32842
32843
32844
32846
32850
32852
32857
32858
32859
32861
32862
32863
32868
32869
32870
32872
32874
32876
32877
32879
32880
32882
32885
32886
32887
32889
32891
32892
32895
32897
32898
32899
32903
32907
32908
32910
32911
32914
32919
32920
32925
32926
32930
32931
32932
32933
32934
32938
32941
32942
32944
32948
32950
32952
32953
32956
32957
32960
32963
32964
32965
32966
32968
32970
32971
32972
32973
32976
32978
32980
32985
32988
32989
32990
32991
32994
32996
32997
32999
33000
33002
33004
33006
33011
33013
33014
33016
33017
33020
33021
33022
33024
33025
33027
33029
33032
33036
33037
33038
33041
33042
33044
33045
33047
33049
33050
33052
33053
33055
33056
33057
33058
33059
33061
33063
33064
33068
33070
33083
33084
33085
33087
33090
33091
33092
33094
33097
33099
33100
33101
33104
33110
33111
33115
33118
33121
33123
33124
33125
33127
33130
33133
33135
33137
33138
33140
33141
33142
33146
33149
33151
33154
33156
33157
33158
33162
33163
33166
33169
33171
33174
33175
33176
33177
33178
33179
33180
33182
33183
33185
33186
33193
33194
33195
33198
33199
33202
33204
33206
33209
33210
33211
33212
33214
33215
33216
33218
33219
33221
33222
33223
33224
33226
33228
33229
33230
33231
33233
33234
33238
33241
33242
33243
33244
33246
33247
33248
33249
33250
33251
33254
33255
33256
33260
33261
33264
33265
33266
33267
33268
33269
33270
33272
33273
33274
33275
33276
33278
33280
33281
33282
33283
33284
33285
33286
33287
33289
33290
33291
33293
33294
33296
33297
33299
33301
33302
33304
33305
33306
33307
33309
33311
33312
33314
33316
33319
33320
33322
33324
33325
33326
33327
33328
33329
33330
33331
33334
33335
33336
33337
33339
33341
33342
33343
33344
33345
33346
33348
33349
33350
33351
33352
33354
33355
33356
33358
33359
33361
33362
33366
33368
33369
33370
33371
33372
33373
33374
33376
33377
33378
33379
33381
33382
33383
33384
33385
33386
33387
33388
33389
33394
33395
33396
33399
33400
33401
33402
33403
33404
33405
33406
33408
33409
33410
33412
33413
33414
33415
33417
33418
33419
33420
33423
33424
33427
33428
33430
33435
33446
33449
33450
33451
33452
33455
33457
33458
33459
33461
33462
33463
33465
33466
33467
33470
33479
33481
33484
33488
33495
33499
33503
33504
33507
33512
33514
33517
33519
33530
33537
33539
33547
33549
33552
33556
33558
33564
33567
33571
33574
33575
33577
33585
33593
33594
33596
33600
33612
33616
33625
33633
33645
33652
33662
33686
33687
33694
33698
33699
33703
33705
33711
33714
33722
33727
33728
33729
33732
33749
33763
33766
33770
33772
33781
33782
33802
33805
33818
33822
33826
33877
33888
33892
33911
33917
33918
33923
33925
33936
33937
33945
33951
33965
33984
33988
34001
34010
34017
34020
34023
34037
34050
34058
34065
34086
34088
34096
34100
34101
34102
34104
34105
34106
34108
34109
34110
34111
34113
34114
34116
34117
34118
34119
34120
34122
34123
34124
34125
34128
34129
34130
34131
34132
34133
34134
34136
34137
34138
34139
34140
34141
34142
34143
34144
34145
34146
34147
34148
34150
34151
34153
34154
34155
34156
34157
34158
34160
34161
34162
34163
34164
34166
34167
34168
34170
34172
34173
34174
34175
34176
34178
34179
34181
34183
34184
34185
34187
34188
34189
34190
34192
34193
34194
34195
34196
34198
34199
34201
34202
34204
34205
34206
34207
34210
34212
34213
34214
34215
34218
34220
34221
34222
34223
34224
34225
34229
34231
34232
34233
34234
34235
34236
34237
34238
34239
34240
34241
34242
34243
34244
34246
34247
34249
34250
34254
34256
34257
34258
34259
34261
34262
34263
34264
34265
34266
34267
34270
34271
34272
34276
34278
34279
34280
34282
34284
34285
34286
34287
34288
34289
34294
34299
34300
34301
34302
34304
34305
34306
34307
34309
34310
34311
34312
34314
34316
34318
34320
34321
34322
34324
34325
34326
34327
34329
34330
34332
34335
34336
34337
34338
34342
34343
34345
34347
34348
34350
34352
34353
34354
34355
34356
34357
34358
34359
34361
34362
34363
34364
34365
34366
34367
34368
34369
34372
34373
34374
34377
34379
34382
34384
34385
34387
34388
34391
34392
34397
34398
34400
34403
34404
34406
34407
34408
34409
34411
34412
34413
34414
34415
34417
34418
34420
34421
34422
34423
34425
34429
34430
34431
34432
34433
34434
34435
34438
34439
34443
34444
34446
34448
34449
34452
34453
34455
34458
34465
34466
34468
34469
34470
34471
34472
34475
34477
34480
34481
34482
34483
34484
34486
34487
34488
34490
34492
34493
34494
34495
34497
34499
34500
34501
34502
34504
34505
34507
34509
34510
34512
34513
34514
34515
34519
34521
34523
34524
34526
34527
34528
34529
34530
34531
34532
34533
34534
34535
34537
34539
34541
34548
34549
34550
34551
34556
34557
34558
34560
34562
34564
34565
34569
34571
34572
34573
34574
34575
34576
34577
34578
34580
34581
34582
34583
34585
34587
34589
34590
34591
34592
34593
34594
34598
34600
34603
34604
34605
34606
34607
34608
34611
34613
34616
34617
34621
34622
34624
34626
34628
34630
34631
34633
34635
34636
34637
34638
34639
34640
34645
34647
34648
34649
34650
34651
34652
34654
34660
34661
34662
34663
34664
34665
34666
34667
34668
34672
34673
34676
34677
34679
34683
34684
34686
34687
34688
34691
34694
34696
34698
34702
34705
34711
34713
34714
34718
34719
34720
34721
34723
34724
34725
34726
34733
34736
34737
34740
34744
34745
34746
34747
34748
34749
34750
34751
34752
34753
34756
34758
34759
34760
34762
34764
34766
34769
34770
34771
34774
34777
34778
34779
34781
34782
34783
34789
34791
34792
34794
34796
34799
34801
34802
34804
34805
34807
34811
34814
34818
34820
34823
34824
34829
34830
34832
34834
34835
34837
34838
34839
34845
34846
34848
34849
34850
34853
34855
34856
34859
34860
34861
34862
34865
34867
34868
34871
34872
34875
34876
34879
34881
34883
34884
34886
34887
34888
34893
34896
34898
34902
34903
34904
34908
34911
34913
34914
34915
34918
34919
34923
34924
34925
34927
34929
34930
34931
34936
34937
34938
34939
34940
34941
34944
34947
34949
34950
34955
34956
34960
34961
34962
34964
34966
34967
34968
34972
34973
34975
34976
34979
34986
34987
34988
34990
34993
34994
34995
34997
34998
35000
35002
35003
35006
35008
35009
35011
35015
35019
35020
35021
35022
35023
35024
35025
35028
35029
35035
35036
35038
35043
35049
35059
35061
35062
35063
35064
35065
35066
35067
35070
35071
35073
35074
35075
35079
35081
35084
35085
35086
35089
35091
35092
35094
35098
35101
35102
35105
35107
35108
35109
35113
35114
35115
35116
35119
35120
35123
35125
35126
35127
35132
35135
35137
35141
35142
35143
35146
35149
35152
35153
35158
35160
35162
35164
35168
35170
35173
35175
35177
35179
35180
35181
35182
35183
35185
35187
35189
35192
35193
35194
35196
35197
35199
35206
35210
35211
35213
35214
35217
35218
35221
35222
35225
35226
35227
35229
35230
35231
35233
35235
35236
35238
35239
35240
35241
35243
35244
35247
35248
35256
35259
35270
35272
35277
35278
35279
35280
35281
35284
35285
35286
35288
35289
35292
35294
35295
35301
35304
35306
35307
35308
35312
35314
35316
35317
35320
35322
35323
35324
35325
35330
35331
35332
35334
35335
35336
35338
35339
35341
35344
35350
35351
35355
35356
35358
35359
35360
35362
35363
35366
35370
35374
35375
35377
35381
35382
35384
35385
35387
35391
35394
35395
35397
35399
35406
35407
35408
35412
35413
35415
35419
35421
35423
35428
35436
35439
35440
35441
35442
35446
35447
35448
35449
35451
35455
35457
35458
35459
35460
35461
35462
35464
35465
35466
35467
35468
35469
35470
35471
35472
35473
35474
35475
35476
35477
35481
35482
35483
35489
35491
35494
35498
35502
35505
35512
35513
35515
35524
35533
35537
35538
35539
35544
35545
35546
35549
35551
35555
35559
35561
35567
35573
35578
35579
35583
35584
35587
35588
35589
35591
35592
35594
35596
35597
35598
35600
35601
35604
35611
35614
35617
35618
35619
35623
35625
35628
35632
35641
35647
35649
35650
35652
35655
35658
35661
35665
35666
35667
35668
35670
35671
35673
35675
35676
35677
35682
35686
35687
35690
35701
35702
35708
35709
35710
35715
35721
35725
35728
35734
35737
35739
35741
35743
35745
35746
35749
35751
35753
35754
35755
35756
35757
35763
35764
35767
35768
35769
35770
35772
35774
35777
35778
35783
35784
35786
35787
35790
35791
35792
35795
35798
35800
35801
35807
35808
35809
35810
35812
35813
35814
35816
35817
35820
35821
35822
35823
35825
35829
35830
35833
35834
35836
35837
35838
35839
35840
35841
35843
35844
35845
35846
35847
35848
35849
35852
35853
35854
35855
35856
35857
35858
35860
35861
35864
35868
35869
35870
35871
35872
35877
35878
35879
35881
35883
35885
35887
35888
35890
35895
35898
35900
35901
35904
35905
35908
35910
35912
35913
35914
35915
35916
35917
35918
35919
35921
35922
35924
35925
35926
35927
35929
35930
35931
35932
35933
35935
35936
35937
35938
35940
35941
35943
35944
35945
35946
35947
35948
35950
35951
35952
35954
35955
35956
35957
35958
35959
35961
35962
35963
35964
35965
35966
35967
35968
35969
35970
35972
35973
35974
35976
35977
35979
35980
35981
35984
35985
35986
35987
35988
35990
35991
35992
35993
35994
35995
35996
35997
35999
36000
36001
36003
36004
36005
36006
36007
36009
36010
36011
36012
36014
36016
36017
36019
36021
36022
36024
36025
36027
36028
36030
36031
36032
36033
36034
36035
36036
36038
36039
36041
36042
36043
36044
36045
36046
36049
36050
36051
36052
36053
36054
36056
36057
36058
36059
36061
36062
36063
36065
36066
36067
36068
36070
36071
36072
36073
36074
36078
36080
36081
36082
36085
36086
36087
36089
36090
36092
36093
36094
36095
36096
36097
36098
36102
36103
36104
36105
36107
36109
36110
36111
36112
36113
36115
36117
36118
36122
36123
36125
36126
36127
36128
36130
36131
36132
36134
36137
36138
36140
36141
36142
36143
36144
36146
36152
36153
36154
36155
36157
36160
36161
36162
36163
36164
36165
36166
36168
36170
36172
36174
36175
36179
36181
36182
36183
36184
36190
36191
36192
36193
36194
36195
36196
36199
36200
36201
36202
36206
36210
36211
36212
36213
36214
36215
36216
36218
36219
36221
36223
36225
36226
36228
36229
36230
36231
36232
36233
36234
36237
36238
36239
36240
36241
36242
36243
36244
36247
36248
36250
36252
36255
36257
36259
36260
36262
36263
36264
36266
36267
36268
36269
36270
36271
36273
36274
36275
36276
36279
36280
36281
36282
36284
36286
36287
36288
36289
36293
36296
36297
36298
36299
36302
36307
36308
36310
36311
36312
36314
36316
36317
36320
36321
36323
36324
36327
36329
36330
36332
36333
36334
36337
36338
36339
36340
36341
36342
36345
36346
36347
36349
36351
36352
36354
36356
36359
36360
36361
36362
36363
36364
36366
36368
36369
36370
36371
36372
36374
36375
36377
36378
36379
36380
36382
36383
36384
36385
36386
36387
36388
36389
36391
36392
36394
36395
36397
36399
36402
36404
36405
36407
36409
36410
36411
36412
36414
36415
36418
36419
36420
36421
36422
36424
36426
36427
36428
36429
36430
36431
36434
36435
36436
36437
36439
36441
36442
36445
36448
36449
36451
36453
36455
36456
36459
36461
36462
36463
36464
36465
36466
36468
36471
36473
36475
36477
36478
36479
36480
36481
36482
36485
36487
36489
36492
36493
36494
36495
36497
36498
36499
36501
36503
36505
36506
36508
36509
36510
36513
36514
36515
36516
36517
36520
36521
36525
36526
36528
36532
36533
36534
36537
36539
36540
36541
36543
36545
36546
36548
36549
36552
36553
36557
36560
36564
36566
36569
36570
36574
36575
36576
36577
36580
36581
36582
36583
36584
36590
36591
36593
36594
36598
36599
36601
36603
36604
36606
36610
36611
36616
36617
36618
36619
36620
36621
36622
36624
36625
36626
36628
36629
36634
36636
36637
36638
36639
36640
36643
36644
36645
36646
36648
36651
36652
36654
36658
36659
36660
36661
36662
36663
36664
36666
36669
36670
36672
36673
36674
36676
36678
36680
36682
36684
36687
36688
36692
36693
36696
36697
36698
36700
36701
36702
36704
36705
36707
36708
36709
36710
36711
36713
36715
36716
36717
36718
36720
36724
36725
36726
36727
36729
36730
36733
36734
36736
36738
36741
36742
36743
36744
36745
36747
36749
36751
36755
36757
36759
36763
36764
36765
36766
36767
36771
36772
36773
36774
36775
36777
36781
36783
36784
36787
36789
36792
36796
36797
36799
36800
36805
36806
36808
36810
36811
36814
36815
36818
36819
36820
36821
36825
36832
36833
36834
36836
36837
36838
36839
36840
36843
36844
36849
36852
36853
36855
36856
36860
36864
36865
36871
36872
36873
36874
36876
36879
36880
36883
36884
36885
36887
36888
36889
36891
36892
36893
36894
36897
36899
36901
36902
36903
36904
36905
36907
36911
36912
36917
36918
36920
36922
36923
36925
36928
36929
36930
36932
36935
36936
36938
36940
36941
36942
36943
36945
36946
36947
36949
36955
36957
36958
36959
36960
36961
36965
36966
36968
36969
36970
36974
36975
36976
36977
36979
36980
36981
36983
36984
36985
36986
36987
36991
36992
36993
36994
36995
36996
36997
36998
37000
37001
37003
37004
37006
37008
37010
37011
37014
37015
37016
37018
37019
37021
37022
37023
37024
37026
37027
37028
37030
37031
37032
37033
37035
37036
37038
37039
37040
37044
37047
37048
37049
37051
37052
37053
37054
37055
37056
37057
37058
37059
37061
37063
37064
37065
37066
37068
37069
37070
37071
37073
37075
37077
37079
37080
37081
37082
37083
37084
37086
37087
37091
37092
37093
37095
37096
37097
37098
37100
37101
37102
37103
37105
37106
37108
37111
37113
37114
37116
37117
37118
37119
37120
37121
37122
37123
37124
37125
37126
37127
37128
37129
37130
37131
37132
37133
37134
37135
37136
37138
37139
