2
10
19
20
24
25
26
28
29
37
38
40
43
54
62
65
76
79
86
88
95
99
100
101
102
103
104
106
108
113
114
115
116
118
119
129
144
154
155
157
158
163
164
168
169
170
172
176
179
190
200
202
206
211
214
216
220
231
242
256
257
258
261
264
265
281
290
291
300
304
321
324
327
330
346
356
363
368
369
376
383
388
391
398
401
403
405
406
415
419
433
435
438
447
456
463
464
466
477
482
483
488
496
497
499
505
508
511
517
519
555
565
581
584
592
594
598
599
613
616
625
627
636
642
649
651
656
658
669
670
674
675
676
677
679
680
681
683
684
685
686
687
688
689
690
691
692
693
694
696
698
699
700
702
703
704
705
706
708
709
710
711
712
713
714
715
716
717
718
719
720
721
722
724
725
726
727
728
729
730
731
732
733
734
735
737
738
741
742
746
747
748
751
757
758
759
760
761
762
764
765
766
767
769
770
773
774
776
778
779
780
781
782
784
788
789
790
792
793
794
796
798
806
807
809
810
811
812
814
815
818
819
821
824
833
834
836
837
838
839
842
843
844
845
846
849
850
851
852
856
858
861
862
863
866
868
871
872
873
875
878
881
882
884
885
886
887
888
889
890
892
894
895
896
898
899
900
901
902
904
907
909
910
912
914
916
919
920
922
923
925
931
933
937
938
939
940
943
945
947
951
955
956
957
958
959
961
965
966
969
971
972
974
977
979
980
982
985
986
987
989
992
995
999
1002
1003
1007
1008
1009
1010
1012
1014
1016
1017
1018
1021
1022
1026
1028
1031
1032
1038
1042
1043
1044
1045
1051
1053
1055
1056
1057
1059
1060
1062
1063
1065
1066
1069
1071
1072
1073
1074
1075
1078
1079
1081
1083
1084
1086
1087
1092
1093
1094
1097
1098
1100
1101
1102
1103
1106
1110
1111
1113
1114
1116
1117
1121
1123
1124
1125
1128
1129
1130
1131
1132
1134
1135
1139
1142
1146
1149
1150
1152
1156
1157
1161
1162
1163
1164
1165
1166
1171
1174
1178
1182
1184
1185
1186
1187
1190
1196
1197
1200
1201
1202
1204
1207
1208
1209
1210
1216
1217
1218
1219
1220
1221
1222
1223
1225
1228
1230
1231
1234
1235
1239
1241
1245
1252
1256
1260
1261
1262
1263
1266
1267
1268
1270
1273
1276
1283
1284
1287
1289
1291
1295
1299
1300
1305
1308
1311
1318
1319
1323
1324
1327
1328
1330
1331
1332
1334
1335
1338
1340
1342
1347
1349
1352
1356
1358
1359
1361
1362
1364
1366
1368
1369
1375
1376
1377
1378
1379
1380
1383
1385
1386
1387
1391
1393
1396
1398
1400
1406
1407
1408
1409
1411
1415
1416
1420
1421
1424
1429
1433
1440
1446
1448
1449
1457
1461
1464
1465
1466
1467
1472
1476
1477
1478
1479
1483
1485
1486
1487
1488
1491
1494
1495
1498
1504
1507
1510
1512
1513
1516
1519
1520
1521
1523
1524
1530
1531
1533
1535
1536
1539
1540
1549
1550
1551
1555
1558
1560
1561
1562
1563
1568
1570
1572
1575
1577
1579
1583
1589
1593
1599
1606
1612
1615
1616
1621
1623
1624
1625
1629
1631
1633
1636
1640
1641
1642
1644
1648
1650
1651
1653
1656
1657
1659
1662
1664
1665
1666
1670
1674
1678
1680
1682
1684
1686
1687
1693
1694
1695
1696
1698
1709
1715
1722
1723
1725
1726
1729
1734
1736
1737
1744
1747
1750
1751
1760
1761
1766
1767
1768
1769
1779
1785
1786
1787
1788
1790
1797
1801
1804
1806
1809
1812
1813
1818
1820
1830
1831
1833
1834
1839
1840
1846
1854
1865
1866
1867
1882
1883
1884
1886
1891
1892
1896
1899
1904
1905
1907
1908
1913
1914
1916
1918
1930
1931
1933
1935
1937
1940
1950
1952
1954
1957
1958
1961
1967
1968
1971
1973
1975
1976
1978
1980
1986
1988
1989
1991
1995
1997
2007
2012
2016
2018
2021
2023
2025
2028
2037
2038
2045
2050
2055
2058
2064
2066
2073
2086
2104
2105
2108
2109
2112
2113
2116
2120
2133
2136
2145
2146
2148
2150
2153
2157
2161
2162
2164
2165
2168
2169
2171
2172
2182
2185
2189
2193
2201
2204
2211
2213
2218
2228
2229
2233
2239
2240
2244
2250
2253
2254
2264
2279
2282
2283
2286
2289
2292
2294
2300
2302
2306
2307
2320
2323
2325
2327
2329
2333
2338
2340
2341
2347
2351
2352
2356
2357
2358
2364
2367
2377
2379
2381
2382
2383
2387
2388
2391
2393
2394
2397
2401
2402
2403
2405
2406
2407
2409
2410
2413
2415
2418
2420
2421
2422
2424
2427
2429
2430
2431
2432
2433
2434
2435
2439
2443
2444
2445
2451
2454
2457
2459
2465
2470
2474
2484
2486
2487
2488
2489
2490
2491
2492
2493
2494
2495
2496
2498
2499
2503
2505
2506
2509
2511
2513
2514
2515
2516
2517
2518
2519
2520
2521
2522
2524
2525
2526
2527
2528
2530
2532
2533
2534
2535
2536
2537
2538
2542
2543
2545
2547
2548
2549
2550
2552
2553
2555
2556
2558
2559
2560
2561
2562
2563
2564
2565
2567
2568
2569
2570
2571
2572
2573
2574
2575
2576
2577
2578
2579
2580
2581
2582
2584
2585
2586
2588
2589
2590
2591
2592
2593
2594
2595
2596
2597
2598
2599
2600
2601
2602
2604
2605
2607
2608
2610
2612
2613
2614
2615
2616
2617
2618
2619
2620
2621
2623
2624
2626
2627
2628
2629
2631
2633
2636
2637
2639
2641
2642
2643
2644
2645
2646
2648
2649
2650
2651
2652
2653
2654
2656
2658
2659
2660
2661
2663
2664
2668
2669
2672
2674
2675
2676
2677
2678
2679
2682
2684
2685
2687
2689
2690
2692
2693
2694
2695
2696
2697
2699
2700
2701
2703
2704
2706
2708
2709
2710
2711
2712
2713
2715
2716
2717
2718
2719
2720
2721
2722
2723
2724
2725
2726
2727
2728
2729
2730
2731
2732
2733
2734
2735
2736
2737
2738
2739
2740
2742
2744
2746
2747
2748
2751
2755
2758
2759
2760
2762
2763
2764
2765
2766
2768
2773
2774
2775
2776
2779
2780
2781
2782
2783
2784
2785
2786
2788
2791
2795
2797
2800
2801
2803
2804
2805
2807
2809
2810
2811
2812
2813
2815
2816
2820
2821
2822
2824
2825
2826
2829
2830
2832
2833
2837
2838
2842
2846
2847
2849
2852
2853
2854
2855
2859
2860
2861
2863
2865
2866
2868
2870
2871
2872
2873
2878
2883
2884
2886
2888
2890
2891
2893
2894
2897
2899
2903
2904
2905
2907
2909
2910
2911
2913
2914
2915
2916
2917
2918
2919
2920
2927
2928
2930
2931
2936
2937
2938
2939
2941
2942
2944
2945
2949
2952
2954
2955
2958
2959
2960
2962
2967
2968
2969
2970
2971
2973
2974
2976
2980
2981
2986
2989
2992
2993
2994
2995
2999
3002
3003
3004
3006
3007
3009
3010
3011
3016
3017
3018
3019
3020
3022
3024
3025
3026
3029
3030
3031
3032
3033
3035
3036
3037
3038
3040
3042
3047
3048
3049
3050
3051
3052
3053
3054
3055
3061
3063
3067
3068
3073
3076
3078
3082
3083
3087
3089
3092
3094
3098
3099
3100
3101
3102
3107
3111
3115
3120
3121
3125
3127
3128
3129
3134
3138
3148
3149
3150
3153
3154
3156
3157
3159
3162
3164
3166
3168
3171
3172
3173
3174
3176
3179
3180
3182
3193
3195
3196
3200
3207
3208
3209
3210
3212
3213
3214
3219
3220
3222
3223
3225
3228
3231
3232
3236
3239
3240
3241
3242
3243
3244
3245
3249
3250
3251
3252
3254
3256
3257
3258
3259
3261
3264
3276
3277
3278
3282
3285
3286
3287
3288
3291
3292
3293
3297
3298
3299
3301
3303
3304
3307
3311
3315
3316
3317
3319
3320
3322
3323
3324
3329
3332
3334
3337
3339
3340
3341
3345
3346
3347
3349
3351
3354
3357
3358
3365
3366
3371
3375
3379
3380
3384
3385
3388
3389
3392
3393
3395
3396
3398
3399
3400
3406
3407
3412
3413
3415
3416
3421
3422
3423
3424
3425
3426
3427
3429
3430
3432
3434
3435
3436
3438
3439
3442
3445
3446
3450
3454
3456
3458
3459
3461
3463
3464
3465
3466
3467
3468
3473
3474
3478
3482
3483
3484
3485
3489
3490
3491
3492
3493
3496
3497
3500
3501
3502
3503
3508
3512
3513
3514
3515
3517
3519
3520
3521
3523
3524
3526
3530
3531
3532
3534
3535
3536
3537
3539
3540
3544
3545
3548
3553
3554
3555
3556
3557
3558
3561
3564
3565
3567
3569
3570
3571
3572
3574
3578
3580
3581
3583
3584
3585
3587
3588
3589
3590
3591
3592
3593
3595
3596
3600
3602
3606
3607
3610
3612
3613
3614
3617
3618
3623
3624
3625
3627
3629
3631
3632
3634
3637
3640
3642
3643
3646
3647
3650
3652
3654
3657
3658
3660
3661
3665
3667
3669
3672
3673
3674
3675
3676
3682
3688
3690
3691
3692
3694
3696
3698
3699
3700
3703
3705
3706
3710
3712
3713
3715
3724
3740
3742
3754
3758
3764
3765
3767
3770
3776
3780
3782
3784
3788
3792
3793
3797
3800
3802
3803
3804
3811
3813
3814
3815
3816
3817
3818
3820
3824
3825
3826
3828
3829
3832
3833
3839
3840
3846
3849
3855
3857
3858
3859
3863
3865
3866
3869
3871
3873
3874
3876
3878
3882
3890
3897
3920
3921
3928
3930
3934
3939
3946
3948
3949
3960
3970
3977
3978
3986
3987
3997
4014
4018
4021
4029
4036
4041
4058
4063
4070
4088
4091
4094
4099
4102
4118
4126
4132
4141
4146
4148
4149
4150
4156
4157
4165
4167
4179
4180
4185
4198
4199
4202
4209
4211
4213
4217
4222
4223
4230
4237
4242
4253
4265
4270
4273
4282
4294
4315
4316
4323
4330
4333
4334
4337
4346
4348
4350
4353
4359
4360
4370
4377
4384
4388
4389
4390
4391
4392
4394
4395
4396
4397
4398
4399
4400
4401
4402
4404
4405
4406
4407
4408
4409
4410
4411
4412
4414
4416
4417
4418
4419
4420
4421
4422
4423
4424
4425
4426
4427
4428
4429
4430
4431
4432
4434
4435
4436
4437
4438
4439
4440
4441
4442
4443
4444
4447
4449
4450
4451
4452
4455
4456
4457
4458
4459
4460
4462
4464
4466
4468
4470
4472
4473
4476
4479
4481
4482
4483
4484
4487
4488
4489
4490
4491
4493
4496
4497
4498
4499
4501
4502
4503
4504
4505
4506
4507
4508
4512
4513
4514
4515
4517
4518
4519
4521
4523
4525
4526
4527
4528
4530
4531
4532
4533
4534
4535
4537
4538
4540
4543
4544
4546
4547
4548
4549
4550
4551
4553
4554
4555
4556
4557
4558
4563
4564
4565
4566
4567
4572
4573
4575
4577
4579
4580
4583
4584
4586
4587
4589
4590
4593
4595
4597
4602
4603
4604
4606
4607
4609
4610
4612
4613
4615
4618
4619
4620
4621
4623
4624
4632
4633
4635
4637
4639
4640
4641
4642
4643
4644
4645
4646
4647
4648
4651
4652
4656
4658
4660
4666
4670
4671
4672
4673
4676
4679
4680
4681
4685
4686
4688
4690
4691
4693
4695
4696
4700
4701
4702
4703
4704
4708
4709
4710
4716
4717
4718
4719
4720
4721
4722
4723
4724
4730
4732
4733
4734
4737
4740
4741
4746
4748
4750
4751
4752
4753
4757
4758
4759
4764
4765
4767
4768
4769
4770
4771
4773
4775
4776
4777
4778
4779
4780
4781
4783
4785
4787
4788
4792
4793
4794
4795
4796
4797
4798
4800
4801
4803
4805
4807
4809
4811
4812
4814
4815
4816
4819
4822
4823
4824
4825
4827
4830
4832
4833
4835
4837
4842
4845
4847
4848
4849
4852
4855
4856
4857
4858
4860
4862
4864
4865
4866
4870
4872
4873
4875
4876
4878
4879
4883
4885
4886
4888
4892
4893
4894
4896
4898
4900
4904
4906
4907
4908
4910
4911
4913
4914
4915
4916
4917
4918
4919
4921
4923
4931
4934
4935
4938
4940
4944
4948
4949
4950
4951
4953
4959
4960
4962
4963
4964
4966
4967
4971
4972
4975
4976
4977
4978
4980
4981
4982
4983
4986
4988
4991
4992
4993
4994
4995
4997
5000
5001
5002
5005
5009
5010
5011
5012
5013
5014
5021
5022
5023
5024
5025
5027
5029
5030
5033
5037
5038
5039
5040
5044
5045
5046
5048
5050
5051
5052
5054
5060
5062
5063
5066
5067
5069
5073
5075
5078
5080
5082
5083
5084
5085
5087
5089
5090
5091
5092
5094
5095
5097
5100
5108
5110
5112
5114
5117
5124
5125
5126
5128
5130
5131
5133
5135
5137
5141
5144
5147
5150
5153
5155
5156
5157
5158
5159
5160
5161
5162
5164
5165
5167
5168
5169
5172
5175
5180
5184
5187
5189
5192
5195
5196
5198
5201
5202
5203
5204
5206
5208
5209
5210
5211
5212
5214
5215
5217
5221
5226
5227
5232
5233
5234
5235
5238
5239
5241
5243
5244
5245
5246
5247
5250
5253
5254
5255
5258
5266
5267
5269
5274
5275
5277
5278
5282
5283
5286
5287
5288
5290
5293
5294
5297
5299
5300
5302
5304
5306
5307
5308
5311
5313
5320
5321
5323
5324
5325
5329
5330
5331
5335
5338
5343
5344
5349
5350
5352
5355
5356
5358
5360
5362
5363
5367
5368
5373
5379
5382
5386
5387
5389
5390
5396
5398
5400
5405
5407
5410
5413
5414
5415
5417
5418
5421
5423
5424
5436
5437
5438
5439
5440
5441
5443
5446
5450
5455
5458
5465
5473
5474
5475
5476
5480
5481
5482
5484
5487
5488
5491
5494
5496
5498
5499
5500
5501
5502
5505
5509
5512
5515
5519
5520
5521
5522
5523
5527
5533
5535
5539
5541
5545
5553
5561
5563
5590
5598
5599
5600
5601
5603
5605
5607
5618
5621
5622
5624
5630
5632
5640
5643
5647
5649
5651
5653
5654
5657
5659
5662
5664
5668
5669
5672
5675
5679
5681
5686
5689
5694
5697
5700
5705
5707
5709
5711
5714
5718
5726
5735
5738
5739
5743
5744
5745
5755
5759
5760
5761
5764
5766
5768
5771
5774
5781
5782
5787
5788
5793
5794
5798
5799
5808
5811
5816
5822
5826
5827
5831
5837
5839
5840
5850
5851
5856
5857
5860
5864
5866
5867
5868
5870
5875
5877
5881
5882
5885
5886
5888
5895
5899
5900
5908
5912
5921
5922
5924
5928
5932
5934
5937
5939
5944
5946
5953
5961
5971
5974
5975
5980
5991
5996
6002
6008
6012
6013
6015
6016
6025
6028
6031
6033
6034
6036
6037
6041
6042
6045
6055
6061
6064
6065
6066
6069
6071
6072
6075
6081
6082
6084
6085
6088
6089
6090
6095
6096
6097
6098
6101
6102
6105
6107
6108
6109
6110
6111
6114
6115
6117
6119
6120
6121
6122
6124
6125
6132
6135
6137
6140
6142
6143
6144
6146
6149
6152
6156
6157
6158
6161
6163
6165
6169
6170
6171
6173
6181
6188
6189
6190
6191
6200
6201
6203
6204
6205
6206
6207
6208
6209
6210
6212
6213
6215
6219
6220
6223
6224
6225
6226
6227
6228
6229
6232
6234
6235
6237
6238
6239
6240
6241
6242
6243
6244
6245
6246
6247
6248
6250
6251
6252
6253
6254
6255
6256
6257
6258
6259
6260
6261
6264
6265
6266
6267
6268
6269
6270
6271
6272
6273
6274
6278
6279
6280
6282
6283
6284
6285
6286
6287
6288
6289
6290
6291
6292
6293
6294
6295
6296
6297
6298
6299
6300
6304
6306
6307
6308
6309
6310
6311
6312
6313
6315
6316
6317
6318
6319
6321
6322
6324
6325
6326
6327
6328
6329
6330
6331
6332
6333
6334
6335
6337
6339
6340
6341
6342
6343
6344
6345
6346
6347
6348
6349
6350
6353
6354
6355
6356
6357
6358
6359
6360
6361
6362
6364
6365
6366
6367
6368
6369
6370
6373
6374
6375
6377
6382
6383
6384
6386
6388
6389
6390
6391
6392
6393
6395
6397
6398
6399
6400
6402
6403
6404
6406
6407
6409
6410
6411
6412
6413
6414
6415
6417
6418
6420
6422
6423
6425
6428
6429
6433
6434
6435
6437
6438
6439
6440
6442
6443
6444
6445
6446
6449
6451
6452
6454
6456
6457
6458
6461
6462
6465
6467
6469
6470
6472
6473
6474
6476
6477
6478
6481
6484
6487
6489
6490
6493
6494
6495
6496
6498
6499
6503
6505
6506
6507
6509
6511
6512
6514
6515
6516
6517
6518
6519
6520
6521
6525
6527
6529
6530
6532
6533
6534
6535
6538
6539
6540
6543
6544
6546
6547
6548
6550
6551
6552
6555
6556
6557
6559
6562
6563
6564
6565
6566
6567
6569
6571
6572
6573
6575
6576
6577
6578
6579
6580
6584
6585
6586
6587
6589
6590
6592
6594
6597
6598
6600
6602
6604
6606
6609
6610
6611
6612
6615
6616
6618
6622
6625
6627
6628
6629
6631
6632
6633
6634
6636
6637
6639
6640
6642
6644
6647
6648
6651
6652
6654
6656
6657
6658
6663
6664
6665
6668
6671
6673
6674
6678
6680
6684
6685
6687
6688
6689
6690
6691
6694
6696
6698
6700
6702
6703
6706
6707
6708
6709
6712
6715
6716
6717
6718
6720
6722
6724
6725
6727
6730
6732
6733
6734
6736
6742
6743
6744
6747
6748
6749
6751
6752
6754
6755
6756
6757
6759
6760
6761
6762
6764
6769
6771
6773
6775
6776
6777
6781
6782
6783
6787
6790
6792
6794
6796
6797
6800
6802
6803
6807
6808
6813
6816
6821
6822
6824
6825
6826
6827
6830
6834
6835
6836
6837
6840
6842
6846
6848
6852
6853
6857
6860
6863
6864
6865
6868
6870
6873
6876
6878
6879
6881
6885
6886
6887
6888
6891
6893
6896
6899
6901
6904
6906
6908
6909
6910
6911
6912
6914
6915
6918
6919
6920
6924
6926
6927
6929
6933
6934
6936
6943
6944
6946
6950
6953
6954
6955
6957
6963
6964
6966
6967
6968
6970
6971
6972
6973
6974
6975
6976
6978
6980
6982
6986
6987
6988
6990
6991
6992
6996
6999
7001
7002
7004
7007
7010
7012
7013
7015
7016
7017
7019
7021
7023
7026
7029
7030
7031
7032
7033
7035
7036
7038
7039
7042
7043
7046
7049
7051
7052
7054
7055
7056
7058
7061
7063
7064
7065
7067
7068
7071
7072
7073
7074
7075
7076
7078
7079
7082
7084
7092
7093
7094
7095
7096
7098
7099
7102
7103
7106
7107
7108
7110
7111
7112
7118
7120
7124
7125
7127
7130
7131
7133
7134
7136
7137
7138
7139
7140
7141
7142
7144
7148
7149
7152
7153
7154
7156
7160
7162
7163
7164
7166
7168
7171
7172
7173
7174
7175
7176
7178
7179
7180
7181
7182
7184
7185
7187
7188
7191
7192
7194
7197
7198
7199
7200
7202
7203
7204
7205
7206
7207
7210
7211
7214
7215
7216
7217
7218
7219
7222
7224
7225
7227
7228
7231
7232
7233
7234
7235
7244
7245
7246
7248
7249
7250
7251
7252
7253
7254
7256
7258
7259
7260
7261
7262
7264
7267
7269
7271
7272
7273
7275
7276
7278
7279
7281
7284
7286
7288
7291
7292
7295
7297
7298
7299
7303
7306
7313
7314
7315
7316
7318
7319
7320
7321
7323
7326
7328
7330
7331
7332
7333
7334
7335
7336
7337
7342
7343
7345
7347
7348
7351
7355
7356
7357
7361
7364
7366
7367
7368
7369
7370
7371
7372
7374
7375
7377
7380
7381
7382
7383
7385
7387
7388
7390
7391
7392
7393
7396
7398
7402
7405
7406
7408
7411
7412
7413
7414
7415
7416
7419
7422
7424
7426
7427
7431
7432
7467
7472
7483
7491
7495
7499
7503
7511
7512
7516
7519
7520
7524
7528
7529
7530
7534
7542
7543
7547
7548
7552
7564
7565
7568
7572
7574
7583
7586
7590
7595
7602
7611
7613
7620
7630
7635
7644
7648
7675
7680
7687
7690
7702
7709
7711
7719
7743
7767
7795
7803
7809
7811
7818
7823
7825
7849
7861
7890
7891
7892
7909
7926
7936
7947
7957
7967
7971
7980
8008
8011
8013
8022
8025
8026
8028
8037
8048
8068
8077
8090
8102
8104
8105
8107
8109
8110
8111
8112
8113
8114
8115
8116
8117
8118
8119
8120
8121
8122
8124
8126
8128
8129
8130
8131
8132
8133
8134
8136
8137
8138
8139
8140
8142
8144
8145
8146
8148
8150
8151
8152
8153
8154
8155
8156
8158
8159
8161
8162
8163
8165
8166
8168
8170
8172
8174
8175
8176
8177
8179
8185
8186
8187
8188
8190
8191
8192
8196
8199
8200
8201
8203
8204
8207
8208
8210
8211
8213
8214
8215
8216
8217
8218
8219
8220
8222
8225
8228
8230
8233
8235
8238
8240
8242
8244
8246
8247
8249
8251
8252
8259
8260
8261
8263
8264
8265
8271
8272
8274
8280
8281
8286
8289
8291
8294
8296
8299
8300
8301
8303
8304
8307
8309
8310
8311
8316
8320
8322
8323
8326
8327
8328
8329
8332
8334
8335
8336
8337
8338
8340
8341
8342
8343
8345
8347
8350
8351
8354
8359
8365
8367
8368
8369
8373
8376
8377
8380
8383
8384
8385
8387
8393
8394
8399
8402
8403
8405
8413
8415
8416
8417
8418
8419
8422
8423
8425
8426
8431
8434
8435
8437
8438
8443
8444
8445
8447
8450
8451
8454
8455
8460
8465
8468
8469
8471
8472
8473
8478
8479
8480
8481
8483
8484
8489
8495
8496
8499
8501
8506
8509
8510
8511
8512
8514
8515
8518
8519
8520
8521
8522
8524
8525
8526
8527
8528
8529
8530
8532
8537
8539
8541
8542
8547
8548
8551
8557
8559
8562
8563
8571
8576
8577
8578
8580
8584
8585
8588
8590
8592
8597
8599
8602
8605
8606
8608
8610
8611
8616
8619
8622
8626
8627
8628
8631
8632
8637
8638
8639
8646
8647
8648
8649
8650
8651
8656
8658
8662
8663
8664
8667
8672
8677
8678
8680
8681
8685
8686
8687
8688
8689
8693
8694
8696
8699
8701
8704
8708
8710
8716
8717
8718
8719
8721
8724
8725
8726
8739
8747
8749
8751
8755
8759
8766
8767
8779
8784
8789
8790
8792
8797
8801
8803
8804
8811
8819
8824
8825
8826
8834
8835
8837
8844
8851
8852
8861
8867
8868
8869
8870
8877
8879
8880
8885
8886
8887
8889
8890
8892
8893
8894
8898
8915
8916
8917
8918
8922
8923
8929
8932
8935
8941
8944
8948
8952
8955
8957
8961
8963
8964
8968
8971
8980
8984
8989
8990
8991
8996
8997
9000
9001
9002
9005
9008
9014
9015
9018
9027
9029
9035
9038
9046
9058
9059
9061
9065
9068
9070
9073
9074
9087
9093
9098
9100
9101
9102
9104
9107
9114
9121
9126
9127
9137
9142
9148
9151
9154
9155
9156
9160
9162
9164
9173
9174
9175
9177
9179
9190
9195
9196
9204
9214
9215
9216
9219
9223
9224
9225
9227
9231
9234
9235
9237
9241
9247
9249
9259
9260
9262
9267
9270
9279
9286
9287
9294
9299
9301
9306
9318
9327
9338
9354
9361
9362
9364
9365
9367
9372
9373
9379
9381
9383
9384
9387
9389
9390
9397
9399
9401
9403
9405
9406
9414
9421
9423
9424
9425
9430
9431
9437
9439
9440
9449
9457
9459
9463
9465
9470
9478
9479
9482
9485
9488
9491
9501
9510
9528
9536
9541
9553
9558
9569
9574
9578
9585
9596
9597
9611
9613
9614
9619
9627
9631
9633
9636
9637
9639
9642
9646
9651
9663
9667
9674
9692
9693
9699
9707
9710
9719
9723
9730
9737
9745
9746
9756
9768
9769
9774
9775
9779
9780
9781
9784
9785
9809
9810
9811
9815
9816
9818
9819
9820
9821
9822
9829
9835
9840
9843
9846
9848
9849
9850
9857
9858
9860
9862
9863
9866
9869
9871
9877
9882
9883
9884
9885
9887
9891
9897
9898
9899
9902
9903
9905
9906
9909
9915
9917
9918
9919
9920
9922
9923
9924
9926
9927
9929
9931
9932
9933
9934
9935
9937
9938
9939
9940
9941
9942
9943
9945
9946
9948
9949
9951
9952
9953
9954
9955
9956
9957
9958
9959
9960
9961
9962
9964
9965
9966
9968
9970
9971
9972
9973
9974
9977
9978
9979
9980
9981
9982
9983
9984
9986
9989
9990
9991
9992
9993
9994
9995
9997
9999
10001
10002
10003
10005
10007
10008
10009
10010
10012
10013
10014
10016
10017
10018
10022
10024
10025
10026
10027
10029
10030
10032
10033
10035
10039
10041
10042
10043
10044
10045
10046
10048
10049
10051
10052
10054
10055
10056
10057
10058
10059
10060
10061
10062
10063
10064
10065
10067
10069
10070
10071
10072
10073
10074
10075
10076
10079
10080
10081
10082
10083
10084
10085
10088
10089
10093
10094
10096
10098
10099
10100
10103
10104
10105
10106
10107
10109
10110
10111
10114
10115
10117
10120
10121
10123
10124
10125
10127
10128
10129
10130
10131
10132
10134
10136
10138
10139
10140
10142
10145
10148
10151
10152
10154
10156
10157
10158
10159
10161
10162
10164
10165
10166
10168
10172
10173
10174
10177
10181
10183
10186
10188
10190
10191
10192
10193
10197
10199
10201
10202
10203
10204
10205
10209
10210
10211
10212
10214
10215
10218
10219
10225
10228
10230
10231
10233
10234
10235
10236
10237
10241
10243
10247
10249
10250
10251
10252
10253
10254
10255
10257
10258
10259
10261
10262
10263
10265
10266
10269
10270
10273
10277
10280
10281
10282
10283
10284
10286
10287
10289
10293
10296
10298
10301
10302
10303
10308
10311
10312
10316
10317
10318
10319
10320
10321
10322
10323
10325
10327
10329
10330
10331
10332
10334
10335
10339
10341
10343
10344
10345
10346
10347
10350
10353
10354
10356
10357
10358
10361
10365
10370
10371
10373
10375
10377
10379
10380
10382
10383
10385
10387
10393
10398
10399
10401
10402
10403
10404
10406
10408
10409
10411
10412
10413
10414
10415
10416
10417
10420
10421
10422
10426
10428
10429
10430
10431
10432
10436
10437
10442
10444
10446
10447
10450
10461
10463
10464
10465
10466
10467
10468
10470
10471
10473
10474
10475
10476
10477
10480
10485
10489
10491
10495
10496
10497
10504
10505
10506
10510
10511
10512
10513
10515
10517
10520
10523
10527
10529
10530
10534
10535
10538
10539
10546
10547
10548
10551
10555
10556
10560
10562
10566
10568
10570
10574
10576
10577
10578
10583
10584
10586
10587
10589
10590
10592
10602
10604
10611
10613
10615
10619
10621
10623
10624
10635
10636
10638
10640
10641
10643
10646
10647
10648
10650
10655
10656
10657
10660
10664
10668
10671
10674
10676
10678
10680
10682
10684
10689
10690
10691
10692
10693
10695
10696
10697
10699
10702
10704
10706
10712
10714
10716
10718
10719
10720
10722
10726
10727
10729
10733
10738
10741
10743
10745
10746
10747
10749
10752
10753
10754
10755
10760
10765
10766
10768
10771
10775
10777
10778
10779
10781
10784
10786
10788
10790
10792
10793
10801
10804
10807
10808
10810
10811
10812
10813
10814
10817
10819
10821
10823
10825
10826
10827
10833
10834
10837
10841
10844
10845
10847
10850
10851
10852
10853
10855
10856
10857
10858
10860
10861
10863
10865
10866
10868
10871
10874
10876
10878
10882
10885
10889
10890
10891
10892
10893
10894
10895
10896
10901
10911
10912
10913
10916
10918
10920
10921
10925
10931
10934
10936
10940
10945
10947
10948
10949
10952
10957
10959
10960
10962
10963
10964
10965
10967
10968
10971
10973
10976
10978
10981
10982
10983
10984
10985
10986
10989
10990
10991
10992
10994
10996
10997
10998
11003
11006
11009
11012
11013
11015
11017
11023
11024
11028
11029
11030
11034
11038
11043
11044
11047
11053
11054
11057
11058
11062
11065
11067
11068
11070
11071
11075
11078
11080
11084
11085
11086
11088
11091
11092
11093
11097
11100
11101
11102
11103
11104
11110
11112
11115
11116
11118
11119
11120
11122
11123
11124
11126
11127
11128
11131
11133
11134
11135
11143
11151
11155
11178
11182
11185
11187
11190
11191
11195
11196
11199
11200
11204
11220
11225
11227
11232
11233
11238
11240
11241
11242
11244
11246
11252
11253
11256
11259
11264
11268
11272
11283
11284
11285
11286
11287
11293
11300
11301
11303
11304
11308
11312
11321
11327
11330
11331
11341
11348
11353
11380
11394
11400
11401
11413
11414
11418
11423
11430
11435
11438
11447
11465
11469
11488
11491
11498
11526
11528
11534
11535
11537
11540
11543
11554
11560
11563
11569
11575
11576
11592
11611
11612
11622
11633
11637
11641
11651
11659
11661
11667
11668
11672
11679
11681
11686
11693
11698
11707
11715
11725
11755
11762
11771
11781
11812
11816
11821
11824
11825
11826
11827
11828
11829
11830
11831
11832
11833
11834
11835
11836
11837
11838
11839
11842
11843
11844
11845
11846
11848
11849
11850
11851
11852
11853
11855
11856
11859
11861
11864
11866
11867
11868
11869
11870
11872
11875
11876
11877
11879
11880
11881
11883
11884
11886
11888
11889
11890
11891
11897
11898
11899
11900
11901
11903
11905
11906
11908
11909
11910
11911
11912
11913
11915
11916
11917
11919
11920
11921
11922
11923
11924
11925
11926
11927
11930
11931
11933
11934
11938
11939
11940
11943
11944
11945
11948
11950
11953
11954
11956
11958
11960
11961
11962
11963
11966
11971
11972
11975
11977
11978
11979
11980
11981
11984
11985
11986
11988
11989
11992
11993
11994
11995
11998
12000
12001
12003
12004
12005
12007
12009
12010
12011
12015
12017
12022
12023
12025
12026
12028
12031
12032
12034
12036
12037
12038
12039
12040
12041
12043
12046
12047
12048
12049
12050
12053
12054
12058
12061
12063
12065
12067
12069
12070
12072
12073
12076
12077
12080
12081
12082
12083
12085
12093
12098
12099
12101
12104
12106
12107
12109
12112
12114
12116
12119
12125
12127
12128
12129
12130
12131
12132
12136
12137
12138
12140
12143
12144
12148
12149
12150
12151
12152
12153
12154
12155
12159
12160
12162
12166
12167
12171
12174
12176
12180
12182
12183
12184
12186
12192
12195
12196
12197
12198
12200
12202
12203
12204
12210
12211
12217
12219
12220
12224
12225
12226
12227
12229
12231
12233
12235
12237
12239
12240
12241
12243
12244
12247
12249
12250
12251
12253
12254
12255
12261
12263
12264
12265
12270
12273
12274
12276
12279
12280
12282
12284
12287
12291
12292
12298
12299
12304
12305
12306
12307
12313
12314
12316
12319
12320
12322
12323
12324
12329
12333
12338
12341
12345
12347
12349
12353
12354
12358
12359
12363
12364
12365
12367
12370
12372
12376
12377
12378
12379
12381
12383
12384
12389
12394
12395
12400
12402
12403
12405
12406
12408
12410
12413
12414
12418
12419
12423
12425
12430
12431
12433
12436
12437
12438
12439
12440
12441
12442
12443
12453
12454
12458
12460
12464
12465
12466
12467
12469
12471
12472
12473
12474
12475
12476
12477
12480
12481
12482
12485
12489
12491
12493
12498
12499
12505
12506
12508
12509
12510
12512
12514
12515
12518
12519
12522
12524
12525
12529
12530
12533
12535
12538
12545
12546
12548
12550
12552
12553
12554
12555
12557
12558
12561
12566
12568
12570
12571
12575
12576
12578
12579
12581
12583
12586
12587
12588
12592
12593
12597
12599
12606
12607
12608
12613
12617
12619
12620
12621
12625
12630
12632
12637
12638
12640
12643
12645
12649
12651
12654
12657
12659
12661
12662
12671
12675
12677
12678
12679
12689
12690
12691
12692
12696
12698
12699
12701
12703
12704
12705
12707
12711
12713
12714
12716
12718
12719
12720
12721
12727
12734
12735
12737
12741
12742
12749
12755
12757
12762
12763
12766
12768
12771
12775
12776
12782
12786
12788
12790
12791
12797
12798
12800
12801
12804
12807
12808
12812
12815
12820
12821
12824
12825
12828
12832
12835
12837
12838
12840
12841
12843
12851
12855
12862
12864
12865
12867
12868
12871
12874
12876
12882
12885
12888
12891
12892
12893
12900
12901
12902
12904
12908
12909
12910
12912
12913
12917
12918
12925
12932
12933
12934
12937
12947
12949
12951
12955
12961
12966
12974
12975
12981
12987
12994
12995
12998
13000
13002
13010
13015
13019
13020
13024
13029
13031
13033
13037
13039
13042
13047
13048
13050
13054
13057
13060
13065
13076
13079
13086
13087
13088
13090
13094
13096
13097
13100
13106
13107
13108
13109
13113
13114
13115
13116
13117
13120
13121
13123
13133
13137
13139
13145
13158
13163
13165
13167
13170
13171
13173
13180
13187
13188
13189
13197
13198
13202
13208
13209
13213
13214
13215
13218
13221
13222
13227
13240
13244
13250
13252
13253
13254
13255
13257
13264
13266
13267
13268
13275
13277
13278
13286
13288
13289
13294
13303
13308
13310
13312
13313
13316
13327
13328
13333
13339
13340
13342
13344
13345
13359
13365
13370
13371
13381
13386
13387
13396
13400
13406
13412
13437
13440
13444
13449
13453
13454
13456
13457
13459
13460
13465
13470
13471
13473
13483
13492
13493
13498
13499
13501
13503
13513
13514
13517
13518
13519
13522
13524
13525
13526
13527
13529
13530
13533
13535
13536
13537
13539
13540
13541
13543
13545
13547
13548
13552
13555
13557
13560
13563
13564
13567
13570
13571
13574
13575
13577
13580
13582
13585
13586
13587
13590
13598
13599
13601
13603
13607
13616
13617
13621
13623
13627
13628
13629
13630
13632
13633
13634
13635
13636
13638
13639
13640
13641
13642
13643
13644
13647
13648
13649
13650
13652
13653
13655
13656
13657
13660
13661
13662
13663
13664
13666
13667
13668
13669
13670
13671
13672
13673
13674
13675
13676
13678
13679
13680
13682
13683
13684
13685
13686
13687
13688
13689
13690
13692
13693
13694
13695
13696
13697
13698
13699
13700
13701
13702
13703
13704
13707
13708
13709
13711
13712
13713
13714
13715
13716
13717
13718
13719
13720
13721
13722
13723
13724
13728
13730
13732
13733
13734
13738
13739
13740
13741
13743
13744
13745
13746
13747
13749
13750
13752
13754
13755
13756
13757
13758
13759
13760
13761
13762
13765
13766
13768
13769
13771
13772
13773
13775
13777
13778
13779
13781
13782
13783
13784
13785
13786
13788
13789
13790
13792
13793
13794
13795
13797
13800
13802
13805
13806
13807
13810
13811
13813
13814
13816
13818
13819
13820
13821
13824
13826
13827
13828
13830
13831
13833
13834
13835
13839
13840
13842
13843
13845
13846
13847
13848
13849
13851
13853
13854
13855
13856
13857
13858
13861
13863
13864
13867
13868
13869
13870
13871
13872
13874
13875
13878
13879
13880
13882
13886
13889
13890
13891
13895
13896
13897
13899
13901
13902
13903
13904
13905
13906
13907
13911
13912
13915
13917
13918
13921
13924
13925
13926
13928
13933
13934
13936
13937
13939
13940
13941
13942
13947
13948
13949
13952
13954
13957
13960
13961
13963
13964
13966
13967
13968
13972
13973
13975
13976
13978
13979
13980
13981
13983
13984
13987
13991
13992
13994
13995
13996
13997
13998
14000
14001
14003
14005
14009
14011
14013
14014
14015
14016
14017
14018
14021
14023
14024
14025
14026
14028
14029
14030
14031
14039
14040
14041
14043
14044
14045
14046
14048
14049
14051
14054
14055
14056
14057
14059
14061
14062
14065
14067
14070
14072
14073
14075
14080
14084
14085
14087
14090
14091
14093
14097
14098
14099
14101
14103
14106
14112
14114
14115
14116
14118
14122
14125
14126
14128
14130
14133
14134
14135
14136
14137
14140
14141
14143
14144
14145
14147
14153
14158
14159
14160
14164
14165
14168
14171
14174
14175
14176
14178
14179
14180
14181
14182
14183
14184
14188
14190
14191
14192
14193
14194
14204
14205
14206
14207
14209
14210
14211
14215
14218
14219
14225
14229
14230
14234
14236
14241
14243
14244
14246
14248
14250
14252
14254
14262
14268
14269
14270
14276
14277
14280
14289
14290
14291
14292
14293
14296
14297
14298
14300
14307
14312
14313
14314
14315
14316
14321
14324
14327
14329
14330
14331
14332
14333
14334
14335
14338
14340
14341
14342
14346
14348
14354
14355
14358
14360
14361
14364
14368
14371
14372
14374
14376
14382
14387
14388
14391
14395
14396
14398
14399
14400
14403
14406
14408
14411
14415
14417
14419
14420
14421
14422
14424
14427
14428
14429
14430
14441
14443
14444
14446
14448
14453
14454
14457
14459
14460
14461
14463
14464
14465
14470
14471
14475
14479
14481
14482
14485
14486
14491
14493
14495
14500
14501
14502
14503
14504
14505
14506
14507
14509
14512
14513
14516
14517
14518
14520
14521
14522
14524
14526
14527
14531
14534
14536
14537
14539
14540
14544
14548
14551
14555
14556
14557
14560
14565
14566
14567
14569
14570
14572
14575
14576
14577
14578
14584
14586
14588
14592
14598
14599
14600
14602
14603
14604
14605
14606
14607
14608
14609
14610
14612
14613
14614
14615
14616
14622
14624
14626
14628
14630
14631
14632
14634
14640
14642
14643
14645
14649
14654
14658
14659
14661
14662
14663
14665
14666
14670
14671
14673
14674
14676
14677
14678
14679
14681
14682
14685
14686
14687
14692
14694
14695
14696
14697
14698
14699
14701
14702
14703
14704
14710
14712
14713
14714
14715
14716
14719
14720
14723
14726
14727
14730
14731
14734
14735
14741
14742
14746
14748
14751
14752
14754
14756
14760
14763
14764
14766
14771
14776
14777
14779
14782
14784
14785
14786
14789
14790
14792
14797
14799
14800
14802
14803
14805
14806
14808
14810
14813
14814
14815
14816
14817
14821
14824
14826
14829
14830
14833
14834
14836
14837
14838
14840
14841
14842
14843
14844
14847
14849
14850
14851
14854
14855
14859
14873
14878
14894
14896
14899
14900
14903
14906
14911
14917
14920
14936
14958
14960
14962
14970
14975
14976
14984
14992
14996
15000
15001
15014
15018
15026
15027
15032
15039
15061
15065
15070
15076
15094
15101
15120
15129
15146
15150
15157
15162
15163
15175
15186
15192
15201
15205
15225
15257
15261
15269
15275
15285
15286
15299
15307
15311
15336
15348
15360
15361
15367
15375
15385
15400
15406
15407
15449
15465
15468
15489
15492
15501
15514
15522
15523
15524
15530
15532
15535
15537
15538
15540
15542
15543
15544
15545
15547
15548
15549
15550
15551
15552
15553
15554
15555
15556
15558
15559
15560
15562
15563
15564
15565
15566
15567
15569
15570
15571
15572
15574
15576
15578
15579
15580
15581
15582
15584
15585
15588
15590
15591
15594
15597
15598
15602
15603
15607
15609
15613
15615
15620
15622
15624
15625
15629
15633
15634
15636
15637
15638
15639
15640
15644
15646
15650
15655
15658
15660
15661
15662
15663
15665
15668
15670
15671
15672
15674
15676
15677
15679
15680
15684
15686
15688
15689
15692
15693
15695
15696
15698
15700
15701
15702
15705
15706
15707
15708
15710
15712
15714
15717
15719
15721
15723
15724
15729
15731
15732
15735
15736
15737
15739
15740
15742
15743
15744
15745
15746
15750
15751
15753
15754
15760
15762
15763
15765
15770
15774
15775
15777
15778
15779
15781
15782
15787
15791
15792
15793
15794
15795
15799
15801
15806
15811
15812
15814
15815
15818
15821
15822
15823
15825
15826
15830
15834
15835
15838
15839
15841
15843
15844
15845
15847
15849
15850
15851
15852
15854
15856
15857
15858
15860
15862
15863
15864
15865
15866
15867
15868
15869
15870
15873
15875
15879
15882
15883
15888
15891
15894
15898
15900
15901
15907
15908
15915
15917
15918
15919
15923
15925
15927
15929
15930
15931
15937
15940
15943
15947
15948
15952
15953
15954
15956
15957
15958
15965
15967
15968
15969
15970
15977
15979
15980
15982
15987
15990
15991
15992
15995
15998
15999
16004
16006
16008
16014
16016
16017
16018
16020
16024
16029
16030
16031
16034
16038
16039
16043
16045
16048
16049
16051
16055
16060
16061
16063
16067
16068
16069
16070
16072
16073
16077
16079
16080
16084
16091
16104
16106
16107
16108
16109
16114
16117
16118
16119
16121
16122
16124
16126
16130
16133
16137
16145
16147
16151
16153
16154
16155
16156
16161
16162
16165
16166
16167
16168
16169
16174
16175
16178
16179
16181
16183
16188
16189
16191
16194
16195
16196
16199
16200
16201
16204
16205
16206
16207
16209
16216
16219
16220
16221
16222
16224
16226
16231
16232
16237
16239
16242
16243
16245
16247
16248
16257
16266
16267
16268
16272
16277
16280
16283
16286
16292
16297
16302
16306
16316
16317
16318
16321
16322
16324
16326
16328
16334
16335
16338
16340
16343
16344
16350
16351
16357
16362
16363
16366
16369
16376
16380
16383
16384
16390
16391
16406
16407
16411
16415
16416
16417
16418
16419
16423
16428
16429
16430
16432
16433
16435
16439
16443
16445
16448
16451
16452
16455
16459
16467
16471
16473
16476
16480
16481
16483
16489
16492
16493
16494
16496
16498
16501
16502
16503
16505
16507
16515
16518
16529
16538
16542
16544
16549
16550
16552
16555
16565
16569
16571
16578
16579
16588
16590
16591
16592
16595
16603
16608
16609
16610
16611
16615
16623
16624
16626
16643
16647
16663
16667
16669
16675
16677
16692
16699
16700
16702
16718
16752
16756
16761
16763
16766
16768
16773
16774
16777
16778
16780
16789
16792
16793
16797
16798
16800
16810
16811
16812
16817
16823
16825
16827
16829
16838
16859
16861
16862
16877
16879
16881
16882
16884
16893
16894
16897
16901
16903
16910
16911
16921
16923
16929
16934
16935
16939
16942
16943
16944
16945
16950
16958
16959
16964
16966
16968
16969
16972
16973
16981
16982
16995
16997
16998
17002
17003
17005
17007
17009
17013
17019
17024
17027
17037
17043
17045
17053
17054
17061
17062
17072
17079
17082
17085
17093
17098
17100
17104
17116
17121
17122
17130
17135
17138
17140
17141
17149
17158
17165
17167
17171
17181
17183
17187
17197
17200
17203
17207
17211
17212
17213
17215
17216
17230
17231
17238
17243
17247
17248
17249
17250
17252
17253
17257
17263
17266
17267
17268
17270
17271
17273
17274
17276
17277
17278
17280
17284
17285
17286
17289
17291
17294
17295
17296
17299
17300
17303
17311
17315
17317
17318
17321
17322
17324
17330
17333
17337
17341
17342
17343
17344
17345
17347
17349
17350
17351
17352
17354
17355
17357
17359
17360
17361
17362
17365
17366
17369
17370
17371
17373
17374
17375
17376
17378
17380
17381
17382
17383
17384
17385
17388
17389
17392
17393
17394
17395
17397
17398
17400
17401
17402
17403
17404
17405
17406
17408
17409
17410
17414
17415
17416
17418
17421
17423
17424
17425
17426
17428
17431
17433
17436
17437
17438
17440
17441
17446
17447
17448
17449
17450
17451
17452
17453
17455
17457
17458
17460
17461
17462
17463
17464
17467
17468
17470
17471
17472
17473
17475
17476
17478
17479
17480
17482
17484
17485
17487
17489
17490
17491
17492
17493
17495
17496
17497
17498
17500
17502
17504
17507
17508
17509
17510
17511
17512
17514
17516
17520
17521
17525
17526
17527
17531
17532
17533
17534
17535
17537
17540
17541
17542
17543
17545
17546
17548
17551
17553
17554
17556
17557
17558
17559
17562
17564
17565
17566
17567
17568
17569
17571
17572
17573
17574
17575
17576
17577
17578
17579
17581
17582
17584
17585
17587
17589
17590
17592
17594
17595
17596
17597
17599
17600
17603
17605
17611
17612
17615
17620
17621
17622
17623
17624
17625
17627
17628
17629
17630
17632
17636
17639
17640
17644
17648
17649
17651
17652
17653
17656
17658
17659
17664
17666
17667
17669
17671
17672
17673
17678
17681
17682
17683
17684
17685
17686
17688
17690
17691
17692
17693
17696
17697
17698
17700
17702
17705
17708
17710
17711
17714
17716
17718
17722
17726
17729
17730
17732
17734
17737
17739
17740
17741
17743
17744
17746
17747
17749
17751
17753
17754
17757
17758
17759
17760
17762
17763
17765
17768
17769
17771
17773
17774
17775
17777
17781
17783
17784
17786
17789
17790
17793
17794
17797
17798
17799
17801
17804
17806
17807
17808
17812
17815
17817
17825
17829
17831
17832
17833
17836
17839
17840
17841
17842
17845
17848
17849
17850
17854
17855
17856
17857
17859
17864
17867
17868
17869
17871
17874
17875
17878
17879
17880
17881
17885
17888
17889
17891
17892
17893
17894
17895
17896
17901
17903
17904
17908
17911
17919
17921
17924
17925
17929
17932
17934
17938
17939
17944
17946
17947
17950
17955
17964
17967
17970
17973
17975
17978
17982
17984
17985
17986
17987
17990
17991
17994
18001
18003
18005
18006
18010
18012
18013
18015
18018
18020
18023
18037
18038
18041
18042
18043
18046
18051
18052
18056
18060
18064
18069
18075
18076
18078
18079
18087
18088
18094
18095
18096
18098
18099
18101
18105
18106
18107
18108
18109
18110
18112
18113
18114
18117
18120
18122
18130
18132
18134
18135
18136
18139
18142
18143
18144
18146
18148
18155
18157
18160
18161
18172
18173
18174
18175
18184
18190
18191
18194
18196
18197
18201
18207
18211
18212
18214
18215
18218
18219
18224
18225
18226
18230
18233
18236
18237
18238
18240
18241
18245
18246
18250
18252
18253
18254
18255
18257
18262
18267
18269
18270
18272
18276
18277
18278
18279
18281
18283
18284
18286
18288
18292
18293
18296
18298
18301
18302
18304
18306
18308
18309
18312
18313
18315
18317
18319
18321
18322
18323
18324
18328
18329
18333
18338
18339
18344
18346
18347
18348
18349
18352
18353
18357
18358
18359
18362
18364
18368
18372
18374
18375
18377
18378
18380
18388
18391
18392
18393
18395
18396
18399
18400
18402
18405
18406
18409
18410
18411
18412
18415
18416
18417
18418
18419
18422
18425
18426
18427
18432
18434
18436
18437
18438
18440
18444
18445
18446
18452
18453
18455
18456
18458
18462
18466
18469
18470
18473
18474
18475
18477
18478
18479
18483
18485
18487
18489
18490
18492
18493
18496
18498
18499
18500
18501
18503
18505
18506
18509
18513
18514
18516
18521
18525
18527
18528
18529
18530
18531
18532
18533
18535
18538
18540
18543
18547
18550
18551
18553
18554
18555
18561
18562
18568
18571
18573
18575
18579
18583
18596
18602
18606
18613
18617
18632
18647
18656
18662
18664
18666
18672
18673
18674
18675
18676
18679
18680
18684
18694
18698
18706
18715
18721
18736
18737
18749
18755
18781
18789
18804
18805
18816
18817
18818
18835
18842
18863
18870
18872
18874
18875
18877
18891
18896
18908
18912
18919
18939
18947
18948
18950
18951
18968
18986
18988
18989
18997
19004
19010
19019
19025
19040
19056
19068
19069
19071
19074
19083
19086
19087
19091
19093
19094
19096
19102
19105
19107
19108
19111
19127
19131
19135
19145
19206
19209
19214
19227
19245
19246
19247
19251
19252
19254
19255
19257
19258
19260
19261
19263
19264
19265
19266
19267
19269
19270
19271
19272
19273
19274
19276
19277
19278
19279
19280
19281
19282
19283
19284
19287
19289
19290
19291
19292
19293
19294
19295
19296
19297
19298
19299
19300
19301
19303
19304
19305
19308
19311
19312
19313
19314
19315
19316
19317
19318
19319
19320
19325
19326
19327
19328
19329
19332
19333
19334
19335
19336
19337
19338
19339
19341
19342
19343
19345
19346
19348
19349
19350
19351
19352
19353
19354
19355
19357
19359
19360
19361
19363
19366
19367
19368
19369
19370
19372
19373
19374
19379
19381
19382
19384
19386
19388
19389
19391
19392
19393
19394
19397
19400
19401
19403
19404
19405
19406
19407
19412
19414
19416
19418
19420
19421
19422
19423
19426
19428
19431
19432
19433
19434
19435
19436
19443
19444
19449
19450
19451
19454
19455
19460
19462
19465
19466
19468
19469
19471
19472
19473
19474
19476
19478
19485
19486
19489
19492
19493
19495
19497
19498
19500
19501
19502
19504
19506
19508
19509
19510
19511
19512
19513
19520
19526
19527
19528
19529
19532
19533
19535
19536
19539
19540
19541
19542
19543
19547
19549
19552
19555
19557
19559
19560
19564
19565
19566
19570
19571
19577
19578
19579
19581
19582
19583
19586
19587
19589
19592
19597
19598
19600
19610
19612
19613
19614
19615
19620
19621
19625
19626
19630
19631
19632
19633
19636
19637
19639
19641
19642
19644
19648
19651
19653
19654
19655
19656
19657
19658
19659
19662
19664
19666
19667
19668
19670
19671
19672
19675
19677
19679
19681
19686
19688
19691
19693
19694
19699
19700
19701
19702
19704
19705
19706
19707
19709
19712
19713
19714
19720
19722
19723
19726
19727
19730
19731
19732
19733
19734
19735
19739
19741
19744
19745
19747
19748
19750
19751
19752
19760
19761
19763
19765
19769
19770
19772
19773
19777
19779
19781
19785
19787
19788
19790
19792
19793
19794
19796
19800
19801
19804
19805
19806
19807
19809
19810
19813
19820
19821
19822
19823
19827
19828
19829
19830
19831
19832
19840
19843
19844
19851
19853
19854
19855
19857
19858
19860
19867
19869
19873
19876
19878
19880
19881
19885
19889
19896
19897
19902
19903
19907
19909
19910
19913
19914
19918
19919
19921
19923
19925
19927
19928
19929
19933
19934
19935
19938
19939
19940
19948
19951
19956
19958
19959
19961
19962
19971
19973
19974
19976
19981
19985
19986
19994
20000
20006
20009
20010
20011
20012
20013
20016
20018
20020
20021
20023
20024
20027
20028
20029
20030
20031
20038
20042
20045
20048
20049
20053
20057
20058
20059
20060
20065
20067
20070
20071
20073
20074
20083
20087
20088
20089
20094
20096
20097
20105
20106
20110
20113
20118
20124
20126
20129
20131
20132
20133
20137
20138
20139
20140
20141
20142
20144
20146
20147
20150
20151
20152
20155
20159
20162
20163
20165
20167
20173
20174
20177
20178
20180
20183
20186
20187
20193
20207
20211
20214
20216
20217
20229
20231
20232
20240
20241
20243
20250
20252
20253
20256
20257
20258
20260
20262
20263
20264
20265
20270
20272
20273
20278
20279
20281
20282
20285
20290
20292
20293
20294
20295
20296
20297
20298
20299
20301
20307
20313
20315
20317
20319
20321
20323
20324
20328
20329
20330
20331
20337
20338
20340
20342
20346
20347
20353
20355
20366
20367
20368
20374
20377
20379
20387
20389
20392
20394
20396
20398
20400
20408
20417
20418
20428
20437
20438
20439
20443
20447
20448
20449
20450
20452
20456
20459
20460
20461
20463
20465
20467
20472
20474
20475
20476
20477
20478
20480
20488
20494
20496
20497
20498
20504
20505
20514
20515
20518
20520
20522
20524
20525
20526
20531
20534
20538
20541
20542
20543
20544
20548
20549
20550
20551
20554
20556
20559
20566
20573
20574
20580
20582
20586
20591
20594
20595
20597
20598
20600
20601
20602
20605
20608
20609
20610
20611
20614
20616
20617
20620
20627
20633
20637
20639
20643
20649
20653
20654
20655
20659
20661
20662
20666
20672
20673
20674
20677
20678
20682
20683
20684
20686
20695
20697
20699
20703
20704
20705
20707
20710
20711
20716
20719
20731
20733
20734
20735
20736
20738
20739
20741
20755
20762
20763
20770
20772
20776
20779
20782
20789
20792
20797
20805
20809
20811
20812
20815
20817
20818
20822
20829
20831
20855
20861
20864
20867
20868
20869
20872
20875
20877
20885
20900
20901
20911
20916
20917
20918
20920
20921
20924
20925
20927
20933
20934
20937
20940
20945
20946
20950
20952
20953
20954
20955
20956
20957
20958
20961
20964
20965
20967
20969
20971
20972
20975
20977
20979
20980
20983
20984
20985
20988
20990
20996
20997
20998
20999
21001
21002
21005
21006
21008
21009
21013
21014
21015
21017
21019
21021
21024
21027
21029
21032
21038
21040
21044
21045
21047
21049
21051
21054
21055
21056
21057
21058
21059
21063
21064
21065
21066
21068
21071
21072
21073
21075
21076
21079
21080
21082
21083
21084
21085
21086
21088
21089
21090
21091
21093
21094
21095
21096
21098
21099
21101
21102
21103
21104
21105
21107
21108
21110
21112
21113
21114
21115
21116
21117
21120
21121
21123
21126
21127
21128
21129
21130
21131
21132
21137
21139
21140
21141
21142
21144
21145
21147
21149
21150
21151
21152
21153
21155
21156
21158
21159
21160
21161
21164
21165
21166
21167
21168
21169
21171
21172
21174
21175
21176
21177
21181
21182
21183
21184
21185
21186
21188
21189
21190
21193
21194
21196
21197
21198
21199
21200
21201
21203
21205
21206
21209
21211
21212
21214
21215
21218
21220
21221
21223
21224
21225
21226
21229
21230
21231
21233
21237
21238
21239
21240
21241
21242
21245
21246
21247
21248
21250
21251
21253
21254
21255
21256
21257
21258
21259
21262
21264
21266
21267
21268
21269
21270
21271
21272
21274
21276
21278
21279
21280
21281
21282
21283
21286
21287
21288
21289
21290
21291
21293
21294
21296
21298
21299
21303
21305
21306
21308
21309
21310
21314
21315
21317
21318
21319
21323
21325
21328
21329
21330
21332
21333
21335
21336
21338
21339
21343
21344
21345
21346
21349
21350
21352
21354
21356
21357
21358
21360
21362
21365
21367
21370
21372
21375
21379
21383
21385
21386
21388
21389
21395
21396
21400
21402
21403
21404
21406
21407
21408
21411
21412
21413
21415
21419
21422
21423
21424
21425
21427
21428
21431
21432
21436
21437
21438
21440
21441
21443
21444
21445
21446
21451
21452
21453
21454
21455
21457
21458
21460
21461
21464
21465
21466
21467
21468
21470
21471
21473
21474
21476
21477
21478
21479
21481
21483
21484
21485
21486
21487
21488
21489
21491
21493
21494
21495
21496
21497
21504
21505
21507
21508
21509
21510
21511
21513
21514
21515
21516
21518
21519
21528
21529
21530
21531
21532
21533
21534
21536
21539
21540
21542
21545
21546
21552
21553
21554
21556
21557
21559
21560
21562
21563
21568
21570
21571
21572
21573
21574
21575
21578
21580
21581
21586
21587
21588
21590
21591
21592
21595
21599
21600
21602
21603
21604
21605
21606
21607
21608
21611
21612
21613
21614
21616
21617
21619
21621
21625
21627
21631
21633
21635
21637
21639
21640
21644
21646
21647
21651
21652
21654
21655
21658
21659
21664
21669
21672
21676
21678
21680
21681
21683
21685
21690
21693
21694
21695
21696
21697
21698
21704
21708
21710
21716
21718
21719
21720
21723
21724
21725
21726
21727
21732
21734
21735
21738
21739
21741
21742
21743
21744
21747
21749
21757
21758
21759
21760
21761
21762
21764
21769
21774
21778
21779
21780
21783
21784
21789
21790
21797
21798
21799
21800
21801
21805
21808
21813
21818
21819
21823
21824
21826
21828
21830
21832
21833
21835
21836
21841
21846
21847
21848
21850
21851
21856
21858
21860
21861
21862
21863
21864
21865
21866
21868
21869
21871
21872
21874
21877
21878
21879
21880
21882
21887
21889
21891
21893
21894
21895
21898
21899
21902
21904
21905
21917
21921
21925
21928
21929
21931
21933
21934
21935
21940
21941
21946
21948
21949
21951
21954
21955
21956
21959
21966
21967
21968
21972
21973
21974
21978
21979
21981
21982
21983
21984
21985
21986
21987
21988
21989
21992
21994
21995
21996
21999
22000
22002
22003
22004
22005
22007
22009
22010
22011
22012
22015
22016
22020
22022
22027
22029
22031
22032
22033
22034
22035
22036
22037
22038
22040
22041
22042
22043
22044
22047
22048
22051
22052
22054
22056
22059
22060
22061
22062
22067
22071
22074
22075
22076
22079
22080
22082
22085
22087
22088
22089
22091
22093
22099
22101
22102
22104
22105
22107
22109
22110
22111
22114
22115
22118
22122
22123
22125
22126
22127
22128
22129
22130
22131
22132
22135
22136
22138
22139
22140
22142
22144
22145
22146
22147
22148
22151
22152
22154
22155
22159
22160
22162
22163
22169
22170
22171
22172
22174
22176
22179
22183
22186
22190
22191
22192
22193
22199
22201
22204
22205
22206
22207
22210
22212
22213
22214
22215
22217
22222
22223
22224
22227
22228
22230
22232
22233
22235
22236
22237
22238
22239
22241
22242
22244
22245
22247
22249
22250
22252
22254
22257
22258
22261
22262
22264
22266
22268
22269
22270
22271
22275
22277
22281
22283
22285
22287
22290
22293
22303
22309
22324
22330
22333
22343
22345
22355
22359
22363
22367
22372
22384
22385
22386
22390
22391
22398
22401
22402
22404
22405
22407
22411
22415
22419
22423
22429
22430
22436
22446
22456
22461
22467
22476
22485
22503
22505
22524
22532
22570
22577
22578
22616
22636
22637
22660
22670
22685
22694
22735
22754
22775
22791
22800
22819
22828
22835
22851
22876
22891
22908
22947
22958
22959
22960
22962
22963
22964
22965
22967
22968
22969
22970
22971
22972
22973
22974
22975
22977
22978
22979
22981
22984
22986
22987
22988
22990
22992
22993
22994
22995
22997
22998
22999
23000
23002
23003
23004
23006
23008
23009
23010
23012
23013
23014
23015
23018
23019
23020
23022
23024
23025
23026
23028
23030
23031
23033
23034
23038
23039
23040
23041
23042
23044
23046
23050
23051
23052
23056
23057
23063
23066
23069
23071
23072
23073
23074
23075
23076
23077
23078
23080
23082
23083
23084
23085
23086
23088
23089
23090
23092
23093
23095
23097
23098
23099
23102
23103
23104
23107
23108
23110
23114
23116
23117
23119
23120
23121
23123
23125
23126
23127
23129
23133
23134
23136
23142
23147
23148
23151
23152
23156
23157
23159
23161
23162
23164
23165
23167
23172
23174
23176
23177
23179
23184
23185
23186
23187
23188
23193
23197
23199
23203
23206
23207
23211
23217
23218
23220
23221
23222
23223
23224
23227
23229
23231
23233
23234
23235
23240
23241
23242
23249
23250
23254
23255
23256
23257
23258
23261
23262
23263
23266
23267
23269
23270
23271
23275
23279
23280
23281
23282
23286
23290
23292
23293
23295
23296
23297
23298
23302
23303
23308
23310
23311
23312
23322
23326
23327
23328
23330
23335
23336
23340
23341
23346
23347
23351
23352
23353
23355
23357
23361
23362
23364
23367
23368
23371
23372
23377
23379
23382
23385
23386
23389
23391
23393
23395
23396
23397
23398
23403
23405
23407
23408
23412
23414
23415
23418
23420
23421
23423
23425
23427
23431
23433
23434
23436
23437
23443
23444
23446
23447
23448
23454
23456
23458
23462
23463
23466
23469
23470
23477
23479
23481
23483
23486
23487
23490
23494
23495
23498
23501
23503
23504
23507
23508
23509
23512
23516
23518
23520
23523
23525
23531
23534
23536
23537
23541
23543
23546
23547
23549
23550
23552
23557
23558
23563
23568
23570
23571
23579
23581
23583
23584
23589
23595
23596
23600
23603
23607
23608
23618
23622
23625
23627
23632
23633
23636
23637
23641
23642
23643
23645
23647
23650
23652
23653
23657
23658
23659
23660
23663
23665
23666
23670
23671
23673
23675
23682
23687
23692
23693
23694
23695
23700
23702
23704
23708
23709
23713
23719
23720
23723
23725
23726
23729
23737
23738
23742
23745
23751
23756
23759
23765
23770
23771
23772
23774
23778
23779
23782
23785
23788
23789
23791
23793
23794
23797
23800
23801
23802
23808
23809
23815
23817
23819
23820
23822
23824
23827
23834
23836
23837
23839
23843
23845
23846
23851
23852
23853
23854
23855
23856
23860
23861
23864
23869
23870
23874
23875
23877
23878
23882
23883
23887
23888
23889
23897
23899
23900
23901
23903
23904
23906
23917
23918
23921
23922
23925
23928
23936
23941
23943
23946
23957
23958
23960
23962
23963
23964
23966
23977
23978
23982
23984
23985
23987
23991
23993
23995
23998
23999
24000
24002
24007
24010
24012
24015
24016
24018
24019
24023
24026
24031
24033
24037
24045
24046
24048
24051
24052
24053
24055
24064
24066
24075
24079
24081
24093
24096
24097
24102
24103
24108
24118
24126
24130
24133
24137
24144
24151
24152
24161
24167
24170
24173
24188
24190
24191
24202
24206
24209
24210
24218
24221
24228
24232
24239
24240
24242
24245
24250
24251
24255
24257
24259
24262
24270
24279
24283
24294
24300
24301
24305
24312
24313
24314
24315
24316
24322
24326
24330
24331
24334
24338
24339
24340
24341
24351
24352
24354
24356
24375
24379
24397
24400
24405
24407
24410
24418
24421
24430
24437
24441
24448
24449
24453
24454
24458
24469
24475
24481
24499
24509
24513
24523
24528
24538
24541
24551
24554
24559
24560
24566
24569
24570
24576
24579
24581
24583
24586
24591
24600
24607
24615
24624
24625
24628
24629
24630
24635
24637
24641
24643
24645
24650
24653
24654
24658
24666
24667
24671
24672
24675
24678
24679
24681
24682
24685
24689
24692
24694
24695
24696
24698
24699
24702
24705
24706
24711
24713
24714
24717
24718
24719
24720
24722
24726
24727
24728
24731
24732
24735
24738
24739
24745
24749
24759
24761
24762
24771
24772
24773
24774
24775
24776
24777
24778
24780
24782
24783
24785
24787
24789
24790
24791
24793
24794
24795
24796
24798
24799
24800
24802
24804
24805
24806
24807
24808
24810
24811
24812
24813
24814
24816
24817
24818
24819
24821
24822
24825
24826
24827
24830
24831
24832
24833
24834
24836
24837
24839
24840
24842
24844
24845
24846
24848
24850
24851
24853
24854
24856
24857
24858
24859
24860
24862
24864
24865
24866
24868
24870
24874
24876
24878
24880
24881
24882
24883
24884
24885
24886
24888
24889
24890
24891
24892
24895
24896
24898
24899
24900
24903
24906
24907
24909
24910
24911
24912
24914
24915
24917
24918
24919
24920
24921
24923
24924
24925
24926
24927
24928
24929
24930
24932
24936
24937
24938
24939
24940
24941
24942
24944
24945
24947
24949
24950
24951
24952
24954
24958
24960
24961
24962
24963
24968
24969
24970
24971
24973
24975
24976
24979
24982
24984
24985
24986
24987
24990
24994
24995
25000
25001
25002
25003
25004
25005
25007
25008
25011
25012
25014
25015
25017
25019
25020
25021
25022
25023
25024
25028
25029
25031
25033
25034
25035
25037
25038
25039
25043
25044
25046
25049
25051
25053
25057
25059
25060
25061
25062
25063
25067
25068
25069
25072
25074
25075
25076
25079
25081
25083
25089
25090
25094
25095
25096
25097
25099
25100
25108
25109
25110
25112
25113
25114
25115
25116
25121
25122
25126
25129
25130
25131
25133
25136
25137
25138
25143
25145
25146
25151
25152
25154
25155
25161
25167
25168
25169
25170
25171
25172
25173
25174
25178
25179
25181
25182
25184
25185
25186
25188
25190
25191
25192
25193
25195
25197
25198
25199
25203
25204
25207
25212
25214
25217
25218
25219
25220
25221
25224
25225
25226
25228
25229
25231
25232
25235
25238
25239
25240
25241
25243
25245
25247
25248
25249
25250
25253
25254
25257
25259
25260
25265
25267
25268
25270
25271
25272
25273
25275
25277
25285
25286
25291
25295
25296
25299
25302
25303
25306
25313
25316
25318
25320
25322
25325
25326
25327
25328
25329
25331
25333
25334
25335
25340
25345
25347
25351
25352
25353
25355
25356
25357
25360
25361
25362
25366
25367
25368
25369
25371
25376
25377
25383
25384
25385
25388
25392
25395
25403
25407
25410
25411
25412
25415
25416
25418
25421
25422
25433
25434
25435
25437
25438
25443
25448
25449
25452
25455
25456
25461
25462
25464
25467
25468
25469
25473
25474
25478
25480
25484
25486
25496
25497
25503
25504
25514
25516
25521
25522
25524
25527
25533
25535
25536
25537
25538
25541
25542
25545
25547
25548
25549
25550
25558
25559
25560
25564
25566
25567
25570
25571
25572
25574
25576
25578
25583
25585
25588
25592
25593
25594
25596
25599
25601
25602
25603
25605
25606
25610
25613
25615
25618
25619
25620
25621
25623
25624
25627
25630
25631
25632
25633
25635
25638
25640
25644
25645
25654
25655
25657
25659
25664
25667
25668
25669
25671
25672
25673
25680
25681
25683
25684
25687
25690
25692
25694
25700
25703
25708
25709
25710
25711
25713
25714
25719
25720
25721
25723
25728
25729
25730
25732
25734
25735
25736
25738
25741
25743
25745
25748
25749
25750
25751
25752
25757
25758
25760
25761
25766
25767
25768
25770
25772
25775
25776
25777
25779
25781
25783
25784
25786
25790
25794
25796
25799
25800
25803
25804
25805
25807
25808
25813
25814
25816
25818
25819
25820
25821
25823
25824
25826
25827
25828
25829
25832
25833
25837
25838
25839
25841
25844
25845
25846
25847
25850
25852
25854
25855
25856
25857
25858
25859
25862
25865
25866
25868
25870
25873
25874
25875
25876
25877
25880
25881
25884
25886
25887
25893
25897
25898
25900
25902
25904
25905
25906
25907
25912
25913
25914
25915
25919
25920
25921
25924
25925
25926
25927
25928
25931
25934
25935
25938
25939
25940
25941
25942
25943
25944
25946
25947
25949
25951
25954
25955
25956
25957
25958
25959
25961
25962
25963
25966
25968
25969
25971
25972
25974
25975
25976
25978
25979
25980
25981
25984
25985
25987
25988
25989
25990
25991
25992
25993
25995
25997
25999
26003
26006
26007
26008
26014
26017
26021
26024
26028
26030
26032
26033
26037
26038
26039
26047
26049
26052
26070
26076
26081
26086
26087
26088
26089
26100
26108
26111
26112
26116
26129
26136
26141
26142
26143
26146
26151
26156
26159
26163
26164
26166
26172
26187
26204
26205
26209
26225
26236
26239
26243
26244
26256
26259
26260
26291
26298
26301
26303
26320
26324
26325
26334
26347
26348
26368
26370
26375
26393
26396
26399
26400
26423
26425
26432
26437
26440
26465
26486
26487
26525
26533
26535
26536
26537
26549
26551
26553
26563
26567
26572
26575
26581
26620
26625
26631
26655
26668
26672
26674
26675
26676
26677
26679
26680
26681
26682
26683
26684
26685
26686
26688
26689
26691
26692
26693
26694
26695
26698
26699
26700
26701
26702
26703
26704
26705
26706
26707
26708
26709
26710
26711
26712
26714
26715
26716
26717
26718
26719
26720
26721
26722
26723
26724
26725
26726
26727
26728
26729
26731
26732
26733
26736
26739
26740
26742
26743
26747
26753
26755
26756
26757
26760
26761
26763
26765
26766
26767
26771
26774
26776
26777
26778
26779
26780
26782
26784
26785
26786
26787
26789
26790
26792
26794
26795
26796
26797
26798
26799
26800
26802
26803
26804
26805
26808
26809
26810
26813
26815
26818
26819
26820
26822
26828
26830
26831
26832
26833
26834
26835
26838
26839
26842
26843
26845
26846
26847
26850
26851
26856
26857
26858
26859
26860
26861
26863
26864
26866
26867
26870
26871
26873
26874
26876
26877
26878
26881
26886
26890
26892
26894
26895
26896
26898
26899
26903
26904
26905
26910
26911
26914
26915
26917
26920
26921
26922
26924
26925
26930
26931
26936
26938
26948
26951
26953
26956
26957
26959
26960
26961
26963
26964
26968
26972
26975
26977
26981
26983
26984
26986
26987
26988
26990
26994
26995
26996
26999
27000
27001
27003
27005
27006
27007
27008
27009
27010
27011
27014
27015
27017
27022
27024
27027
27030
27035
27041
27048
27049
27050
27051
27055
27056
27057
27059
27060
27065
27071
27072
27075
27076
27077
27078
27080
27081
27082
27084
27085
27086
27087
27089
27091
27092
27094
27095
27096
27097
27098
27100
27103
27106
27107
27108
27109
27110
27111
27112
27113
27117
27121
27122
27123
27128
27129
27130
27132
27135
27136
27141
27142
27144
27146
27148
27149
27153
27154
27155
27157
27159
27160
27161
27162
27168
27170
27171
27172
27173
27174
27175
27176
27178
27180
27182
27183
27187
27188
27189
27192
27198
27202
27204
27205
27206
27207
27208
27209
27212
27218
27219
27220
27221
27222
27224
27225
27226
27228
27231
27232
27233
27234
27236
27237
27241
27250
27251
27253
27255
27256
27257
27258
27259
27260
27261
27262
27263
27264
27265
27268
27273
27274
27275
27276
27277
27279
27280
27282
27283
27284
27285
27290
27292
27293
27295
27296
27297
27298
27300
27303
27304
27305
27306
27308
27309
27312
27314
27316
27317
27319
27321
27322
27323
27324
27325
27326
27328
27330
27333
27334
27335
27339
27341
27346
27347
27349
27353
27356
27357
27361
27362
27364
27365
27366
27367
27369
27370
27371
27372
27373
27374
27375
27377
27379
27380
27381
27384
27385
27387
27388
27390
27391
27392
27393
27396
27397
27399
27400
27401
27406
27407
27409
27414
27415
27416
27419
27420
27421
27426
27430
27432
27434
27435
27437
27441
27445
27446
27447
27451
27452
27454
27456
27458
27459
27460
27462
27463
27464
27473
27474
27476
27477
27481
27485
27486
27489
27492
27497
27500
27501
27502
27505
27511
27515
27519
27522
27526
27527
27528
27531
27533
27534
27535
27537
27539
27541
27544
27546
27548
27549
27554
27559
27560
27561
27563
27564
27565
27569
27570
27572
27575
27577
27587
27588
27593
27595
27597
27602
27605
27607
27611
27612
27618
27619
27621
27622
27624
27628
27631
27632
27635
27636
27640
27642
27644
27646
27647
27649
27657
27658
27660
27663
27666
27668
27669
27671
27672
27673
27674
27676
27679
27681
27683
27688
27690
27692
27693
27696
27699
27701
27703
27705
27707
27711
27716
27718
27721
27727
27733
27741
27743
27744
27745
27749
27751
27752
27758
27759
27760
27761
27764
27766
27768
27773
27774
27780
27781
27784
27793
27794
27795
27800
27802
27803
27805
27808
27817
27818
27820
27822
27824
27826
27827
27832
27843
27847
27850
27855
27857
27864
27871
27875
27879
27880
27887
27888
27889
27890
27891
27895
27898
27903
27904
27905
27906
27911
27919
27922
27928
27930
27931
27933
27935
27937
27942
27945
27946
27948
27950
27952
27953
27954
27957
27959
27960
27962
27965
27969
27971
27974
27978
27984
27985
27988
27991
27993
27995
28002
28004
28005
28006
28010
28014
28015
28016
28019
28021
28023
28024
28027
28029
28031
28032
28036
28043
28044
28047
28049
28050
28053
28056
28061
28065
28066
28070
28071
28072
28077
28078
28079
28080
28081
28084
28086
28087
28091
28096
28097
28104
28106
28110
28111
28113
28114
28123
28124
28131
28135
28136
28137
28145
28149
28151
28155
28159
28161
28164
28166
28167
28168
28170
28178
28199
28209
28210
28212
28214
28221
28230
28231
28233
28235
28236
28237
28239
28240
28242
28243
28248
28250
28255
28258
28262
28265
28269
28271
28272
28274
28276
28277
28279
28280
28284
28289
28293
28300
28304
28307
28308
28310
28313
28315
28316
28318
28321
28325
28327
28339
28344
28347
28348
28353
28354
28355
28356
28357
28359
28361
28362
28364
28368
28370
28373
28374
28378
28380
28381
28382
28385
28389
28390
28391
28392
28393
28395
28396
28399
28403
28404
28405
28406
28407
28408
28412
28414
28416
28419
28420
28421
28423
28424
28426
28427
28428
28430
28431
28433
28434
28439
28443
28445
28447
28459
28460
28471
28472
28473
28475
28476
28477
28480
28482
28485
28486
28487
28488
28491
28493
28494
28499
28501
28502
28503
28506
28507
28508
28510
28511
28513
28515
28516
28517
28518
28519
28520
28522
28523
28524
28526
28527
28529
28531
28532
28533
28534
28535
28536
28537
28539
28540
28541
28542
28544
28545
28546
28547
28548
28549
28550
28551
28552
28553
28554
28555
28558
28559
28560
28562
28563
28564
28566
28567
28568
28569
28571
28572
28573
28574
28575
28577
28578
28579
28582
28584
28588
28589
28592
28593
28594
28595
28596
28597
28599
28600
28601
28602
28603
28604
28605
28607
28608
28609
28610
28612
28613
28614
28615
28616
28617
28618
28619
28620
28624
28625
28626
28629
28631
28633
28634
28635
28637
28639
28641
28643
28646
28648
28649
28651
28652
28653
28657
28659
28664
28666
28667
28669
28670
28673
28674
28675
28676
28677
28679
28680
28682
28683
28684
28687
28689
28690
28693
28695
28696
28698
28699
28700
28701
28702
28703
28704
28708
28710
28712
28714
28715
28716
28718
28719
28722
28723
28724
28726
28727
28729
28731
28732
28733
28735
28736
28737
28738
28740
28742
28746
28747
28751
28756
28757
28758
28760
28761
28763
28766
28767
28771
28773
28774
28775
28776
28777
28779
28780
28782
28784
28786
28787
28788
28793
28794
28796
28798
28800
28801
28802
28803
28805
28810
28811
28813
28820
28822
28823
28824
28828
28831
28832
28834
28835
28836
28840
28842
28843
28844
28846
28847
28850
28853
28854
28855
28857
28859
28861
28863
28865
28866
28868
28869
28874
28876
28878
28879
28881
28882
28885
28886
28888
28890
28893
28895
28896
28897
28898
28900
28901
28902
28904
28909
28910
28911
28912
28913
28914
28916
28917
28920
28921
28923
28925
28926
28927
28928
28930
28932
28933
28934
28935
28936
28939
28940
28941
28943
28945
28948
28952
28954
28957
28958
28959
28963
28966
28971
28974
28977
28981
28982
28984
28987
28990
28992
28998
28999
29001
29003
29005
29006
29009
29011
29014
29017
29020
29021
29025
29030
29031
29033
29034
29035
29040
29043
29045
29046
29048
29051
29053
29058
29059
29061
29065
29067
29071
29074
29076
29078
29081
29083
29085
29087
29090
29096
29097
29099
29104
29106
29109
29117
29118
29119
29120
29121
29122
29124
29125
29126
29128
29129
29132
29136
29139
29143
29148
29149
29151
29154
29155
29156
29157
29160
29162
29163
29165
29168
29169
29170
29171
29174
29175
29177
29178
29187
29189
29191
29193
29194
29199
29200
29202
29209
29210
29211
29217
29218
29223
29224
29230
29234
29236
29241
29245
29246
29251
29254
29260
29262
29264
29265
29270
29271
29273
29274
29276
29279
29280
29281
29285
29286
29288
29289
29293
29297
29299
29300
29303
29305
29306
29307
29308
29310
29313
29314
29315
29317
29319
29323
29326
29327
29328
29330
29332
29335
29338
29339
29341
29343
29345
29349
29352
29353
29356
29357
29358
29360
29362
29363
29364
29367
29368
29369
29371
29372
29374
29376
29377
29378
29379
29380
29381
29382
29384
29386
29390
29391
29392
29394
29395
29401
29402
29403
29404
29405
29407
29408
29411
29412
29413
29414
29416
29418
29420
29422
29424
29426
29428
29431
29432
29433
29434
29435
29436
29437
29440
29444
29447
29448
29454
29455
29456
29457
29458
29459
29460
29461
29462
29463
29464
29465
29466
29469
29471
29476
29481
29487
29488
29490
29492
29495
29497
29498
29500
29501
29502
29504
29508
29509
29510
29514
29515
29517
29519
29522
29524
29526
29527
29529
29530
29531
29532
29533
29535
29537
29538
29540
29541
29542
29544
29546
29547
29550
29551
29553
29554
29555
29556
29557
29558
29559
29560
29561
29562
29565
29566
29568
29570
29571
29572
29573
29574
29575
29576
29577
29579
29582
29584
29588
29589
29590
29591
29592
29593
29598
29600
29601
29602
29603
29606
29608
29610
29611
29616
29617
29619
29621
29626
29627
29628
29629
29632
29633
29635
29636
29638
29640
29641
29642
29643
29645
29647
29648
29650
29651
29652
29656
29658
29660
29664
29666
29667
29668
29669
29670
29672
29673
29674
29676
29677
29682
29683
29685
29686
29688
29689
29690
29692
29694
29695
29696
29697
29698
29699
29700
29701
29703
29704
29705
29706
29707
29710
29711
29715
29723
29730
29737
29739
29740
29749
29752
29757
29758
29779
29786
29791
29802
29811
29812
29814
29816
29818
29822
29826
29829
29834
29835
29838
29858
29860
29864
29869
29872
29873
29874
29876
29878
29893
29929
29964
29976
29990
29998
30006
30017
30019
30039
30054
30056
30064
30067
30076
30082
30084
30092
30095
30097
30100
30101
30104
30127
30144
30147
30155
30160
30183
30187
30196
30200
30202
30205
30214
30219
30220
30248
30250
30251
30252
30262
30268
30273
30274
30287
30303
30310
30336
30346
30348
30371
30377
30382
30387
30388
30396
30398
30399
30400
30401
30402
30403
30404
30405
30406
30408
30409
30410
30412
30413
30414
30415
30419
30420
30422
30423
30424
30425
30426
30428
30429
30430
30432
30434
30435
30436
30437
30438
30439
30440
30441
30442
30443
30444
30445
30446
30447
30448
30449
30450
30452
30453
30454
30458
30459
30460
30462
30463
30465
30468
30469
30472
30473
30474
30475
30476
30477
30478
30480
30481
30482
30483
30484
30485
30486
30487
30489
30490
30492
30493
30494
30495
30496
30497
30500
30501
30502
30503
30504
30506
30507
30508
30509
30512
30513
30514
30515
30516
30517
30519
30521
30523
30524
30526
30527
30528
30530
30531
30532
30533
30536
30537
30540
30542
30544
30545
30546
30548
30549
30550
30551
30552
30553
30554
30555
30556
30558
30559
30560
30563
30564
30565
30568
30569
30570
30571
30573
30574
30575
30576
30577
30580
30584
30586
30587
30588
30589
30590
30591
30592
30593
30595
30596
30597
30599
30600
30602
30604
30606
30607
30608
30610
30611
30613
30614
30616
30618
30621
30623
30624
30628
30631
30633
30634
30635
30636
30637
30639
30640
30642
30643
30644
30645
30646
30647
30649
30650
30651
30652
30653
30655
30657
30658
30661
30662
30663
30665
30666
30667
30669
30671
30672
30673
30674
30675
30677
30678
30682
30684
30686
30688
30690
30691
30692
30694
30697
30698
30699
30700
30701
30702
30703
30704
30706
30707
30708
30710
30712
30715
30716
30717
30718
30719
30721
30722
30724
30725
30728
30730
30732
30736
30737
30738
30740
30741
30742
30744
30746
30748
30752
30753
30754
30756
30757
30763
30766
30768
30769
30773
30774
30776
30778
30779
30780
30781
30782
30785
30786
30789
30790
30791
30792
30794
30795
30796
30797
30799
30800
30803
30805
30806
30807
30809
30814
30817
30818
30820
30821
30823
30824
30825
30826
30827
30830
30833
30835
30840
30842
30843
30844
30845
30846
30847
30850
30851
30852
30855
30858
30860
30862
30864
30865
30868
30869
30870
30872
30873
30874
30876
30880
30886
30889
30890
30891
30892
30894
30897
30902
30905
30907
30908
30909
30910
30911
30912
30914
30916
30917
30919
30921
30923
30927
30929
30931
30932
30933
30935
30937
30938
30940
30941
30943
30946
30948
30951
30952
30953
30954
30958
30960
30963
30964
30965
30969
30970
30972
30973
30974
30975
30980
30984
30985
30988
30990
30991
30993
30995
30999
31001
31002
31003
31004
31005
31007
31010
31011
31012
31019
31020
31021
31022
31023
31025
31030
31031
31033
31034
31035
31036
31037
31039
31042
31043
31045
31046
31050
31051
31052
31054
31055
31060
31061
31062
31065
31067
31068
31071
31073
31074
31075
31077
31078
31080
31083
31084
31085
31087
31088
31089
31090
31093
31094
31095
31098
31099
31101
31102
31103
31105
31108
31110
31111
31114
31115
31118
31120
31121
31123
31128
31129
31130
31136
31137
31139
31141
31142
31145
31147
31148
31150
31151
31153
31155
31157
31159
31162
31165
31167
31168
31170
31171
31172
31173
31176
31178
31180
31181
31182
31184
31186
31187
31188
31190
31191
31193
31194
31195
31199
31200
31206
31207
31208
31209
31210
31211
31212
31213
31216
31219
31223
31224
31225
31232
31236
31237
31238
31239
31241
31242
31243
31244
31247
31248
31251
31252
31253
31254
31261
31262
31264
31267
31268
31269
31272
31273
31274
31275
31277
31279
31281
31283
31284
31285
31286
31288
31289
31290
31292
31299
31302
31304
31305
31306
31307
31308
31311
31315
31316
31317
31318
31320
31321
31322
31323
31324
31325
31327
31329
31331
31332
31333
31336
31337
31338
31339
31343
31344
31345
31346
31347
31349
31350
31352
31353
31354
31356
31358
31359
31363
31370
31371
31372
31374
31375
31380
31382
31385
31388
31393
31394
31399
31402
31405
31407
31408
31410
31411
31417
31419
31420
31421
31425
31427
31428
31432
31434
31435
31437
31438
31439
31440
31441
31443
31444
31448
31450
31457
31459
31462
31463
31465
31466
31467
31469
31471
31473
31474
31477
31478
31479
31480
31482
31483
31485
31491
31492
31494
31500
31501
31502
31503
31505
31507
31509
31510
31519
31521
31522
31525
31531
31536
31537
31538
31540
31541
31545
31550
31551
31552
31554
31556
31558
31559
31560
31570
31571
31577
31578
31582
31590
31592
31593
31594
31596
31597
31598
31601
31602
31607
31609
31610
31616
31622
31626
31628
31629
31634
31646
31649
31651
31652
31654
31656
31660
31663
31664
31666
31667
31669
31670
31673
31677
31678
31679
31683
31684
31685
31686
31689
31690
31692
31693
31698
31705
31706
31710
31713
31718
31723
31724
31725
31727
31730
31733
31736
31740
31745
31746
31748
31749
31750
31752
31754
31758
31759
31762
31766
31768
31775
31782
31784
31786
31791
31796
31803
31810
31812
31813
31814
31824
31825
31826
31827
31834
31835
31837
31838
31845
31847
31849
31851
31855
31858
31865
31866
31868
31875
31877
31883
31884
31887
31893
31894
31897
31903
31909
31915
31920
31922
31926
31927
31935
31940
31941
31944
31950
31951
31953
31954
31956
31960
31962
31965
31973
31976
31982
31986
31987
31989
31991
31992
31994
31995
31997
32004
32006
32007
32010
32014
32015
32017
32021
32028
32029
32030
32032
32035
32037
32040
32045
32053
32056
32057
32058
32061
32063
32067
32068
32070
32073
32075
32081
32083
32087
32089
32094
32095
32096
32099
32103
32106
32109
32110
32112
32113
32117
32119
32120
32123
32126
32127
32128
32130
32132
32134
32135
32141
32143
32147
32148
32149
32150
32151
32155
32158
32160
32163
32164
32165
32167
32169
32171
32173
32174
32175
32180
32184
32186
32187
32188
32189
32190
32192
32194
32196
32199
32200
32201
32203
32204
32205
32206
32207
32208
32209
32212
32213
32215
32217
32218
32219
32222
32223
32224
32225
32227
32228
32229
32230
32231
32232
32233
32234
32235
32236
32237
32238
32240
32241
32242
32243
32244
32245
32247
32248
32249
32250
32251
32254
32255
32256
32258
32259
32260
32261
32262
32263
32264
32265
32267
32268
32269
32271
32273
32274
32275
32276
32278
32279
32280
32281
32282
32283
32285
32286
32287
32289
32291
32294
32295
32297
32298
32300
32302
32303
32304
32306
32308
32309
32310
32311
32312
32313
32314
32316
32317
32318
32319
32320
32321
32322
32324
32327
32328
32329
32330
32331
32332
32333
32334
32335
32336
32338
32340
32341
32342
32343
32344
32345
32346
32347
32348
32349
32350
32351
32353
32354
32355
32356
32357
32358
32359
32360
32363
32364
32365
32366
32367
32368
32369
32371
32372
32373
32375
32376
32377
32378
32379
32380
32381
32382
32384
32385
32386
32387
32388
32389
32390
32391
32392
32393
32394
32395
32397
32398
32399
32401
32404
32405
32406
32407
32410
32411
32412
32413
32414
32415
32416
32418
32419
32420
32422
32424
32426
32427
32428
32429
32430
32431
32432
32433
32435
32436
32437
32438
32440
32441
32442
32443
32444
32447
32448
32450
32451
32452
32453
32454
32456
32457
32458
32459
32461
32463
32465
32467
32468
32469
32470
32471
32472
32475
32476
32477
32478
32479
32480
32486
32487
32488
32490
32491
32495
32496
32498
32500
32501
32502
32505
32509
32510
32512
32514
32515
32517
32518
32520
32522
32523
32526
32527
32528
32529
32530
32531
32534
32537
32538
32539
32540
32542
32543
32544
32545
32546
32547
32548
32549
32550
32551
32557
32559
32560
32561
32562
32564
32566
32567
32568
32569
32571
32573
32574
32576
32579
32580
32582
32584
32585
32586
32587
32591
32592
32593
32595
32596
32597
32598
32600
32602
32603
32607
32608
32609
32610
32611
32612
32613
32614
32615
32616
32618
32619
32620
32625
32627
32628
32629
32630
32631
32633
32634
32635
32636
32637
32638
32639
32641
32642
32644
32649
32655
32657
32658
32662
32663
32666
32669
32672
32674
32678
32680
32681
32683
32684
32686
32687
32691
32692
32693
32694
32695
32696
32697
32698
32701
32702
32704
32705
32706
32708
32709
32713
32715
32716
32718
32719
32720
32721
32722
32723
32725
32728
32729
32730
32731
32733
32734
32737
32738
32745
32747
32748
32749
32750
32752
32756
32758
32759
32760
32762
32763
32764
32765
32766
32769
32773
32775
32779
32780
32781
32787
32788
32789
32790
32794
32795
32796
32797
32798
32799
32800
32801
32802
32803
32804
32806
32809
32810
32811
32812
32813
32815
32816
32818
32819
32820
32823
32827
32831
32832
32833
32839
32840
32843
32846
32847
32849
32850
32852
32853
32856
32861
32863
32866
32867
32868
32870
32874
32875
32876
32877
32879
32882
32885
32888
32891
32894
32897
32899
32903
32905
32906
32908
32909
32910
32911
32913
32914
32916
32920
32921
32922
32923
32924
32927
32931
32932
32934
32936
32937
32942
32944
32946
32951
32952
32953
32954
32956
32957
32960
32961
32963
32965
32966
32968
32969
32970
32971
32972
32973
32977
32981
32983
32985
32986
32988
32990
32991
32993
32994
32998
32999
33002
33005
33011
33013
33014
33015
33016
33017
33018
33019
33024
33027
33028
33029
33030
33035
33036
33037
33038
33039
33041
33043
33044
33049
33050
33051
33052
33054
33058
33063
33070
33071
33076
33079
33080
33082
33084
33087
33088
33091
33096
33097
33100
33101
33102
33104
33105
33107
33108
33109
33110
33111
33117
33118
33120
33121
33123
33124
33125
33128
33132
33135
33136
33137
33138
33140
33141
33142
33143
33146
33147
33148
33151
33152
33154
33156
33158
33159
33162
33169
33170
33172
33174
33175
33176
33177
33178
33179
33180
33182
33185
33187
33188
33191
33192
33193
33195
33196
33197
33198
33199
33200
33204
33206
33208
33209
33213
33214
33216
33217
33218
33219
33222
33224
33229
33230
33231
33232
33233
33236
33238
33241
33242
33244
33246
33247
33248
33249
33251
33252
33254
33255
33256
33257
33258
33260
33261
33262
33263
33265
33266
33267
33268
33269
33270
33271
33272
33273
33274
33278
33279
33280
33282
33284
33286
33287
33290
33293
33294
33295
33296
33297
33298
33299
33301
33302
33304
33305
33306
33307
33308
33309
33311
33312
33313
33314
33315
33316
33317
33319
33320
33321
33323
33325
33326
33330
33331
33333
33334
33335
33336
33341
33343
33344
33345
33346
33349
33352
33354
33355
33356
33357
33359
33360
33362
33363
33365
33366
33367
33368
33369
33370
33371
33372
33373
33374
33376
33377
33379
33380
33381
33383
33384
33385
33386
33387
33389
33390
33391
33394
33396
33397
33399
33400
33401
33402
33403
33404
33405
33406
33410
33412
33413
33414
33415
33417
33418
33419
33420
33423
33424
33425
33429
33430
33431
33433
33435
33438
33440
33441
33444
33445
33447
33451
33452
33453
33457
33461
33462
33464
33465
33467
33470
33471
33473
33480
33486
33492
33495
33507
33522
33526
33528
33532
33538
33540
33543
33544
33555
33559
33571
33573
33575
33577
33580
33583
33584
33588
33589
33591
33594
33596
33602
33614
33617
33640
33645
33647
33652
33673
33681
33683
33686
33687
33691
33717
33719
33721
33724
33729
33732
33747
33748
33759
33763
33773
33778
33781
33792
33796
33799
33800
33803
33821
33825
33827
33836
33843
33846
33856
33860
33868
33878
33879
33882
33895
33897
33904
33905
33907
33910
33914
33915
33917
33923
33925
33934
33935
33936
33951
33954
33961
33963
33976
33979
33981
33982
33991
34000
34009
34011
34020
34024
34039
34046
34063
34065
34070
34071
34075
34080
34091
34096
34102
34103
34104
34107
34108
34109
34110
34112
34114
34115
34116
34117
34118
34119
34120
34121
34122
34123
34124
34125
34126
34127
34128
34129
34130
34131
34132
34133
34134
34135
34136
34137
34138
34139
34140
34141
34142
34143
34144
34145
34146
34147
34148
34149
34150
34151
34152
34153
34154
34156
34158
34159
34160
34161
34163
34164
34167
34168
34169
34170
34172
34173
34176
34180
34181
34182
34183
34184
34186
34188
34190
34192
34193
34194
34195
34196
34197
34199
34201
34202
34203
34204
34205
34206
34207
34208
34210
34213
34214
34215
34216
34217
34218
34221
34222
34223
34224
34226
34227
34228
34229
34231
34232
34233
34235
34236
34237
34238
34239
34241
34242
34244
34246
34247
34250
34251
34255
34256
34258
34259
34262
34265
34266
34267
34268
34269
34270
34273
34274
34275
34276
34277
34278
34280
34282
34284
34287
34288
34289
34291
34292
34293
34294
34299
34301
34302
34303
34304
34306
34307
34309
34310
34311
34314
34316
34319
34320
34321
34322
34323
34324
34325
34326
34327
34328
34329
34330
34332
34333
34336
34337
34338
34341
34342
34343
34345
34347
34349
34350
34354
34357
34358
34359
34360
34362
34365
34366
34368
34369
34371
34373
34374
34375
34376
34379
34381
34382
34383
34384
34385
34387
34388
34389
34391
34392
34393
34397
34399
34400
34403
34404
34408
34409
34413
34414
34415
34417
34420
34421
34422
34423
34425
34426
34427
34428
34429
34430
34431
34433
34435
34436
34437
34438
34439
34440
34441
34442
34443
34445
34446
34451
34453
34455
34458
34460
34461
34462
34463
34464
34470
34472
34476
34477
34479
34480
34481
34482
34483
34484
34486
34487
34488
34492
34493
34494
34495
34496
34497
34498
34500
34502
34504
34505
34507
34509
34512
34513
34514
34515
34517
34519
34521
34522
34523
34524
34526
34527
34528
34530
34531
34534
34535
34537
34538
34539
34541
34544
34545
34547
34549
34551
34554
34556
34557
34558
34560
34561
34563
34566
34569
34571
34572
34575
34576
34579
34583
34586
34587
34588
34589
34595
34596
34599
34600
34601
34603
34604
34605
34606
34607
34608
34612
34613
34616
34618
34619
34621
34623
34624
34625
34626
34628
34629
34634
34636
34637
34642
34643
34647
34648
34649
34650
34651
34653
34654
34655
34656
34657
34659
34660
34662
34664
34665
34667
34668
34669
34672
34678
34679
34681
34683
34684
34685
34686
34687
34688
34689
34691
34692
34694
34696
34697
34698
34699
34700
34705
34706
34710
34713
34715
34718
34721
34723
34724
34729
34730
34731
34734
34735
34737
34743
34744
34745
34747
34749
34750
34754
34755
34756
34757
34758
34760
34761
34762
34764
34765
34766
34773
34775
34776
34777
34778
34782
34783
34785
34790
34791
34794
34795
34797
34798
34799
34801
34802
34803
34804
34805
34806
34807
34808
34811
34812
34813
34814
34815
34818
34819
34822
34824
34825
34826
34827
34829
34832
34833
34834
34835
34837
34841
34842
34843
34844
34848
34849
34850
34853
34855
34859
34860
34861
34862
34863
34864
34866
34867
34868
34870
34871
34872
34873
34874
34875
34876
34877
34880
34881
34883
34884
34885
34887
34892
34894
34900
34902
34903
34904
34905
34908
34909
34910
34913
34914
34916
34917
34918
34919
34920
34924
34926
34930
34933
34934
34937
34938
34939
34940
34943
34944
34946
34950
34956
34957
34959
34961
34962
34964
34965
34966
34967
34968
34969
34970
34977
34979
34980
34981
34984
34986
34988
34989
34990
34993
34995
34997
34998
34999
35002
35004
35005
35006
35007
35008
35011
35019
35020
35021
35022
35025
35029
35032
35034
35035
35040
35041
35042
35043
35045
35046
35047
35052
35053
35063
35064
35065
35066
35067
35070
35071
35072
35073
35079
35083
35085
35086
35088
35089
35091
35096
35099
35102
35105
35107
35108
35110
35111
35112
35113
35114
35116
35120
35122
35124
35127
35134
35139
35141
35144
35146
35148
35149
35151
35152
35153
35154
35155
35158
35159
35162
35163
35164
35165
35168
35169
35170
35171
35173
35174
35176
35177
35179
35180
35182
35183
35185
35187
35188
35191
35193
35194
35195
35196
35197
35199
35200
35201
35202
35205
35209
35213
35216
35217
35222
35224
35231
35233
35235
35236
35237
35238
35239
35241
35243
35245
35248
35250
35252
35256
35259
35260
35264
35265
35269
35275
35277
35281
35283
35285
35292
35293
35295
35299
35303
35306
35311
35316
35317
35320
35321
35323
35326
35330
35331
35336
35337
35338
35339
35342
35343
35344
35346
35347
35348
35349
35350
35351
35352
35353
35354
35360
35361
35363
35368
35371
35373
35374
35381
35382
35384
35385
35386
35387
35389
35390
35391
35392
35395
35397
35398
35399
35400
35404
35406
35407
35409
35412
35415
35417
35418
35421
35423
35426
35427
35431
35433
35438
35439
35440
35442
35443
35445
35447
35448
35451
35453
35455
35457
35458
35459
35461
35463
35464
35465
35467
35472
35474
35476
35477
35478
35481
35482
35483
35486
35489
35490
35495
35499
35500
35505
35506
35508
35510
35512
35514
35520
35522
35523
35528
35531
35532
35538
35539
35547
35549
35550
35551
35552
35553
35554
35559
35561
35563
35565
35566
35567
35568
35573
35576
35578
35579
35587
35588
35589
35591
35593
35594
35596
35597
35599
35600
35607
35611
35613
35616
35617
35622
35626
35627
35628
35629
35632
35640
35641
35642
35644
35649
35653
35654
35655
35656
35657
35659
35661
35663
35664
35665
35667
35668
35670
35671
35673
35676
35677
35678
35684
35686
35687
35689
35692
35693
35696
35699
35700
35701
35703
35705
35706
35707
35708
35712
35713
35715
35716
35720
35721
35723
35728
35729
35732
35733
35736
35737
35738
35739
35743
35744
35749
35754
35755
35757
35759
35764
35765
35767
35768
35769
35770
35772
35775
35777
35778
35781
35782
35783
35786
35787
35788
35791
35792
35793
35794
35798
35800
35801
35802
35807
35808
35809
35812
35813
35814
35815
35819
35820
35821
35824
35826
35827
35829
35830
35833
35834
35835
35836
35837
35839
35840
35841
35843
35844
35846
35847
35848
35851
35852
35853
35855
35858
35860
35861
35862
35864
35869
35870
35875
35876
35877
35879
35880
35881
35883
35884
35885
35887
35888
35889
35891
35892
35894
35897
35898
35900
35901
35903
35904
35906
35907
35908
35909
35911
35912
35913
35914
35915
35916
35917
35918
35919
35920
35921
35922
35924
35927
35928
35929
35930
35931
35935
35936
35937
35938
35941
35943
35944
35945
35946
35947
35949
35951
35952
35954
35956
35958
35960
35961
35964
35965
35966
35967
35968
35969
35970
35971
35972
35974
35975
35976
35977
35978
35979
35980
35982
35983
35984
35985
35987
35988
35992
35993
35995
35996
35997
35998
35999
36000
36001
36002
36003
36004
36005
36006
36008
36010
36015
36016
36017
36021
36022
36023
36024
36025
36026
36027
36028
36030
36031
36033
36034
36036
36038
36040
36041
36042
36044
36045
36046
36047
36048
36049
36052
36053
36056
36057
36058
36059
36061
36062
36063
36064
36065
36067
36069
36070
36071
36074
36076
36077
36079
36080
36081
36082
36083
36084
36085
36086
36087
36088
36090
36091
36092
36094
36095
36096
36097
36098
36101
36102
36103
36107
36108
36109
36110
36111
36112
36113
36115
36116
36118
36119
36121
36123
36124
36126
36127
36128
36129
36131
36132
36135
36140
36141
36142
36143
36144
36145
36148
36149
36150
36152
36153
36154
36155
36157
36159
36161
36162
36164
36166
36167
36169
36170
36173
36174
36175
36179
36181
36182
36185
36186
36189
36191
36192
36194
36195
36196
36197
36198
36199
36202
36203
36205
36206
36212
36214
36216
36218
36222
36223
36224
36226
36227
36229
36230
36231
36232
36233
36234
36238
36239
36242
36243
36244
36247
36248
36251
36255
36256
36257
36258
36259
36263
36264
36265
36266
36268
36271
36274
36275
36278
36279
36280
36281
36282
36283
36284
36285
36287
36293
36296
36297
36298
36300
36305
36307
36308
36310
36311
36312
36313
36314
36316
36317
36320
36321
36322
36323
36324
36325
36326
36327
36328
36330
36332
36333
36335
36338
36339
36340
36341
36342
36343
36344
36345
36349
36350
36351
36352
36354
36356
36358
36361
36362
36363
36364
36366
36367
36368
36369
36370
36371
36372
36374
36377
36383
36385
36391
36392
36393
36394
36395
36396
36398
36399
36400
36401
36402
36404
36406
36408
36410
36412
36413
36414
36415
36418
36419
36420
36421
36427
36428
36429
36433
36434
36436
36437
36439
36440
36442
36444
36445
36447
36448
36453
36455
36456
36457
36458
36459
36462
36464
36466
36468
36470
36471
36472
36473
36476
36477
36478
36479
36481
36482
36485
36487
36489
36490
36493
36494
36495
36498
36499
36500
36501
36503
36504
36505
36509
36510
36513
36514
36515
36516
36517
36518
36519
36520
36521
36524
36525
36528
36530
36532
36533
36534
36536
36537
36539
36541
36542
36549
36551
36552
36553
36554
36557
36558
36560
36564
36565
36573
36574
36575
36576
36577
36578
36580
36582
36583
36584
36588
36590
36591
36593
36595
36596
36598
36599
36600
36601
36604
36605
36608
36610
36611
36614
36615
36616
36618
36622
36624
36625
36626
36631
36637
36638
36639
36642
36643
36644
36645
36646
36648
36649
36652
36653
36654
36656
36660
36661
36662
36664
36666
36669
36670
36675
36676
36677
36678
36679
36680
36681
36682
36683
36685
36686
36687
36688
36689
36690
36692
36695
36697
36698
36700
36701
36702
36703
36704
36705
36709
36711
36712
36713
36714
36715
36716
36720
36721
36725
36727
36729
36730
36731
36732
36734
36735
36736
36740
36741
36742
36743
36745
36747
36748
36749
36751
36752
36753
36754
36755
36758
36759
36760
36762
36768
36769
36771
36773
36774
36775
36777
36780
36788
36791
36794
36797
36798
36799
36800
36802
36804
36805
36806
36807
36808
36809
36810
36811
36812
36814
36815
36817
36820
36821
36822
36823
36824
36830
36831
36832
36833
36835
36836
36837
36838
36839
36842
36843
36844
36845
36846
36848
36849
36851
36852
36855
36856
36860
36861
36862
36864
36865
36867
36870
36872
36874
36876
36877
36881
36883
36885
36886
36888
36889
36890
36891
36892
36893
36896
36897
36898
36899
36904
36905
36906
36907
36911
36913
36918
36920
36921
36922
36923
36924
36925
36926
36928
36929
36930
36932
36933
36936
36938
36939
36941
36942
36943
36944
36945
36946
36947
36948
36950
36952
36954
36955
36956
36957
36958
36959
36960
36961
36965
36966
36967
36968
36969
36970
36971
36974
36975
36978
36979
36981
36982
36983
36985
36986
36987
36988
36989
36991
36992
36993
36994
36995
36996
36997
36998
36999
37000
37001
37002
37003
37004
37005
37007
37010
37011
37014
37015
37016
37018
37019
37022
37023
37026
37027
37028
37030
37031
37032
37036
37037
37038
37039
37040
37041
37042
37044
37045
37046
37047
37049
37053
37055
37056
37057
37058
37061
37062
37063
37064
37066
37068
37069
37070
37073
37074
37075
37077
37079
37080
37081
37082
37083
37084
37085
37086
37087
37088
37090
37091
37092
37093
37095
37096
37097
37098
37099
37100
37101
37102
37103
37105
37106
37107
37108
37110
37111
37112
37113
37114
37116
37117
37118
37119
37120
37122
37123
37124
37125
37126
37127
37128
37129
37131
37132
37133
37134
37137
37139
