2
5
10
13
20
24
26
29
30
32
40
43
54
57
59
63
69
75
78
79
84
85
90
94
102
112
114
116
120
125
126
127
128
130
133
138
139
141
142
143
145
146
152
158
161
165
170
183
206
207
214
227
240
256
262
263
273
275
279
281
282
287
291
296
297
315
319
322
323
327
336
349
355
356
369
370
380
387
396
397
400
401
405
411
414
419
421
425
427
434
441
451
458
462
467
469
499
502
503
505
506
508
526
529
535
539
546
556
559
564
573
591
598
602
613
618
635
642
643
649
650
674
676
678
679
680
681
682
683
684
685
686
687
688
689
690
691
692
693
694
695
696
698
699
700
702
704
705
706
708
709
710
711
712
713
714
715
716
717
718
719
722
723
724
725
726
727
728
729
730
731
732
733
736
737
738
739
740
741
742
744
746
747
748
750
751
752
754
755
756
757
758
759
760
761
762
766
767
768
770
772
773
774
775
778
779
780
782
783
784
785
787
788
789
790
792
793
795
797
798
801
802
803
805
807
810
811
812
813
814
816
818
820
821
823
824
825
826
830
831
833
836
837
838
840
842
844
845
846
849
851
852
853
857
858
859
860
861
862
863
866
868
869
870
873
875
877
879
880
881
883
884
887
888
889
890
892
893
894
895
896
897
898
901
903
905
906
907
908
909
912
918
919
920
922
923
925
927
928
931
932
933
935
936
937
939
941
942
943
944
945
946
947
949
950
952
954
955
956
958
964
965
966
971
973
974
975
977
978
979
981
984
985
987
989
990
991
1000
1002
1004
1005
1007
1010
1011
1013
1016
1019
1022
1024
1025
1026
1027
1029
1030
1032
1034
1038
1039
1041
1043
1044
1045
1048
1050
1051
1052
1053
1055
1056
1058
1060
1061
1062
1063
1064
1066
1068
1072
1073
1074
1075
1076
1078
1079
1080
1081
1083
1084
1087
1088
1089
1091
1094
1096
1097
1098
1100
1101
1102
1107
1108
1111
1113
1116
1118
1121
1122
1123
1124
1129
1131
1132
1133
1134
1135
1137
1139
1141
1144
1148
1149
1150
1151
1153
1156
1157
1162
1164
1165
1167
1169
1171
1173
1174
1175
1178
1181
1182
1190
1191
1194
1197
1198
1201
1205
1207
1210
1216
1217
1219
1221
1222
1223
1225
1230
1232
1233
1235
1236
1237
1239
1241
1246
1248
1253
1256
1258
1260
1261
1262
1263
1264
1265
1266
1270
1271
1274
1275
1276
1281
1286
1287
1289
1290
1291
1295
1298
1299
1300
1305
1307
1308
1309
1310
1311
1312
1316
1318
1320
1323
1324
1325
1326
1327
1328
1330
1331
1332
1333
1335
1336
1337
1338
1339
1340
1343
1344
1349
1352
1354
1355
1359
1361
1364
1368
1369
1370
1371
1373
1374
1375
1378
1379
1381
1383
1385
1386
1388
1391
1392
1394
1396
1398
1400
1402
1403
1404
1408
1409
1410
1413
1416
1418
1420
1424
1425
1427
1428
1436
1437
1439
1441
1442
1443
1445
1446
1449
1455
1457
1461
1465
1466
1469
1472
1478
1481
1486
1487
1488
1490
1495
1498
1500
1501
1506
1511
1512
1516
1518
1520
1521
1524
1527
1530
1532
1533
1535
1536
1540
1550
1551
1554
1555
1559
1561
1562
1563
1564
1566
1568
1569
1570
1571
1572
1573
1574
1576
1577
1580
1583
1584
1585
1589
1590
1591
1593
1595
1598
1599
1603
1604
1606
1610
1619
1623
1629
1635
1637
1640
1642
1644
1646
1648
1651
1652
1653
1655
1656
1657
1659
1660
1661
1662
1664
1665
1670
1673
1674
1676
1682
1683
1686
1687
1688
1693
1698
1701
1702
1707
1709
1713
1715
1723
1725
1726
1727
1728
1729
1732
1733
1734
1738
1740
1747
1759
1761
1763
1765
1766
1767
1768
1773
1785
1795
1799
1809
1811
1813
1819
1820
1821
1830
1835
1837
1839
1842
1846
1854
1856
1858
1861
1865
1868
1869
1874
1877
1878
1881
1882
1884
1887
1888
1890
1891
1892
1897
1900
1905
1906
1907
1908
1911
1922
1924
1929
1931
1934
1935
1937
1939
1941
1944
1946
1950
1954
1956
1962
1963
1965
1966
1967
1974
1975
1977
1978
1980
1986
1989
1993
1995
1996
2000
2002
2007
2012
2016
2023
2027
2028
2031
2033
2036
2037
2038
2040
2045
2046
2047
2052
2055
2057
2061
2062
2064
2065
2067
2079
2081
2085
2093
2094
2095
2098
2101
2104
2106
2108
2111
2113
2115
2116
2124
2125
2129
2133
2147
2150
2152
2157
2161
2168
2172
2173
2176
2178
2181
2182
2185
2190
2191
2197
2206
2208
2210
2214
2218
2221
2231
2233
2239
2244
2247
2248
2251
2255
2256
2258
2261
2264
2267
2282
2288
2297
2298
2308
2309
2313
2315
2319
2320
2325
2329
2333
2335
2341
2343
2347
2351
2352
2355
2356
2358
2361
2367
2368
2372
2377
2381
2382
2383
2387
2388
2391
2393
2394
2395
2396
2397
2401
2403
2404
2409
2410
2415
2416
2420
2422
2423
2427
2430
2432
2435
2436
2438
2441
2442
2443
2444
2447
2448
2455
2456
2457
2458
2459
2461
2462
2463
2466
2468
2470
2473
2474
2475
2477
2480
2486
2487
2488
2489
2490
2491
2492
2494
2497
2498
2499
2501
2503
2504
2505
2506
2508
2509
2510
2511
2512
2513
2514
2515
2518
2519
2520
2521
2522
2523
2524
2525
2526
2528
2529
2530
2531
2532
2533
2535
2536
2537
2538
2540
2541
2542
2543
2544
2545
2546
2547
2548
2549
2550
2551
2552
2553
2554
2556
2558
2559
2561
2562
2563
2564
2565
2566
2568
2569
2570
2571
2572
2573
2574
2575
2576
2577
2579
2580
2581
2582
2583
2584
2585
2586
2587
2588
2589
2590
2591
2592
2593
2596
2597
2598
2599
2601
2603
2604
2608
2609
2610
2611
2612
2613
2614
2615
2616
2617
2619
2620
2621
2622
2623
2624
2626
2627
2628
2629
2630
2631
2633
2634
2635
2636
2638
2639
2641
2642
2643
2645
2646
2647
2649
2651
2652
2653
2655
2656
2658
2659
2660
2661
2662
2663
2664
2666
2667
2668
2669
2670
2672
2675
2676
2677
2678
2679
2680
2683
2684
2685
2686
2688
2689
2690
2691
2692
2693
2694
2695
2696
2697
2698
2699
2700
2701
2702
2703
2704
2705
2706
2707
2711
2712
2713
2715
2716
2717
2718
2719
2720
2721
2722
2723
2724
2725
2728
2729
2730
2733
2734
2735
2736
2737
2738
2740
2742
2743
2744
2751
2752
2753
2755
2756
2758
2759
2760
2761
2762
2764
2765
2768
2769
2771
2773
2774
2776
2778
2779
2780
2782
2783
2784
2786
2787
2788
2789
2790
2791
2792
2795
2797
2800
2802
2806
2809
2813
2814
2815
2816
2817
2818
2819
2820
2821
2822
2824
2825
2826
2828
2829
2830
2831
2833
2834
2836
2837
2838
2842
2844
2847
2850
2852
2853
2854
2855
2857
2859
2865
2867
2868
2870
2873
2874
2877
2878
2883
2884
2886
2887
2888
2889
2892
2894
2895
2897
2898
2902
2903
2904
2906
2907
2910
2911
2912
2913
2914
2915
2916
2917
2918
2919
2920
2922
2923
2925
2928
2930
2933
2935
2937
2938
2941
2942
2944
2945
2947
2949
2954
2956
2959
2960
2963
2964
2965
2968
2969
2970
2973
2975
2976
2980
2981
2982
2984
2985
2986
2989
2990
2991
2992
2993
2998
3000
3001
3003
3005
3008
3010
3011
3013
3015
3016
3019
3022
3025
3027
3030
3032
3033
3034
3035
3036
3037
3038
3040
3042
3045
3047
3048
3049
3050
3052
3054
3060
3061
3063
3067
3069
3072
3075
3076
3077
3078
3080
3083
3087
3088
3089
3094
3096
3099
3100
3101
3102
3103
3105
3106
3108
3116
3120
3123
3124
3125
3127
3128
3131
3134
3135
3138
3140
3148
3149
3150
3151
3154
3156
3157
3167
3171
3172
3173
3174
3176
3177
3179
3180
3182
3185
3187
3188
3192
3193
3195
3197
3204
3208
3210
3212
3213
3214
3219
3227
3230
3232
3234
3235
3236
3239
3240
3242
3243
3249
3252
3253
3254
3256
3257
3258
3259
3261
3262
3263
3264
3265
3266
3268
3269
3274
3275
3276
3277
3278
3282
3283
3285
3286
3287
3288
3289
3290
3291
3294
3295
3296
3297
3299
3301
3306
3307
3309
3311
3313
3315
3316
3317
3319
3324
3325
3326
3329
3333
3334
3337
3339
3340
3341
3343
3344
3346
3347
3348
3349
3351
3352
3354
3357
3358
3360
3361
3362
3363
3365
3370
3371
3373
3375
3376
3377
3378
3379
3380
3382
3383
3384
3385
3388
3389
3392
3393
3394
3395
3397
3398
3399
3401
3405
3406
3408
3409
3412
3413
3414
3416
3418
3419
3421
3422
3423
3424
3425
3426
3427
3428
3435
3436
3439
3442
3444
3445
3446
3448
3450
3451
3453
3454
3456
3457
3459
3462
3463
3464
3465
3466
3467
3470
3472
3473
3474
3475
3477
3478
3479
3483
3484
3486
3487
3488
3489
3491
3492
3495
3496
3502
3503
3505
3506
3508
3509
3512
3514
3515
3517
3518
3519
3520
3521
3523
3529
3530
3531
3532
3534
3535
3536
3537
3539
3540
3543
3544
3545
3548
3549
3550
3553
3554
3555
3557
3558
3559
3560
3561
3562
3565
3566
3567
3568
3570
3573
3574
3575
3578
3579
3580
3581
3583
3585
3588
3589
3593
3594
3596
3597
3599
3600
3602
3603
3604
3606
3607
3609
3610
3612
3613
3614
3617
3618
3621
3622
3623
3625
3626
3629
3630
3631
3633
3634
3637
3638
3640
3642
3643
3647
3650
3652
3653
3655
3656
3657
3658
3660
3661
3663
3665
3667
3669
3670
3671
3672
3673
3674
3675
3676
3678
3679
3681
3682
3687
3688
3690
3691
3694
3696
3698
3699
3703
3705
3706
3707
3708
3711
3712
3713
3716
3717
3720
3734
3736
3737
3747
3754
3758
3760
3763
3766
3768
3771
3773
3775
3776
3780
3782
3784
3786
3787
3789
3792
3793
3795
3800
3801
3804
3807
3809
3812
3816
3818
3822
3825
3826
3827
3828
3830
3831
3835
3838
3839
3840
3844
3849
3853
3855
3857
3858
3859
3860
3867
3869
3872
3873
3874
3875
3876
3879
3882
3884
3885
3886
3887
3888
3891
3893
3899
3904
3907
3910
3911
3919
3920
3930
3932
3940
3941
3944
3945
3948
3949
3952
3953
3954
3957
3968
3969
3970
3975
3976
3977
3983
3986
3987
3988
3998
4002
4005
4008
4010
4025
4033
4035
4041
4046
4050
4051
4054
4058
4063
4069
4073
4075
4077
4080
4081
4086
4088
4094
4097
4099
4106
4110
4112
4114
4115
4138
4139
4141
4148
4149
4151
4156
4157
4162
4167
4168
4172
4179
4182
4194
4196
4198
4202
4203
4205
4206
4207
4213
4220
4221
4222
4225
4233
4235
4237
4239
4242
4249
4250
4251
4252
4253
4256
4261
4284
4287
4291
4294
4297
4304
4305
4316
4317
4323
4325
4333
4334
4337
4345
4346
4347
4350
4353
4363
4376
4379
4383
4388
4389
4390
4391
4392
4394
4395
4396
4397
4398
4399
4400
4401
4402
4403
4404
4405
4406
4407
4408
4410
4411
4413
4414
4416
4419
4420
4421
4422
4423
4424
4425
4426
4427
4428
4429
4430
4433
4434
4436
4437
4438
4439
4440
4441
4442
4443
4446
4447
4449
4452
4455
4456
4457
4458
4459
4460
4461
4465
4467
4468
4469
4470
4471
4472
4473
4474
4475
4476
4480
4482
4484
4485
4486
4487
4488
4489
4490
4492
4493
4494
4496
4498
4500
4502
4505
4506
4507
4509
4510
4512
4513
4514
4515
4516
4517
4519
4520
4521
4523
4525
4526
4527
4528
4530
4532
4533
4534
4535
4536
4537
4538
4539
4540
4545
4546
4547
4548
4549
4550
4551
4552
4553
4554
4556
4558
4559
4560
4563
4565
4566
4570
4571
4572
4574
4575
4576
4577
4580
4582
4583
4584
4587
4589
4590
4593
4594
4597
4603
4604
4605
4606
4607
4609
4610
4611
4612
4613
4615
4616
4618
4619
4620
4621
4623
4624
4625
4627
4628
4633
4635
4639
4641
4642
4644
4645
4646
4649
4650
4652
4653
4654
4656
4659
4661
4664
4666
4669
4670
4671
4672
4673
4676
4678
4679
4680
4681
4682
4684
4685
4686
4687
4688
4691
4693
4696
4699
4700
4701
4702
4703
4704
4705
4708
4709
4710
4714
4715
4716
4718
4721
4723
4724
4725
4727
4730
4731
4737
4741
4742
4744
4746
4747
4751
4752
4753
4755
4758
4759
4762
4765
4767
4770
4774
4775
4776
4777
4778
4780
4783
4785
4786
4787
4788
4789
4791
4792
4793
4795
4797
4801
4802
4803
4807
4810
4811
4812
4813
4815
4816
4817
4818
4819
4822
4823
4824
4825
4826
4827
4828
4831
4833
4834
4836
4838
4840
4842
4843
4844
4845
4846
4848
4849
4850
4852
4853
4856
4859
4863
4866
4867
4870
4871
4873
4874
4876
4877
4878
4883
4886
4887
4889
4891
4892
4896
4897
4898
4899
4901
4905
4906
4907
4908
4914
4921
4924
4930
4931
4935
4937
4938
4944
4946
4948
4949
4953
4959
4961
4966
4967
4970
4971
4972
4975
4976
4979
4980
4982
4985
4986
4987
4988
4989
4990
4993
4994
4995
4996
4999
5001
5002
5005
5009
5010
5012
5013
5014
5016
5017
5021
5023
5025
5030
5031
5032
5033
5035
5038
5039
5040
5041
5043
5044
5045
5046
5047
5048
5050
5052
5053
5054
5057
5059
5060
5063
5064
5066
5067
5068
5070
5071
5073
5075
5078
5079
5080
5082
5083
5084
5089
5091
5092
5093
5094
5095
5096
5097
5100
5102
5103
5104
5105
5106
5107
5110
5112
5113
5117
5118
5119
5120
5123
5129
5130
5131
5136
5138
5140
5142
5143
5145
5146
5147
5148
5151
5152
5153
5155
5158
5159
5160
5162
5163
5165
5172
5173
5176
5178
5179
5180
5185
5186
5188
5189
5190
5192
5193
5194
5196
5202
5204
5205
5210
5211
5212
5214
5215
5217
5220
5221
5222
5224
5226
5227
5229
5231
5234
5236
5238
5241
5242
5244
5249
5250
5253
5254
5257
5258
5259
5261
5264
5265
5266
5267
5269
5273
5274
5275
5276
5277
5278
5281
5283
5284
5285
5288
5291
5292
5293
5296
5297
5298
5299
5303
5304
5307
5308
5309
5312
5313
5317
5320
5323
5324
5327
5329
5333
5334
5343
5347
5350
5354
5355
5358
5359
5365
5367
5370
5373
5374
5378
5379
5381
5385
5387
5388
5392
5393
5396
5400
5401
5403
5404
5405
5407
5409
5412
5413
5417
5418
5419
5420
5422
5423
5429
5430
5431
5436
5437
5439
5440
5445
5446
5447
5448
5450
5453
5457
5458
5462
5463
5466
5467
5473
5475
5479
5480
5481
5482
5483
5484
5490
5499
5500
5501
5502
5503
5504
5507
5508
5509
5510
5518
5519
5521
5522
5523
5525
5529
5535
5540
5544
5548
5549
5553
5562
5566
5569
5571
5574
5576
5579
5585
5586
5591
5596
5597
5598
5599
5600
5604
5605
5606
5608
5609
5610
5611
5618
5619
5620
5622
5624
5626
5632
5638
5640
5645
5647
5648
5651
5654
5658
5659
5663
5664
5666
5669
5671
5672
5676
5679
5681
5683
5685
5686
5687
5689
5692
5694
5695
5698
5704
5709
5711
5718
5721
5724
5726
5729
5730
5735
5737
5738
5740
5743
5745
5746
5748
5752
5753
5758
5759
5760
5761
5764
5771
5779
5780
5781
5787
5793
5796
5798
5799
5801
5803
5807
5810
5812
5818
5822
5827
5829
5834
5839
5840
5843
5847
5849
5860
5861
5864
5867
5870
5875
5876
5877
5879
5880
5882
5883
5884
5885
5886
5887
5888
5892
5897
5900
5901
5904
5906
5907
5908
5910
5912
5915
5919
5922
5925
5929
5932
5935
5937
5941
5943
5947
5953
5955
5958
5961
5964
5966
5968
5970
5971
5972
5975
5978
5980
5981
5987
5989
5996
5997
6003
6013
6014
6016
6019
6021
6023
6027
6028
6031
6033
6034
6037
6039
6041
6042
6043
6045
6048
6050
6055
6060
6061
6065
6066
6069
6070
6071
6072
6073
6075
6077
6078
6083
6085
6086
6088
6090
6095
6096
6097
6098
6099
6100
6101
6102
6104
6105
6106
6107
6108
6109
6110
6111
6114
6117
6118
6119
6120
6121
6122
6124
6127
6128
6129
6130
6131
6136
6137
6139
6140
6141
6142
6143
6144
6146
6148
6149
6151
6152
6153
6157
6158
6159
6161
6163
6164
6165
6170
6171
6172
6173
6175
6177
6179
6184
6188
6192
6193
6195
6198
6201
6203
6204
6205
6206
6207
6208
6209
6211
6212
6215
6216
6217
6218
6219
6220
6223
6224
6225
6226
6227
6228
6229
6230
6231
6232
6233
6234
6235
6236
6237
6238
6239
6240
6241
6242
6243
6244
6245
6246
6247
6248
6249
6250
6251
6252
6253
6254
6255
6256
6257
6258
6259
6260
6261
6262
6263
6264
6265
6266
6267
6268
6269
6270
6271
6272
6273
6274
6275
6276
6277
6278
6279
6280
6282
6283
6284
6285
6286
6287
6289
6290
6291
6292
6293
6295
6296
6297
6298
6299
6300
6302
6303
6308
6309
6310
6311
6312
6313
6315
6316
6317
6318
6319
6321
6322
6323
6324
6326
6328
6329
6330
6331
6332
6333
6334
6335
6337
6338
6340
6341
6342
6343
6344
6345
6347
6348
6350
6351
6352
6353
6354
6355
6356
6357
6358
6359
6360
6362
6363
6364
6365
6366
6367
6368
6369
6370
6372
6373
6374
6375
6376
6377
6378
6382
6383
6384
6386
6388
6389
6390
6392
6393
6394
6395
6396
6397
6398
6399
6401
6402
6403
6404
6405
6406
6407
6408
6409
6410
6411
6412
6413
6414
6415
6416
6417
6418
6419
6420
6422
6423
6424
6425
6426
6429
6430
6432
6433
6434
6435
6436
6437
6438
6439
6440
6441
6442
6443
6444
6445
6446
6447
6449
6450
6451
6452
6454
6457
6458
6459
6461
6462
6463
6467
6469
6470
6473
6474
6476
6477
6478
6479
6480
6481
6483
6484
6485
6486
6487
6488
6490
6491
6493
6496
6497
6498
6499
6500
6502
6506
6508
6509
6510
6511
6513
6514
6515
6519
6520
6521
6525
6526
6529
6531
6532
6533
6535
6536
6538
6539
6540
6542
6543
6544
6546
6547
6548
6549
6550
6551
6553
6555
6556
6559
6562
6563
6564
6566
6567
6568
6569
6574
6575
6576
6578
6579
6580
6581
6584
6585
6587
6590
6592
6593
6596
6597
6598
6600
6601
6602
6605
6606
6607
6608
6609
6611
6612
6613
6614
6615
6618
6619
6621
6622
6624
6625
6626
6628
6629
6631
6632
6633
6634
6637
6639
6641
6642
6644
6645
6647
6652
6654
6655
6656
6657
6658
6659
6660
6662
6663
6664
6667
6668
6671
6673
6674
6675
6676
6678
6683
6687
6688
6690
6694
6695
6696
6698
6700
6701
6704
6705
6706
6707
6712
6716
6717
6724
6725
6727
6730
6731
6732
6733
6734
6736
6737
6740
6743
6744
6746
6747
6748
6749
6750
6751
6752
6753
6754
6756
6758
6761
6762
6763
6764
6766
6769
6770
6771
6773
6775
6777
6787
6792
6797
6800
6802
6803
6805
6806
6808
6809
6812
6813
6815
6816
6818
6820
6821
6822
6824
6825
6827
6833
6834
6836
6837
6840
6841
6842
6844
6845
6846
6848
6850
6851
6852
6863
6865
6868
6870
6871
6876
6878
6879
6881
6883
6885
6887
6888
6891
6897
6899
6903
6905
6906
6908
6909
6911
6912
6913
6914
6916
6918
6919
6921
6922
6924
6927
6933
6935
6938
6940
6941
6943
6944
6946
6948
6950
6952
6955
6959
6964
6966
6967
6968
6970
6971
6972
6975
6980
6981
6983
6987
6990
6991
6992
6996
7000
7001
7002
7006
7007
7008
7010
7012
7013
7015
7026
7029
7030
7031
7037
7038
7039
7044
7049
7051
7052
7054
7055
7056
7058
7060
7063
7065
7067
7068
7070
7072
7074
7075
7076
7077
7079
7084
7085
7089
7090
7093
7094
7096
7097
7098
7099
7101
7102
7103
7106
7107
7108
7109
7110
7111
7112
7115
7118
7119
7120
7123
7127
7128
7130
7132
7133
7134
7135
7136
7137
7138
7139
7140
7141
7144
7147
7149
7150
7152
7153
7154
7156
7158
7162
7164
7166
7168
7170
7171
7173
7175
7177
7178
7179
7180
7181
7182
7184
7186
7187
7188
7191
7194
7196
7197
7198
7201
7202
7203
7204
7206
7207
7211
7214
7215
7216
7217
7218
7225
7227
7228
7229
7230
7231
7233
7234
7235
7237
7238
7243
7244
7245
7246
7249
7250
7251
7252
7253
7254
7257
7258
7259
7260
7262
7263
7267
7268
7269
7270
7271
7272
7273
7275
7276
7279
7284
7285
7286
7288
7289
7292
7294
7295
7296
7298
7299
7300
7301
7302
7307
7308
7311
7312
7313
7314
7315
7319
7321
7323
7324
7326
7328
7329
7331
7332
7335
7336
7337
7339
7340
7341
7343
7346
7348
7349
7350
7351
7352
7354
7356
7357
7358
7361
7364
7367
7368
7370
7371
7372
7374
7375
7376
7379
7380
7381
7383
7384
7386
7387
7388
7389
7390
7393
7396
7398
7401
7402
7403
7404
7405
7407
7408
7412
7413
7418
7419
7421
7422
7423
7424
7425
7426
7427
7429
7440
7448
7462
7470
7471
7473
7480
7482
7483
7487
7490
7491
7494
7510
7515
7524
7525
7535
7540
7541
7544
7548
7554
7556
7559
7560
7564
7568
7571
7573
7575
7576
7583
7586
7587
7588
7589
7590
7596
7610
7613
7635
7647
7658
7670
7680
7686
7690
7692
7710
7718
7740
7747
7749
7750
7758
7764
7772
7774
7778
7780
7783
7791
7795
7797
7801
7802
7807
7808
7822
7826
7838
7843
7846
7870
7871
7877
7879
7893
7896
7910
7912
7918
7919
7925
7927
7930
7936
7963
7967
7972
7975
7985
8011
8017
8030
8032
8046
8047
8051
8053
8059
8062
8082
8097
8104
8106
8108
8109
8110
8111
8112
8113
8114
8115
8116
8117
8118
8119
8120
8122
8123
8124
8126
8128
8129
8130
8131
8132
8133
8134
8136
8137
8138
8139
8140
8141
8142
8144
8146
8147
8148
8150
8151
8153
8155
8156
8157
8158
8159
8160
8161
8162
8163
8166
8168
8169
8170
8173
8174
8175
8176
8179
8182
8185
8186
8187
8188
8190
8192
8194
8196
8197
8199
8201
8204
8206
8207
8209
8210
8211
8212
8213
8216
8218
8220
8223
8224
8226
8230
8235
8236
8237
8238
8239
8240
8241
8242
8244
8246
8247
8249
8252
8256
8258
8259
8261
8263
8264
8265
8266
8268
8271
8272
8273
8274
8276
8277
8278
8279
8280
8281
8286
8289
8290
8291
8292
8296
8298
8301
8302
8303
8306
8307
8308
8309
8311
8314
8318
8319
8320
8321
8322
8323
8324
8325
8326
8327
8328
8329
8332
8334
8335
8336
8337
8340
8341
8342
8347
8350
8352
8353
8359
8360
8367
8368
8370
8371
8373
8379
8383
8384
8386
8387
8389
8390
8391
8393
8394
8398
8400
8401
8402
8403
8405
8413
8414
8415
8416
8417
8422
8424
8427
8428
8429
8430
8431
8433
8435
8437
8438
8439
8440
8441
8443
8445
8447
8451
8454
8455
8456
8458
8460
8462
8468
8469
8471
8472
8473
8475
8479
8481
8483
8489
8491
8494
8497
8502
8505
8506
8507
8508
8509
8510
8511
8512
8514
8515
8516
8520
8521
8525
8528
8529
8530
8531
8533
8534
8536
8537
8539
8541
8544
8548
8549
8551
8554
8557
8562
8565
8566
8567
8568
8570
8574
8577
8580
8581
8586
8588
8590
8593
8595
8597
8601
8602
8606
8608
8610
8613
8616
8621
8622
8624
8626
8628
8629
8631
8633
8638
8639
8645
8647
8651
8652
8653
8656
8663
8664
8666
8667
8670
8673
8675
8677
8678
8680
8682
8685
8689
8690
8691
8693
8694
8703
8705
8707
8709
8712
8713
8715
8717
8720
8723
8724
8725
8726
8728
8729
8731
8732
8733
8737
8738
8739
8743
8747
8755
8758
8763
8764
8765
8766
8767
8777
8781
8790
8796
8798
8801
8803
8804
8805
8806
8807
8808
8811
8816
8819
8826
8829
8831
8844
8849
8859
8861
8863
8865
8867
8869
8873
8874
8876
8878
8879
8888
8889
8893
8896
8900
8903
8905
8906
8908
8912
8914
8915
8916
8917
8919
8923
8925
8928
8934
8935
8936
8938
8940
8944
8946
8949
8952
8953
8954
8959
8961
8963
8964
8968
8978
8983
8988
8990
8996
8997
8998
9000
9001
9002
9005
9007
9008
9011
9012
9018
9019
9021
9022
9027
9028
9032
9036
9038
9043
9044
9056
9065
9066
9075
9076
9079
9085
9087
9092
9093
9108
9111
9114
9115
9122
9127
9128
9131
9136
9137
9143
9144
9145
9150
9151
9153
9154
9156
9165
9174
9182
9192
9193
9196
9213
9215
9218
9221
9223
9224
9225
9226
9227
9229
9232
9234
9235
9237
9239
9248
9249
9250
9260
9268
9272
9274
9279
9282
9286
9289
9290
9311
9312
9313
9316
9320
9327
9328
9330
9333
9337
9344
9346
9349
9352
9359
9361
9362
9363
9364
9365
9367
9371
9372
9374
9383
9389
9392
9394
9397
9398
9400
9401
9402
9406
9407
9408
9412
9418
9425
9430
9431
9435
9436
9437
9440
9444
9453
9457
9459
9460
9462
9473
9475
9492
9494
9495
9497
9501
9505
9507
9510
9515
9516
9522
9523
9526
9529
9530
9532
9536
9538
9540
9541
9542
9561
9564
9565
9568
9575
9581
9591
9592
9593
9595
9596
9597
9599
9600
9602
9611
9613
9619
9639
9643
9644
9646
9647
9649
9653
9659
9661
9667
9668
9681
9683
9684
9686
9689
9690
9694
9695
9698
9707
9713
9722
9723
9725
9730
9739
9743
9747
9748
9751
9754
9757
9759
9766
9769
9774
9779
9780
9784
9786
9789
9794
9801
9803
9806
9809
9810
9811
9815
9816
9817
9818
9819
9821
9822
9823
9827
9829
9832
9833
9835
9836
9837
9838
9839
9841
9843
9846
9848
9849
9850
9858
9860
9863
9864
9866
9871
9873
9875
9876
9878
9882
9883
9885
9888
9907
9912
9914
9915
9916
9917
9918
9919
9920
9921
9922
9923
9924
9925
9926
9927
9929
9930
9931
9932
9933
9934
9937
9938
9939
9940
9941
9942
9943
9944
9946
9948
9949
9951
9952
9953
9954
9955
9956
9957
9958
9959
9960
9961
9962
9963
9964
9965
9966
9968
9969
9970
9971
9972
9974
9975
9976
9977
9978
9979
9980
9981
9983
9984
9986
9987
9988
9989
9990
9992
9993
9994
9995
9996
9997
9998
9999
10001
10002
10003
10004
10005
10006
10007
10009
10010
10011
10012
10013
10014
10016
10017
10018
10019
10020
10023
10024
10025
10026
10029
10030
10031
10032
10034
10035
10036
10038
10039
10040
10042
10043
10044
10046
10047
10048
10049
10051
10052
10054
10055
10056
10058
10059
10061
10062
10064
10065
10067
10068
10069
10070
10071
10072
10073
10078
10079
10080
10081
10082
10083
10084
10085
10086
10088
10089
10093
10094
10096
10097
10098
10100
10101
10102
10103
10104
10105
10106
10107
10108
10109
10111
10112
10113
10115
10117
10118
10120
10121
10123
10125
10126
10127
10128
10129
10131
10132
10134
10136
10138
10139
10140
10142
10144
10145
10146
10147
10149
10150
10152
10153
10154
10156
10157
10158
10160
10162
10164
10165
10166
10167
10168
10170
10171
10172
10173
10175
10177
10179
10180
10181
10183
10186
10187
10188
10191
10192
10193
10194
10195
10198
10200
10201
10202
10204
10205
10206
10209
10211
10212
10214
10216
10219
10221
10223
10225
10228
10233
10234
10235
10237
10240
10241
10242
10244
10245
10246
10249
10250
10252
10253
10254
10255
10256
10257
10258
10259
10265
10268
10269
10270
10271
10272
10273
10274
10275
10276
10277
10280
10281
10282
10283
10289
10293
10294
10296
10298
10300
10301
10302
10306
10309
10310
10311
10314
10315
10316
10317
10318
10325
10326
10327
10329
10330
10331
10332
10334
10335
10337
10339
10341
10342
10343
10344
10345
10346
10347
10348
10349
10351
10356
10358
10361
10367
10368
10370
10372
10373
10374
10375
10377
10379
10388
10390
10397
10398
10399
10402
10403
10405
10406
10408
10412
10414
10415
10418
10419
10420
10421
10424
10426
10427
10429
10439
10444
10445
10446
10447
10450
10451
10453
10457
10458
10459
10460
10461
10463
10464
10465
10466
10468
10470
10471
10472
10473
10475
10476
10478
10482
10483
10489
10491
10495
10496
10502
10506
10508
10510
10511
10514
10515
10516
10517
10520
10522
10523
10526
10527
10529
10530
10534
10536
10539
10544
10548
10549
10551
10552
10553
10554
10555
10562
10565
10566
10577
10578
10579
10581
10582
10586
10593
10601
10604
10608
10612
10613
10614
10615
10618
10623
10624
10625
10628
10631
10634
10636
10638
10641
10642
10643
10647
10648
10649
10651
10653
10655
10656
10658
10660
10662
10667
10668
10669
10671
10673
10674
10676
10677
10680
10681
10682
10683
10684
10685
10689
10690
10691
10692
10694
10697
10698
10699
10704
10706
10708
10713
10714
10716
10717
10718
10722
10727
10729
10735
10736
10744
10745
10746
10750
10753
10759
10765
10766
10767
10769
10770
10772
10775
10777
10778
10779
10782
10783
10785
10789
10790
10793
10803
10806
10807
10808
10811
10812
10813
10815
10816
10820
10821
10822
10823
10824
10825
10826
10831
10832
10835
10841
10842
10846
10848
10850
10851
10853
10854
10855
10856
10857
10859
10861
10862
10864
10865
10866
10867
10869
10870
10874
10875
10876
10878
10882
10885
10887
10889
10890
10891
10892
10893
10895
10898
10901
10902
10905
10909
10911
10912
10915
10916
10917
10918
10920
10922
10929
10930
10931
10932
10934
10940
10943
10945
10947
10948
10949
10952
10954
10957
10958
10959
10960
10962
10963
10967
10968
10971
10972
10976
10977
10978
10981
10983
10985
10986
10988
10989
10990
10994
10996
10997
10998
10999
11000
11002
11006
11009
11012
11013
11014
11016
11023
11025
11027
11028
11029
11032
11034
11036
11040
11041
11042
11043
11044
11045
11046
11047
11050
11051
11053
11054
11057
11059
11060
11062
11063
11064
11065
11066
11068
11070
11071
11072
11075
11077
11078
11080
11082
11083
11085
11086
11087
11088
11089
11090
11095
11097
11100
11101
11102
11103
11107
11108
11110
11116
11119
11120
11122
11124
11126
11128
11129
11130
11131
11133
11135
11136
11139
11140
11141
11148
11173
11175
11197
11200
11205
11207
11215
11217
11222
11225
11240
11241
11244
11250
11252
11254
11255
11258
11266
11270
11272
11274
11278
11282
11283
11285
11287
11294
11300
11301
11303
11307
11312
11321
11327
11342
11348
11349
11352
11353
11358
11361
11371
11372
11373
11374
11397
11399
11400
11403
11419
11430
11433
11435
11438
11449
11460
11461
11463
11469
11474
11478
11482
11488
11495
11497
11498
11499
11500
11501
11502
11503
11505
11507
11508
11513
11516
11517
11522
11525
11528
11540
11544
11545
11550
11554
11560
11584
11595
11604
11606
11611
11623
11624
11627
11630
11635
11640
11641
11642
11650
11653
11666
11670
11675
11680
11681
11693
11697
11702
11712
11716
11720
11725
11730
11731
11744
11760
11778
11779
11791
11796
11804
11807
11816
11818
11819
11820
11821
11822
11823
11824
11825
11826
11827
11828
11829
11830
11831
11832
11833
11834
11836
11838
11839
11840
11841
11843
11844
11845
11848
11850
11851
11852
11853
11854
11855
11856
11857
11859
11860
11861
11862
11863
11864
11866
11867
11868
11869
11870
11875
11876
11877
11878
11879
11880
11883
11884
11885
11886
11888
11889
11891
11895
11896
11900
11901
11902
11904
11906
11907
11908
11909
11910
11911
11912
11914
11915
11916
11918
11921
11923
11924
11927
11928
11930
11931
11932
11933
11934
11935
11939
11940
11941
11942
11943
11947
11948
11949
11951
11953
11954
11956
11958
11959
11961
11962
11963
11966
11972
11973
11974
11975
11977
11978
11979
11980
11981
11984
11986
11987
11991
11992
11993
11994
11999
12000
12001
12004
12005
12008
12010
12011
12012
12013
12015
12019
12021
12022
12025
12026
12029
12030
12031
12033
12034
12041
12043
12046
12048
12049
12050
12053
12055
12059
12060
12061
12063
12064
12065
12066
12067
12068
12069
12072
12073
12076
12079
12080
12081
12082
12085
12087
12088
12092
12098
12099
12100
12107
12108
12110
12113
12116
12119
12121
12122
12123
12126
12127
12128
12129
12130
12131
12132
12133
12135
12136
12137
12138
12140
12141
12144
12145
12148
12151
12152
12155
12159
12160
12163
12168
12169
12170
12174
12176
12178
12179
12184
12186
12187
12190
12192
12194
12197
12198
12199
12202
12204
12205
12207
12208
12213
12215
12218
12220
12221
12222
12224
12225
12228
12229
12235
12236
12239
12240
12241
12244
12247
12250
12253
12255
12256
12258
12260
12264
12265
12272
12273
12276
12280
12281
12284
12286
12288
12290
12292
12294
12295
12303
12304
12305
12306
12307
12311
12315
12318
12319
12320
12324
12325
12335
12336
12338
12342
12344
12345
12346
12349
12350
12352
12353
12358
12359
12363
12370
12372
12373
12376
12378
12379
12387
12388
12389
12391
12394
12395
12399
12400
12402
12403
12404
12410
12415
12417
12418
12421
12422
12423
12424
12427
12430
12433
12435
12437
12438
12441
12443
12452
12453
12454
12455
12458
12461
12462
12467
12468
12469
12476
12477
12481
12491
12493
12498
12499
12505
12506
12510
12512
12513
12516
12517
12520
12522
12523
12524
12525
12528
12534
12536
12537
12538
12540
12543
12552
12558
12559
12562
12563
12566
12571
12572
12575
12577
12578
12580
12581
12582
12587
12590
12593
12594
12595
12598
12600
12603
12604
12605
12606
12608
12610
12620
12622
12626
12628
12629
12630
12634
12637
12639
12641
12642
12643
12648
12649
12651
12654
12655
12656
12658
12659
12661
12665
12666
12667
12669
12672
12675
12677
12678
12680
12682
12683
12689
12692
12694
12697
12702
12704
12705
12710
12711
12713
12714
12715
12719
12724
12727
12729
12733
12735
12737
12738
12740
12741
12747
12748
12750
12755
12757
12759
12761
12768
12772
12778
12781
12782
12784
12790
12791
12798
12801
12804
12805
12806
12807
12814
12815
12816
12820
12821
12826
12828
12829
12832
12833
12834
12836
12839
12842
12845
12846
12851
12852
12854
12858
12859
12861
12862
12865
12867
12868
12870
12871
12874
12876
12878
12879
12887
12888
12889
12893
12894
12895
12896
12907
12909
12910
12917
12918
12921
12922
12926
12927
12928
12930
12932
12933
12935
12939
12942
12943
12944
12946
12948
12949
12951
12955
12959
12963
12967
12969
12970
12978
12985
12990
12994
13000
13009
13019
13024
13027
13028
13029
13036
13045
13046
13047
13048
13050
13052
13056
13060
13064
13076
13086
13090
13091
13099
13103
13106
13109
13110
13111
13113
13116
13117
13119
13120
13121
13129
13137
13144
13147
13152
13154
13156
13157
13158
13163
13165
13167
13168
13171
13176
13177
13180
13182
13187
13188
13192
13197
13205
13208
13214
13216
13226
13229
13230
13231
13233
13240
13243
13250
13251
13253
13254
13259
13265
13267
13276
13279
13281
13283
13286
13287
13289
13295
13304
13305
13308
13311
13313
13314
13317
13319
13320
13323
13325
13327
13341
13344
13350
13352
13353
13356
13358
13359
13362
13370
13372
13375
13379
13381
13384
13388
13394
13396
13397
13400
13402
13403
13406
13414
13415
13416
13417
13419
13428
13431
13438
13444
13449
13453
13457
13462
13469
13472
13473
13479
13483
13484
13492
13493
13494
13498
13499
13500
13503
13505
13517
13518
13523
13525
13530
13531
13535
13536
13539
13542
13545
13548
13549
13550
13552
13556
13557
13558
13560
13563
13564
13570
13571
13572
13574
13577
13580
13581
13582
13584
13585
13586
13587
13589
13590
13591
13592
13596
13597
13599
13601
13603
13607
13617
13625
13627
13629
13631
13633
13634
13635
13636
13637
13641
13642
13643
13644
13645
13646
13647
13652
13653
13654
13655
13656
13657
13658
13660
13662
13663
13664
13665
13666
13667
13668
13669
13670
13671
13672
13673
13674
13675
13676
13678
13679
13680
13681
13683
13684
13685
13686
13687
13688
13690
13691
13692
13693
13694
13695
13697
13698
13700
13701
13704
13706
13707
13708
13710
13711
13713
13715
13716
13717
13718
13719
13720
13721
13723
13724
13725
13726
13727
13728
13730
13731
13732
13733
13736
13737
13738
13739
13740
13741
13742
13743
13744
13746
13747
13749
13750
13752
13754
13755
13756
13757
13758
13759
13761
13762
13763
13765
13766
13768
13769
13771
13773
13775
13776
13777
13778
13781
13782
13783
13784
13785
13786
13787
13788
13790
13792
13793
13794
13795
13796
13797
13799
13801
13802
13803
13805
13806
13808
13810
13811
13812
13814
13817
13818
13819
13820
13821
13823
13825
13826
13827
13831
13832
13833
13834
13835
13837
13838
13839
13841
13842
13843
13844
13845
13846
13849
13850
13852
13853
13854
13858
13859
13860
13861
13863
13865
13866
13867
13868
13869
13870
13871
13872
13873
13874
13875
13876
13877
13878
13880
13881
13882
13886
13887
13889
13890
13895
13896
13897
13898
13900
13901
13902
13904
13906
13907
13908
13909
13910
13915
13917
13918
13921
13925
13930
13932
13933
13934
13935
13937
13939
13941
13942
13944
13945
13946
13947
13948
13949
13951
13952
13955
13957
13958
13960
13961
13963
13964
13967
13968
13970
13971
13972
13973
13975
13976
13978
13979
13983
13984
13987
13989
13990
13991
13994
13996
13997
13999
14001
14005
14007
14008
14009
14010
14012
14013
14015
14016
14017
14018
14019
14020
14021
14024
14025
14026
14027
14028
14029
14030
14032
14034
14035
14036
14037
14038
14039
14040
14042
14045
14046
14048
14049
14050
14052
14053
14055
14056
14057
14059
14060
14061
14062
14065
14067
14070
14071
14072
14073
14076
14079
14080
14081
14083
14084
14085
14086
14087
14089
14091
14092
14093
14094
14096
14099
14100
14101
14104
14107
14110
14112
14113
14115
14116
14117
14119
14122
14123
14125
14126
14128
14129
14130
14131
14132
14134
14135
14137
14140
14141
14143
14144
14145
14147
14148
14149
14150
14153
14154
14155
14156
14158
14159
14160
14161
14162
14163
14164
14165
14171
14174
14175
14177
14178
14179
14180
14182
14184
14185
14188
14189
14190
14191
14192
14196
14197
14198
14199
14203
14204
14205
14209
14210
14214
14217
14220
14222
14225
14228
14230
14231
14232
14233
14235
14236
14241
14243
14246
14248
14250
14253
14262
14263
14264
14268
14269
14270
14273
14276
14280
14285
14287
14291
14292
14293
14294
14296
14297
14298
14299
14300
14301
14304
14306
14307
14313
14316
14317
14319
14321
14322
14327
14329
14332
14337
14341
14342
14347
14349
14354
14355
14357
14360
14361
14362
14365
14367
14371
14372
14374
14376
14378
14382
14384
14385
14388
14390
14392
14393
14394
14395
14396
14398
14399
14401
14402
14403
14404
14406
14407
14408
14409
14412
14414
14415
14417
14418
14420
14422
14423
14426
14428
14429
14430
14432
14433
14439
14443
14444
14447
14448
14449
14450
14451
14454
14457
14458
14459
14461
14464
14466
14467
14471
14472
14474
14476
14477
14479
14481
14482
14483
14485
14487
14488
14491
14493
14494
14495
14499
14500
14501
14503
14504
14505
14507
14508
14509
14512
14518
14522
14525
14526
14527
14530
14531
14534
14535
14536
14537
14538
14539
14540
14545
14546
14551
14553
14555
14556
14557
14558
14561
14564
14565
14566
14567
14568
14569
14570
14572
14576
14577
14578
14579
14581
14584
14586
14590
14592
14596
14598
14599
14600
14601
14603
14604
14605
14606
14607
14608
14612
14613
14615
14616
14622
14623
14625
14626
14630
14631
14632
14634
14636
14639
14642
14643
14644
14648
14654
14655
14657
14659
14660
14661
14662
14665
14668
14671
14672
14673
14674
14676
14677
14678
14679
14681
14682
14684
14685
14686
14687
14689
14692
14695
14697
14698
14699
14701
14702
14703
14704
14706
14716
14717
14719
14720
14722
14724
14725
14727
14730
14733
14734
14739
14740
14742
14744
14746
14748
14751
14752
14753
14754
14756
14758
14759
14761
14764
14765
14771
14773
14774
14776
14777
14778
14779
14782
14783
14784
14785
14786
14787
14789
14792
14794
14798
14799
14800
14803
14804
14808
14809
14810
14811
14812
14813
14814
14815
14816
14817
14818
14819
14820
14821
14822
14823
14824
14828
14830
14833
14836
14838
14840
14841
14842
14843
14844
14845
14847
14848
14852
14854
14856
14861
14893
14894
14906
14907
14910
14919
14923
14931
14936
14937
14946
14949
14965
14966
14976
14979
14982
14985
14986
14987
14989
14991
14997
14998
14999
15002
15003
15005
15008
15014
15015
15018
15024
15035
15039
15041
15053
15062
15063
15066
15070
15083
15085
15096
15098
15108
15114
15116
15129
15140
15146
15162
15171
15175
15177
15178
15180
15188
15192
15194
15202
15215
15218
15219
15230
15244
15248
15257
15259
15261
15266
15281
15283
15290
15291
15296
15305
15309
15319
15321
15332
15336
15337
15338
15341
15344
15355
15367
15373
15389
15408
15412
15415
15424
15451
15458
15465
15470
15477
15478
15492
15505
15530
15532
15533
15537
15538
15539
15540
15541
15542
15543
15544
15546
15547
15548
15549
15550
15551
15552
15553
15554
15556
15558
15560
15561
15562
15564
15565
15567
15568
15569
15570
15571
15572
15573
15575
15576
15578
15579
15581
15582
15583
15584
15587
15588
15589
15590
15591
15592
15594
15597
15598
15602
15604
15605
15607
15610
15611
15612
15613
15614
15615
15620
15622
15623
15624
15625
15627
15628
15629
15632
15634
15635
15636
15637
15638
15640
15644
15645
15647
15648
15652
15654
15655
15657
15659
15663
15667
15668
15669
15670
15671
15674
15675
15677
15679
15680
15686
15688
15689
15692
15693
15695
15696
15697
15699
15700
15704
15705
15708
15710
15712
15714
15717
15718
15719
15720
15722
15727
15728
15731
15733
15734
15736
15742
15744
15746
15748
15749
15755
15760
15761
15762
15764
15765
15766
15771
15773
15775
15778
15779
15782
15786
15787
15788
15789
15793
15794
15801
15802
15809
15811
15812
15813
15818
15821
15822
15824
15825
15826
15827
15828
15830
15832
15835
15838
15840
15841
15843
15844
15845
15847
15851
15852
15856
15858
15862
15863
15864
15865
15866
15867
15868
15869
15873
15875
15881
15882
15883
15884
15885
15886
15887
15888
15895
15896
15897
15898
15900
15906
15907
15908
15911
15912
15915
15917
15922
15927
15929
15931
15933
15934
15935
15937
15939
15940
15942
15944
15945
15947
15949
15951
15952
15956
15957
15958
15959
15960
15963
15964
15965
15967
15968
15969
15970
15972
15977
15978
15980
15984
15985
15987
15990
15993
15994
15995
15998
16002
16008
16011
16016
16018
16020
16021
16023
16028
16029
16030
16031
16032
16034
16036
16038
16041
16045
16051
16053
16055
16061
16068
16070
16073
16075
16076
16077
16078
16079
16081
16082
16083
16085
16086
16088
16090
16092
16100
16101
16105
16110
16113
16114
16118
16119
16121
16122
16123
16126
16127
16129
16130
16131
16132
16133
16136
16138
16141
16145
16147
16151
16153
16154
16155
16156
16159
16166
16167
16169
16170
16171
16174
16175
16176
16177
16179
16180
16182
16183
16185
16188
16189
16190
16194
16197
16201
16203
16205
16214
16217
16219
16220
16221
16224
16225
16226
16227
16231
16232
16235
16237
16239
16240
16242
16247
16249
16252
16254
16256
16257
16259
16260
16261
16262
16264
16266
16268
16272
16280
16283
16284
16285
16289
16290
16291
16292
16294
16301
16304
16307
16314
16317
16322
16325
16334
16336
16338
16341
16343
16344
16345
16350
16354
16356
16357
16359
16360
16365
16367
16368
16372
16374
16376
16380
16383
16387
16388
16391
16392
16393
16407
16411
16412
16413
16415
16418
16419
16420
16422
16423
16424
16425
16427
16429
16431
16432
16433
16435
16436
16437
16439
16441
16442
16443
16445
16448
16449
16450
16454
16462
16463
16464
16469
16473
16474
16475
16478
16479
16481
16482
16489
16493
16494
16496
16498
16505
16507
16515
16518
16521
16522
16523
16526
16532
16537
16538
16542
16548
16549
16554
16556
16564
16565
16572
16575
16579
16580
16581
16582
16584
16585
16587
16588
16589
16593
16601
16606
16607
16609
16615
16617
16618
16622
16623
16624
16626
16631
16648
16649
16651
16653
16660
16663
16668
16669
16674
16675
16677
16688
16693
16701
16709
16711
16714
16718
16724
16727
16728
16731
16739
16741
16745
16746
16747
16751
16764
16768
16770
16772
16774
16780
16786
16787
16790
16793
16799
16800
16803
16804
16811
16813
16818
16822
16824
16829
16833
16834
16837
16839
16840
16842
16844
16847
16851
16853
16868
16871
16877
16879
16881
16882
16887
16893
16894
16902
16919
16920
16921
16922
16929
16935
16937
16941
16944
16945
16947
16949
16958
16963
16966
16967
16969
16972
16976
16981
16992
16993
16995
16997
17005
17007
17009
17010
17012
17013
17014
17018
17020
17024
17025
17027
17033
17036
17039
17041
17042
17046
17047
17051
17052
17057
17058
17062
17089
17090
17092
17100
17107
17110
17114
17117
17126
17136
17138
17140
17141
17142
17147
17150
17158
17161
17163
17173
17181
17185
17187
17197
17201
17202
17207
17210
17212
17215
17217
17220
17222
17224
17228
17230
17231
17237
17238
17240
17243
17244
17247
17250
17251
17252
17257
17261
17263
17264
17271
17272
17274
17277
17278
17279
17285
17286
17288
17292
17294
17295
17299
17300
17309
17310
17313
17317
17319
17320
17327
17330
17338
17343
17344
17345
17347
17348
17349
17350
17351
17354
17359
17361
17362
17365
17366
17368
17369
17370
17374
17376
17377
17378
17379
17380
17381
17382
17384
17385
17386
17387
17389
17390
17391
17392
17393
17394
17396
17397
17398
17399
17400
17401
17402
17403
17404
17405
17406
17408
17409
17412
17414
17415
17416
17417
17418
17419
17420
17421
17422
17424
17425
17426
17427
17429
17430
17431
17433
17434
17435
17436
17437
17438
17440
17441
17442
17443
17444
17445
17446
17447
17448
17449
17450
17452
17453
17454
17455
17457
17458
17460
17461
17462
17463
17464
17465
17466
17467
17468
17470
17471
17472
17473
17474
17476
17477
17478
17479
17480
17482
17483
17485
17486
17487
17489
17490
17492
17495
17497
17498
17499
17500
17501
17502
17504
17507
17508
17509
17511
17512
17514
17515
17516
17517
17520
17522
17524
17526
17527
17528
17530
17531
17532
17533
17534
17535
17536
17537
17538
17539
17541
17543
17545
17546
17547
17549
17553
17554
17556
17557
17559
17562
17565
17566
17567
17568
17569
17571
17572
17573
17574
17576
17577
17578
17579
17580
17581
17582
17583
17584
17585
17586
17587
17589
17591
17592
17593
17594
17595
17599
17600
17603
17604
17605
17607
17609
17611
17612
17613
17616
17617
17619
17620
17621
17622
17623
17624
17629
17631
17632
17633
17635
17638
17639
17640
17644
17645
17647
17648
17650
17651
17653
17655
17656
17658
17659
17661
17662
17663
17665
17666
17669
17670
17674
17675
17677
17678
17680
17681
17682
17683
17685
17686
17691
17692
17693
17699
17700
17701
17702
17703
17704
17705
17706
17707
17708
17710
17711
17713
17715
17720
17721
17722
17723
17726
17728
17729
17732
17733
17734
17737
17739
17741
17742
17743
17746
17747
17748
17749
17751
17753
17754
17757
17758
17760
17762
17763
17765
17766
17767
17769
17770
17771
17772
17773
17774
17775
17776
17779
17780
17784
17785
17786
17788
17789
17793
17795
17796
17797
17798
17799
17801
17802
17805
17806
17807
17808
17809
17812
17814
17815
17817
17818
17820
17825
17826
17829
17831
17834
17835
17836
17837
17839
17840
17842
17846
17847
17848
17849
17850
17852
17855
17857
17858
17859
17862
17863
17870
17872
17874
17875
17876
17878
17885
17886
17888
17891
17892
17894
17898
17901
17903
17904
17906
17907
17908
17910
17911
17917
17919
17921
17923
17924
17925
17929
17932
17936
17939
17940
17941
17943
17944
17946
17949
17950
17951
17952
17955
17957
17959
17964
17972
17976
17982
17983
17984
17986
17987
17988
17990
17995
18005
18006
18010
18014
18018
18021
18023
18027
18028
18030
18032
18035
18038
18039
18040
18045
18046
18048
18049
18051
18055
18056
18061
18062
18063
18064
18068
18069
18071
18074
18076
18077
18087
18088
18092
18094
18104
18108
18109
18110
18112
18113
18114
18117
18118
18119
18120
18122
18123
18124
18127
18131
18134
18135
18138
18143
18144
18145
18146
18148
18151
18153
18155
18157
18162
18163
18164
18172
18173
18176
18178
18183
18185
18187
18188
18193
18195
18196
18198
18199
18201
18202
18203
18205
18207
18209
18214
18216
18218
18221
18223
18226
18227
18229
18235
18236
18238
18241
18244
18245
18246
18248
18250
18252
18253
18254
18255
18258
18259
18260
18261
18262
18263
18265
18269
18271
18272
18273
18274
18275
18278
18280
18281
18282
18283
18284
18285
18286
18290
18293
18294
18295
18298
18302
18306
18309
18313
18315
18318
18319
18321
18323
18324
18326
18329
18331
18332
18333
18335
18337
18339
18340
18344
18346
18348
18349
18350
18351
18352
18353
18357
18359
18361
18362
18363
18364
18366
18373
18374
18375
18377
18379
18380
18383
18385
18386
18387
18388
18390
18391
18393
18394
18395
18399
18400
18401
18404
18405
18409
18410
18411
18412
18413
18415
18417
18418
18420
18421
18422
18423
18424
18425
18426
18427
18428
18430
18434
18436
18437
18438
18441
18447
18448
18449
18456
18458
18460
18462
18465
18466
18470
18471
18472
18473
18474
18475
18476
18477
18478
18479
18481
18484
18485
18486
18487
18488
18490
18491
18492
18493
18494
18496
18498
18499
18503
18506
18507
18508
18509
18510
18513
18514
18515
18517
18518
18521
18522
18524
18525
18526
18528
18529
18530
18531
18532
18534
18538
18540
18541
18543
18544
18547
18549
18550
18553
18554
18555
18556
18557
18558
18559
18561
18562
18563
18564
18565
18566
18567
18569
18571
18578
18579
18601
18602
18603
18607
18608
18611
18614
18615
18616
18624
18631
18632
18637
18639
18642
18647
18649
18654
18664
18667
18669
18672
18673
18683
18686
18687
18692
18693
18694
18696
18698
18699
18702
18705
18713
18715
18716
18721
18722
18724
18727
18728
18729
18731
18738
18752
18753
18760
18768
18778
18786
18800
18802
18805
18817
18825
18827
18829
18832
18838
18851
18854
18861
18863
18878
18887
18889
18891
18892
18896
18897
18908
18910
18913
18923
18925
18927
18937
18939
18941
18945
18947
18949
18950
18956
18958
18968
18972
18974
18980
18988
18991
18995
18997
18998
19004
19005
19021
19023
19026
19027
19029
19034
19036
19050
19055
19058
19068
19076
19080
19081
19096
19097
19098
19099
19106
19111
19114
19115
19132
19135
19143
19159
19160
19168
19193
19197
19201
19206
19226
19229
19240
19245
19246
19247
19249
19250
19251
19252
19253
19254
19255
19256
19257
19258
19259
19260
19261
19262
19263
19264
19266
19267
19268
19269
19270
19272
19274
19275
19276
19277
19278
19279
19280
19281
19282
19283
19284
19285
19289
19290
19291
19292
19294
19295
19296
19297
19298
19299
19301
19302
19303
19304
19305
19306
19308
19310
19311
19312
19313
19314
19315
19316
19317
19318
19320
19322
19323
19324
19325
19326
19327
19328
19329
19330
19332
19334
19335
19336
19339
19340
19342
19344
19349
19350
19351
19352
19353
19354
19355
19356
19357
19358
19359
19360
19362
19365
19367
19368
19369
19370
19371
19372
19375
19377
19379
19381
19382
19384
19385
19386
19388
19389
19394
19400
19401
19403
19405
19406
19407
19408
19410
19411
19413
19414
19419
19423
19425
19426
19428
19429
19431
19432
19433
19435
19438
19439
19445
19446
19447
19450
19453
19454
19461
19462
19463
19464
19465
19466
19467
19468
19469
19471
19474
19479
19480
19483
19493
19494
19495
19497
19501
19502
19504
19505
19508
19510
19511
19512
19514
19515
19521
19528
19529
19532
19533
19535
19536
19539
19541
19542
19543
19544
19547
19549
19550
19552
19554
19555
19557
19558
19559
19560
19561
19564
19565
19570
19571
19576
19577
19578
19579
19580
19581
19583
19586
19587
19589
19592
19593
19596
19602
19603
19607
19608
19613
19614
19620
19621
19623
19624
19625
19628
19629
19630
19632
19633
19634
19635
19636
19638
19639
19640
19641
19642
19646
19647
19648
19649
19651
19652
19653
19656
19657
19664
19666
19667
19668
19669
19671
19672
19675
19677
19679
19681
19682
19683
19684
19686
19691
19693
19694
19695
19696
19699
19701
19702
19704
19708
19709
19711
19712
19713
19714
19715
19717
19718
19720
19722
19726
19727
19729
19731
19732
19733
19734
19736
19740
19742
19743
19744
19745
19747
19748
19751
19752
19754
19755
19760
19761
19762
19764
19766
19768
19769
19770
19774
19775
19777
19779
19782
19785
19786
19787
19791
19792
19793
19796
19797
19798
19799
19800
19801
19804
19806
19807
19808
19811
19812
19817
19822
19823
19828
19829
19830
19831
19832
19834
19835
19836
19840
19842
19843
19845
19846
19848
19849
19851
19856
19861
19862
19865
19868
19873
19879
19880
19881
19884
19885
19886
19889
19891
19896
19897
19900
19902
19903
19904
19908
19909
19913
19914
19916
19919
19921
19922
19927
19928
19929
19930
19933
19934
19936
19938
19940
19942
19945
19947
19950
19953
19956
19959
19960
19963
19966
19968
19970
19975
19976
19978
19980
19981
19984
19985
19986
19989
19990
19993
19994
19996
19997
20001
20006
20008
20015
20016
20018
20020
20021
20025
20026
20027
20030
20031
20032
20036
20037
20042
20043
20045
20048
20049
20052
20053
20055
20057
20058
20065
20066
20069
20070
20073
20074
20075
20076
20077
20080
20082
20083
20086
20095
20097
20100
20102
20103
20104
20105
20106
20107
20108
20110
20111
20115
20122
20125
20127
20131
20132
20134
20137
20139
20141
20142
20144
20145
20146
20147
20150
20153
20155
20157
20159
20160
20162
20163
20168
20169
20174
20175
20176
20177
20180
20181
20183
20185
20187
20190
20193
20194
20195
20196
20198
20201
20204
20207
20208
20210
20211
20212
20214
20216
20218
20221
20226
20228
20229
20230
20231
20235
20240
20241
20248
20250
20251
20252
20253
20254
20255
20256
20257
20263
20267
20270
20271
20272
20279
20280
20281
20286
20287
20289
20290
20292
20293
20295
20298
20304
20306
20307
20315
20316
20317
20318
20321
20329
20331
20333
20336
20337
20338
20340
20344
20346
20349
20352
20353
20355
20358
20362
20365
20366
20367
20369
20374
20377
20382
20387
20390
20391
20392
20397
20402
20404
20407
20416
20421
20425
20431
20432
20434
20437
20438
20448
20452
20455
20456
20458
20459
20460
20463
20464
20467
20476
20478
20481
20482
20488
20502
20503
20504
20505
20506
20513
20514
20517
20518
20522
20525
20527
20531
20537
20540
20541
20543
20548
20551
20552
20554
20556
20562
20565
20567
20568
20582
20586
20589
20596
20598
20601
20603
20604
20605
20607
20608
20611
20615
20616
20617
20625
20631
20633
20634
20635
20643
20655
20659
20665
20668
20670
20672
20676
20678
20682
20683
20684
20686
20691
20692
20695
20696
20697
20703
20705
20706
20707
20709
20714
20716
20717
20719
20735
20736
20738
20739
20741
20742
20745
20755
20756
20760
20764
20765
20768
20771
20772
20776
20778
20779
20780
20781
20783
20793
20795
20796
20799
20801
20809
20814
20815
20817
20827
20829
20830
20831
20837
20846
20851
20852
20854
20855
20856
20858
20859
20861
20862
20867
20868
20869
20872
20874
20878
20886
20890
20893
20898
20899
20901
20903
20905
20908
20911
20916
20921
20922
20925
20927
20929
20930
20933
20934
20935
20941
20944
20946
20949
20952
20953
20954
20957
20961
20963
20964
20967
20971
20974
20976
20978
20980
20984
20985
20986
20988
20991
20992
20996
20998
20999
21000
21001
21002
21003
21004
21008
21012
21013
21014
21018
21023
21026
21027
21029
21031
21034
21035
21042
21043
21044
21045
21048
21051
21055
21056
21057
21058
21059
21060
21061
21062
21063
21064
21067
21068
21069
21071
21073
21075
21076
21078
21079
21081
21082
21084
21085
21087
21088
21089
21090
21091
21092
21094
21095
21096
21097
21098
21099
21100
21102
21103
21104
21105
21106
21107
21108
21109
21110
21111
21112
21113
21114
21116
21119
21120
21121
21122
21123
21124
21126
21128
21129
21130
21131
21132
21133
21134
21135
21136
21138
21139
21140
21141
21144
21145
21148
21149
21150
21151
21152
21154
21155
21156
21158
21159
21160
21161
21164
21165
21166
21167
21168
21169
21171
21172
21173
21174
21175
21177
21178
21180
21181
21182
21184
21185
21186
21187
21188
21189
21190
21191
21193
21196
21197
21198
21199
21201
21202
21203
21204
21205
21206
21207
21209
21210
21211
21212
21213
21214
21215
21218
21220
21221
21222
21223
21224
21225
21226
21228
21229
21230
21231
21234
21236
21237
21238
21239
21240
21242
21245
21246
21247
21248
21249
21252
21254
21255
21257
21258
21260
21261
21263
21265
21266
21267
21268
21269
21270
21271
21273
21274
21275
21276
21279
21280
21281
21282
21283
21285
21286
21287
21288
21290
21291
21292
21293
21294
21295
21299
21300
21301
21302
21303
21304
21305
21308
21309
21312
21314
21315
21316
21317
21318
21319
21323
21325
21328
21329
21330
21331
21335
21337
21338
21339
21340
21343
21344
21345
21346
21347
21348
21349
21351
21353
21354
21359
21360
21361
21362
21363
21364
21365
21370
21377
21381
21382
21383
21384
21385
21386
21388
21389
21391
21392
21395
21396
21398
21399
21400
21401
21407
21408
21409
21411
21412
21414
21415
21418
21419
21421
21422
21424
21425
21429
21431
21437
21438
21440
21441
21444
21446
21449
21451
21453
21454
21455
21456
21457
21460
21465
21467
21468
21470
21472
21473
21474
21476
21480
21481
21482
21484
21485
21487
21488
21489
21490
21496
21497
21498
21499
21500
21501
21503
21505
21506
21507
21508
21509
21511
21512
21513
21514
21516
21519
21520
21524
21526
21527
21529
21530
21532
21533
21534
21535
21536
21538
21539
21540
21541
21543
21544
21545
21546
21548
21549
21550
21553
21554
21556
21557
21559
21560
21563
21564
21568
21569
21570
21571
21572
21573
21576
21578
21580
21581
21586
21589
21590
21592
21593
21595
21599
21600
21601
21603
21605
21606
21608
21610
21612
21615
21616
21618
21619
21620
21622
21623
21624
21630
21631
21633
21637
21638
21640
21642
21648
21652
21653
21657
21658
21659
21663
21664
21665
21668
21669
21671
21674
21676
21678
21680
21681
21684
21689
21690
21692
21693
21696
21697
21698
21704
21708
21716
21720
21723
21724
21726
21728
21730
21732
21734
21735
21736
21737
21741
21742
21743
21744
21745
21747
21749
21750
21752
21756
21761
21762
21765
21769
21770
21778
21781
21782
21783
21785
21789
21790
21791
21793
21795
21798
21799
21800
21802
21804
21805
21806
21807
21808
21810
21811
21813
21815
21818
21820
21821
21822
21823
21824
21825
21826
21827
21828
21829
21830
21831
21832
21833
21834
21841
21844
21845
21846
21848
21849
21853
21854
21855
21856
21857
21860
21861
21862
21869
21871
21873
21878
21879
21885
21887
21892
21895
21899
21902
21904
21907
21910
21911
21913
21914
21915
21916
21917
21921
21924
21927
21929
21931
21933
21934
21935
21939
21940
21941
21944
21945
21946
21948
21954
21955
21957
21959
21962
21963
21964
21965
21966
21967
21972
21975
21976
21984
21985
21986
21987
21989
21990
21991
21992
21994
21995
21996
22000
22002
22005
22006
22008
22009
22012
22016
22020
22026
22027
22028
22029
22030
22032
22033
22034
22035
22036
22037
22038
22043
22047
22049
22051
22052
22053
22054
22055
22057
22058
22059
22062
22064
22067
22071
22072
22074
22075
22076
22077
22078
22080
22081
22082
22084
22087
22088
22089
22090
22091
22094
22095
22100
22101
22102
22104
22105
22106
22108
22109
22110
22112
22113
22114
22115
22118
22119
22123
22125
22126
22127
22128
22129
22131
22132
22133
22136
22138
22139
22140
22142
22144
22147
22148
22149
22151
22155
22156
22159
22162
22163
22167
22170
22171
22172
22173
22174
22179
22182
22184
22187
22189
22190
22191
22193
22195
22196
22199
22201
22202
22204
22207
22208
22209
22210
22212
22213
22214
22217
22220
22223
22226
22227
22228
22230
22232
22235
22237
22238
22239
22240
22241
22242
22243
22244
22245
22246
22248
22249
22250
22251
22252
22254
22257
22258
22260
22261
22262
22263
22264
22265
22267
22268
22269
22270
22272
22273
22275
22276
22278
22279
22281
22282
22283
22287
22288
22293
22296
22307
22316
22320
22323
22338
22343
22346
22359
22371
22374
22375
22379
22394
22395
22397
22399
22402
22404
22406
22410
22412
22413
22418
22419
22420
22426
22427
22429
22430
22432
22436
22437
22438
22442
22446
22469
22481
22491
22497
22500
22518
22523
22524
22536
22544
22564
22570
22580
22585
22603
22611
22620
22635
22636
22664
22686
22694
22697
22702
22705
22706
22709
22711
22714
22719
22720
22724
22726
22732
22742
22753
22761
22764
22772
22775
22783
22785
22792
22795
22803
22812
22821
22857
22864
22871
22879
22882
22897
22903
22906
22918
22932
22933
22958
22959
22960
22961
22964
22965
22967
22968
22969
22970
22971
22972
22974
22975
22976
22979
22980
22983
22984
22986
22987
22988
22989
22991
22993
22994
22995
22996
22997
22998
23000
23002
23004
23006
23008
23009
23010
23011
23012
23014
23015
23016
23017
23018
23019
23026
23030
23032
23033
23034
23036
23042
23043
23044
23046
23050
23051
23053
23054
23056
23057
23058
23059
23060
23062
23063
23072
23074
23076
23077
23078
23080
23082
23087
23088
23089
23091
23094
23095
23096
23098
23099
23100
23101
23102
23103
23105
23108
23112
23115
23116
23117
23118
23120
23121
23124
23126
23128
23129
23130
23131
23132
23135
23136
23139
23140
23142
23145
23146
23147
23148
23159
23160
23161
23162
23163
23164
23167
23168
23170
23172
23174
23175
23176
23177
23178
23180
23181
23182
23183
23184
23185
23187
23188
23189
23190
23193
23196
23197
23198
23201
23202
23203
23204
23206
23207
23208
23209
23211
23213
23214
23215
23216
23217
23219
23220
23222
23227
23229
23231
23233
23237
23239
23240
23241
23242
23243
23245
23246
23248
23249
23250
23251
23253
23255
23256
23258
23259
23261
23263
23264
23266
23269
23271
23273
23274
23275
23276
23278
23279
23280
23281
23282
23283
23285
23289
23290
23291
23293
23294
23295
23297
23300
23302
23303
23304
23306
23310
23311
23313
23314
23316
23321
23322
23326
23328
23329
23334
23335
23336
23337
23340
23342
23351
23354
23357
23362
23367
23368
23370
23372
23374
23375
23377
23381
23382
23386
23389
23391
23392
23393
23394
23395
23396
23397
23398
23401
23405
23407
23408
23409
23410
23412
23415
23418
23423
23428
23430
23440
23441
23446
23447
23449
23453
23458
23459
23462
23464
23466
23467
23469
23474
23476
23479
23480
23486
23488
23490
23491
23493
23494
23495
23496
23498
23501
23502
23503
23505
23507
23512
23518
23520
23521
23523
23528
23534
23536
23537
23541
23542
23543
23545
23546
23549
23550
23554
23560
23561
23562
23564
23565
23566
23569
23571
23573
23575
23579
23581
23584
23593
23595
23596
23597
23603
23607
23608
23610
23611
23614
23617
23618
23619
23621
23622
23623
23631
23636
23637
23642
23644
23648
23652
23653
23654
23659
23661
23662
23667
23669
23670
23673
23675
23677
23680
23682
23684
23687
23690
23693
23694
23695
23699
23700
23702
23703
23709
23715
23723
23725
23729
23730
23733
23734
23738
23739
23742
23744
23745
23750
23751
23756
23762
23764
23766
23770
23772
23778
23782
23783
23784
23785
23787
23788
23796
23797
23799
23800
23801
23802
23804
23808
23811
23818
23819
23820
23823
23824
23825
23827
23830
23833
23837
23839
23846
23848
23850
23851
23853
23854
23855
23856
23859
23860
23861
23862
23863
23868
23874
23876
23877
23888
23890
23894
23897
23898
23899
23908
23909
23910
23914
23917
23918
23921
23924
23931
23932
23943
23948
23957
23958
23959
23963
23965
23966
23967
23975
23978
23979
23982
23989
23993
23995
23997
23998
23999
24000
24003
24004
24006
24007
24008
24010
24013
24016
24020
24025
24029
24031
24032
24033
24035
24037
24043
24044
24045
24046
24049
24052
24055
24059
24060
24064
24070
24071
24072
24075
24079
24081
24088
24093
24095
24102
24105
24110
24123
24126
24132
24139
24141
24145
24146
24150
24161
24162
24165
24168
24171
24172
24174
24175
24176
24183
24186
24189
24192
24195
24200
24207
24208
24209
24213
24217
24218
24227
24230
24232
24236
24239
24240
24245
24250
24251
24259
24262
24264
24270
24276
24281
24288
24292
24293
24295
24296
24305
24308
24309
24310
24311
24312
24313
24315
24316
24317
24318
24327
24328
24331
24333
24339
24340
24343
24356
24363
24369
24372
24373
24378
24380
24381
24385
24386
24390
24395
24396
24397
24400
24404
24411
24417
24422
24429
24437
24442
24445
24447
24452
24457
24463
24469
24476
24479
24490
24492
24493
24495
24496
24506
24513
24523
24531
24542
24545
24550
24554
24566
24567
24571
24581
24586
24599
24609
24611
24613
24615
24625
24632
24634
24636
24638
24645
24649
24652
24658
24660
24661
24666
24667
24670
24672
24673
24675
24677
24678
24679
24681
24685
24686
24690
24691
24692
24694
24695
24698
24699
24700
24702
24712
24713
24716
24717
24720
24722
24723
24726
24727
24728
24732
24733
24735
24737
24739
24740
24742
24743
24745
24749
24752
24759
24762
24765
24770
24771
24772
24773
24776
24777
24778
24779
24780
24782
24787
24789
24790
24793
24794
24795
24796
24797
24798
24799
24802
24803
24804
24808
24809
24810
24812
24813
24814
24816
24817
24818
24819
24821
24822
24823
24824
24826
24827
24830
24833
24835
24836
24837
24838
24839
24840
24842
24843
24846
24847
24848
24849
24850
24851
24852
24853
24854
24855
24857
24858
24859
24860
24861
24863
24864
24865
24866
24867
24868
24870
24872
24873
24874
24876
24879
24880
24881
24882
24883
24885
24886
24888
24889
24890
24891
24892
24894
24895
24896
24897
24898
24901
24902
24903
24904
24905
24906
24907
24908
24910
24911
24912
24913
24914
24915
24916
24917
24918
24920
24921
24922
24923
24925
24926
24927
24929
24930
24931
24932
24934
24935
24937
24938
24939
24940
24943
24945
24948
24949
24950
24952
24953
24954
24956
24959
24960
24961
24962
24965
24966
24972
24973
24975
24976
24977
24979
24981
24982
24983
24984
24985
24986
24987
24990
24992
24993
24994
24995
24996
25000
25001
25002
25003
25004
25007
25012
25013
25014
25015
25016
25018
25020
25021
25022
25023
25024
25026
25028
25029
25033
25035
25036
25037
25039
25041
25042
25043
25044
25046
25048
25049
25050
25052
25054
25056
25057
25058
25059
25060
25063
25066
25067
25068
25070
25074
25079
25080
25084
25087
25089
25091
25096
25097
25098
25099
25102
25105
25106
25109
25110
25111
25113
25114
25120
25121
25125
25126
25129
25131
25133
25135
25136
25138
25139
25143
25144
25149
25150
25152
25154
25155
25156
25160
25161
25162
25165
25167
25170
25174
25178
25179
25180
25181
25182
25185
25186
25187
25188
25190
25191
25192
25193
25195
25197
25199
25201
25202
25203
25207
25209
25210
25212
25214
25217
25218
25219
25221
25226
25227
25228
25229
25230
25231
25233
25237
25241
25244
25245
25246
25249
25252
25253
25255
25256
25258
25259
25264
25265
25266
25267
25268
25270
25272
25273
25274
25275
25276
25279
25285
25286
25287
25289
25291
25295
25296
25298
25302
25303
25304
25306
25313
25315
25316
25317
25319
25320
25321
25322
25326
25328
25329
25330
25331
25333
25336
25338
25339
25340
25344
25345
25346
25347
25351
25352
25353
25355
25357
25363
25364
25365
25366
25367
25368
25369
25372
25373
25377
25378
25379
25380
25383
25385
25386
25389
25391
25392
25394
25399
25404
25405
25407
25410
25411
25414
25415
25416
25418
25422
25424
25433
25437
25438
25440
25445
25446
25449
25457
25458
25464
25469
25477
25479
25480
25481
25484
25488
25490
25491
25492
25493
25494
25495
25498
25499
25503
25504
25506
25507
25518
25521
25522
25524
25525
25532
25536
25537
25538
25539
25540
25541
25545
25547
25548
25550
25552
25555
25559
25560
25561
25562
25566
25568
25570
25571
25572
25574
25581
25583
25584
25585
25586
25589
25590
25594
25597
25600
25601
25603
25604
25605
25608
25609
25613
25615
25616
25617
25618
25619
25621
25624
25625
25629
25630
25631
25633
25635
25638
25640
25642
25646
25650
25652
25654
25655
25657
25658
25659
25661
25662
25666
25668
25669
25672
25676
25677
25678
25679
25681
25682
25688
25690
25691
25693
25697
25699
25701
25702
25706
25707
25709
25710
25711
25712
25713
25715
25716
25719
25720
25725
25726
25730
25732
25734
25738
25741
25743
25746
25747
25748
25751
25752
25755
25757
25758
25761
25766
25768
25771
25772
25773
25774
25775
25777
25781
25785
25786
25787
25793
25796
25798
25801
25803
25805
25807
25808
25810
25813
25815
25816
25819
25823
25824
25826
25828
25829
25830
25832
25833
25834
25837
25839
25840
25844
25845
25846
25849
25851
25853
25854
25855
25856
25857
25859
25860
25862
25864
25868
25872
25876
25877
25878
25884
25886
25888
25889
25890
25893
25896
25897
25898
25899
25901
25902
25903
25905
25906
25908
25909
25913
25914
25915
25917
25918
25919
25921
25924
25925
25926
25927
25929
25931
25934
25938
25940
25941
25942
25943
25944
25945
25946
25949
25950
25951
25952
25953
25954
25955
25956
25957
25958
25959
25960
25961
25963
25964
25966
25968
25972
25975
25978
25980
25981
25982
25983
25984
25985
25987
25989
25990
25992
25996
26000
26004
26007
26010
26011
26013
26018
26019
26025
26026
26036
26039
26041
26042
26059
26061
26064
26067
26076
26079
26082
26083
26087
26094
26095
26096
26100
26110
26114
26123
26125
26126
26129
26133
26141
26142
26149
26152
26156
26159
26160
26162
26163
26165
26168
26175
26183
26188
26192
26195
26198
26199
26204
26205
26212
26217
26228
26234
26238
26240
26250
26259
26260
26270
26288
26289
26291
26296
26308
26319
26331
26336
26351
26357
26367
26374
26375
26390
26396
26399
26410
26452
26463
26464
26467
26474
26480
26486
26487
26489
26497
26506
26526
26527
26532
26533
26534
26549
26555
26564
26588
26592
26596
26599
26607
26618
26632
26634
26637
26640
26642
26647
26652
26664
26672
26673
26674
26676
26677
26678
26679
26680
26682
26684
26685
26687
26688
26689
26690
26691
26692
26693
26694
26695
26696
26698
26699
26700
26701
26703
26704
26705
26707
26708
26709
26710
26711
26712
26713
26714
26716
26717
26718
26719
26720
26722
26723
26724
26725
26726
26727
26729
26731
26733
26735
26736
26738
26739
26740
26741
26744
26745
26746
26749
26754
26756
26757
26758
26760
26761
26762
26764
26765
26766
26767
26768
26769
26770
26771
26772
26773
26776
26777
26779
26780
26783
26786
26787
26790
26792
26794
26796
26797
26798
26800
26802
26803
26805
26809
26810
26811
26814
26816
26817
26818
26819
26822
26825
26828
26829
26830
26831
26833
26834
26835
26837
26839
26842
26843
26844
26845
26847
26848
26849
26851
26852
26854
26856
26858
26860
26861
26862
26863
26864
26867
26873
26878
26880
26881
26882
26885
26886
26888
26890
26892
26895
26896
26897
26899
26900
26902
26904
26906
26907
26909
26912
26913
26917
26920
26921
26922
26923
26929
26930
26931
26932
26933
26936
26937
26938
26940
26941
26943
26945
26948
26950
26951
26953
26955
26956
26957
26960
26963
26964
26965
26968
26969
26971
26972
26973
26975
26980
26981
26982
26983
26985
26986
26987
26988
26989
26992
26993
26994
26995
26996
26997
26999
27000
27001
27006
27008
27009
27011
27014
27016
27017
27018
27022
27024
27025
27026
27028
27030
27031
27036
27037
27042
27043
27044
27048
27049
27050
27052
27053
27054
27059
27060
27061
27062
27064
27065
27067
27068
27070
27071
27072
27076
27077
27079
27081
27082
27083
27085
27086
27089
27091
27092
27094
27095
27096
27098
27099
27100
27103
27106
27107
27109
27111
27112
27114
27115
27116
27120
27121
27122
27123
27126
27129
27130
27133
27136
27138
27141
27147
27150
27151
27153
27154
27160
27162
27164
27170
27172
27173
27175
27176
27179
27180
27183
27186
27188
27189
27193
27200
27201
27203
27205
27209
27214
27215
27219
27221
27222
27223
27226
27228
27231
27232
27233
27234
27237
27243
27244
27247
27250
27251
27252
27257
27258
27259
27260
27262
27264
27266
27269
27270
27271
27272
27273
27274
27276
27283
27284
27286
27292
27293
27296
27297
27298
27300
27309
27311
27316
27317
27323
27325
27327
27328
27331
27334
27336
27338
27339
27347
27348
27350
27351
27352
27354
27356
27357
27360
27362
27364
27366
27368
27372
27374
27376
27377
27378
27379
27382
27384
27387
27389
27391
27396
27397
27398
27399
27401
27402
27403
27405
27406
27407
27408
27409
27414
27417
27420
27423
27424
27425
27426
27427
27434
27437
27438
27439
27443
27444
27445
27446
27447
27448
27453
27454
27456
27460
27463
27472
27473
27476
27477
27481
27485
27486
27487
27489
27490
27493
27498
27500
27502
27503
27505
27511
27514
27515
27517
27518
27522
27525
27530
27533
27534
27536
27539
27541
27545
27555
27557
27560
27562
27565
27566
27567
27569
27570
27572
27574
27575
27578
27581
27582
27585
27591
27592
27596
27601
27604
27606
27608
27615
27617
27618
27620
27621
27635
27636
27637
27640
27643
27649
27653
27658
27659
27660
27664
27667
27670
27676
27677
27679
27680
27682
27684
27688
27692
27693
27696
27697
27704
27706
27707
27708
27709
27711
27712
27713
27716
27720
27721
27724
27725
27726
27727
27728
27729
27730
27735
27736
27742
27743
27745
27747
27751
27755
27756
27759
27763
27764
27765
27771
27773
27781
27784
27785
27788
27789
27791
27792
27793
27795
27800
27802
27804
27805
27807
27811
27812
27815
27819
27820
27822
27823
27828
27833
27841
27844
27846
27848
27849
27856
27857
27859
27860
27864
27869
27880
27882
27883
27886
27889
27897
27898
27903
27904
27907
27910
27911
27918
27922
27929
27931
27932
27935
27942
27943
27945
27946
27947
27950
27952
27953
27959
27962
27964
27965
27969
27971
27973
27976
27978
27979
27982
27984
27985
27990
27993
27994
27995
28001
28007
28010
28014
28019
28023
28024
28026
28029
28037
28042
28044
28045
28046
28049
28051
28053
28054
28056
28061
28062
28068
28071
28072
28076
28077
28086
28088
28092
28094
28102
28106
28110
28111
28114
28121
28123
28127
28128
28131
28134
28135
28136
28143
28144
28145
28148
28151
28159
28160
28161
28162
28164
28165
28166
28167
28169
28170
28171
28179
28181
28182
28183
28186
28187
28189
28193
28199
28200
28209
28211
28221
28227
28229
28237
28245
28246
28250
28255
28261
28262
28263
28265
28272
28274
28277
28280
28284
28288
28289
28291
28296
28299
28302
28309
28313
28315
28322
28323
28324
28326
28327
28331
28339
28340
28344
28349
28350
28352
28353
28355
28356
28359
28360
28361
28373
28378
28379
28381
28382
28383
28385
28386
28389
28391
28392
28393
28395
28397
28398
28399
28400
28403
28405
28406
28408
28410
28412
28414
28416
28417
28418
28420
28421
28422
28425
28426
28427
28428
28430
28433
28434
28436
28440
28441
28443
28446
28448
28449
28453
28455
28457
28459
28461
28462
28463
28465
28471
28472
28475
28477
28479
28482
28483
28484
28485
28486
28488
28489
28490
28491
28492
28493
28496
28497
28498
28501
28502
28503
28504
28506
28507
28508
28509
28510
28511
28512
28515
28516
28517
28518
28519
28520
28521
28522
28523
28524
28526
28527
28528
28530
28531
28532
28533
28535
28536
28537
28539
28540
28541
28542
28543
28544
28545
28546
28548
28550
28551
28552
28553
28554
28556
28558
28559
28560
28561
28562
28564
28566
28567
28569
28570
28571
28572
28573
28574
28575
28578
28580
28581
28582
28583
28584
28586
28587
28589
28592
28593
28594
28595
28596
28597
28598
28599
28600
28601
28602
28603
28604
28605
28606
28608
28610
28611
28613
28614
28615
28616
28617
28618
28619
28621
28622
28624
28625
28626
28627
28628
28629
28630
28631
28632
28633
28634
28635
28637
28638
28639
28640
28643
28644
28645
28646
28647
28648
28649
28650
28651
28652
28653
28654
28655
28657
28658
28659
28660
28662
28664
28666
28667
28668
28670
28673
28674
28675
28677
28678
28679
28680
28681
28682
28683
28684
28685
28686
28687
28688
28689
28690
28691
28694
28695
28696
28699
28701
28704
28705
28706
28709
28710
28711
28714
28715
28716
28718
28719
28721
28722
28724
28726
28727
28728
28729
28730
28731
28733
28734
28735
28736
28737
28742
28743
28744
28745
28747
28750
28751
28753
28754
28756
28757
28758
28760
28764
28765
28766
28767
28770
28771
28773
28774
28776
28778
28780
28781
28782
28784
28786
28787
28788
28790
28791
28793
28797
28798
28803
28804
28808
28811
28813
28814
28816
28819
28820
28822
28823
28824
28826
28827
28828
28831
28834
28835
28840
28841
28847
28850
28853
28855
28860
28861
28862
28865
28867
28868
28869
28870
28871
28872
28875
28877
28878
28881
28882
28883
28884
28886
28888
28892
28893
28895
28896
28897
28901
28902
28904
28905
28906
28907
28908
28909
28912
28913
28916
28917
28918
28919
28921
28922
28923
28924
28925
28926
28927
28928
28932
28934
28935
28937
28938
28940
28941
28942
28943
28944
28945
28951
28952
28957
28958
28959
28960
28961
28962
28963
28965
28967
28968
28969
28971
28973
28974
28976
28978
28979
28981
28982
28983
28984
28986
28988
28991
28992
28993
28996
28997
28998
28999
29000
29001
29006
29008
29009
29011
29014
29015
29016
29017
29018
29020
29021
29023
29028
29031
29033
29034
29035
29036
29038
29040
29043
29044
29045
29046
29051
29053
29054
29056
29059
29061
29068
29073
29076
29078
29079
29081
29083
29085
29088
29093
29097
29099
29100
29102
29103
29105
29110
29111
29118
29119
29120
29121
29123
29124
29125
29126
29128
29130
29132
29135
29136
29138
29141
29147
29148
29151
29152
29153
29154
29157
29160
29161
29162
29163
29167
29168
29169
29171
29173
29175
29177
29178
29183
29185
29186
29189
29190
29193
29194
29197
29198
29199
29202
29204
29205
29206
29208
29209
29211
29212
29217
29218
29221
29224
29225
29226
29228
29230
29233
29234
29236
29241
29243
29244
29246
29247
29248
29250
29251
29252
29253
29254
29255
29256
29261
29264
29266
29267
29269
29270
29274
29275
29276
29278
29279
29280
29282
29284
29285
29286
29289
29293
29294
29297
29298
29299
29300
29301
29302
29303
29305
29308
29312
29313
29315
29317
29322
29323
29324
29327
29328
29330
29332
29335
29341
29342
29343
29345
29349
29355
29356
29358
29359
29361
29363
29368
29370
29371
29372
29373
29376
29377
29378
29380
29381
29382
29383
29387
29390
29391
29392
29393
29394
29395
29396
29397
29402
29403
29404
29406
29409
29411
29412
29413
29415
29416
29417
29420
29421
29422
29423
29427
29428
29434
29437
29440
29441
29444
29448
29449
29452
29456
29457
29458
29460
29463
29464
29465
29466
29468
29471
29472
29475
29477
29478
29479
29481
29482
29483
29485
29486
29487
29488
29489
29490
29491
29492
29493
29494
29495
29496
29499
29500
29501
29504
29507
29510
29512
29513
29514
29515
29517
29519
29521
29522
29527
29528
29529
29530
29531
29532
29533
29535
29537
29538
29540
29541
29542
29543
29546
29547
29549
29551
29553
29554
29556
29558
29559
29560
29562
29564
29565
29566
29567
29568
29569
29570
29571
29572
29576
29578
29579
29580
29582
29586
29587
29590
29592
29593
29594
29595
29597
29598
29599
29600
29602
29603
29611
29612
29615
29616
29617
29620
29624
29627
29628
29629
29632
29633
29635
29638
29639
29640
29641
29642
29643
29645
29646
29647
29651
29653
29654
29655
29656
29657
29658
29659
29660
29664
29665
29667
29668
29669
29670
29671
29672
29673
29674
29675
29677
29682
29685
29686
29687
29690
29691
29692
29693
29696
29697
29698
29699
29700
29701
29703
29704
29705
29706
29710
29713
29714
29720
29727
29729
29734
29738
29749
29751
29758
29767
29769
29770
29775
29784
29787
29802
29803
29808
29811
29816
29820
29824
29825
29826
29830
29833
29837
29838
29840
29852
29855
29856
29857
29859
29861
29862
29866
29868
29870
29871
29878
29880
29884
29888
29891
29895
29897
29900
29902
29909
29914
29918
29926
29928
29932
29939
29945
29950
29951
29952
29957
29967
29970
29973
29974
29981
29989
29993
30002
30003
30006
30008
30016
30022
30031
30034
30048
30058
30067
30079
30081
30086
30088
30091
30092
30104
30110
30111
30122
30124
30127
30130
30137
30139
30163
30176
30181
30192
30205
30223
30225
30229
30233
30238
30259
30262
30265
30268
30271
30274
30281
30286
30290
30304
30306
30307
30314
30332
30343
30345
30346
30357
30366
30369
30370
30386
30387
30388
30389
30391
30394
30396
30397
30398
30399
30400
30401
30402
30403
30404
30405
30406
30407
30408
30409
30412
30414
30416
30417
30418
30419
30420
30421
30422
30423
30424
30425
30426
30427
30428
30429
30430
30431
30432
30434
30435
30436
30437
30439
30440
30441
30442
30443
30444
30445
30446
30447
30449
30450
30452
30453
30454
30456
30458
30459
30460
30462
30464
30465
30467
30468
30469
30470
30471
30472
30474
30478
30479
30480
30481
30482
30483
30484
30485
30486
30489
30490
30491
30493
30494
30497
30500
30501
30503
30504
30505
30506
30507
30508
30510
30512
30513
30514
30515
30517
30519
30520
30522
30523
30524
30525
30526
30527
30528
30530
30531
30532
30533
30534
30535
30536
30538
30539
30540
30541
30543
30544
30545
30546
30547
30548
30549
30550
30551
30552
30553
30554
30555
30556
30557
30559
30561
30562
30563
30564
30567
30570
30573
30574
30575
30576
30577
30578
30581
30584
30585
30587
30588
30589
30592
30593
30594
30595
30597
30598
30600
30602
30604
30607
30608
30610
30611
30613
30614
30616
30618
30620
30621
30625
30626
30627
30629
30631
30634
30636
30637
30638
30639
30641
30642
30643
30644
30645
30646
30647
30650
30651
30652
30656
30657
30658
30659
30660
30661
30662
30663
30664
30665
30666
30670
30671
30672
30673
30674
30675
30676
30677
30678
30679
30680
30681
30685
30686
30687
30689
30691
30693
30694
30695
30696
30697
30698
30699
30701
30702
30703
30706
30707
30708
30709
30710
30711
30713
30714
30715
30718
30722
30723
30724
30725
30727
30729
30731
30734
30737
30739
30741
30742
30743
30744
30745
30752
30753
30754
30755
30756
30757
30760
30763
30766
30767
30768
30769
30773
30774
30775
30776
30777
30778
30780
30781
30782
30785
30786
30787
30789
30790
30793
30795
30796
30798
30799
30800
30803
30806
30807
30809
30810
30811
30812
30814
30816
30819
30820
30821
30823
30825
30826
30828
30829
30833
30834
30835
30836
30837
30840
30841
30842
30843
30849
30850
30851
30853
30854
30856
30858
30859
30861
30862
30863
30864
30865
30866
30868
30869
30873
30874
30875
30876
30878
30880
30884
30886
30888
30889
30890
30892
30894
30897
30899
30901
30902
30905
30906
30907
30908
30911
30912
30915
30916
30917
30918
30919
30920
30922
30923
30926
30928
30929
30931
30933
30935
30939
30940
30941
30942
30946
30947
30948
30949
30950
30952
30953
30956
30957
30959
30960
30964
30965
30966
30970
30971
30972
30973
30974
30976
30977
30978
30980
30981
30982
30983
30986
30990
30991
30994
30997
30999
31001
31002
31003
31004
31007
31008
31009
31010
31012
31015
31016
31018
31019
31021
31022
31023
31025
31026
31028
31030
31031
31033
31035
31036
31037
31039
31040
31042
31044
31046
31047
31049
31050
31051
31052
31054
31055
31058
31059
31060
31061
31064
31065
31066
31067
31074
31075
31078
31080
31081
31082
31084
31085
31087
31090
31091
31097
31098
31099
31103
31104
31105
31107
31108
31110
31114
31115
31117
31118
31120
31121
31123
31127
31128
31129
31130
31133
31135
31136
31139
31140
31141
31145
31147
31148
31151
31153
31154
31156
31157
31158
31160
31161
31162
31163
31166
31168
31169
31170
31173
31175
31176
31178
31179
31181
31182
31184
31186
31189
31190
31191
31193
31198
31199
31200
31201
31205
31208
31209
31211
31212
31213
31214
31215
31216
31219
31221
31222
31224
31225
31227
31232
31234
31235
31236
31237
31239
31241
31242
31244
31246
31247
31248
31253
31255
31258
31260
31261
31262
31265
31267
31269
31274
31275
31276
31279
31281
31285
31286
31289
31290
31291
31292
31293
31294
31295
31296
31302
31303
31304
31305
31307
31308
31309
31310
31311
31312
31316
31320
31321
31329
31332
31333
31335
31336
31338
31341
31342
31345
31349
31350
31351
31352
31353
31354
31359
31361
31367
31369
31370
31371
31376
31377
31379
31386
31387
31388
31391
31393
31394
31397
31398
31399
31402
31405
31406
31410
31411
31412
31415
31418
31419
31421
31423
31425
31427
31435
31438
31439
31441
31444
31446
31447
31452
31456
31458
31460
31462
31463
31464
31465
31470
31471
31472
31474
31479
31482
31492
31497
31498
31500
31501
31509
31510
31516
31519
31522
31525
31529
31530
31531
31532
31534
31540
31547
31549
31551
31556
31558
31561
31567
31573
31575
31576
31578
31580
31583
31588
31589
31590
31593
31595
31596
31602
31611
31614
31616
31617
31619
31622
31624
31628
31631
31634
31645
31646
31656
31660
31662
31664
31665
31667
31668
31673
31674
31675
31678
31681
31682
31683
31685
31687
31692
31693
31696
31697
31699
31707
31708
31709
31712
31714
31716
31723
31724
31726
31727
31728
31729
31733
31735
31736
31737
31738
31740
31743
31745
31750
31753
31754
31757
31758
31759
31761
31764
31766
31767
31768
31769
31772
31773
31777
31782
31788
31789
31790
31791
31794
31797
31798
31799
31800
31801
31809
31823
31824
31825
31828
31837
31838
31841
31847
31849
31859
31861
31864
31870
31873
31876
31877
31878
31880
31881
31882
31883
31884
31889
31892
31893
31895
31897
31898
31907
31908
31912
31913
31914
31915
31917
31918
31922
31923
31924
31927
31930
31935
31936
31937
31941
31947
31951
31952
31953
31956
31959
31960
31961
31963
31970
31972
31974
31975
31977
31982
31986
31988
31990
31991
31996
31997
31998
31999
32003
32006
32007
32014
32015
32022
32031
32032
32033
32040
32043
32045
32048
32050
32052
32053
32054
32055
32057
32058
32061
32062
32068
32069
32071
32073
32078
32084
32086
32087
32092
32093
32094
32095
32098
32099
32100
32102
32103
32104
32105
32106
32109
32112
32113
32119
32120
32121
32122
32124
32125
32126
32127
32128
32130
32134
32135
32137
32138
32140
32141
32142
32143
32144
32145
32146
32147
32150
32151
32154
32155
32156
32157
32158
32159
32160
32161
32164
32167
32168
32170
32171
32173
32174
32175
32176
32177
32184
32186
32187
32189
32190
32193
32195
32196
32198
32199
32200
32201
32202
32203
32204
32205
32206
32207
32209
32210
32211
32215
32216
32217
32221
32222
32223
32224
32225
32226
32227
32229
32230
32231
32233
32234
32235
32236
32237
32238
32240
32241
32242
32243
32244
32246
32248
32249
32250
32251
32253
32254
32255
32256
32257
32258
32259
32261
32263
32264
32265
32266
32267
32268
32269
32270
32271
32272
32273
32274
32275
32276
32278
32279
32280
32281
32282
32283
32284
32285
32286
32287
32288
32289
32290
32291
32292
32293
32294
32295
32296
32297
32298
32299
32300
32301
32302
32303
32304
32306
32307
32308
32309
32310
32311
32312
32313
32314
32315
32316
32317
32319
32320
32321
32322
32323
32324
32325
32326
32328
32329
32330
32331
32332
32333
32335
32336
32337
32338
32339
32340
32341
32342
32343
32344
32345
32347
32348
32349
32350
32351
32353
32354
32355
32356
32357
32358
32359
32360
32362
32363
32364
32365
32366
32367
32368
32370
32371
32372
32373
32375
32376
32377
32378
32379
32380
32381
32382
32384
32385
32386
32387
32388
32389
32390
32391
32393
32394
32395
32397
32398
32399
32401
32403
32404
32406
32408
32409
32410
32412
32413
32414
32415
32416
32418
32419
32422
32423
32424
32425
32426
32428
32429
32430
32431
32433
32434
32435
32436
32437
32438
32439
32440
32441
32442
32443
32445
32446
32447
32448
32449
32450
32451
32452
32454
32455
32456
32457
32459
32461
32462
32463
32468
32470
32471
32472
32473
32474
32475
32478
32479
32480
32484
32485
32488
32489
32491
32492
32496
32498
32500
32501
32502
32503
32504
32505
32507
32508
32509
32510
32511
32512
32513
32514
32515
32517
32518
32519
32520
32522
32523
32524
32525
32527
32528
32530
32531
32534
32538
32540
32542
32543
32546
32548
32549
32553
32554
32556
32558
32560
32561
32564
32566
32567
32568
32571
32575
32576
32577
32580
32581
32582
32583
32585
32586
32587
32588
32591
32593
32594
32595
32597
32598
32599
32600
32601
32602
32604
32607
32608
32609
32612
32614
32616
32618
32620
32621
32622
32623
32624
32625
32626
32627
32628
32629
32630
32631
32632
32633
32635
32637
32640
32642
32645
32646
32649
32651
32652
32653
32654
32657
32658
32659
32661
32664
32665
32666
32669
32670
32672
32673
32674
32676
32680
32681
32682
32685
32686
32689
32691
32692
32693
32694
32695
32696
32698
32700
32701
32702
32703
32704
32705
32706
32707
32708
32709
32710
32712
32713
32715
32717
32719
32720
32722
32723
32724
32725
32727
32728
32729
32731
32732
32733
32734
32742
32745
32747
32748
32749
32750
32752
32753
32754
32756
32757
32759
32760
32761
32762
32765
32768
32771
32773
32775
32778
32780
32781
32782
32788
32790
32792
32795
32796
32797
32798
32799
32800
32801
32804
32805
32806
32809
32812
32813
32815
32816
32818
32819
32820
32822
32823
32828
32829
32830
32831
32832
32833
32835
32837
32838
32839
32840
32841
32842
32843
32846
32850
32856
32857
32859
32860
32862
32863
32866
32868
32870
32872
32874
32875
32880
32881
32883
32885
32886
32888
32889
32891
32892
32894
32895
32896
32897
32902
32903
32904
32906
32907
32909
32910
32912
32914
32917
32918
32919
32920
32921
32922
32924
32926
32931
32932
32934
32936
32937
32939
32941
32942
32944
32945
32949
32950
32952
32955
32957
32958
32959
32960
32961
32962
32964
32965
32966
32967
32968
32969
32973
32975
32977
32978
32981
32982
32984
32986
32988
32989
32990
32991
32992
32995
32996
32997
32998
32999
33000
33002
33003
33006
33007
33009
33010
33012
33013
33014
33019
33020
33027
33029
33030
33031
33033
33034
33035
33036
33037
33038
33041
33044
33046
33048
33049
33051
33054
33056
33058
33059
33061
33062
33063
33065
33068
33069
33071
33072
33073
33074
33076
33079
33080
33082
33083
33084
33087
33088
33089
33091
33092
33095
33096
33097
33101
33102
33104
33105
33108
33112
33116
33117
33118
33119
33121
33122
33123
33124
33125
33126
33128
33129
33130
33132
33133
33134
33135
33137
33138
33139
33140
33141
33142
33144
33146
33148
33150
33151
33155
33157
33158
33159
33162
33163
33166
33170
33171
33173
33174
33175
33176
33177
33178
33179
33180
33182
33184
33185
33187
33189
33191
33192
33193
33194
33195
33196
33197
33198
33199
33200
33203
33204
33205
33206
33209
33213
33214
33218
33220
33221
33222
33224
33226
33229
33231
33232
33233
33235
33236
33237
33238
33241
33242
33244
33246
33247
33250
33251
33254
33255
33256
33260
33261
33262
33264
33265
33266
33267
33268
33269
33270
33271
33272
33273
33274
33275
33276
33277
33278
33279
33281
33282
33284
33285
33286
33287
33288
33289
33290
33293
33294
33295
33297
33298
33301
33304
33305
33306
33309
33311
33312
33313
33314
33316
33318
33319
33320
33321
33325
33326
33327
33328
33330
33334
33335
33336
33338
33339
33341
33343
33344
33346
33349
33350
33352
33353
33354
33355
33356
33357
33359
33362
33363
33365
33367
33369
33370
33372
33373
33374
33377
33378
33379
33380
33381
33383
33384
33385
33386
33387
33388
33389
33390
33391
33392
33394
33395
33396
33399
33401
33403
33404
33405
33406
33407
33408
33409
33410
33411
33412
33413
33414
33415
33416
33417
33420
33421
33423
33424
33425
33428
33433
33435
33437
33453
33454
33455
33456
33462
33464
33465
33467
33469
33470
33476
33478
33479
33482
33487
33488
33500
33513
33514
33515
33520
33522
33523
33524
33528
33537
33538
33539
33540
33545
33549
33551
33552
33556
33558
33561
33562
33568
33569
33575
33577
33578
33579
33580
33583
33585
33588
33589
33590
33591
33592
33594
33595
33596
33601
33609
33611
33614
33619
33631
33633
33637
33638
33640
33642
33653
33656
33663
33665
33668
33670
33681
33684
33704
33715
33716
33730
33745
33756
33758
33782
33791
33802
33806
33824
33829
33837
33847
33851
33861
33862
33868
33869
33875
33879
33880
33888
33890
33892
33893
33895
33914
33917
33925
33929
33933
33934
33944
33955
33958
33972
33977
33982
33988
33989
33999
34001
34004
34016
34017
34028
34042
34050
34055
34057
34062
34066
34067
34069
34070
34091
34092
34093
34097
34100
34101
34103
34104
34105
34106
34107
34108
34109
34110
34112
34113
34114
34115
34116
34117
34118
34120
34122
34123
34124
34127
34128
34129
34130
34131
34132
34134
34135
34136
34137
34139
34140
34141
34142
34143
34144
34145
34146
34147
34148
34150
34151
34152
34154
34155
34156
34158
34159
34160
34162
34163
34164
34165
34166
34167
34168
34169
34170
34172
34173
34174
34175
34176
34178
34179
34182
34184
34185
34186
34189
34190
34193
34194
34195
34198
34199
34200
34201
34204
34205
34206
34208
34210
34211
34213
34214
34217
34218
34219
34222
34224
34225
34226
34227
34228
34230
34231
34233
34234
34235
34237
34238
34239
34240
34241
34242
34244
34245
34247
34248
34250
34251
34253
34254
34255
34257
34258
34259
34260
34261
34262
34263
34264
34265
34266
34269
34270
34272
34275
34276
34278
34279
34282
34284
34286
34287
34288
34289
34290
34291
34292
34295
34297
34298
34299
34301
34302
34303
34304
34305
34306
34307
34308
34309
34314
34316
34318
34319
34321
34323
34324
34325
34326
34327
34328
34329
34330
34332
34333
34335
34336
34337
34338
34340
34341
34345
34347
34348
34351
34352
34353
34355
34356
34357
34359
34360
34361
34364
34365
34366
34368
34371
34372
34373
34375
34377
34378
34379
34381
34382
34383
34384
34385
34387
34388
34389
34390
34391
34392
34393
34394
34395
34397
34399
34400
34401
34403
34407
34408
34409
34411
34412
34413
34414
34415
34417
34418
34419
34420
34421
34422
34424
34426
34427
34428
34429
34430
34431
34432
34433
34434
34435
34436
34437
34438
34440
34442
34443
34444
34445
34448
34450
34452
34453
34454
34456
34461
34463
34467
34468
34470
34471
34476
34477
34478
34480
34481
34482
34487
34488
34489
34490
34491
34492
34493
34494
34495
34497
34498
34499
34500
34502
34504
34507
34508
34509
34512
34513
34514
34515
34516
34517
34519
34520
34521
34523
34524
34525
34526
34527
34528
34529
34531
34534
34535
34536
34537
34538
34539
34540
34542
34544
34545
34546
34547
34549
34551
34554
34556
34557
34560
34561
34562
34563
34564
34565
34566
34568
34569
34570
34572
34573
34574
34576
34577
34578
34580
34582
34583
34584
34586
34587
34588
34590
34592
34593
34594
34595
34598
34599
34600
34602
34603
34604
34605
34606
34608
34610
34611
34612
34616
34617
34618
34621
34624
34626
34628
34629
34630
34637
34638
34640
34641
34642
34643
34644
34645
34646
34647
34648
34649
34650
34651
34654
34655
34658
34660
34662
34665
34667
34668
34670
34671
34676
34678
34679
34680
34681
34683
34685
34686
34687
34688
34691
34692
34696
34697
34698
34701
34702
34705
34708
34711
34712
34714
34715
34716
34717
34718
34719
34721
34722
34723
34724
34726
34729
34736
34737
34741
34744
34745
34746
34748
34752
34756
34758
34759
34760
34761
34762
34765
34766
34767
34768
34769
34774
34775
34776
34778
34779
34780
34783
34787
34788
34789
34790
34791
34793
34794
34795
34796
34797
34800
34801
34802
34803
34804
34807
34808
34809
34812
34814
34815
34816
34817
34819
34820
34823
34824
34826
34828
34829
34830
34831
34834
34835
34836
34837
34838
34839
34840
34841
34842
34845
34847
34849
34850
34851
34852
34853
34855
34856
34862
34863
34865
34866
34867
34868
34870
34871
34872
34875
34876
34877
34878
34881
34882
34883
34884
34886
34888
34889
34892
34893
34895
34898
34900
34903
34904
34905
34906
34908
34909
34910
34912
34913
34914
34916
34918
34920
34921
34923
34925
34926
34930
34931
34932
34933
34934
34938
34939
34942
34945
34946
34948
34950
34951
34953
34955
34959
34961
34962
34964
34965
34966
34968
34969
34971
34972
34978
34981
34983
34987
34988
34989
34990
34992
34993
34995
34997
34998
34999
35000
35001
35002
35004
35005
35006
35007
35008
35012
35015
35017
35018
35019
35024
35025
35029
35031
35032
35033
35036
35037
35039
35043
35046
35047
35048
35049
35052
35053
35055
35060
35061
35062
35063
35064
35065
35067
35070
35073
35074
35075
35077
35078
35079
35088
35089
35091
35094
35096
35098
35100
35102
35106
35107
35108
35109
35110
35113
35116
35118
35119
35120
35121
35124
35125
35129
35130
35131
35134
35135
35136
35137
35138
35139
35141
35142
35147
35148
35149
35150
35152
35153
35154
35155
35158
35159
35160
35161
35162
35165
35171
35172
35173
35177
35183
35185
35187
35188
35190
35191
35192
35193
35194
35196
35197
35199
35206
35210
35212
35213
35215
35217
35218
35219
35222
35225
35228
35229
35231
35233
35237
35243
35246
35247
35248
35250
35254
35255
35260
35264
35265
35266
35269
35270
35272
35274
35277
35282
35284
35285
35287
35292
35294
35295
35297
35303
35304
35307
35314
35318
35320
35321
35323
35326
35329
35330
35331
35334
35335
35337
35339
35342
35343
35344
35348
35351
35354
35357
35362
35365
35374
35375
35380
35381
35382
35383
35387
35388
35391
35393
35394
35397
35399
35401
35404
35405
35406
35408
35412
35413
35418
35419
35421
35422
35423
35427
35429
35433
35438
35439
35440
35441
35442
35447
35449
35450
35451
35452
35454
35457
35459
35464
35465
35466
35467
35470
35472
35475
35476
35478
35480
35481
35483
35484
35485
35487
35489
35490
35492
35493
35494
35495
35497
35500
35503
35504
35505
35506
35508
35509
35514
35515
35517
35523
35524
35526
35528
35529
35530
35537
35539
35540
35541
35542
35544
35545
35547
35549
35551
35564
35566
35570
35572
35573
35575
35576
35584
35587
35588
35589
35594
35595
35596
35598
35600
35601
35604
35605
35607
35608
35609
35611
35613
35614
35615
35626
35627
35628
35633
35634
35640
35641
35646
35649
35650
35654
35655
35656
35657
35665
35666
35668
35670
35673
35675
35677
35680
35681
35683
35684
35689
35690
35693
35695
35700
35706
35710
35711
35712
35714
35717
35720
35721
35723
35725
35726
35728
35733
35737
35741
35744
35745
35749
35750
35754
35755
35767
35768
35771
35775
35780
35781
35783
35787
35789
35791
35792
35793
35795
35796
35798
35801
35802
35807
35808
35809
35810
35813
35814
35817
35818
35819
35820
35821
35823
35824
35826
35827
35828
35829
35832
35833
35834
35835
35836
35837
35839
35840
35841
35842
35843
35844
35846
35847
35848
35849
35853
35854
35855
35856
35857
35858
35861
35862
35864
35865
35868
35869
35870
35871
35872
35873
35877
35879
35880
35882
35884
35885
35888
35889
35891
35892
35893
35894
35898
35900
35903
35904
35910
35911
35912
35913
35914
35915
35916
35917
35918
35919
35920
35921
35922
35924
35926
35927
35929
35931
35934
35935
35936
35937
35938
35939
35940
35941
35942
35943
35944
35945
35946
35947
35948
35950
35951
35952
35954
35955
35956
35958
35959
35960
35962
35963
35964
35965
35966
35967
35968
35969
35970
35971
35972
35973
35974
35975
35976
35977
35978
35979
35980
35982
35984
35986
35987
35988
35991
35992
35993
35994
35995
35996
35997
35998
35999
36000
36001
36002
36003
36004
36005
36006
36007
36008
36010
36011
36012
36016
36017
36018
36019
36020
36021
36022
36023
36024
36025
36027
36028
36029
36030
36031
36033
36034
36035
36036
36038
36040
36042
36043
36044
36045
36046
36047
36048
36049
36050
36052
36053
36054
36056
36057
36059
36060
36061
36062
36063
36067
36070
36071
36072
36074
36077
36078
36079
36080
36081
36082
36083
36086
36088
36089
36090
36092
36093
36094
36095
36096
36097
36098
36101
36102
36103
36104
36105
36108
36109
36110
36111
36112
36113
36115
36116
36117
36118
36119
36120
36122
36123
36124
36125
36126
36127
36129
36130
36131
36132
36133
36134
36137
36138
36139
36140
36141
36142
36143
36144
36145
36146
36147
36152
36153
36154
36155
36156
36157
36161
36162
36164
36165
36168
36170
36171
36172
36173
36175
36179
36181
36182
36184
36185
36186
36188
36190
36192
36193
36194
36195
36198
36199
36202
36203
36204
36206
36210
36211
36212
36214
36216
36217
36218
36219
36220
36221
36222
36225
36226
36227
36228
36230
36231
36233
36235
36236
36237
36238
36239
36241
36242
36244
36247
36250
36251
36254
36256
36258
36260
36261
36263
36264
36265
36266
36267
36268
36269
36271
36272
36274
36275
36277
36278
36279
36280
36281
36283
36284
36287
36288
36289
36293
36295
36296
36297
36300
36304
36305
36306
36307
36308
36309
36310
36311
36312
36313
36314
36316
36319
36321
36323
36324
36327
36328
36330
36331
36332
36333
36334
36336
36337
36338
36339
36340
36341
36343
36344
36345
36346
36347
36348
36349
36350
36352
36354
36355
36356
36358
36360
36361
36362
36363
36364
36365
36367
36368
36369
36370
36371
36372
36374
36375
36376
36377
36378
36380
36382
36384
36385
36387
36388
36389
36390
36393
36394
36395
36396
36397
36398
36399
36401
36404
36406
36407
36408
36409
36410
36412
36413
36414
36415
36418
36419
36420
36421
36423
36424
36425
36426
36427
36428
36429
36430
36431
36432
36433
36434
36437
36439
36444
36445
36446
36448
36449
36452
36459
36461
36462
36464
36465
36467
36468
36471
36472
36473
36474
36475
36476
36479
36481
36482
36483
36487
36489
36490
36493
36494
36495
36499
36500
36501
36502
36503
36504
36506
36509
36510
36511
36512
36513
36514
36515
36516
36517
36518
36520
36522
36523
36527
36528
36529
36531
36532
36534
36536
36537
36540
36546
36548
36549
36552
36553
36554
36557
36562
36564
36566
36567
36570
36571
36574
36575
36576
36577
36579
36580
36582
36588
36591
36593
36595
36597
36598
36599
36600
36601
36604
36605
36606
36608
36611
36613
36615
36616
36618
36619
36621
36622
36623
36625
36626
36627
36630
36632
36634
36636
36637
36638
36639
36643
36645
36646
36647
36648
36653
36654
36655
36656
36661
36664
36666
36669
36671
36672
36674
36675
36678
36679
36681
36682
36683
36684
36685
36686
36687
36688
36690
36692
36695
36700
36701
36702
36704
36705
36708
36712
36713
36714
36716
36717
36718
36720
36725
36727
36729
36732
36734
36735
36736
36738
36739
36741
36742
36743
36745
36748
36749
36750
36751
36753
36755
36757
36758
36759
36763
36764
36766
36767
36769
36771
36773
36774
36775
36776
36777
36781
36783
36784
36786
36787
36794
36796
36797
36798
36799
36803
36805
36806
36807
36809
36810
36811
36812
36813
36814
36815
36818
36819
36820
36821
36823
36824
36828
36832
36834
36835
36836
36837
36838
36839
36840
36841
36842
36843
36847
36848
36850
36851
36852
36853
36854
36855
36856
36860
36861
36862
36864
36865
36868
36870
36872
36874
36876
36877
36878
36879
36880
36881
36884
36885
36886
36888
36889
36890
36891
36892
36893
36896
36897
36898
36899
36903
36906
36907
36908
36909
36910
36911
36912
36913
36914
36915
36917
36918
36919
36920
36921
36924
36925
36926
36928
36929
36930
36931
36935
36936
36938
36940
36941
36943
36945
36946
36947
36949
36950
36952
36956
36957
36958
36959
36960
36961
36963
36965
36966
36968
36969
36970
36971
36972
36973
36974
36975
36976
36979
36980
36981
36982
36983
36984
36985
36986
36987
36988
36990
36991
36993
36994
36995
36997
36998
36999
37000
37004
37006
37007
37010
37012
37014
37015
37016
37018
37019
37020
37023
37024
37025
37026
37027
37028
37030
37033
37036
37037
37039
37041
37042
37043
37044
37045
37047
37048
37055
37056
37057
37060
37064
37066
37068
37069
37070
37073
37075
37077
37079
37080
37081
37083
37084
37085
37086
37087
37089
37092
37093
37094
37095
37096
37097
37098
37099
37100
37101
37102
37103
37105
37108
37109
37110
37112
37113
37114
37115
37117
37118
37119
37120
37123
37124
37125
37126
37127
37128
37129
37131
37132
37134
37135
37136
37137
37138
37139
