3
5
26
33
36
44
75
81
84
90
100
108
112
114
115
122
124
127
137
139
141
143
144
145
146
161
164
168
172
179
183
206
216
230
235
240
247
265
274
281
284
288
303
304
319
326
338
344
372
377
386
392
397
410
425
434
435
441
449
458
462
464
483
492
499
502
529
552
556
586
591
609
616
619
623
630
633
636
639
649
653
662
674
676
680
681
682
684
685
686
687
688
690
691
692
693
694
695
696
697
698
702
703
704
705
706
708
709
711
712
713
714
716
718
720
722
723
724
725
727
728
730
731
733
735
738
739
740
741
742
744
746
747
748
758
759
761
762
766
767
768
770
773
775
779
782
783
785
788
789
792
797
798
801
802
803
804
811
812
813
814
816
820
821
823
824
826
828
830
832
833
834
835
837
840
841
843
845
849
850
852
853
856
858
859
860
861
862
868
869
870
873
875
877
879
880
881
883
888
890
892
894
895
896
898
900
901
904
906
909
917
918
919
922
923
930
931
933
935
938
939
940
942
945
949
956
957
961
962
965
966
968
974
976
979
985
986
987
990
991
994
1000
1001
1002
1003
1004
1006
1007
1008
1009
1010
1011
1016
1018
1022
1027
1028
1029
1032
1033
1035
1039
1045
1050
1051
1052
1053
1054
1055
1060
1063
1069
1071
1073
1081
1083
1084
1086
1087
1093
1096
1100
1101
1102
1103
1111
1113
1118
1121
1123
1124
1130
1134
1135
1139
1149
1150
1161
1162
1164
1166
1169
1177
1189
1191
1196
1202
1205
1207
1216
1217
1219
1221
1222
1223
1225
1242
1247
1249
1252
1253
1263
1265
1266
1273
1282
1283
1287
1291
1293
1295
1296
1305
1308
1309
1310
1311
1316
1321
1325
1327
1329
1330
1331
1332
1334
1336
1350
1356
1357
1358
1359
1364
1365
1366
1368
1369
1373
1375
1380
1386
1387
1394
1395
1396
1398
1403
1405
1406
1407
1415
1416
1421
1422
1424
1427
1445
1446
1448
1458
1460
1461
1466
1475
1477
1478
1479
1486
1487
1488
1490
1494
1495
1497
1499
1500
1504
1508
1512
1513
1516
1521
1527
1529
1530
1533
1535
1536
1540
1541
1543
1552
1559
1560
1562
1563
1564
1566
1569
1570
1572
1577
1579
1581
1583
1589
1590
1593
1595
1599
1603
1604
1606
1609
1610
1615
1617
1623
1626
1627
1630
1634
1637
1638
1640
1644
1646
1648
1649
1659
1662
1664
1673
1680
1681
1682
1686
1690
1692
1698
1699
1701
1709
1710
1712
1713
1715
1716
1720
1723
1725
1726
1728
1729
1732
1733
1739
1742
1746
1747
1751
1752
1760
1761
1765
1766
1767
1768
1770
1771
1774
1775
1776
1783
1786
1795
1797
1798
1807
1809
1822
1828
1830
1839
1845
1846
1848
1856
1858
1865
1873
1878
1883
1897
1903
1905
1907
1910
1918
1920
1923
1924
1931
1933
1934
1939
1944
1946
1948
1952
1953
1955
1961
1967
1969
1973
1975
1978
1980
1990
1997
2004
2007
2009
2012
2021
2023
2025
2031
2038
2043
2045
2046
2047
2052
2067
2073
2076
2084
2085
2088
2089
2093
2100
2102
2104
2106
2108
2112
2113
2127
2129
2133
2150
2165
2168
2169
2170
2172
2174
2178
2191
2193
2195
2204
2206
2208
2210
2221
2223
2230
2234
2239
2240
2247
2264
2293
2295
2297
2298
2307
2309
2317
2318
2320
2325
2327
2328
2329
2336
2341
2355
2356
2358
2361
2363
2373
2375
2379
2382
2387
2388
2389
2391
2394
2396
2397
2401
2403
2408
2410
2411
2414
2415
2418
2420
2422
2425
2427
2428
2429
2430
2432
2435
2438
2440
2443
2444
2445
2450
2451
2455
2457
2459
2461
2462
2470
2475
2486
2487
2488
2489
2490
2491
2492
2493
2494
2495
2496
2498
2502
2503
2504
2505
2506
2508
2509
2510
2513
2514
2515
2516
2517
2518
2519
2520
2522
2524
2525
2526
2527
2528
2529
2530
2532
2534
2536
2537
2538
2541
2542
2543
2544
2545
2546
2547
2548
2549
2550
2551
2552
2553
2554
2555
2556
2558
2560
2561
2562
2564
2568
2569
2570
2571
2572
2573
2574
2575
2576
2577
2578
2579
2580
2581
2582
2583
2584
2585
2588
2589
2591
2592
2595
2596
2598
2599
2601
2602
2604
2605
2606
2607
2608
2610
2611
2612
2613
2614
2615
2616
2617
2618
2619
2620
2621
2623
2624
2626
2628
2629
2631
2633
2634
2637
2639
2643
2644
2645
2646
2650
2651
2652
2653
2655
2658
2663
2664
2665
2668
2669
2670
2672
2674
2675
2676
2677
2678
2679
2682
2683
2684
2686
2691
2692
2696
2697
2700
2701
2704
2706
2707
2708
2711
2712
2715
2716
2718
2720
2721
2722
2723
2724
2725
2728
2729
2730
2734
2736
2737
2738
2740
2741
2742
2744
2745
2746
2747
2750
2751
2753
2755
2756
2758
2760
2762
2763
2764
2765
2770
2773
2774
2775
2776
2777
2778
2779
2784
2786
2787
2792
2795
2796
2799
2800
2806
2807
2810
2811
2812
2813
2814
2815
2818
2819
2821
2822
2824
2825
2826
2829
2830
2831
2833
2837
2838
2841
2842
2849
2852
2854
2855
2857
2859
2864
2865
2867
2868
2870
2872
2873
2877
2879
2881
2882
2883
2885
2886
2887
2888
2890
2894
2896
2897
2898
2901
2902
2904
2906
2911
2913
2914
2915
2916
2917
2918
2919
2923
2925
2928
2930
2932
2934
2935
2937
2938
2940
2941
2942
2944
2945
2947
2949
2954
2959
2960
2962
2964
2966
2969
2973
2975
2979
2980
2981
2984
2986
2988
2989
2990
2993
3003
3004
3008
3011
3013
3014
3016
3018
3019
3022
3023
3024
3025
3030
3032
3033
3037
3038
3040
3045
3047
3048
3052
3054
3055
3058
3061
3063
3067
3069
3073
3085
3086
3088
3089
3090
3091
3092
3094
3099
3101
3104
3105
3108
3111
3116
3119
3120
3121
3123
3125
3127
3134
3138
3154
3155
3156
3162
3164
3165
3167
3172
3173
3174
3179
3180
3182
3190
3191
3192
3193
3195
3196
3197
3201
3204
3208
3210
3213
3214
3219
3220
3221
3222
3225
3229
3230
3235
3239
3240
3241
3242
3245
3246
3251
3252
3253
3254
3256
3257
3258
3261
3262
3266
3267
3276
3277
3278
3282
3284
3285
3286
3287
3288
3298
3299
3301
3302
3305
3307
3317
3318
3323
3325
3329
3332
3334
3335
3337
3339
3340
3343
3344
3349
3350
3351
3358
3360
3363
3365
3370
3373
3375
3379
3380
3382
3383
3384
3388
3389
3392
3393
3394
3395
3396
3397
3398
3404
3405
3406
3407
3409
3410
3411
3413
3414
3415
3417
3422
3423
3425
3427
3428
3430
3434
3439
3442
3448
3450
3457
3459
3460
3461
3462
3463
3466
3467
3472
3473
3477
3479
3483
3484
3485
3486
3487
3488
3490
3492
3493
3494
3496
3501
3503
3505
3508
3509
3512
3515
3516
3517
3519
3520
3521
3523
3524
3526
3527
3529
3530
3531
3532
3535
3536
3537
3539
3540
3543
3544
3545
3548
3550
3553
3555
3556
3557
3559
3560
3561
3566
3570
3571
3574
3575
3578
3583
3584
3586
3588
3589
3592
3595
3596
3597
3599
3600
3602
3603
3607
3610
3612
3613
3614
3616
3618
3622
3625
3626
3631
3634
3637
3640
3642
3643
3644
3647
3650
3651
3652
3653
3655
3657
3658
3659
3660
3661
3662
3663
3669
3672
3673
3674
3675
3676
3677
3678
3680
3682
3684
3687
3688
3690
3692
3693
3694
3696
3698
3699
3703
3708
3709
3710
3711
3712
3713
3715
3726
3727
3734
3737
3752
3761
3768
3775
3789
3792
3802
3812
3816
3817
3818
3828
3829
3830
3834
3838
3839
3840
3844
3855
3856
3857
3859
3869
3872
3873
3875
3876
3882
3884
3899
3920
3930
3933
3943
3953
3962
3969
3977
3986
4010
4024
4027
4031
4033
4035
4050
4066
4071
4081
4082
4094
4121
4125
4132
4135
4139
4141
4160
4167
4176
4194
4202
4207
4209
4211
4213
4233
4237
4238
4249
4282
4316
4321
4337
4343
4347
4348
4388
4389
4391
4394
4395
4397
4398
4399
4400
4401
4402
4403
4404
4405
4406
4407
4408
4410
4412
4415
4416
4417
4418
4419
4421
4422
4423
4425
4426
4427
4428
4429
4430
4432
4433
4434
4436
4437
4438
4439
4440
4441
4442
4443
4445
4447
4448
4449
4452
4455
4456
4460
4461
4463
4464
4466
4467
4469
4472
4473
4475
4476
4481
4482
4483
4487
4488
4489
4492
4493
4496
4497
4498
4502
4503
4506
4509
4510
4512
4514
4515
4516
4519
4520
4521
4523
4525
4526
4528
4530
4532
4533
4535
4538
4543
4544
4545
4546
4547
4549
4550
4551
4553
4556
4558
4559
4560
4563
4564
4565
4566
4572
4575
4576
4577
4578
4579
4582
4587
4589
4594
4595
4600
4601
4602
4607
4608
4609
4610
4612
4615
4618
4619
4620
4623
4624
4631
4633
4645
4647
4652
4653
4654
4656
4658
4659
4666
4668
4670
4671
4672
4674
4676
4678
4679
4680
4685
4686
4688
4691
4692
4695
4696
4699
4701
4702
4703
4704
4708
4709
4710
4712
4713
4714
4715
4717
4720
4722
4723
4725
4729
4730
4733
4737
4740
4741
4742
4745
4746
4752
4756
4758
4759
4760
4762
4766
4769
4770
4775
4777
4779
4780
4785
4787
4788
4792
4795
4796
4797
4798
4800
4801
4807
4808
4811
4812
4814
4816
4819
4822
4825
4827
4828
4832
4833
4834
4835
4836
4837
4840
4842
4844
4845
4846
4848
4853
4856
4859
4860
4862
4863
4864
4865
4866
4874
4877
4878
4880
4882
4888
4889
4892
4895
4896
4897
4899
4908
4910
4912
4913
4914
4921
4931
4933
4935
4944
4947
4948
4949
4950
4951
4955
4956
4957
4963
4964
4971
4972
4973
4975
4976
4979
4980
4982
4984
4986
4993
5002
5004
5005
5009
5010
5011
5012
5014
5015
5019
5024
5027
5030
5033
5038
5041
5044
5048
5050
5052
5056
5059
5062
5063
5064
5065
5066
5071
5072
5078
5080
5083
5084
5087
5088
5089
5093
5097
5100
5102
5107
5110
5112
5114
5115
5117
5124
5125
5127
5129
5130
5136
5138
5142
5143
5147
5150
5151
5153
5155
5159
5160
5162
5163
5167
5172
5177
5179
5187
5188
5190
5191
5192
5200
5201
5203
5206
5208
5209
5211
5221
5226
5227
5230
5233
5234
5236
5238
5241
5242
5243
5246
5247
5249
5253
5255
5256
5261
5265
5267
5269
5273
5274
5275
5276
5283
5285
5286
5288
5290
5291
5293
5294
5295
5297
5299
5302
5306
5307
5313
5316
5320
5321
5323
5324
5329
5330
5334
5335
5337
5339
5343
5351
5354
5355
5362
5365
5372
5378
5386
5387
5396
5399
5400
5404
5407
5412
5415
5419
5423
5424
5427
5430
5436
5437
5438
5439
5440
5443
5445
5446
5449
5451
5454
5458
5460
5461
5465
5466
5470
5474
5475
5476
5481
5482
5484
5487
5489
5490
5494
5496
5502
5505
5507
5509
5510
5511
5512
5515
5520
5521
5523
5525
5526
5531
5549
5560
5561
5567
5571
5572
5579
5588
5598
5599
5601
5603
5606
5613
5614
5615
5618
5620
5624
5626
5637
5645
5647
5651
5654
5658
5662
5667
5669
5675
5676
5678
5680
5682
5686
5689
5698
5709
5711
5716
5726
5730
5733
5735
5736
5739
5743
5747
5751
5759
5761
5764
5768
5771
5775
5777
5787
5788
5793
5794
5798
5799
5800
5807
5816
5822
5826
5827
5847
5849
5850
5851
5853
5858
5860
5866
5870
5871
5875
5876
5879
5880
5881
5882
5883
5884
5886
5887
5888
5889
5904
5915
5917
5922
5928
5932
5934
5935
5944
5947
5950
5953
5958
5961
5965
5968
5972
5974
5989
5990
5993
6000
6003
6016
6021
6025
6026
6028
6031
6033
6034
6035
6037
6038
6039
6041
6042
6043
6044
6048
6053
6060
6065
6068
6069
6070
6071
6072
6073
6075
6077
6079
6085
6086
6095
6096
6101
6102
6103
6104
6105
6107
6108
6110
6111
6113
6114
6115
6119
6120
6122
6124
6130
6134
6136
6138
6142
6143
6144
6146
6149
6151
6152
6156
6157
6158
6159
6167
6168
6170
6171
6172
6176
6177
6178
6179
6194
6197
6198
6200
6201
6202
6203
6204
6205
6206
6207
6208
6209
6215
6217
6218
6219
6220
6223
6224
6225
6226
6227
6228
6229
6230
6231
6232
6234
6235
6238
6239
6240
6241
6242
6243
6244
6245
6246
6247
6249
6250
6251
6252
6253
6254
6255
6256
6257
6258
6260
6261
6264
6265
6266
6267
6268
6269
6270
6271
6272
6273
6274
6275
6276
6277
6279
6280
6282
6283
6284
6285
6287
6288
6289
6291
6293
6294
6295
6296
6298
6302
6303
6304
6305
6306
6307
6308
6310
6311
6312
6313
6315
6316
6317
6318
6319
6322
6324
6325
6326
6327
6328
6329
6330
6331
6332
6333
6334
6336
6337
6338
6339
6340
6341
6342
6343
6345
6346
6347
6348
6350
6351
6352
6354
6355
6356
6358
6360
6361
6362
6365
6366
6367
6368
6369
6370
6374
6375
6376
6377
6378
6379
6381
6384
6386
6389
6390
6391
6392
6393
6395
6396
6397
6398
6402
6403
6404
6405
6406
6409
6410
6411
6413
6414
6415
6417
6418
6419
6420
6422
6423
6425
6426
6427
6430
6431
6432
6433
6434
6435
6436
6437
6438
6439
6440
6442
6443
6444
6446
6447
6448
6450
6451
6452
6454
6458
6460
6461
6462
6467
6469
6471
6472
6473
6474
6475
6476
6477
6478
6479
6482
6487
6490
6493
6494
6496
6498
6500
6504
6505
6506
6508
6509
6513
6514
6519
6520
6524
6525
6527
6529
6532
6533
6535
6536
6538
6539
6540
6542
6543
6544
6547
6548
6551
6552
6553
6555
6556
6559
6562
6563
6566
6567
6568
6569
6570
6573
6579
6580
6581
6582
6583
6584
6585
6590
6591
6592
6595
6597
6600
6601
6604
6605
6608
6609
6611
6612
6614
6615
6616
6618
6620
6621
6624
6625
6627
6628
6629
6631
6633
6634
6635
6639
6642
6649
6652
6653
6654
6655
6656
6657
6658
6659
6661
6663
6664
6665
6671
6673
6674
6676
6687
6688
6690
6694
6700
6703
6704
6705
6706
6707
6708
6709
6712
6715
6716
6717
6718
6722
6723
6724
6727
6730
6731
6732
6733
6735
6736
6737
6743
6745
6747
6749
6750
6752
6753
6754
6756
6757
6759
6760
6761
6762
6763
6764
6769
6771
6775
6777
6782
6788
6794
6796
6797
6798
6799
6800
6801
6806
6808
6809
6813
6815
6820
6822
6824
6825
6826
6830
6831
6834
6837
6840
6841
6842
6845
6847
6848
6852
6855
6863
6864
6868
6870
6876
6877
6881
6882
6885
6886
6887
6888
6889
6890
6891
6893
6894
6899
6904
6906
6909
6911
6914
6918
6921
6922
6927
6929
6930
6933
6934
6935
6936
6939
6946
6950
6954
6955
6956
6957
6959
6962
6963
6965
6966
6967
6968
6971
6975
6978
6980
6986
6988
6989
6990
6991
6992
6996
6997
6999
7000
7001
7002
7006
7009
7010
7013
7015
7019
7022
7026
7030
7031
7032
7033
7038
7040
7043
7044
7046
7049
7051
7053
7057
7058
7060
7061
7063
7065
7068
7074
7076
7079
7084
7085
7092
7093
7098
7099
7102
7103
7106
7109
7111
7112
7113
7117
7120
7127
7132
7133
7135
7138
7141
7142
7143
7144
7149
7150
7152
7153
7156
7159
7162
7164
7171
7173
7175
7176
7178
7179
7180
7181
7182
7184
7187
7188
7189
7191
7195
7197
7198
7202
7203
7204
7206
7208
7213
7215
7216
7217
7220
7222
7226
7228
7229
7231
7233
7235
7237
7238
7244
7245
7246
7249
7250
7251
7253
7254
7257
7258
7262
7267
7268
7270
7271
7273
7274
7275
7276
7279
7280
7282
7283
7284
7285
7288
7291
7292
7295
7296
7297
7303
7305
7306
7309
7310
7312
7314
7316
7321
7323
7324
7325
7326
7328
7332
7335
7337
7339
7340
7343
7348
7351
7354
7356
7357
7358
7359
7361
7363
7367
7369
7371
7372
7374
7376
7377
7379
7381
7383
7385
7386
7387
7388
7389
7390
7391
7392
7394
7396
7398
7401
7402
7404
7405
7406
7412
7413
7414
7415
7419
7422
7424
7425
7426
7427
7440
7443
7454
7459
7463
7474
7485
7492
7513
7517
7526
7528
7538
7553
7561
7570
7571
7598
7610
7611
7613
7642
7644
7668
7686
7690
7714
7750
7764
7811
7816
7838
7855
7882
7899
7908
7927
8001
8059
8070
8088
8102
8104
8106
8109
8111
8112
8113
8114
8115
8116
8118
8119
8120
8124
8125
8126
8130
8131
8137
8138
8139
8140
8141
8142
8143
8146
8147
8148
8149
8150
8152
8153
8155
8156
8158
8159
8161
8162
8165
8166
8169
8170
8175
8176
8187
8189
8190
8194
8195
8196
8197
8198
8201
8207
8208
8211
8212
8213
8215
8216
8218
8220
8221
8222
8223
8228
8229
8230
8233
8234
8235
8241
8243
8244
8247
8249
8252
8255
8258
8259
8265
8271
8273
8274
8277
8279
8286
8289
8291
8294
8300
8301
8306
8307
8309
8312
8318
8320
8322
8323
8326
8328
8329
8332
8337
8340
8344
8345
8351
8353
8359
8361
8365
8366
8367
8368
8373
8384
8385
8386
8390
8393
8395
8400
8402
8413
8415
8417
8418
8422
8426
8427
8428
8430
8435
8437
8440
8441
8446
8448
8454
8455
8456
8460
8465
8470
8472
8473
8478
8481
8482
8483
8484
8489
8494
8495
8496
8498
8499
8500
8501
8502
8504
8510
8512
8514
8515
8517
8520
8521
8524
8525
8530
8537
8538
8539
8541
8543
8544
8546
8551
8552
8553
8556
8557
8562
8565
8567
8571
8572
8574
8577
8581
8585
8588
8589
8592
8594
8597
8602
8603
8606
8608
8615
8622
8623
8631
8635
8637
8642
8644
8645
8647
8649
8650
8651
8658
8659
8661
8662
8665
8667
8669
8681
8684
8687
8688
8689
8690
8693
8710
8717
8723
8738
8747
8751
8752
8754
8755
8757
8759
8760
8761
8767
8769
8775
8777
8783
8784
8787
8792
8794
8796
8797
8801
8803
8804
8807
8811
8814
8817
8831
8836
8839
8844
8847
8850
8855
8864
8867
8869
8873
8876
8877
8878
8879
8884
8886
8889
8898
8904
8905
8906
8915
8916
8918
8923
8928
8929
8932
8935
8940
8948
8953
8954
8957
8962
8964
8965
8968
8978
8987
8990
8996
8997
9000
9002
9005
9007
9009
9011
9015
9017
9018
9021
9027
9043
9045
9052
9053
9058
9065
9066
9070
9084
9087
9092
9093
9101
9110
9118
9123
9126
9137
9141
9143
9144
9145
9148
9149
9150
9156
9163
9164
9174
9181
9189
9193
9195
9196
9198
9201
9204
9207
9214
9215
9219
9229
9232
9235
9237
9241
9274
9286
9318
9325
9332
9335
9338
9352
9354
9362
9367
9374
9383
9391
9394
9395
9399
9401
9403
9406
9409
9423
9425
9428
9435
9440
9442
9449
9450
9459
9474
9482
9483
9484
9491
9513
9516
9526
9541
9542
9547
9567
9573
9578
9594
9596
9599
9602
9606
9613
9618
9640
9653
9665
9667
9670
9675
9689
9691
9707
9710
9711
9712
9725
9726
9730
9735
9743
9745
9748
9751
9753
9757
9779
9783
9785
9786
9796
9807
9808
9809
9810
9815
9816
9818
9819
9821
9823
9825
9829
9830
9832
9833
9834
9836
9838
9846
9850
9852
9857
9858
9860
9863
9871
9883
9902
9903
9906
9915
9916
9917
9920
9921
9922
9923
9924
9927
9933
9934
9937
9940
9941
9942
9943
9946
9947
9948
9952
9953
9954
9956
9957
9958
9960
9961
9962
9963
9964
9965
9966
9968
9970
9972
9973
9974
9976
9977
9978
9980
9981
9982
9984
9985
9987
9988
9990
9994
9996
9997
9998
9999
10000
10002
10003
10005
10007
10008
10009
10010
10012
10014
10016
10019
10024
10026
10027
10028
10029
10032
10035
10036
10038
10040
10042
10045
10046
10047
10048
10051
10052
10054
10056
10057
10059
10061
10063
10064
10067
10069
10071
10072
10074
10076
10078
10079
10081
10082
10086
10089
10095
10096
10098
10100
10103
10104
10105
10106
10107
10109
10111
10112
10117
10120
10121
10125
10126
10127
10128
10129
10133
10134
10135
10138
10139
10140
10145
10146
10147
10149
10150
10151
10152
10153
10157
10158
10159
10161
10164
10166
10168
10170
10172
10175
10177
10179
10181
10185
10186
10187
10188
10189
10190
10194
10195
10197
10200
10201
10204
10207
10212
10215
10218
10219
10225
10226
10227
10228
10230
10233
10241
10249
10250
10252
10253
10254
10257
10258
10264
10265
10270
10276
10277
10280
10282
10283
10285
10287
10293
10295
10296
10297
10298
10299
10301
10304
10309
10311
10314
10315
10316
10318
10321
10323
10325
10326
10329
10332
10334
10335
10337
10339
10340
10341
10342
10343
10345
10346
10347
10348
10349
10353
10356
10362
10365
10366
10369
10370
10372
10374
10375
10377
10380
10381
10382
10387
10389
10396
10397
10403
10408
10412
10413
10414
10415
10417
10420
10421
10424
10431
10432
10435
10439
10444
10446
10447
10448
10449
10450
10451
10453
10458
10460
10461
10463
10464
10465
10466
10473
10475
10477
10482
10483
10489
10491
10495
10496
10506
10509
10510
10514
10516
10527
10529
10530
10531
10534
10535
10536
10538
10539
10542
10547
10553
10554
10555
10560
10562
10566
10568
10577
10578
10579
10582
10584
10585
10590
10595
10599
10600
10605
10607
10608
10612
10616
10617
10628
10633
10640
10641
10648
10650
10657
10663
10664
10667
10668
10673
10677
10681
10682
10684
10685
10686
10689
10690
10692
10693
10697
10703
10706
10711
10715
10716
10720
10721
10725
10727
10729
10735
10742
10745
10746
10750
10752
10757
10764
10765
10768
10774
10778
10779
10784
10786
10787
10789
10795
10796
10798
10799
10801
10803
10807
10811
10812
10813
10816
10817
10820
10826
10827
10832
10833
10836
10837
10841
10842
10844
10847
10849
10850
10855
10862
10863
10874
10876
10878
10880
10887
10889
10894
10895
10896
10900
10901
10913
10914
10916
10918
10920
10924
10925
10931
10934
10940
10945
10947
10949
10957
10958
10959
10963
10967
10968
10970
10972
10973
10976
10977
10978
10980
10982
10983
10984
10987
10989
10990
10994
10996
10997
11002
11006
11009
11010
11011
11012
11013
11016
11028
11029
11030
11033
11036
11037
11040
11046
11050
11052
11054
11057
11059
11060
11062
11068
11070
11071
11072
11078
11085
11086
11088
11093
11094
11097
11099
11100
11101
11102
11103
11104
11105
11108
11109
11110
11113
11116
11119
11122
11124
11126
11127
11130
11131
11133
11135
11136
11138
11141
11143
11145
11148
11151
11153
11155
11157
11168
11179
11187
11190
11196
11198
11200
11212
11219
11228
11233
11249
11254
11261
11268
11277
11285
11289
11292
11294
11299
11300
11304
11312
11314
11321
11327
11332
11338
11351
11353
11361
11368
11371
11374
11379
11389
11398
11404
11421
11435
11461
11463
11469
11497
11505
11521
11522
11525
11526
11528
11530
11544
11545
11560
11576
11577
11579
11592
11593
11622
11623
11648
11663
11666
11670
11694
11698
11701
11719
11731
11732
11760
11762
11765
11774
11778
11781
11800
11810
11816
11817
11818
11821
11823
11825
11826
11827
11829
11830
11832
11833
11834
11835
11836
11838
11840
11841
11843
11844
11846
11847
11848
11849
11852
11853
11854
11855
11856
11860
11861
11862
11864
11866
11867
11868
11869
11872
11873
11874
11876
11877
11880
11881
11882
11884
11886
11887
11888
11889
11899
11900
11901
11902
11904
11907
11908
11910
11911
11912
11915
11917
11921
11923
11924
11925
11926
11929
11930
11931
11934
11935
11938
11940
11941
11942
11945
11948
11951
11953
11954
11956
11957
11958
11960
11963
11965
11966
11968
11972
11973
11974
11975
11978
11979
11981
11982
11986
11988
11991
11992
11993
12000
12003
12005
12009
12010
12016
12017
12019
12022
12023
12024
12028
12030
12032
12036
12037
12038
12039
12040
12043
12048
12053
12054
12058
12059
12061
12062
12072
12073
12075
12076
12082
12084
12093
12094
12098
12104
12105
12109
12111
12113
12115
12116
12119
12122
12125
12127
12129
12130
12131
12132
12136
12137
12143
12144
12148
12150
12151
12152
12155
12158
12162
12165
12166
12169
12174
12176
12179
12180
12187
12192
12193
12197
12198
12203
12204
12213
12214
12218
12221
12224
12228
12229
12230
12235
12239
12240
12243
12244
12247
12251
12253
12255
12258
12263
12264
12267
12268
12272
12273
12274
12275
12277
12278
12281
12284
12288
12289
12291
12294
12298
12299
12302
12304
12310
12314
12315
12316
12320
12322
12329
12333
12341
12349
12353
12359
12361
12362
12363
12364
12368
12369
12370
12376
12377
12378
12379
12382
12383
12394
12395
12397
12399
12401
12402
12403
12404
12405
12406
12410
12414
12421
12423
12433
12439
12440
12442
12444
12449
12450
12452
12453
12454
12455
12456
12461
12463
12466
12467
12468
12470
12472
12474
12475
12480
12482
12483
12491
12494
12498
12499
12502
12504
12506
12510
12517
12518
12522
12529
12533
12534
12538
12542
12543
12545
12552
12558
12566
12569
12578
12581
12583
12585
12587
12588
12590
12591
12596
12597
12600
12603
12605
12607
12608
12619
12620
12623
12628
12630
12631
12632
12636
12637
12643
12649
12650
12654
12655
12658
12661
12662
12665
12666
12669
12672
12674
12675
12677
12678
12679
12689
12692
12696
12699
12701
12702
12704
12705
12710
12718
12721
12722
12723
12729
12732
12735
12741
12745
12748
12751
12754
12759
12762
12765
12767
12770
12771
12775
12779
12784
12790
12799
12801
12802
12804
12809
12824
12825
12828
12829
12832
12835
12847
12851
12862
12864
12865
12868
12871
12875
12879
12881
12889
12896
12900
12905
12908
12910
12912
12924
12928
12932
12946
12947
12949
12951
12959
12963
12964
12976
12978
12982
12983
12984
12988
12989
12996
13004
13010
13013
13020
13037
13046
13047
13053
13060
13073
13077
13078
13094
13100
13108
13110
13113
13114
13115
13120
13137
13139
13142
13145
13148
13153
13154
13158
13161
13163
13165
13171
13175
13179
13180
13188
13189
13192
13203
13209
13215
13221
13238
13240
13244
13246
13252
13254
13255
13263
13268
13269
13271
13274
13277
13284
13286
13287
13292
13303
13305
13308
13309
13310
13312
13314
13343
13348
13350
13366
13370
13372
13373
13374
13379
13381
13384
13386
13387
13388
13390
13393
13397
13406
13407
13409
13412
13417
13424
13426
13440
13441
13443
13444
13459
13465
13467
13469
13473
13480
13483
13488
13489
13492
13497
13498
13499
13503
13512
13514
13517
13524
13526
13529
13530
13531
13532
13535
13539
13543
13548
13552
13553
13556
13557
13559
13560
13562
13570
13571
13572
13577
13581
13584
13585
13586
13589
13590
13591
13592
13593
13597
13598
13599
13601
13602
13603
13605
13616
13619
13629
13630
13631
13633
13634
13635
13636
13639
13640
13641
13643
13645
13646
13647
13648
13651
13652
13653
13654
13655
13656
13657
13660
13661
13662
13666
13667
13668
13670
13671
13672
13673
13674
13677
13678
13680
13681
13682
13683
13684
13685
13686
13687
13688
13692
13693
13694
13695
13696
13698
13699
13700
13701
13702
13704
13705
13706
13708
13709
13710
13711
13713
13715
13716
13717
13719
13721
13723
13724
13725
13726
13727
13728
13730
13731
13732
13733
13736
13737
13738
13739
13740
13741
13743
13745
13746
13747
13748
13749
13751
13752
13753
13754
13755
13756
13757
13758
13760
13761
13762
13763
13764
13765
13766
13768
13770
13772
13773
13775
13776
13777
13778
13779
13781
13782
13783
13784
13789
13790
13791
13793
13794
13795
13797
13798
13801
13803
13806
13807
13809
13810
13811
13812
13813
13814
13815
13816
13817
13818
13820
13821
13822
13823
13824
13825
13827
13828
13830
13831
13832
13833
13834
13837
13838
13842
13843
13844
13845
13848
13851
13853
13854
13855
13858
13859
13861
13862
13863
13864
13865
13866
13867
13868
13870
13871
13872
13873
13876
13878
13880
13882
13884
13886
13888
13889
13890
13891
13897
13902
13904
13907
13911
13915
13918
13919
13921
13922
13923
13926
13929
13930
13935
13937
13939
13940
13941
13942
13947
13948
13954
13956
13957
13958
13960
13961
13963
13964
13965
13966
13967
13970
13972
13975
13976
13977
13978
13983
13984
13987
13988
13989
13990
13991
13994
13996
13997
14000
14008
14009
14010
14012
14013
14014
14015
14022
14023
14025
14026
14027
14029
14030
14031
14032
14039
14040
14045
14046
14053
14055
14056
14057
14059
14060
14061
14065
14066
14067
14070
14072
14080
14081
14082
14084
14085
14086
14087
14088
14089
14090
14091
14096
14098
14101
14104
14106
14110
14111
14113
14115
14117
14118
14122
14126
14128
14131
14134
14135
14136
14140
14141
14143
14144
14145
14146
14150
14153
14155
14157
14158
14159
14160
14163
14164
14165
14166
14167
14173
14175
14177
14178
14179
14180
14182
14184
14187
14189
14190
14191
14203
14205
14209
14224
14225
14229
14234
14236
14241
14243
14244
14247
14250
14252
14253
14262
14263
14265
14268
14269
14270
14276
14280
14291
14292
14293
14296
14297
14298
14299
14301
14303
14304
14310
14313
14316
14321
14322
14326
14327
14332
14336
14337
14342
14343
14353
14354
14355
14356
14358
14361
14362
14363
14367
14372
14373
14374
14378
14381
14382
14385
14390
14393
14394
14395
14396
14398
14401
14403
14406
14407
14408
14417
14418
14419
14420
14427
14429
14430
14437
14439
14441
14443
14459
14463
14466
14467
14471
14474
14476
14479
14481
14482
14489
14491
14492
14493
14494
14503
14504
14506
14512
14513
14521
14524
14526
14527
14528
14530
14531
14534
14538
14539
14543
14545
14548
14554
14556
14558
14564
14566
14567
14568
14569
14570
14572
14575
14576
14577
14578
14580
14581
14583
14587
14590
14592
14599
14601
14602
14603
14605
14606
14608
14609
14614
14616
14621
14625
14626
14627
14629
14630
14632
14634
14635
14638
14639
14641
14643
14644
14645
14650
14653
14656
14659
14661
14663
14665
14668
14671
14673
14674
14676
14677
14679
14681
14682
14686
14687
14690
14695
14696
14697
14699
14700
14701
14703
14704
14708
14712
14716
14718
14720
14724
14725
14727
14730
14731
14734
14736
14737
14738
14740
14741
14742
14744
14751
14752
14755
14759
14760
14762
14763
14765
14767
14771
14773
14774
14776
14779
14782
14785
14786
14787
14789
14795
14797
14800
14802
14804
14807
14811
14812
14814
14816
14817
14818
14819
14824
14826
14829
14830
14833
14834
14836
14837
14840
14841
14844
14847
14849
14850
14852
14854
14855
14858
14888
14892
14910
14911
14913
14935
14944
14968
14971
14982
14984
14993
15000
15001
15007
15008
15015
15021
15041
15102
15119
15124
15175
15196
15226
15233
15242
15248
15285
15322
15336
15355
15382
15385
15391
15405
15421
15436
15465
15536
15538
15539
15540
15541
15542
15543
15544
15545
15546
15547
15550
15557
15558
15561
15562
15565
15566
15567
15568
15569
15570
15576
15580
15581
15582
15583
15584
15586
15587
15588
15589
15591
15594
15597
15602
15603
15612
15613
15614
15615
15618
15619
15622
15624
15625
15627
15629
15634
15635
15639
15640
15641
15644
15645
15646
15647
15648
15656
15658
15659
15660
15661
15663
15668
15669
15671
15672
15674
15676
15677
15678
15680
15683
15687
15688
15692
15693
15694
15697
15698
15699
15700
15703
15705
15706
15707
15708
15717
15718
15719
15724
15725
15734
15735
15738
15739
15740
15742
15745
15748
15750
15751
15753
15755
15756
15757
15760
15771
15773
15775
15778
15779
15780
15783
15787
15789
15791
15796
15799
15801
15805
15806
15807
15812
15813
15814
15822
15823
15825
15830
15833
15837
15839
15841
15843
15844
15845
15849
15854
15856
15859
15861
15867
15868
15870
15874
15875
15883
15888
15896
15907
15911
15912
15924
15925
15928
15929
15930
15931
15936
15938
15939
15941
15942
15943
15944
15947
15949
15956
15957
15961
15965
15967
15969
15970
15972
15977
15979
15982
15991
15994
15995
15999
16000
16002
16005
16006
16008
16018
16024
16028
16030
16031
16034
16043
16061
16063
16067
16069
16070
16075
16077
16084
16089
16091
16092
16093
16094
16100
16108
16113
16117
16118
16121
16122
16123
16124
16130
16135
16146
16147
16151
16153
16154
16155
16156
16159
16160
16166
16167
16171
16177
16180
16186
16187
16191
16197
16201
16204
16219
16220
16225
16229
16231
16232
16236
16242
16243
16247
16254
16259
16262
16264
16266
16272
16280
16283
16285
16292
16295
16297
16301
16304
16305
16311
16314
16315
16317
16319
16323
16326
16328
16333
16334
16335
16338
16339
16344
16350
16351
16355
16356
16357
16367
16368
16372
16376
16378
16380
16383
16386
16390
16391
16392
16393
16395
16404
16407
16409
16411
16415
16418
16419
16424
16430
16432
16435
16436
16437
16449
16461
16463
16471
16482
16485
16489
16494
16513
16515
16519
16520
16537
16541
16544
16549
16554
16563
16567
16572
16578
16580
16582
16584
16585
16589
16591
16603
16606
16617
16623
16624
16629
16640
16642
16647
16651
16660
16661
16663
16675
16677
16684
16690
16691
16699
16718
16724
16734
16736
16753
16760
16766
16772
16774
16778
16780
16787
16790
16793
16800
16802
16816
16817
16823
16829
16840
16851
16856
16868
16872
16874
16877
16881
16883
16885
16887
16893
16902
16914
16919
16935
16954
16964
16968
16969
16972
16979
16982
16995
17002
17008
17019
17021
17022
17023
17025
17027
17028
17032
17041
17055
17058
17060
17062
17066
17083
17092
17095
17098
17100
17105
17117
17119
17123
17131
17138
17142
17151
17153
17154
17158
17159
17165
17172
17173
17174
17187
17202
17207
17208
17212
17213
17238
17242
17244
17247
17250
17253
17257
17260
17261
17263
17264
17266
17271
17274
17282
17284
17285
17286
17287
17291
17292
17294
17296
17299
17301
17302
17304
17310
17311
17313
17316
17317
17324
17343
17344
17345
17346
17347
17348
17349
17350
17351
17354
17355
17359
17361
17362
17365
17366
17368
17369
17371
17372
17373
17374
17375
17376
17380
17381
17382
17385
17386
17388
17390
17392
17393
17394
17396
17397
17398
17399
17400
17402
17405
17406
17407
17408
17409
17411
17412
17416
17417
17418
17420
17421
17424
17425
17426
17427
17429
17430
17431
17433
17437
17438
17440
17441
17447
17448
17451
17452
17453
17454
17455
17457
17459
17460
17461
17462
17463
17464
17466
17467
17468
17470
17471
17472
17473
17475
17476
17477
17479
17480
17481
17482
17483
17485
17487
17489
17490
17491
17492
17493
17494
17495
17497
17498
17500
17502
17504
17505
17507
17508
17509
17510
17512
17513
17516
17517
17519
17520
17522
17524
17525
17526
17528
17531
17533
17535
17537
17542
17546
17547
17548
17551
17552
17553
17555
17556
17559
17562
17563
17567
17568
17572
17573
17576
17577
17579
17580
17583
17584
17585
17587
17588
17589
17590
17592
17593
17594
17596
17597
17599
17603
17604
17605
17610
17611
17614
17615
17619
17621
17624
17627
17629
17631
17632
17633
17637
17640
17644
17645
17646
17653
17655
17656
17662
17663
17672
17677
17681
17682
17685
17686
17689
17695
17696
17697
17698
17699
17705
17706
17708
17709
17711
17721
17722
17723
17724
17729
17737
17738
17739
17742
17744
17746
17748
17751
17753
17754
17758
17759
17760
17762
17765
17767
17771
17773
17775
17776
17780
17781
17784
17793
17795
17796
17798
17799
17801
17802
17803
17805
17806
17813
17815
17816
17818
17819
17822
17830
17836
17837
17842
17845
17848
17849
17850
17854
17857
17859
17860
17862
17865
17866
17867
17869
17874
17875
17876
17878
17879
17886
17888
17889
17892
17893
17894
17896
17901
17904
17905
17909
17911
17916
17917
17919
17920
17924
17932
17933
17934
17938
17944
17945
17949
17950
17955
17957
17959
17960
17964
17976
17978
17979
17982
17983
17985
17990
17994
18006
18010
18012
18018
18020
18021
18024
18027
18029
18030
18031
18035
18036
18041
18044
18046
18048
18051
18053
18060
18062
18065
18069
18070
18075
18085
18086
18088
18098
18099
18102
18112
18113
18114
18117
18118
18120
18122
18132
18133
18134
18143
18144
18149
18153
18154
18155
18157
18161
18162
18165
18168
18171
18172
18173
18179
18180
18185
18190
18193
18196
18199
18202
18205
18207
18214
18216
18221
18223
18226
18234
18239
18241
18248
18251
18254
18262
18269
18271
18274
18277
18279
18280
18282
18284
18285
18286
18292
18295
18298
18302
18304
18306
18309
18310
18313
18314
18322
18323
18329
18331
18333
18338
18339
18340
18341
18342
18343
18346
18347
18348
18349
18351
18353
18356
18357
18358
18359
18362
18365
18372
18373
18375
18377
18380
18381
18382
18385
18390
18391
18392
18395
18396
18398
18399
18400
18409
18411
18412
18414
18415
18416
18417
18418
18425
18426
18430
18433
18434
18437
18438
18439
18444
18445
18448
18450
18455
18456
18457
18460
18473
18474
18478
18479
18484
18485
18487
18490
18491
18493
18496
18498
18499
18500
18503
18505
18506
18507
18509
18511
18513
18514
18516
18521
18522
18525
18527
18528
18529
18530
18531
18532
18535
18543
18544
18547
18550
18552
18553
18554
18555
18556
18558
18561
18565
18567
18568
18569
18570
18572
18573
18575
18602
18614
18624
18625
18626
18637
18639
18645
18660
18685
18721
18722
18728
18732
18768
18776
18789
18810
18824
18826
18832
18847
18848
18853
18859
18875
18889
18891
18898
18916
18926
18939
18941
18945
18991
18997
19004
19021
19038
19049
19051
19061
19068
19088
19109
19115
19127
19146
19162
19172
19188
19190
19193
19197
19206
19239
19244
19245
19246
19247
19250
19253
19254
19255
19256
19257
19258
19260
19261
19262
19263
19265
19266
19267
19271
19272
19277
19278
19279
19281
19282
19283
19284
19286
19288
19289
19290
19292
19293
19294
19295
19296
19297
19298
19300
19301
19303
19304
19305
19308
19309
19311
19312
19317
19318
19322
19327
19328
19329
19332
19333
19338
19339
19340
19341
19343
19344
19345
19346
19349
19350
19351
19352
19354
19355
19358
19361
19362
19366
19368
19370
19372
19375
19377
19380
19381
19382
19384
19385
19386
19387
19388
19391
19394
19398
19403
19405
19406
19407
19411
19412
19414
19419
19420
19422
19424
19428
19431
19432
19433
19435
19436
19437
19438
19442
19443
19445
19446
19449
19450
19451
19453
19458
19459
19460
19462
19464
19465
19466
19469
19470
19472
19473
19474
19476
19484
19489
19490
19493
19501
19503
19509
19510
19514
19515
19517
19524
19526
19527
19529
19532
19535
19541
19543
19544
19547
19549
19555
19556
19557
19558
19559
19560
19564
19566
19568
19570
19571
19572
19573
19575
19576
19577
19582
19583
19586
19587
19588
19589
19590
19591
19593
19595
19596
19600
19602
19612
19613
19614
19615
19620
19624
19625
19626
19630
19631
19632
19638
19648
19649
19651
19652
19653
19654
19656
19657
19663
19667
19670
19671
19672
19673
19675
19678
19679
19681
19683
19684
19686
19687
19699
19702
19704
19707
19709
19715
19716
19718
19719
19720
19722
19727
19729
19730
19731
19732
19734
19736
19738
19744
19747
19748
19777
19780
19781
19787
19789
19790
19792
19793
19794
19798
19800
19804
19807
19811
19816
19822
19823
19825
19831
19836
19841
19842
19843
19846
19847
19849
19850
19854
19856
19859
19866
19870
19873
19881
19886
19889
19893
19897
19901
19903
19904
19908
19913
19918
19919
19922
19927
19928
19930
19931
19933
19940
19941
19945
19946
19947
19956
19957
19958
19959
19968
19978
19980
19985
19986
19994
19997
20003
20006
20009
20011
20015
20016
20018
20025
20026
20031
20032
20035
20039
20042
20044
20045
20046
20048
20057
20058
20059
20062
20064
20067
20068
20069
20074
20077
20080
20082
20083
20085
20090
20094
20095
20096
20097
20099
20100
20103
20106
20109
20113
20117
20120
20121
20126
20127
20129
20130
20131
20140
20144
20150
20151
20152
20155
20162
20163
20168
20169
20180
20184
20188
20190
20193
20199
20207
20208
20210
20214
20220
20229
20240
20243
20248
20249
20252
20253
20254
20262
20267
20268
20275
20279
20280
20283
20285
20290
20292
20293
20296
20299
20306
20315
20316
20321
20326
20329
20330
20331
20332
20333
20337
20338
20340
20344
20353
20355
20356
20358
20361
20367
20374
20375
20377
20379
20381
20383
20391
20392
20394
20412
20416
20417
20418
20421
20423
20430
20437
20440
20452
20457
20460
20462
20466
20472
20473
20474
20476
20478
20480
20494
20503
20504
20508
20513
20520
20522
20525
20528
20531
20537
20538
20541
20543
20544
20550
20565
20567
20583
20586
20591
20595
20598
20602
20603
20607
20609
20610
20616
20617
20621
20625
20627
20633
20649
20658
20682
20683
20694
20695
20703
20704
20705
20713
20714
20736
20739
20741
20742
20744
20747
20759
20761
20762
20771
20772
20778
20781
20786
20793
20796
20798
20809
20817
20828
20830
20834
20837
20845
20860
20868
20872
20878
20880
20881
20882
20890
20895
20897
20908
20911
20916
20921
20922
20926
20927
20928
20929
20931
20932
20949
20952
20953
20954
20956
20957
20961
20962
20964
20966
20967
20975
20977
20980
20982
20983
20984
20986
20988
20990
20991
20995
20997
20998
20999
21000
21002
21005
21008
21012
21013
21014
21018
21025
21027
21031
21032
21043
21044
21047
21057
21058
21059
21060
21062
21063
21064
21065
21068
21069
21073
21075
21079
21080
21081
21084
21085
21088
21089
21090
21092
21094
21095
21096
21097
21098
21099
21100
21101
21102
21105
21106
21108
21109
21111
21112
21113
21114
21115
21116
21120
21121
21122
21123
21124
21125
21126
21128
21129
21130
21131
21132
21136
21139
21140
21141
21143
21144
21145
21147
21148
21150
21151
21152
21153
21154
21155
21158
21160
21161
21165
21166
21167
21168
21169
21171
21172
21174
21175
21177
21180
21181
21182
21184
21185
21188
21189
21190
21191
21192
21193
21194
21196
21197
21198
21199
21201
21203
21204
21206
21207
21209
21211
21212
21213
21214
21215
21218
21221
21223
21224
21225
21227
21228
21229
21230
21234
21236
21238
21239
21243
21244
21245
21246
21247
21248
21249
21251
21255
21257
21258
21259
21261
21265
21267
21270
21271
21273
21276
21277
21279
21280
21281
21286
21287
21290
21291
21293
21294
21295
21296
21298
21299
21300
21301
21307
21308
21309
21310
21312
21313
21314
21316
21317
21318
21319
21321
21323
21325
21330
21332
21333
21335
21339
21343
21346
21349
21351
21354
21361
21365
21370
21371
21372
21374
21375
21376
21379
21380
21382
21383
21385
21386
21387
21388
21394
21395
21396
21399
21400
21401
21407
21411
21412
21413
21414
21415
21416
21419
21424
21427
21428
21429
21430
21434
21435
21438
21440
21441
21442
21444
21445
21449
21451
21455
21457
21458
21462
21464
21465
21466
21472
21474
21476
21477
21478
21480
21481
21483
21484
21485
21487
21488
21489
21493
21495
21496
21503
21507
21508
21510
21512
21513
21515
21517
21519
21526
21529
21530
21532
21533
21538
21539
21543
21545
21546
21550
21553
21554
21556
21562
21563
21564
21566
21571
21572
21573
21574
21575
21578
21581
21582
21583
21584
21585
21586
21588
21589
21590
21592
21593
21603
21606
21607
21608
21610
21612
21615
21618
21622
21623
21631
21637
21638
21639
21641
21645
21648
21652
21653
21659
21660
21662
21665
21666
21669
21671
21678
21680
21681
21687
21691
21693
21695
21697
21698
21701
21704
21705
21720
21724
21725
21726
21732
21734
21735
21742
21749
21752
21757
21760
21761
21763
21765
21770
21771
21774
21778
21780
21781
21782
21783
21784
21789
21790
21798
21804
21809
21810
21811
21813
21815
21818
21822
21824
21827
21828
21831
21836
21838
21843
21844
21846
21847
21848
21849
21852
21855
21856
21857
21858
21860
21867
21871
21874
21876
21877
21882
21887
21889
21895
21899
21904
21905
21907
21911
21918
21921
21929
21931
21932
21933
21935
21940
21941
21946
21947
21950
21951
21953
21954
21955
21958
21959
21962
21963
21964
21966
21967
21968
21970
21973
21975
21977
21981
21984
21985
21987
21989
21992
21993
21995
21996
21998
21999
22000
22004
22005
22006
22008
22016
22020
22024
22029
22031
22033
22035
22036
22037
22040
22041
22042
22047
22049
22050
22053
22055
22057
22060
22062
22064
22067
22070
22072
22073
22076
22078
22079
22082
22084
22085
22087
22088
22089
22090
22091
22093
22099
22101
22104
22105
22107
22109
22110
22112
22113
22115
22118
22123
22125
22127
22129
22130
22131
22134
22135
22145
22147
22149
22151
22152
22156
22158
22162
22170
22171
22172
22174
22180
22183
22185
22188
22192
22193
22199
22201
22202
22205
22207
22208
22210
22212
22213
22214
22217
22220
22223
22224
22225
22227
22228
22229
22231
22235
22237
22239
22240
22242
22243
22244
22245
22246
22248
22249
22252
22254
22257
22258
22259
22261
22263
22264
22268
22269
22271
22273
22275
22276
22278
22281
22282
22283
22285
22287
22301
22310
22311
22316
22324
22328
22341
22343
22358
22362
22390
22398
22403
22407
22410
22429
22445
22446
22449
22463
22469
22498
22500
22562
22590
22603
22624
22641
22648
22675
22676
22682
22699
22752
22754
22764
22772
22782
22805
22821
22836
22848
22864
22874
22886
22913
22915
22939
22962
22965
22967
22968
22969
22971
22972
22973
22975
22976
22978
22979
22980
22983
22985
22986
22995
22996
22997
22998
23002
23004
23006
23007
23008
23009
23013
23015
23018
23019
23020
23022
23026
23027
23030
23031
23037
23040
23042
23043
23044
23050
23052
23053
23055
23057
23058
23062
23063
23066
23068
23071
23072
23076
23082
23085
23089
23091
23096
23097
23099
23100
23102
23103
23104
23105
23107
23108
23109
23110
23111
23112
23114
23115
23117
23119
23120
23121
23128
23131
23133
23134
23145
23146
23147
23148
23150
23152
23155
23157
23159
23160
23163
23164
23174
23176
23178
23179
23181
23182
23183
23185
23188
23190
23193
23196
23201
23203
23206
23208
23209
23211
23215
23217
23219
23223
23225
23229
23237
23240
23245
23246
23249
23250
23254
23256
23263
23266
23269
23271
23274
23280
23281
23286
23291
23295
23296
23300
23301
23310
23311
23312
23313
23321
23325
23328
23329
23332
23335
23339
23341
23343
23344
23350
23351
23352
23353
23356
23357
23358
23365
23366
23367
23368
23369
23370
23371
23375
23377
23384
23386
23389
23392
23393
23394
23395
23396
23397
23399
23405
23412
23414
23419
23433
23434
23435
23436
23440
23444
23446
23452
23453
23455
23462
23469
23477
23484
23491
23498
23500
23501
23505
23509
23511
23512
23513
23514
23522
23524
23527
23534
23536
23537
23539
23541
23543
23550
23560
23563
23573
23576
23582
23588
23589
23603
23604
23605
23607
23609
23611
23618
23639
23649
23650
23653
23654
23657
23662
23665
23667
23670
23675
23681
23682
23687
23690
23699
23700
23701
23702
23705
23708
23709
23717
23720
23721
23725
23729
23731
23732
23734
23740
23745
23751
23754
23756
23758
23762
23763
23771
23772
23778
23784
23793
23796
23804
23808
23810
23819
23820
23822
23839
23845
23846
23853
23856
23863
23865
23874
23877
23879
23887
23892
23893
23898
23903
23907
23910
23913
23914
23917
23921
23924
23926
23931
23932
23933
23948
23950
23957
23960
23964
23966
23978
23982
23984
24004
24010
24013
24017
24020
24030
24035
24042
24043
24046
24047
24049
24051
24052
24055
24060
24067
24068
24069
24070
24071
24075
24080
24089
24090
24093
24095
24097
24101
24103
24105
24106
24116
24128
24133
24146
24150
24152
24159
24165
24166
24167
24173
24215
24216
24218
24228
24240
24241
24245
24250
24262
24267
24275
24281
24285
24290
24296
24304
24305
24310
24321
24330
24331
24339
24340
24347
24358
24369
24373
24380
24382
24394
24396
24397
24420
24437
24440
24453
24454
24455
24456
24458
24469
24474
24482
24485
24495
24499
24517
24523
24528
24532
24544
24547
24551
24561
24566
24582
24586
24593
24603
24607
24612
24613
24620
24625
24631
24634
24638
24639
24642
24652
24654
24656
24660
24661
24671
24672
24675
24676
24678
24679
24681
24682
24691
24692
24699
24702
24703
24704
24706
24712
24719
24720
24726
24727
24731
24732
24734
24737
24738
24741
24742
24745
24753
24763
24765
24769
24771
24773
24777
24778
24779
24783
24784
24787
24788
24789
24790
24793
24794
24796
24797
24799
24802
24803
24804
24805
24806
24810
24812
24813
24814
24816
24817
24818
24820
24821
24822
24824
24826
24827
24828
24830
24831
24832
24835
24836
24840
24842
24843
24844
24846
24848
24849
24850
24853
24854
24858
24859
24860
24862
24863
24865
24866
24868
24869
24870
24874
24875
24879
24880
24881
24882
24883
24885
24887
24889
24891
24892
24893
24894
24898
24899
24900
24902
24903
24904
24905
24907
24908
24910
24911
24912
24915
24916
24917
24918
24920
24921
24923
24925
24926
24927
24928
24932
24936
24937
24939
24940
24942
24943
24944
24945
24947
24948
24950
24952
24954
24956
24958
24959
24960
24961
24962
24963
24965
24967
24968
24970
24973
24978
24981
24984
24985
24987
24990
24993
24995
24996
24999
25000
25001
25003
25004
25006
25007
25008
25009
25012
25013
25014
25015
25021
25022
25024
25028
25031
25033
25034
25035
25037
25044
25048
25052
25057
25059
25060
25061
25068
25073
25075
25076
25081
25083
25084
25087
25088
25089
25090
25091
25102
25106
25108
25110
25114
25118
25121
25122
25123
25126
25128
25130
25133
25136
25139
25146
25149
25152
25155
25157
25160
25162
25165
25167
25169
25170
25171
25173
25177
25178
25181
25185
25186
25190
25193
25195
25197
25198
25199
25201
25203
25204
25206
25207
25210
25212
25214
25221
25227
25229
25230
25231
25233
25234
25238
25242
25243
25245
25248
25249
25252
25257
25259
25264
25270
25277
25282
25287
25288
25290
25292
25295
25297
25300
25302
25306
25311
25314
25317
25319
25320
25321
25326
25327
25332
25334
25336
25337
25339
25342
25351
25352
25357
25359
25360
25362
25372
25378
25382
25383
25385
25392
25395
25404
25407
25410
25411
25412
25415
25422
25433
25434
25435
25438
25440
25442
25443
25446
25447
25448
25449
25455
25456
25463
25469
25480
25481
25484
25488
25490
25492
25494
25497
25498
25503
25504
25506
25513
25516
25518
25520
25522
25523
25524
25529
25536
25537
25538
25540
25541
25542
25545
25550
25559
25560
25561
25562
25570
25572
25574
25576
25578
25580
25582
25583
25585
25596
25621
25624
25625
25626
25627
25628
25630
25631
25633
25634
25635
25640
25642
25644
25649
25654
25655
25656
25660
25662
25664
25668
25669
25673
25690
25691
25694
25695
25697
25702
25705
25707
25710
25714
25719
25720
25726
25732
25734
25738
25748
25751
25754
25755
25757
25758
25761
25767
25768
25769
25771
25772
25774
25776
25777
25780
25781
25786
25787
25794
25800
25801
25803
25805
25813
25814
25815
25818
25819
25820
25821
25823
25824
25826
25827
25828
25829
25832
25833
25837
25839
25840
25843
25845
25846
25849
25850
25853
25858
25861
25862
25865
25866
25869
25872
25873
25876
25877
25879
25881
25884
25886
25888
25889
25897
25899
25900
25901
25902
25904
25906
25907
25910
25913
25915
25916
25924
25926
25927
25928
25931
25934
25939
25941
25942
25943
25944
25946
25949
25950
25953
25954
25956
25957
25958
25959
25961
25963
25965
25968
25969
25972
25975
25976
25978
25979
25980
25981
25982
25983
25984
25985
25987
25989
25990
25992
25995
25996
25997
26003
26005
26006
26017
26019
26024
26029
26036
26040
26050
26054
26067
26075
26088
26094
26110
26113
26116
26124
26125
26131
26134
26139
26141
26143
26153
26156
26177
26188
26235
26238
26262
26282
26291
26298
26319
26325
26348
26351
26365
26372
26377
26385
26390
26396
26416
26425
26477
26483
26504
26527
26537
26540
26557
26580
26617
26620
26672
26673
26675
26677
26678
26679
26680
26681
26682
26683
26685
26686
26688
26689
26690
26692
26694
26695
26698
26699
26700
26702
26704
26705
26707
26708
26709
26710
26711
26712
26713
26716
26717
26718
26720
26722
26723
26724
26725
26726
26729
26730
26731
26732
26733
26736
26739
26740
26744
26745
26746
26751
26754
26756
26757
26758
26760
26761
26764
26766
26767
26771
26776
26777
26778
26779
26782
26785
26786
26787
26788
26789
26790
26795
26796
26797
26798
26799
26800
26801
26803
26805
26808
26811
26813
26814
26815
26816
26817
26819
26821
26822
26825
26828
26830
26831
26832
26833
26834
26835
26839
26842
26844
26845
26846
26847
26848
26849
26851
26853
26856
26857
26859
26861
26863
26866
26868
26873
26876
26877
26878
26880
26881
26882
26891
26892
26893
26894
26895
26896
26897
26899
26902
26907
26908
26909
26913
26915
26917
26921
26922
26928
26929
26931
26934
26935
26938
26942
26946
26947
26953
26954
26955
26956
26957
26959
26961
26963
26969
26970
26972
26975
26977
26979
26980
26983
26985
26987
26988
26992
26993
26994
26996
26999
27000
27004
27005
27008
27009
27014
27016
27017
27021
27024
27026
27035
27036
27037
27041
27042
27043
27048
27049
27052
27053
27054
27055
27059
27060
27064
27072
27073
27074
27076
27077
27079
27081
27082
27085
27086
27091
27092
27095
27098
27099
27100
27105
27106
27107
27108
27109
27111
27113
27121
27123
27124
27125
27129
27137
27140
27143
27144
27149
27154
27155
27157
27159
27160
27162
27163
27166
27172
27173
27175
27176
27178
27179
27188
27198
27202
27205
27212
27215
27217
27220
27221
27223
27224
27226
27228
27234
27235
27239
27240
27241
27242
27250
27253
27256
27258
27263
27264
27266
27269
27274
27277
27280
27284
27286
27287
27292
27298
27300
27301
27305
27308
27309
27312
27317
27319
27322
27324
27325
27328
27330
27331
27332
27334
27336
27338
27339
27345
27348
27350
27351
27355
27357
27366
27367
27368
27373
27379
27380
27384
27385
27386
27389
27396
27400
27401
27403
27405
27408
27409
27413
27414
27417
27418
27422
27423
27431
27433
27434
27435
27439
27441
27443
27448
27453
27454
27455
27456
27459
27462
27465
27470
27473
27474
27476
27482
27483
27484
27485
27486
27487
27489
27493
27495
27497
27501
27508
27510
27515
27517
27518
27522
27523
27524
27528
27530
27531
27533
27534
27536
27537
27539
27546
27547
27548
27557
27565
27574
27575
27576
27578
27579
27587
27590
27591
27597
27601
27605
27612
27614
27617
27621
27635
27639
27640
27642
27647
27649
27655
27657
27662
27663
27671
27672
27674
27677
27680
27685
27688
27692
27695
27697
27698
27703
27705
27706
27707
27708
27710
27711
27714
27718
27720
27721
27722
27723
27726
27727
27730
27737
27739
27744
27745
27749
27752
27754
27755
27757
27758
27759
27765
27766
27768
27771
27773
27774
27775
27784
27785
27789
27792
27794
27795
27797
27800
27803
27805
27807
27813
27823
27826
27828
27830
27831
27833
27855
27856
27867
27869
27871
27888
27889
27890
27900
27904
27908
27916
27919
27922
27927
27932
27939
27941
27942
27946
27953
27959
27960
27961
27965
27969
27971
27978
27979
27989
27992
27993
27995
28001
28006
28007
28010
28011
28013
28014
28016
28019
28023
28024
28029
28036
28037
28038
28041
28044
28045
28046
28047
28053
28055
28056
28070
28071
28083
28085
28086
28089
28100
28101
28110
28111
28123
28124
28130
28131
28133
28137
28143
28144
28148
28161
28164
28165
28166
28167
28168
28170
28183
28184
28192
28193
28199
28204
28210
28213
28220
28221
28223
28227
28228
28234
28237
28245
28248
28251
28256
28261
28273
28274
28284
28295
28297
28299
28300
28303
28313
28315
28321
28323
28326
28332
28335
28337
28338
28339
28348
28349
28353
28354
28355
28359
28369
28374
28375
28380
28381
28382
28384
28385
28386
28389
28390
28391
28392
28393
28394
28395
28397
28399
28402
28405
28406
28409
28413
28414
28415
28416
28419
28420
28422
28425
28426
28433
28434
28436
28437
28438
28439
28441
28442
28449
28453
28455
28457
28459
28460
28467
28468
28472
28473
28474
28475
28476
28477
28478
28480
28481
28482
28484
28485
28486
28487
28489
28490
28491
28494
28497
28501
28503
28504
28507
28508
28509
28510
28511
28512
28513
28515
28516
28517
28518
28519
28520
28522
28523
28524
28525
28526
28527
28528
28530
28532
28533
28534
28535
28536
28537
28539
28540
28541
28543
28544
28548
28549
28550
28551
28552
28553
28554
28555
28556
28557
28559
28560
28566
28567
28568
28569
28570
28571
28572
28573
28575
28576
28577
28578
28580
28581
28582
28584
28587
28588
28589
28590
28593
28594
28595
28596
28597
28599
28601
28602
28603
28604
28605
28608
28609
28610
28611
28612
28613
28616
28617
28618
28620
28621
28622
28624
28626
28627
28628
28631
28632
28633
28634
28635
28637
28638
28639
28640
28641
28642
28644
28645
28646
28648
28649
28650
28651
28652
28653
28654
28659
28662
28664
28666
28667
28670
28673
28674
28675
28676
28677
28679
28681
28682
28683
28684
28687
28688
28689
28690
28695
28698
28699
28700
28701
28704
28707
28708
28709
28710
28713
28714
28715
28718
28719
28720
28721
28722
28725
28726
28727
28729
28730
28733
28734
28736
28737
28738
28740
28741
28742
28744
28746
28747
28749
28756
28758
28760
28771
28774
28777
28782
28784
28786
28790
28793
28795
28796
28798
28802
28806
28810
28814
28816
28817
28820
28822
28823
28824
28827
28828
28829
28830
28831
28832
28835
28836
28838
28839
28840
28843
28847
28850
28852
28853
28856
28864
28865
28866
28868
28869
28870
28871
28874
28880
28881
28883
28889
28893
28894
28896
28901
28902
28904
28905
28907
28909
28911
28912
28913
28915
28918
28919
28921
28923
28926
28930
28933
28936
28937
28941
28942
28947
28956
28963
28964
28966
28967
28969
28973
28977
28979
28981
28984
28988
28990
28991
28992
28994
28999
29001
29002
29004
29007
29008
29014
29017
29020
29021
29030
29031
29034
29035
29038
29040
29043
29045
29046
29050
29051
29059
29061
29077
29078
29080
29082
29083
29089
29090
29093
29095
29097
29099
29100
29106
29109
29111
29118
29120
29121
29124
29125
29126
29132
29136
29147
29149
29152
29154
29155
29157
29160
29163
29170
29171
29177
29183
29190
29193
29194
29197
29198
29202
29206
29208
29211
29212
29217
29218
29226
29230
29236
29238
29241
29246
29250
29251
29252
29254
29256
29257
29259
29260
29264
29270
29274
29276
29280
29284
29285
29289
29293
29296
29297
29299
29304
29305
29306
29308
29310
29315
29317
29319
29320
29327
29328
29333
29334
29338
29339
29346
29349
29355
29356
29361
29368
29369
29371
29372
29378
29382
29383
29386
29387
29390
29391
29404
29407
29408
29410
29411
29413
29414
29415
29419
29420
29422
29423
29424
29427
29428
29433
29436
29437
29438
29440
29442
29448
29455
29457
29458
29460
29463
29464
29465
29469
29470
29471
29474
29478
29481
29483
29485
29486
29490
29492
29493
29498
29500
29504
29507
29510
29512
29514
29515
29517
29518
29519
29522
29532
29533
29535
29537
29538
29541
29543
29546
29551
29553
29555
29557
29558
29560
29563
29564
29565
29566
29570
29575
29576
29577
29580
29581
29583
29586
29587
29588
29593
29597
29598
29600
29605
29608
29610
29611
29616
29620
29621
29627
29629
29630
29632
29636
29638
29640
29641
29642
29645
29647
29648
29651
29653
29656
29657
29658
29659
29663
29664
29665
29666
29667
29668
29670
29671
29672
29673
29674
29675
29677
29680
29682
29685
29686
29688
29689
29690
29692
29696
29698
29699
29700
29703
29704
29705
29709
29710
29722
29725
29741
29744
29751
29752
29766
29768
29787
29802
29811
29816
29827
29828
29838
29841
29852
29854
29857
29858
29860
29865
29869
29874
29877
29878
29888
29895
29912
29918
29986
30025
30039
30052
30057
30058
30069
30080
30086
30088
30099
30115
30154
30160
30162
30176
30192
30212
30220
30238
30249
30251
30268
30269
30330
30331
30332
30345
30355
30357
30380
30382
30388
30389
30392
30396
30397
30398
30399
30400
30401
30402
30403
30404
30405
30406
30407
30408
30409
30412
30413
30414
30418
30420
30421
30423
30424
30425
30426
30428
30430
30432
30433
30434
30435
30436
30437
30438
30439
30440
30441
30442
30444
30445
30447
30450
30453
30458
30459
30460
30465
30469
30470
30473
30474
30478
30483
30484
30485
30486
30490
30491
30493
30495
30500
30501
30502
30504
30507
30508
30509
30510
30512
30513
30516
30517
30518
30519
30521
30527
30528
30530
30531
30533
30536
30540
30542
30543
30544
30545
30546
30547
30548
30549
30556
30559
30560
30561
30570
30572
30573
30574
30575
30576
30577
30578
30580
30581
30584
30587
30588
30589
30591
30592
30593
30595
30596
30600
30601
30605
30606
30607
30610
30611
30615
30616
30618
30619
30620
30621
30624
30627
30631
30634
30635
30639
30640
30642
30643
30645
30646
30647
30650
30651
30652
30657
30662
30665
30668
30672
30674
30677
30678
30679
30681
30682
30684
30686
30689
30691
30694
30695
30697
30698
30699
30701
30704
30705
30706
30707
30710
30712
30717
30718
30719
30721
30724
30727
30728
30729
30741
30744
30746
30748
30750
30752
30755
30756
30757
30758
30763
30765
30766
30767
30768
30770
30772
30773
30774
30775
30776
30778
30779
30780
30785
30787
30789
30790
30793
30795
30796
30798
30799
30800
30801
30803
30805
30809
30811
30812
30814
30817
30821
30822
30823
30824
30825
30826
30827
30828
30833
30835
30836
30837
30840
30843
30844
30846
30850
30853
30855
30856
30857
30858
30859
30864
30868
30869
30872
30873
30874
30876
30881
30882
30883
30884
30885
30886
30889
30890
30894
30896
30902
30903
30914
30916
30919
30923
30924
30926
30929
30932
30933
30938
30939
30940
30941
30948
30949
30950
30953
30954
30955
30956
30969
30970
30973
30974
30977
30978
30980
30988
30991
30992
30999
31000
31001
31004
31008
31009
31010
31011
31012
31014
31015
31017
31025
31028
31031
31033
31034
31035
31036
31038
31039
31040
31044
31045
31053
31060
31061
31064
31065
31066
31069
31070
31071
31074
31078
31080
31081
31083
31085
31088
31094
31098
31099
31102
31103
31104
31105
31114
31115
31118
31122
31128
31129
31131
31134
31136
31142
31144
31145
31148
31151
31153
31157
31158
31159
31161
31162
31167
31169
31170
31172
31173
31175
31177
31179
31181
31182
31184
31186
31190
31191
31199
31200
31202
31204
31205
31206
31207
31209
31211
31213
31215
31216
31220
31224
31231
31232
31234
31236
31237
31238
31239
31241
31242
31243
31245
31247
31248
31249
31251
31252
31258
31262
31264
31267
31270
31272
31273
31274
31275
31276
31278
31280
31282
31283
31284
31286
31287
31291
31292
31293
31295
31297
31301
31305
31306
31315
31318
31328
31329
31331
31332
31346
31347
31348
31354
31356
31357
31359
31360
31362
31366
31370
31371
31377
31380
31382
31385
31390
31394
31398
31402
31405
31406
31410
31417
31418
31421
31423
31425
31428
31430
31432
31435
31438
31441
31443
31448
31458
31459
31470
31471
31473
31475
31479
31480
31483
31486
31487
31492
31494
31497
31498
31499
31500
31503
31507
31508
31509
31510
31519
31525
31531
31532
31534
31536
31551
31552
31558
31560
31570
31580
31588
31595
31601
31602
31603
31605
31607
31608
31616
31618
31622
31625
31628
31630
31637
31645
31646
31654
31656
31660
31664
31668
31670
31672
31678
31679
31684
31685
31686
31690
31692
31699
31707
31713
31724
31728
31733
31735
31737
31740
31745
31753
31757
31759
31762
31767
31768
31774
31775
31776
31792
31796
31797
31798
31800
31801
31810
31816
31824
31825
31828
31835
31846
31849
31858
31859
31862
31865
31869
31875
31878
31880
31882
31884
31892
31897
31898
31899
31915
31918
31924
31926
31927
31930
31935
31953
31954
31956
31960
31976
31977
31979
31985
31986
31992
31996
31997
32009
32014
32023
32030
32031
32032
32037
32040
32045
32053
32058
32062
32065
32069
32070
32073
32075
32077
32080
32084
32089
32094
32099
32100
32102
32103
32105
32106
32107
32109
32110
32113
32120
32122
32126
32127
32128
32129
32130
32132
32144
32147
32148
32150
32151
32152
32154
32155
32159
32161
32165
32166
32167
32169
32173
32174
32180
32182
32186
32189
32191
32198
32199
32200
32201
32202
32203
32204
32205
32206
32207
32208
32210
32211
32213
32215
32217
32218
32222
32223
32224
32227
32230
32231
32232
32234
32235
32236
32237
32238
32240
32241
32242
32244
32245
32246
32247
32248
32249
32250
32252
32253
32254
32255
32256
32258
32259
32260
32261
32262
32263
32264
32265
32266
32267
32268
32269
32270
32273
32274
32276
32277
32278
32279
32280
32281
32282
32283
32285
32286
32287
32288
32291
32293
32294
32296
32298
32301
32302
32303
32306
32307
32308
32309
32310
32311
32312
32313
32314
32316
32317
32319
32320
32322
32323
32324
32326
32327
32329
32330
32331
32335
32336
32338
32339
32340
32341
32343
32345
32348
32349
32351
32353
32355
32356
32357
32358
32360
32361
32363
32364
32365
32366
32367
32368
32372
32373
32375
32379
32380
32382
32384
32387
32388
32390
32393
32394
32395
32397
32398
32399
32400
32401
32402
32404
32405
32409
32411
32412
32413
32414
32415
32416
32418
32423
32424
32426
32428
32429
32431
32432
32434
32436
32438
32440
32441
32442
32446
32448
32449
32450
32452
32456
32459
32460
32461
32462
32464
32465
32467
32470
32471
32472
32473
32474
32476
32477
32481
32483
32485
32487
32488
32489
32490
32494
32497
32498
32500
32505
32507
32510
32512
32514
32515
32516
32517
32518
32519
32521
32522
32525
32527
32530
32531
32534
32537
32538
32539
32541
32543
32544
32545
32546
32548
32549
32550
32551
32554
32555
32558
32559
32560
32561
32564
32565
32566
32567
32573
32574
32577
32579
32580
32581
32583
32584
32586
32591
32592
32595
32596
32597
32598
32600
32602
32603
32604
32605
32607
32609
32610
32612
32615
32616
32618
32619
32621
32623
32625
32627
32628
32629
32630
32631
32632
32635
32638
32640
32641
32642
32645
32646
32654
32655
32656
32657
32659
32661
32662
32663
32666
32667
32668
32669
32672
32674
32675
32677
32680
32681
32686
32687
32688
32690
32692
32693
32695
32698
32701
32702
32705
32707
32713
32715
32716
32718
32719
32720
32722
32723
32724
32728
32730
32731
32732
32733
32734
32737
32738
32741
32742
32745
32748
32750
32752
32754
32756
32758
32759
32760
32761
32762
32765
32773
32775
32779
32781
32783
32786
32787
32788
32790
32794
32795
32800
32801
32807
32811
32814
32819
32820
32822
32823
32827
32831
32832
32835
32838
32839
32840
32843
32846
32849
32850
32859
32862
32866
32867
32868
32874
32876
32877
32879
32880
32882
32883
32884
32886
32888
32892
32894
32897
32898
32903
32904
32907
32908
32911
32914
32919
32920
32922
32923
32924
32925
32926
32927
32931
32932
32935
32936
32937
32938
32939
32942
32943
32944
32948
32949
32950
32952
32953
32954
32955
32957
32959
32960
32965
32966
32967
32968
32971
32972
32973
32976
32980
32983
32985
32988
32990
32991
32994
32998
33000
33002
33007
33009
33010
33011
33013
33014
33017
33019
33022
33023
33024
33028
33037
33041
33044
33045
33046
33049
33051
33052
33056
33063
33069
33071
33074
33075
33080
33081
33082
33085
33088
33089
33091
33092
33093
33094
33095
33096
33097
33100
33101
33105
33106
33107
33108
33118
33120
33121
33125
33130
33134
33137
33139
33141
33142
33145
33146
33148
33151
33158
33159
33162
33163
33167
33169
33171
33174
33176
33177
33178
33179
33180
33184
33185
33186
33187
33188
33189
33192
33193
33195
33196
33198
33199
33201
33202
33204
33208
33209
33213
33214
33215
33220
33224
33227
33229
33230
33231
33232
33233
33238
33241
33243
33244
33246
33247
33248
33249
33251
33252
33255
33256
33258
33260
33262
33265
33267
33268
33269
33271
33272
33273
33274
33275
33277
33279
33280
33282
33284
33285
33286
33287
33288
33290
33293
33294
33296
33300
33301
33304
33306
33307
33311
33312
33314
33316
33318
33319
33320
33321
33322
33324
33325
33326
33329
33330
33331
33334
33335
33341
33342
33343
33345
33347
33349
33350
33352
33354
33355
33356
33359
33361
33362
33365
33366
33367
33368
33369
33370
33371
33372
33373
33374
33377
33378
33381
33382
33383
33384
33385
33386
33387
33388
33394
33396
33399
33400
33402
33403
33404
33406
33408
33410
33411
33412
33413
33414
33415
33417
33418
33420
33422
33423
33424
33425
33429
33435
33439
33441
33451
33454
33456
33459
33460
33464
33476
33480
33481
33483
33502
33515
33528
33538
33541
33551
33553
33557
33566
33568
33571
33583
33584
33587
33588
33594
33596
33598
33600
33626
33655
33666
33683
33703
33758
33781
33812
33819
33824
33838
33851
33853
33857
33866
33877
33889
33895
33906
33914
33925
33928
33934
33951
33977
34001
34007
34009
34035
34041
34055
34062
34064
34080
34084
34094
34100
34101
34102
34104
34105
34106
34107
34108
34109
34110
34113
34114
34115
34116
34117
34119
34120
34121
34122
34123
34125
34128
34130
34131
34132
34133
34134
34136
34137
34138
34139
34140
34141
34144
34145
34147
34148
34149
34151
34152
34153
34154
34155
34157
34158
34159
34160
34162
34164
34168
34172
34173
34176
34178
34179
34180
34181
34183
34184
34185
34188
34189
34192
34193
34194
34195
34196
34198
34199
34203
34204
34205
34206
34207
34208
34210
34211
34224
34225
34226
34229
34231
34232
34233
34236
34237
34238
34239
34242
34243
34244
34245
34247
34248
34251
34256
34257
34258
34259
34262
34263
34265
34266
34267
34268
34270
34274
34275
34276
34280
34282
34284
34287
34288
34289
34291
34292
34293
34294
34297
34298
34299
34301
34306
34307
34309
34310
34311
34316
34318
34321
34322
34323
34325
34326
34327
34328
34330
34332
34333
34335
34336
34339
34341
34345
34348
34349
34350
34351
34353
34357
34359
34365
34366
34367
34368
34370
34373
34374
34375
34376
34379
34382
34383
34384
34385
34387
34388
34389
34391
34392
34393
34396
34398
34400
34403
34405
34409
34410
34411
34412
34415
34416
34420
34421
34424
34425
34428
34429
34434
34435
34436
34437
34441
34442
34445
34446
34449
34452
34453
34454
34455
34458
34465
34466
34470
34471
34476
34478
34479
34480
34481
34482
34486
34487
34488
34489
34491
34493
34498
34499
34500
34503
34504
34505
34507
34508
34509
34510
34512
34519
34523
34524
34527
34528
34529
34533
34535
34537
34538
34539
34541
34547
34549
34551
34554
34556
34557
34558
34559
34562
34563
34564
34565
34571
34574
34579
34582
34583
34585
34586
34588
34590
34595
34600
34602
34603
34604
34605
34607
34608
34610
34611
34617
34621
34623
34624
34625
34626
34631
34633
34637
34641
34643
34647
34648
34649
34650
34653
34654
34660
34662
34668
34671
34678
34679
34682
34683
34685
34686
34687
34691
34694
34696
34705
34707
34708
34712
34715
34716
34717
34718
34720
34721
34722
34723
34724
34725
34726
34731
34732
34736
34737
34739
34740
34741
34742
34745
34746
34747
34749
34751
34753
34756
34759
34760
34766
34767
34768
34769
34772
34775
34779
34780
34783
34784
34789
34792
34794
34795
34796
34800
34801
34803
34808
34809
34810
34811
34813
34814
34815
34817
34820
34824
34825
34827
34828
34829
34833
34838
34848
34849
34850
34853
34861
34862
34865
34867
34874
34875
34876
34881
34883
34884
34886
34887
34895
34896
34898
34901
34904
34905
34911
34912
34914
34915
34922
34923
34925
34926
34927
34928
34932
34933
34935
34936
34938
34944
34946
34948
34950
34951
34952
34953
34956
34959
34961
34963
34964
34965
34969
34972
34975
34976
34982
34986
34987
34988
34990
34993
34994
34995
34997
34998
35000
35002
35005
35006
35007
35011
35019
35024
35029
35030
35031
35040
35043
35047
35049
35050
35053
35055
35062
35063
35064
35066
35067
35068
35070
35073
35074
35077
35078
35084
35085
35088
35091
35096
35099
35100
35108
35109
35113
35114
35116
35122
35124
35127
35131
35133
35137
35139
35142
35146
35147
35148
35149
35151
35153
35155
35157
35158
35159
35160
35161
35165
35167
35171
35172
35173
35174
35185
35186
35187
35188
35190
35194
35196
35200
35202
35209
35211
35212
35213
35217
35219
35221
35222
35224
35230
35231
35233
35234
35235
35236
35237
35239
35242
35245
35246
35247
35248
35250
35257
35259
35263
35265
35270
35272
35277
35287
35288
35291
35295
35297
35306
35308
35309
35314
35315
35316
35317
35318
35325
35328
35331
35335
35336
35342
35353
35354
35359
35360
35363
35370
35374
35380
35383
35389
35392
35393
35399
35405
35407
35409
35411
35412
35421
35423
35427
35432
35438
35441
35442
35444
35446
35447
35449
35451
35455
35457
35460
35463
35464
35466
35472
35473
35480
35481
35483
35485
35492
35493
35500
35505
35515
35519
35524
35529
35532
35536
35539
35542
35543
35551
35553
35559
35565
35568
35571
35576
35579
35583
35589
35591
35592
35594
35595
35596
35597
35598
35600
35604
35615
35616
35617
35621
35628
35633
35634
35638
35640
35641
35644
35647
35649
35654
35655
35661
35664
35665
35667
35670
35673
35674
35675
35681
35686
35689
35690
35693
35696
35701
35703
35708
35709
35710
35712
35714
35721
35723
35728
35729
35736
35737
35744
35746
35749
35752
35753
35755
35757
35759
35766
35767
35772
35773
35777
35778
35781
35783
35784
35790
35798
35800
35801
35802
35803
35807
35808
35809
35810
35812
35813
35814
35817
35819
35820
35821
35822
35823
35824
35827
35830
35833
35835
35837
35841
35844
35846
35850
35851
35855
35859
35861
35862
35864
35868
35869
35870
35871
35873
35876
35878
35879
35883
35885
35888
35895
35897
35900
35903
35904
35905
35906
35908
35910
35913
35914
35915
35917
35918
35919
35920
35921
35922
35925
35928
35929
35930
35931
35935
35937
35938
35939
35940
35941
35942
35943
35944
35945
35946
35947
35948
35949
35950
35951
35954
35955
35956
35958
35959
35960
35961
35962
35963
35964
35965
35967
35968
35969
35971
35972
35975
35977
35978
35979
35980
35981
35982
35983
35984
35985
35986
35988
35990
35991
35992
35995
35996
35998
35999
36000
36001
36002
36004
36005
36006
36008
36009
36010
36011
36014
36016
36017
36019
36021
36022
36023
36024
36025
36027
36028
36030
36031
36033
36034
36036
36037
36038
36039
36040
36041
36044
36045
36046
36047
36048
36049
36052
36053
36054
36055
36057
36059
36060
36061
36062
36065
36068
36070
36072
36074
36075
36077
36079
36080
36081
36082
36084
36085
36086
36087
36090
36091
36092
36094
36095
36098
36101
36102
36103
36105
36107
36108
36109
36110
36111
36112
36113
36114
36115
36120
36121
36122
36123
36124
36126
36127
36128
36129
36130
36132
36133
36134
36135
36136
36137
36138
36140
36142
36143
36144
36145
36146
36147
36148
36149
36150
36151
36152
36154
36155
36156
36157
36158
36159
36160
36161
36163
36164
36165
36167
36168
36170
36172
36173
36174
36175
36176
36181
36182
36183
36185
36186
36190
36191
36193
36194
36195
36196
36199
36202
36205
36206
36207
36210
36213
36214
36216
36218
36219
36221
36222
36223
36224
36226
36229
36231
36232
36233
36238
36240
36241
36242
36243
36244
36245
36248
36249
36250
36251
36252
36255
36256
36257
36258
36259
36260
36262
36263
36265
36266
36267
36268
36270
36272
36274
36278
36279
36281
36283
36284
36285
36290
36294
36296
36297
36298
36299
36302
36304
36309
36312
36314
36318
36321
36322
36323
36324
36328
36329
36330
36332
36333
36335
36337
36339
36340
36341
36343
36344
36345
36346
36348
36350
36352
36354
36356
36359
36361
36363
36364
36366
36368
36369
36370
36371
36372
36373
36375
36377
36379
36382
36383
36384
36385
36387
36388
36394
36395
36397
36399
36400
36402
36403
36405
36406
36409
36412
36413
36414
36415
36416
36418
36419
36420
36421
36422
36425
36426
36427
36428
36429
36430
36431
36433
36437
36438
36442
36444
36446
36455
36456
36459
36462
36463
36464
36465
36468
36471
36473
36474
36476
36478
36481
36486
36487
36489
36492
36493
36494
36495
36501
36503
36504
36509
36510
36513
36514
36515
36518
36520
36521
36525
36527
36530
36533
36534
36537
36541
36546
36548
36549
36552
36553
36554
36556
36557
36560
36561
36564
36565
36576
36577
36580
36581
36583
36584
36587
36593
36598
36601
36605
36611
36616
36618
36620
36624
36625
36626
36631
36633
36638
36639
36640
36641
36645
36648
36649
36650
36651
36652
36656
36658
36661
36664
36666
36667
36669
36674
36678
36680
36682
36683
36687
36690
36692
36694
36698
36701
36704
36705
36710
36711
36713
36714
36720
36725
36727
36730
36731
36733
36734
36738
36739
36741
36743
36745
36746
36747
36749
36751
36755
36756
36763
36766
36768
36769
36772
36773
36774
36775
36777
36778
36779
36785
36787
36788
36795
36796
36798
36799
36800
36801
36805
36806
36808
36810
36811
36814
36815
36818
36820
36831
36832
36837
36839
36843
36846
36848
36849
36851
36852
36853
36854
36855
36856
36860
36861
36862
36864
36865
36872
36876
36877
36879
36880
36883
36884
36885
36886
36888
36890
36891
36892
36893
36894
36896
36899
36903
36904
36907
36909
36911
36912
36914
36916
36917
36918
36920
36925
36926
36928
36929
36930
36932
36935
36936
36938
36940
36945
36947
36949
36950
36952
36953
36955
36957
36958
36959
36960
36961
36962
36963
36965
36968
36969
36970
36972
36974
36979
36980
36981
36982
36983
36984
36985
36986
36987
36988
36989
36991
36994
36995
36996
36998
36999
37000
37004
37005
37006
37007
37011
37012
37014
37015
37016
37017
37018
37019
37024
37025
37026
37028
37030
37032
37033
37035
37036
37038
37039
37040
37043
37044
37045
37047
37048
37049
37050
37052
37055
37056
37057
37058
37060
37062
37063
37064
37066
37068
37069
37070
37073
37074
37075
37076
37078
37079
37080
37081
37082
37083
37084
37086
37087
37088
37089
37091
37092
37093
37094
37095
37096
37097
37098
37099
37100
37101
37102
37104
37108
37110
37113
37116
37117
37118
37119
37120
37121
37124
37125
37127
37128
37129
37131
37132
37134
37135
37137
37139
