3
8
10
35
36
37
42
44
47
48
61
67
72
79
80
104
107
112
114
116
117
118
123
124
138
139
140
141
145
151
158
162
166
167
170
171
172
176
182
183
185
196
206
207
220
227
234
247
248
249
250
256
258
260
261
262
264
266
280
285
288
298
310
311
322
327
332
336
353
355
363
369
370
374
375
376
384
385
386
396
398
402
415
425
427
441
442
453
466
470
488
499
504
507
509
514
517
521
524
526
529
542
547
563
572
577
580
582
590
600
609
631
634
636
643
650
654
657
659
668
669
670
674
675
680
681
683
684
685
686
687
688
689
690
691
692
694
696
697
698
700
701
702
703
704
705
707
709
710
711
712
713
714
716
718
719
720
721
722
725
726
727
728
730
731
733
734
735
736
738
739
741
742
743
746
747
748
749
751
752
754
755
756
757
758
759
760
761
762
764
766
767
768
770
772
773
775
778
779
783
785
786
788
792
794
795
797
798
800
801
802
803
805
806
807
811
812
815
816
818
819
820
821
822
824
825
828
830
831
832
833
834
835
836
837
844
845
846
849
850
852
853
854
858
859
861
862
863
864
865
868
870
872
873
875
879
880
888
890
892
895
898
899
900
901
903
904
905
906
909
910
912
914
915
919
920
923
925
926
928
929
930
934
938
939
941
942
943
944
945
949
950
952
954
956
957
959
961
965
966
971
973
975
977
984
985
987
988
989
990
991
995
998
1001
1002
1003
1005
1006
1007
1008
1009
1013
1016
1017
1018
1019
1022
1023
1024
1026
1031
1032
1036
1037
1038
1042
1044
1045
1048
1051
1052
1056
1059
1060
1061
1062
1063
1064
1066
1069
1073
1074
1078
1079
1081
1082
1083
1086
1087
1089
1093
1094
1095
1096
1097
1098
1099
1100
1101
1102
1105
1109
1110
1111
1112
1116
1120
1123
1124
1125
1129
1132
1134
1135
1136
1139
1140
1143
1146
1150
1154
1156
1157
1158
1162
1164
1165
1166
1171
1174
1178
1182
1185
1187
1190
1191
1194
1195
1199
1202
1205
1206
1207
1211
1212
1214
1216
1217
1219
1221
1223
1224
1225
1227
1230
1232
1234
1235
1236
1249
1250
1252
1253
1257
1258
1261
1262
1264
1265
1266
1267
1270
1271
1273
1275
1285
1287
1288
1289
1292
1295
1297
1298
1299
1300
1301
1304
1309
1310
1311
1313
1315
1316
1319
1321
1323
1324
1327
1330
1332
1335
1338
1345
1348
1349
1352
1353
1356
1357
1364
1365
1367
1369
1370
1374
1375
1376
1378
1380
1383
1384
1386
1387
1388
1389
1392
1395
1396
1398
1403
1406
1411
1412
1416
1417
1420
1428
1429
1433
1436
1437
1439
1442
1445
1446
1448
1451
1454
1456
1457
1458
1461
1462
1465
1466
1473
1477
1478
1479
1480
1481
1486
1487
1488
1489
1491
1494
1497
1499
1501
1503
1505
1507
1508
1517
1520
1522
1524
1525
1526
1527
1529
1533
1535
1536
1540
1541
1543
1544
1551
1554
1555
1560
1562
1563
1565
1568
1569
1570
1572
1574
1576
1577
1579
1580
1582
1584
1585
1586
1589
1592
1593
1596
1598
1604
1606
1607
1608
1609
1610
1614
1615
1616
1618
1619
1621
1623
1626
1628
1633
1637
1638
1644
1645
1646
1648
1650
1653
1659
1664
1669
1671
1673
1675
1679
1682
1684
1686
1688
1690
1691
1695
1703
1709
1713
1715
1717
1722
1723
1724
1725
1726
1727
1729
1732
1741
1743
1744
1747
1751
1754
1759
1761
1765
1766
1767
1770
1772
1775
1779
1787
1788
1791
1793
1795
1797
1798
1799
1800
1801
1809
1813
1814
1819
1820
1821
1822
1824
1842
1844
1850
1851
1853
1858
1859
1862
1866
1871
1882
1883
1887
1888
1889
1890
1894
1897
1901
1905
1906
1908
1915
1918
1921
1923
1924
1930
1932
1933
1934
1936
1937
1944
1950
1955
1956
1962
1966
1967
1975
1976
1978
1980
1984
1988
1995
2003
2008
2012
2020
2021
2023
2025
2026
2028
2029
2031
2032
2038
2040
2041
2043
2045
2046
2047
2052
2054
2057
2061
2063
2064
2065
2066
2073
2080
2084
2085
2089
2101
2103
2108
2110
2116
2120
2125
2126
2139
2144
2145
2150
2153
2158
2161
2165
2166
2168
2169
2171
2172
2174
2183
2185
2188
2198
2201
2202
2206
2209
2213
2229
2230
2231
2237
2239
2240
2247
2248
2252
2255
2258
2260
2261
2262
2263
2268
2273
2275
2282
2288
2289
2292
2294
2295
2297
2298
2299
2307
2311
2313
2317
2320
2323
2327
2328
2329
2331
2334
2338
2341
2346
2351
2361
2362
2363
2364
2365
2370
2374
2375
2381
2382
2383
2384
2387
2388
2390
2391
2392
2393
2394
2396
2397
2401
2403
2406
2407
2410
2415
2417
2418
2420
2426
2428
2429
2430
2432
2434
2435
2436
2438
2440
2442
2443
2444
2447
2448
2449
2451
2455
2456
2457
2459
2461
2465
2470
2471
2474
2475
2478
2481
2484
2487
2488
2489
2490
2491
2492
2494
2495
2497
2498
2501
2503
2504
2505
2506
2509
2510
2511
2512
2513
2514
2515
2516
2518
2519
2520
2522
2524
2525
2526
2527
2528
2529
2530
2531
2532
2534
2536
2537
2538
2539
2541
2542
2543
2544
2545
2546
2547
2548
2550
2552
2553
2554
2555
2557
2558
2559
2560
2561
2562
2564
2565
2567
2568
2569
2570
2572
2573
2574
2575
2576
2577
2578
2579
2580
2581
2582
2583
2584
2585
2586
2588
2589
2590
2591
2593
2595
2596
2597
2598
2599
2600
2601
2602
2603
2604
2605
2606
2607
2608
2610
2612
2613
2614
2615
2616
2617
2618
2619
2620
2621
2623
2624
2625
2626
2627
2628
2629
2631
2632
2633
2634
2635
2636
2637
2639
2641
2642
2643
2645
2646
2648
2649
2651
2652
2653
2654
2655
2656
2658
2659
2661
2663
2664
2665
2666
2668
2669
2670
2672
2674
2675
2676
2677
2678
2679
2680
2681
2683
2685
2686
2687
2689
2690
2691
2692
2693
2695
2696
2697
2698
2699
2700
2701
2702
2703
2704
2706
2707
2708
2709
2710
2711
2712
2714
2715
2716
2717
2718
2720
2721
2722
2723
2724
2726
2728
2729
2730
2731
2733
2735
2736
2737
2738
2740
2741
2742
2743
2744
2745
2746
2747
2750
2751
2752
2753
2754
2758
2760
2762
2764
2765
2766
2768
2769
2770
2772
2773
2774
2775
2776
2777
2778
2779
2780
2781
2782
2783
2784
2786
2788
2789
2791
2793
2794
2795
2797
2798
2799
2800
2802
2803
2805
2806
2808
2809
2810
2811
2812
2813
2815
2816
2817
2818
2821
2822
2824
2825
2826
2827
2829
2830
2831
2832
2834
2837
2839
2842
2845
2846
2848
2849
2852
2853
2854
2855
2857
2858
2859
2860
2861
2862
2865
2866
2867
2868
2870
2871
2872
2873
2874
2876
2882
2883
2885
2886
2888
2889
2890
2892
2893
2894
2895
2897
2898
2899
2902
2903
2904
2905
2906
2907
2908
2911
2913
2914
2915
2917
2918
2919
2920
2922
2926
2927
2929
2930
2933
2938
2939
2941
2942
2943
2945
2947
2948
2949
2950
2951
2952
2953
2954
2955
2957
2959
2962
2964
2967
2968
2969
2970
2971
2972
2973
2974
2976
2977
2980
2981
2983
2984
2985
2986
2989
2990
2992
2993
2994
2996
2998
3000
3001
3002
3003
3005
3006
3008
3011
3013
3014
3015
3016
3017
3018
3019
3020
3021
3022
3029
3030
3033
3035
3037
3038
3040
3042
3044
3045
3046
3048
3049
3050
3052
3054
3055
3058
3059
3060
3061
3063
3067
3068
3069
3073
3076
3077
3078
3080
3084
3085
3087
3088
3090
3091
3092
3094
3096
3098
3099
3101
3104
3107
3108
3111
3113
3120
3121
3122
3126
3127
3128
3129
3130
3131
3132
3134
3137
3138
3140
3148
3149
3150
3154
3162
3164
3168
3170
3171
3173
3174
3175
3176
3177
3178
3179
3180
3182
3190
3192
3195
3200
3204
3208
3209
3210
3212
3213
3215
3219
3220
3223
3225
3226
3228
3230
3232
3236
3239
3241
3242
3243
3245
3248
3250
3251
3253
3254
3257
3258
3260
3261
3265
3266
3268
3276
3277
3278
3282
3285
3286
3287
3288
3290
3291
3293
3294
3296
3299
3301
3305
3307
3309
3311
3315
3316
3317
3319
3320
3321
3325
3328
3332
3335
3337
3338
3340
3344
3345
3346
3347
3349
3351
3354
3356
3357
3358
3359
3360
3361
3362
3365
3368
3371
3376
3379
3382
3383
3384
3385
3387
3388
3389
3394
3395
3397
3398
3401
3404
3405
3406
3407
3408
3409
3416
3418
3419
3421
3423
3425
3426
3428
3434
3435
3436
3437
3438
3439
3440
3442
3443
3444
3450
3453
3454
3456
3457
3459
3460
3461
3463
3464
3465
3466
3467
3468
3469
3472
3473
3474
3476
3483
3484
3487
3488
3490
3492
3493
3496
3497
3501
3502
3503
3505
3506
3507
3511
3512
3513
3514
3515
3516
3517
3518
3519
3521
3524
3530
3531
3532
3534
3535
3536
3537
3539
3540
3542
3544
3545
3546
3550
3555
3556
3557
3558
3560
3561
3562
3564
3567
3568
3570
3571
3572
3574
3577
3578
3580
3581
3582
3588
3590
3592
3593
3597
3599
3600
3602
3603
3606
3607
3608
3609
3610
3612
3613
3614
3618
3619
3621
3622
3624
3626
3629
3630
3631
3632
3634
3635
3637
3638
3639
3640
3641
3642
3643
3644
3647
3650
3652
3654
3655
3657
3658
3661
3665
3666
3668
3669
3672
3674
3675
3676
3678
3679
3682
3687
3688
3691
3692
3693
3694
3696
3698
3699
3700
3701
3703
3705
3706
3707
3708
3709
3711
3712
3713
3715
3733
3742
3748
3749
3755
3756
3760
3762
3763
3764
3768
3771
3772
3773
3777
3778
3782
3786
3789
3796
3801
3802
3809
3810
3814
3816
3817
3820
3825
3826
3828
3829
3830
3831
3832
3834
3836
3837
3838
3839
3840
3841
3843
3849
3850
3851
3853
3854
3855
3856
3859
3861
3862
3865
3866
3867
3869
3872
3875
3876
3877
3882
3883
3884
3885
3888
3891
3899
3911
3917
3920
3921
3926
3928
3940
3943
3950
3952
3954
3955
3956
3958
3961
3964
3968
3970
3971
3972
3976
3978
3979
3987
4006
4007
4010
4011
4012
4017
4020
4035
4040
4046
4050
4052
4060
4065
4070
4071
4087
4092
4102
4105
4112
4115
4116
4117
4131
4132
4141
4146
4149
4151
4153
4156
4162
4165
4169
4174
4178
4179
4180
4184
4194
4195
4196
4198
4202
4207
4211
4212
4213
4216
4222
4224
4233
4235
4238
4249
4253
4264
4267
4269
4274
4276
4282
4286
4287
4295
4297
4301
4316
4323
4343
4345
4349
4353
4356
4357
4359
4363
4368
4371
4373
4375
4376
4379
4382
4384
4387
4388
4389
4390
4395
4396
4397
4398
4399
4401
4402
4403
4404
4405
4406
4407
4408
4409
4410
4411
4412
4415
4416
4417
4418
4419
4420
4423
4424
4425
4426
4427
4428
4429
4430
4431
4433
4435
4436
4438
4439
4440
4442
4443
4444
4445
4446
4447
4448
4450
4451
4452
4455
4456
4458
4459
4460
4461
4462
4464
4469
4470
4471
4472
4473
4475
4476
4479
4480
4482
4483
4484
4486
4488
4489
4491
4492
4493
4494
4495
4496
4497
4498
4499
4500
4502
4503
4504
4505
4506
4507
4508
4509
4510
4511
4512
4516
4517
4518
4519
4521
4523
4524
4525
4527
4528
4529
4530
4532
4533
4535
4536
4538
4541
4545
4547
4549
4550
4551
4552
4553
4554
4558
4559
4560
4561
4562
4564
4565
4568
4570
4572
4576
4577
4578
4579
4580
4581
4584
4589
4590
4593
4595
4598
4600
4601
4604
4605
4606
4608
4609
4610
4612
4615
4618
4619
4620
4623
4625
4626
4628
4629
4633
4634
4636
4637
4638
4640
4641
4642
4643
4645
4647
4648
4649
4650
4651
4652
4653
4654
4655
4656
4657
4659
4660
4661
4663
4664
4665
4666
4667
4669
4670
4672
4673
4674
4679
4681
4683
4684
4685
4686
4687
4688
4691
4692
4693
4695
4696
4698
4699
4701
4702
4703
4704
4706
4708
4709
4710
4713
4714
4715
4716
4721
4722
4723
4724
4726
4729
4732
4735
4736
4739
4741
4745
4746
4747
4751
4752
4753
4754
4755
4756
4758
4759
4762
4764
4767
4768
4769
4770
4775
4776
4778
4780
4783
4785
4787
4788
4792
4797
4798
4799
4801
4802
4803
4807
4808
4809
4811
4812
4814
4816
4817
4819
4821
4822
4823
4824
4825
4827
4828
4829
4830
4833
4835
4837
4842
4844
4845
4846
4848
4849
4853
4854
4855
4856
4861
4862
4863
4865
4866
4871
4876
4877
4878
4883
4885
4886
4887
4888
4889
4891
4892
4895
4896
4898
4899
4900
4901
4907
4908
4913
4914
4921
4922
4923
4924
4930
4931
4932
4933
4934
4936
4937
4939
4941
4942
4948
4950
4951
4953
4955
4963
4964
4966
4967
4968
4970
4971
4972
4974
4975
4976
4977
4978
4979
4980
4982
4985
4986
4989
4991
4993
4999
5001
5003
5004
5007
5008
5009
5012
5017
5018
5024
5030
5031
5033
5035
5036
5038
5039
5040
5041
5044
5045
5046
5048
5049
5051
5054
5056
5057
5058
5059
5062
5063
5064
5065
5070
5071
5072
5073
5077
5078
5080
5081
5082
5083
5084
5085
5086
5087
5088
5089
5090
5092
5094
5097
5099
5100
5103
5104
5105
5108
5109
5110
5112
5113
5116
5117
5118
5119
5120
5123
5125
5129
5130
5134
5135
5136
5141
5142
5143
5150
5151
5153
5155
5159
5160
5161
5162
5163
5164
5168
5169
5170
5175
5180
5181
5183
5184
5185
5188
5192
5193
5194
5195
5196
5201
5202
5203
5204
5206
5209
5211
5213
5214
5215
5220
5226
5230
5231
5233
5235
5238
5239
5241
5243
5246
5247
5250
5252
5253
5256
5261
5265
5269
5273
5274
5275
5276
5277
5278
5281
5283
5288
5289
5290
5291
5293
5294
5297
5299
5302
5303
5307
5309
5310
5313
5316
5317
5318
5320
5321
5324
5329
5330
5331
5334
5337
5338
5340
5343
5344
5346
5347
5348
5350
5353
5354
5356
5357
5358
5362
5365
5368
5372
5375
5376
5385
5386
5387
5389
5390
5392
5393
5394
5396
5397
5398
5399
5400
5401
5402
5404
5407
5409
5411
5412
5413
5417
5424
5425
5430
5434
5436
5437
5438
5439
5440
5441
5442
5443
5445
5446
5447
5450
5451
5453
5454
5456
5457
5459
5460
5461
5462
5463
5466
5472
5473
5474
5476
5481
5482
5484
5486
5487
5490
5498
5502
5503
5507
5510
5511
5512
5515
5518
5519
5520
5521
5522
5523
5525
5527
5533
5537
5538
5539
5544
5545
5546
5549
5551
5554
5556
5557
5561
5562
5565
5567
5568
5571
5574
5585
5587
5588
5596
5597
5602
5603
5604
5605
5606
5607
5610
5611
5616
5618
5620
5622
5624
5629
5630
5632
5634
5638
5641
5644
5645
5648
5650
5651
5655
5658
5660
5662
5664
5666
5667
5668
5669
5670
5671
5675
5677
5679
5681
5685
5687
5688
5689
5692
5694
5696
5700
5701
5704
5709
5711
5718
5720
5724
5726
5729
5730
5731
5732
5733
5736
5737
5738
5739
5740
5741
5742
5743
5746
5748
5752
5753
5754
5755
5757
5758
5760
5761
5763
5764
5765
5768
5769
5770
5771
5773
5777
5781
5782
5784
5787
5788
5789
5791
5799
5802
5803
5804
5811
5812
5813
5816
5818
5823
5826
5827
5828
5830
5831
5832
5837
5839
5848
5849
5854
5856
5860
5864
5867
5868
5871
5875
5877
5879
5880
5882
5883
5884
5886
5888
5889
5891
5894
5895
5899
5903
5904
5905
5907
5911
5912
5913
5915
5917
5921
5925
5926
5930
5935
5937
5938
5939
5940
5947
5951
5952
5953
5956
5957
5958
5962
5963
5966
5968
5969
5972
5974
5979
5983
5984
5987
5988
5989
5990
5996
5998
6011
6016
6020
6021
6030
6031
6032
6033
6034
6039
6041
6043
6045
6050
6052
6053
6055
6056
6061
6062
6064
6065
6066
6067
6068
6070
6071
6073
6079
6081
6082
6086
6087
6088
6089
6096
6097
6098
6101
6102
6104
6105
6107
6108
6111
6114
6115
6119
6121
6122
6124
6125
6128
6129
6131
6132
6136
6137
6141
6142
6143
6145
6146
6149
6150
6151
6156
6157
6158
6165
6168
6169
6171
6173
6175
6176
6177
6187
6188
6190
6195
6198
6200
6201
6202
6203
6204
6205
6207
6208
6209
6210
6211
6212
6213
6214
6215
6216
6217
6218
6219
6220
6222
6223
6224
6225
6226
6227
6228
6229
6230
6231
6232
6233
6234
6235
6237
6238
6239
6240
6241
6242
6243
6244
6245
6246
6248
6249
6250
6251
6252
6253
6255
6256
6257
6258
6259
6260
6261
6262
6263
6264
6265
6266
6267
6268
6269
6271
6272
6273
6274
6275
6276
6277
6278
6279
6283
6284
6285
6287
6288
6289
6290
6291
6292
6293
6294
6295
6297
6298
6299
6300
6302
6303
6305
6307
6308
6309
6310
6311
6312
6313
6314
6315
6316
6317
6318
6319
6320
6321
6322
6324
6326
6327
6328
6330
6331
6332
6333
6334
6335
6336
6337
6338
6340
6341
6343
6344
6345
6347
6348
6349
6351
6353
6354
6355
6356
6357
6358
6361
6362
6365
6366
6367
6368
6369
6370
6371
6373
6375
6376
6377
6378
6381
6382
6383
6384
6385
6386
6387
6388
6389
6390
6391
6392
6393
6395
6397
6398
6399
6400
6403
6404
6405
6406
6407
6408
6411
6413
6414
6415
6416
6417
6418
6420
6421
6423
6424
6425
6426
6428
6429
6430
6431
6432
6434
6435
6436
6437
6438
6439
6440
6442
6443
6444
6445
6447
6448
6449
6450
6451
6452
6453
6454
6455
6456
6458
6461
6462
6467
6469
6472
6473
6474
6475
6476
6477
6478
6479
6480
6481
6483
6484
6487
6488
6490
6498
6499
6502
6504
6505
6506
6508
6510
6511
6513
6514
6517
6518
6520
6521
6522
6527
6528
6530
6531
6532
6533
6534
6535
6536
6538
6539
6540
6541
6542
6543
6544
6546
6547
6549
6550
6551
6552
6554
6555
6556
6557
6559
6560
6561
6562
6563
6566
6567
6568
6569
6572
6573
6575
6578
6579
6580
6582
6583
6584
6585
6587
6588
6589
6590
6591
6593
6597
6598
6599
6601
6602
6604
6605
6607
6609
6611
6612
6615
6618
6620
6621
6624
6625
6627
6628
6629
6630
6631
6632
6633
6634
6636
6637
6638
6639
6640
6641
6642
6643
6644
6647
6648
6649
6650
6651
6652
6654
6655
6656
6657
6658
6659
6660
6661
6663
6665
6666
6667
6668
6671
6672
6673
6674
6675
6676
6683
6685
6687
6688
6689
6690
6693
6694
6695
6696
6697
6698
6700
6702
6703
6706
6707
6708
6709
6710
6713
6714
6715
6716
6717
6718
6720
6722
6723
6725
6726
6730
6732
6733
6734
6735
6736
6737
6738
6740
6743
6744
6747
6748
6749
6750
6752
6754
6756
6757
6759
6760
6761
6762
6763
6766
6768
6769
6771
6775
6777
6779
6780
6781
6782
6784
6787
6790
6791
6792
6796
6797
6799
6801
6803
6808
6810
6811
6813
6816
6820
6821
6822
6824
6825
6829
6830
6831
6834
6835
6837
6839
6840
6841
6842
6845
6847
6848
6849
6851
6852
6855
6858
6863
6864
6868
6870
6871
6873
6876
6877
6878
6879
6881
6882
6883
6885
6886
6887
6888
6893
6894
6895
6899
6900
6901
6904
6906
6907
6908
6909
6911
6912
6913
6914
6915
6917
6918
6919
6920
6922
6924
6926
6927
6928
6929
6933
6934
6936
6937
6939
6940
6943
6946
6948
6952
6954
6956
6957
6959
6962
6964
6965
6966
6967
6968
6970
6972
6975
6976
6978
6979
6980
6981
6985
6987
6990
6991
6992
6993
6994
6996
6998
7000
7001
7002
7010
7011
7013
7015
7016
7019
7020
7021
7023
7026
7029
7030
7031
7032
7033
7036
7042
7043
7045
7046
7047
7051
7053
7054
7056
7057
7058
7059
7063
7065
7068
7071
7073
7074
7079
7080
7081
7084
7085
7086
7087
7090
7091
7092
7093
7094
7096
7098
7099
7101
7102
7103
7104
7106
7107
7108
7109
7110
7111
7112
7119
7120
7121
7124
7125
7126
7127
7128
7130
7131
7132
7136
7137
7138
7139
7140
7141
7144
7148
7150
7152
7153
7154
7156
7160
7162
7164
7168
7170
7171
7172
7173
7174
7175
7180
7181
7182
7184
7185
7186
7187
7188
7191
7195
7196
7197
7198
7201
7204
7205
7206
7207
7211
7215
7216
7217
7220
7224
7228
7229
7231
7232
7233
7234
7235
7238
7243
7244
7245
7246
7248
7249
7250
7251
7253
7257
7258
7259
7262
7264
7267
7268
7269
7270
7271
7273
7275
7278
7279
7283
7284
7285
7287
7288
7289
7291
7292
7294
7295
7300
7302
7303
7305
7307
7308
7310
7311
7314
7321
7323
7324
7327
7331
7332
7333
7336
7337
7340
7341
7343
7345
7348
7350
7351
7354
7356
7357
7358
7361
7363
7369
7371
7372
7375
7379
7382
7383
7384
7385
7386
7388
7390
7391
7392
7393
7401
7402
7405
7406
7408
7412
7413
7414
7415
7419
7420
7422
7425
7427
7433
7438
7447
7451
7455
7456
7457
7461
7464
7465
7472
7475
7476
7479
7482
7484
7490
7491
7499
7510
7514
7515
7518
7522
7528
7529
7530
7537
7542
7543
7548
7554
7559
7563
7564
7570
7572
7573
7576
7579
7580
7582
7586
7593
7596
7598
7600
7611
7616
7625
7627
7634
7641
7647
7651
7670
7672
7675
7682
7684
7686
7689
7692
7706
7708
7709
7720
7724
7727
7729
7734
7748
7759
7760
7775
7783
7799
7803
7806
7811
7823
7833
7839
7846
7849
7851
7853
7855
7857
7863
7879
7881
7887
7891
7895
7913
7916
7919
7926
7929
7936
7954
7963
7967
7971
7998
8001
8005
8011
8018
8026
8027
8029
8030
8048
8053
8059
8061
8064
8079
8082
8083
8084
8091
8097
8102
8104
8105
8107
8108
8109
8111
8112
8113
8115
8116
8117
8118
8119
8120
8122
8123
8124
8127
8130
8133
8134
8135
8137
8138
8139
8141
8142
8143
8144
8146
8147
8148
8150
8152
8153
8154
8155
8156
8159
8160
8162
8163
8164
8166
8167
8168
8169
8170
8174
8175
8176
8177
8178
8181
8184
8187
8190
8194
8195
8196
8197
8198
8200
8202
8203
8205
8206
8208
8210
8213
8214
8216
8217
8218
8220
8221
8222
8224
8226
8227
8228
8229
8230
8233
8239
8240
8242
8244
8245
8247
8249
8252
8254
8258
8261
8262
8263
8265
8266
8270
8271
8273
8278
8280
8286
8288
8289
8291
8293
8296
8297
8300
8301
8303
8307
8308
8313
8315
8317
8318
8320
8322
8323
8325
8326
8327
8328
8329
8331
8332
8334
8337
8338
8346
8347
8351
8352
8363
8366
8367
8368
8373
8375
8385
8386
8388
8389
8390
8393
8398
8402
8403
8407
8409
8413
8415
8416
8417
8418
8426
8428
8429
8430
8431
8438
8439
8441
8442
8445
8446
8447
8454
8455
8456
8457
8465
8470
8473
8479
8482
8486
8490
8494
8499
8501
8502
8504
8506
8511
8512
8515
8519
8521
8523
8524
8526
8528
8529
8530
8531
8533
8536
8537
8538
8539
8550
8551
8558
8559
8562
8565
8567
8568
8570
8574
8583
8590
8592
8597
8599
8601
8602
8603
8606
8607
8618
8619
8624
8627
8630
8635
8639
8641
8648
8649
8650
8651
8653
8655
8656
8657
8661
8662
8663
8664
8665
8667
8670
8675
8678
8679
8681
8682
8687
8689
8690
8691
8693
8694
8696
8698
8703
8704
8707
8712
8715
8716
8717
8725
8728
8731
8733
8735
8736
8738
8739
8741
8744
8747
8750
8751
8752
8753
8754
8755
8756
8758
8760
8763
8766
8771
8776
8785
8787
8796
8799
8800
8801
8802
8803
8804
8806
8808
8814
8815
8818
8824
8825
8828
8831
8836
8844
8847
8848
8852
8866
8867
8873
8876
8877
8879
8885
8886
8890
8900
8906
8908
8909
8910
8911
8912
8915
8916
8920
8922
8923
8928
8929
8935
8940
8942
8943
8944
8947
8949
8951
8952
8957
8958
8960
8963
8964
8969
8971
8979
8983
8984
8990
8991
8992
8994
8999
9000
9002
9005
9007
9008
9009
9011
9013
9015
9016
9017
9018
9021
9026
9027
9032
9039
9043
9044
9045
9049
9054
9057
9062
9065
9067
9068
9070
9072
9077
9079
9093
9098
9103
9107
9110
9118
9119
9121
9122
9126
9127
9135
9137
9139
9143
9150
9151
9152
9162
9164
9165
9169
9174
9178
9179
9180
9189
9194
9195
9197
9198
9210
9211
9213
9214
9216
9218
9226
9227
9235
9237
9241
9243
9245
9254
9256
9275
9279
9282
9286
9290
9295
9297
9302
9307
9313
9314
9320
9333
9336
9337
9338
9340
9352
9364
9365
9372
9376
9382
9383
9399
9400
9401
9402
9406
9408
9413
9420
9423
9425
9440
9446
9453
9454
9456
9457
9459
9465
9466
9470
9473
9475
9478
9482
9485
9486
9492
9494
9507
9510
9515
9536
9538
9540
9541
9544
9547
9551
9553
9561
9564
9567
9578
9582
9589
9594
9596
9597
9598
9599
9600
9613
9617
9618
9620
9627
9634
9636
9651
9667
9668
9676
9683
9684
9691
9692
9695
9696
9710
9712
9714
9724
9725
9726
9727
9735
9748
9753
9757
9759
9761
9764
9769
9778
9779
9780
9784
9785
9788
9791
9801
9803
9809
9815
9818
9819
9820
9821
9822
9825
9829
9834
9835
9838
9843
9848
9850
9855
9856
9857
9858
9860
9861
9863
9864
9866
9870
9871
9872
9879
9881
9883
9885
9886
9887
9888
9891
9902
9905
9914
9915
9916
9917
9919
9920
9921
9923
9926
9927
9928
9929
9932
9933
9934
9937
9938
9939
9940
9942
9943
9945
9946
9947
9948
9950
9951
9952
9953
9954
9956
9957
9958
9960
9961
9962
9963
9964
9965
9966
9968
9970
9971
9972
9973
9974
9975
9976
9978
9979
9980
9981
9983
9984
9986
9987
9988
9989
9990
9993
9994
9995
9996
9997
9998
9999
10000
10001
10002
10003
10005
10007
10008
10009
10010
10012
10014
10016
10017
10018
10019
10020
10022
10023
10024
10025
10026
10027
10029
10030
10032
10033
10035
10038
10039
10040
10042
10044
10045
10047
10048
10049
10050
10051
10052
10054
10055
10057
10058
10059
10060
10061
10062
10063
10064
10065
10067
10069
10070
10071
10072
10073
10074
10075
10076
10079
10081
10082
10083
10084
10086
10088
10089
10090
10091
10093
10094
10096
10097
10098
10100
10101
10103
10104
10105
10106
10107
10108
10109
10110
10111
10112
10113
10114
10115
10117
10118
10120
10122
10123
10124
10125
10126
10128
10131
10133
10134
10136
10137
10139
10140
10143
10144
10145
10146
10147
10148
10149
10150
10151
10152
10153
10154
10156
10157
10158
10159
10160
10161
10162
10163
10166
10167
10168
10170
10172
10173
10175
10176
10177
10181
10183
10185
10186
10187
10189
10190
10191
10192
10194
10195
10196
10201
10203
10204
10205
10206
10210
10212
10217
10220
10222
10223
10225
10226
10227
10228
10230
10232
10233
10234
10235
10236
10237
10238
10241
10243
10246
10249
10250
10252
10253
10254
10256
10257
10258
10259
10260
10265
10266
10267
10269
10270
10276
10277
10278
10280
10281
10282
10283
10284
10287
10288
10290
10293
10295
10296
10298
10299
10301
10302
10305
10307
10310
10311
10312
10314
10315
10318
10319
10325
10326
10328
10329
10330
10331
10332
10334
10335
10336
10339
10341
10343
10345
10346
10347
10348
10350
10356
10357
10358
10359
10360
10362
10363
10364
10365
10366
10368
10369
10370
10371
10374
10375
10376
10377
10379
10382
10385
10387
10389
10390
10395
10396
10397
10398
10400
10402
10403
10404
10407
10408
10409
10410
10411
10412
10413
10415
10416
10417
10418
10420
10421
10422
10424
10427
10429
10430
10431
10434
10435
10439
10442
10443
10444
10446
10447
10448
10450
10452
10457
10458
10459
10461
10463
10464
10465
10466
10467
10468
10470
10472
10474
10476
10477
10483
10484
10488
10489
10491
10492
10495
10496
10497
10498
10500
10501
10502
10504
10505
10506
10507
10508
10509
10511
10513
10514
10515
10519
10522
10524
10526
10527
10529
10531
10532
10533
10534
10536
10539
10543
10544
10547
10551
10553
10554
10555
10556
10558
10559
10560
10562
10567
10572
10577
10581
10582
10584
10586
10587
10590
10592
10593
10595
10596
10599
10600
10605
10608
10610
10613
10615
10619
10621
10623
10624
10628
10630
10637
10638
10639
10640
10641
10647
10648
10649
10651
10652
10653
10656
10664
10668
10669
10671
10677
10678
10680
10681
10682
10684
10685
10686
10689
10694
10696
10699
10702
10704
10705
10706
10707
10708
10710
10714
10715
10716
10718
10724
10727
10729
10733
10735
10738
10739
10740
10741
10745
10747
10748
10750
10751
10752
10757
10762
10765
10767
10768
10769
10770
10774
10777
10778
10779
10782
10783
10786
10788
10790
10791
10792
10793
10798
10803
10805
10807
10809
10810
10812
10813
10814
10816
10817
10820
10821
10822
10824
10826
10832
10834
10835
10838
10841
10842
10843
10844
10845
10846
10848
10850
10851
10853
10854
10855
10858
10861
10862
10864
10865
10866
10872
10874
10876
10878
10882
10884
10885
10887
10888
10889
10891
10894
10895
10899
10900
10901
10902
10909
10910
10913
10914
10915
10916
10918
10919
10920
10923
10924
10928
10930
10931
10932
10934
10937
10938
10939
10940
10945
10947
10949
10952
10954
10957
10958
10959
10960
10963
10964
10965
10967
10968
10970
10972
10973
10976
10978
10981
10982
10983
10984
10985
10986
10987
10988
10989
10991
10994
10996
10997
10998
10999
11000
11001
11002
11004
11006
11008
11009
11011
11012
11014
11016
11020
11021
11024
11027
11029
11030
11031
11033
11034
11037
11038
11040
11041
11042
11046
11050
11056
11057
11059
11060
11065
11068
11070
11071
11072
11075
11080
11081
11082
11083
11085
11086
11088
11094
11095
11097
11100
11102
11103
11104
11105
11107
11110
11112
11113
11116
11119
11121
11122
11124
11126
11127
11128
11129
11131
11133
11134
11136
11137
11140
11145
11147
11150
11154
11168
11170
11172
11180
11193
11196
11199
11203
11208
11209
11215
11223
11226
11228
11230
11232
11233
11237
11238
11246
11251
11252
11254
11255
11256
11257
11259
11267
11268
11269
11278
11281
11285
11287
11293
11294
11295
11297
11299
11300
11301
11302
11303
11304
11305
11307
11310
11312
11318
11323
11325
11327
11332
11348
11349
11366
11368
11393
11397
11398
11402
11418
11419
11422
11429
11432
11436
11444
11449
11461
11463
11464
11474
11498
11500
11501
11503
11515
11516
11560
11568
11571
11584
11606
11608
11609
11610
11614
11622
11623
11624
11627
11640
11641
11644
11647
11651
11660
11669
11671
11675
11677
11697
11718
11722
11727
11730
11744
11764
11765
11775
11776
11779
11800
11801
11804
11809
11812
11817
11818
11819
11820
11821
11822
11823
11824
11826
11830
11831
11832
11833
11835
11836
11837
11838
11840
11842
11843
11844
11846
11847
11848
11849
11850
11851
11852
11853
11854
11855
11856
11858
11860
11861
11862
11864
11865
11868
11869
11870
11871
11872
11873
11875
11876
11877
11880
11881
11883
11884
11887
11888
11889
11892
11896
11897
11898
11900
11901
11902
11904
11905
11906
11908
11909
11911
11913
11915
11917
11918
11921
11923
11924
11925
11926
11928
11929
11930
11934
11938
11940
11941
11942
11944
11946
11947
11952
11953
11955
11956
11957
11958
11959
11960
11961
11962
11963
11964
11965
11966
11974
11977
11979
11982
11983
11984
11986
11987
11991
11992
11995
11998
12000
12003
12004
12005
12008
12009
12010
12011
12012
12013
12016
12017
12021
12022
12023
12024
12026
12029
12030
12033
12034
12035
12036
12037
12038
12039
12040
12041
12042
12049
12050
12051
12056
12057
12058
12059
12061
12064
12065
12072
12074
12076
12079
12081
12082
12086
12087
12092
12095
12098
12099
12100
12101
12103
12104
12105
12108
12109
12112
12113
12116
12117
12118
12119
12121
12123
12124
12127
12129
12130
12131
12132
12133
12134
12136
12137
12138
12140
12141
12143
12144
12147
12148
12149
12151
12152
12153
12155
12157
12159
12161
12167
12169
12172
12174
12175
12180
12185
12186
12187
12190
12197
12198
12199
12201
12203
12204
12206
12208
12209
12211
12215
12220
12223
12224
12225
12228
12229
12233
12235
12237
12239
12240
12242
12243
12244
12245
12247
12249
12250
12252
12253
12255
12256
12259
12263
12264
12267
12271
12273
12274
12276
12277
12284
12286
12287
12289
12290
12293
12294
12298
12299
12304
12305
12306
12311
12315
12316
12318
12319
12320
12323
12324
12337
12339
12347
12349
12352
12353
12354
12358
12359
12361
12363
12364
12365
12370
12376
12378
12379
12381
12382
12383
12385
12391
12392
12394
12395
12396
12397
12399
12403
12404
12407
12410
12412
12413
12420
12421
12423
12428
12429
12430
12431
12436
12440
12441
12445
12448
12449
12450
12452
12453
12455
12458
12461
12463
12466
12469
12471
12472
12473
12474
12475
12476
12479
12481
12482
12487
12489
12490
12494
12495
12499
12500
12501
12506
12508
12509
12510
12511
12513
12517
12518
12523
12527
12528
12533
12538
12540
12541
12542
12544
12545
12546
12549
12550
12552
12553
12558
12559
12560
12565
12566
12569
12570
12571
12574
12578
12581
12583
12585
12587
12588
12589
12590
12591
12592
12593
12594
12595
12597
12598
12599
12602
12603
12607
12608
12610
12617
12618
12620
12624
12625
12628
12629
12630
12631
12632
12634
12636
12637
12639
12641
12642
12644
12649
12650
12654
12655
12658
12660
12662
12665
12666
12667
12669
12673
12675
12678
12683
12692
12694
12695
12696
12698
12700
12701
12703
12704
12714
12715
12716
12718
12719
12721
12722
12723
12724
12725
12726
12727
12731
12732
12733
12735
12736
12741
12744
12746
12748
12749
12750
12751
12755
12757
12758
12759
12760
12762
12765
12768
12770
12777
12778
12779
12781
12782
12783
12786
12789
12799
12801
12802
12804
12807
12818
12820
12824
12828
12832
12833
12835
12836
12840
12844
12845
12851
12852
12858
12862
12865
12868
12869
12870
12875
12876
12878
12879
12885
12888
12889
12891
12893
12895
12898
12902
12903
12904
12909
12910
12912
12914
12917
12921
12925
12927
12928
12929
12935
12938
12951
12955
12963
12966
12974
12979
12983
12984
12987
12990
12993
13001
13009
13016
13017
13020
13025
13026
13029
13033
13039
13044
13047
13050
13056
13060
13066
13071
13076
13078
13079
13084
13086
13088
13089
13090
13097
13103
13110
13115
13117
13120
13122
13125
13131
13135
13137
13139
13144
13145
13146
13152
13154
13158
13160
13165
13167
13168
13172
13173
13175
13177
13179
13180
13185
13188
13189
13191
13197
13198
13199
13205
13218
13219
13221
13222
13226
13230
13231
13235
13236
13238
13240
13241
13243
13244
13250
13255
13257
13258
13267
13281
13285
13290
13292
13302
13303
13305
13307
13308
13309
13310
13311
13312
13313
13314
13316
13319
13320
13324
13325
13327
13334
13340
13343
13348
13357
13358
13365
13367
13376
13379
13381
13382
13386
13389
13390
13402
13407
13408
13412
13413
13414
13416
13418
13424
13426
13430
13433
13439
13440
13441
13444
13446
13453
13457
13461
13462
13469
13471
13472
13474
13482
13483
13489
13490
13492
13493
13494
13498
13499
13500
13501
13503
13504
13508
13514
13517
13524
13525
13526
13529
13530
13533
13535
13536
13538
13539
13541
13544
13555
13557
13559
13561
13562
13569
13570
13571
13574
13575
13577
13579
13580
13584
13585
13586
13587
13589
13592
13593
13596
13598
13599
13600
13605
13611
13618
13621
13622
13623
13626
13628
13629
13630
13631
13634
13635
13636
13637
13638
13639
13640
13641
13642
13643
13645
13646
13647
13648
13651
13652
13653
13654
13655
13656
13657
13659
13660
13661
13662
13663
13664
13665
13666
13667
13668
13670
13671
13672
13673
13674
13676
13678
13679
13680
13681
13682
13684
13685
13686
13687
13688
13689
13690
13691
13692
13694
13695
13696
13698
13699
13700
13701
13702
13703
13704
13705
13706
13707
13708
13709
13710
13711
13713
13714
13715
13716
13717
13718
13719
13720
13722
13723
13724
13725
13726
13727
13728
13730
13731
13732
13733
13735
13736
13737
13738
13739
13740
13741
13743
13744
13746
13749
13750
13752
13753
13754
13756
13757
13758
13759
13760
13761
13762
13763
13765
13766
13768
13769
13770
13771
13772
13773
13775
13776
13777
13779
13781
13782
13783
13786
13788
13789
13790
13791
13792
13793
13795
13796
13797
13798
13800
13801
13805
13806
13808
13809
13810
13811
13812
13815
13816
13817
13818
13819
13820
13821
13823
13824
13825
13826
13827
13828
13829
13831
13832
13833
13835
13839
13842
13843
13844
13845
13846
13848
13849
13850
13851
13853
13854
13856
13858
13859
13860
13861
13862
13863
13864
13865
13866
13867
13870
13871
13872
13874
13875
13876
13877
13878
13879
13880
13884
13885
13886
13887
13889
13890
13895
13897
13900
13901
13902
13904
13905
13907
13908
13910
13911
13915
13916
13917
13918
13920
13922
13925
13926
13928
13931
13937
13939
13942
13944
13947
13948
13949
13953
13954
13955
13956
13957
13959
13960
13962
13963
13964
13966
13967
13972
13975
13976
13978
13979
13983
13984
13985
13987
13988
13990
13991
13992
13993
13994
13996
13997
13999
14000
14001
14004
14005
14007
14008
14009
14010
14012
14013
14014
14015
14016
14018
14020
14022
14023
14024
14025
14026
14027
14028
14030
14031
14032
14033
14035
14036
14039
14040
14045
14046
14048
14049
14050
14052
14053
14055
14056
14057
14059
14060
14061
14062
14063
14064
14065
14068
14070
14072
14076
14077
14078
14080
14082
14083
14084
14085
14086
14087
14088
14089
14091
14092
14094
14095
14096
14099
14100
14101
14104
14105
14108
14110
14111
14114
14115
14117
14118
14119
14120
14121
14122
14123
14125
14126
14128
14130
14131
14134
14135
14137
14138
14140
14143
14145
14146
14148
14150
14153
14156
14157
14158
14159
14160
14161
14164
14165
14171
14172
14174
14175
14177
14179
14180
14184
14187
14188
14189
14191
14192
14194
14196
14197
14200
14202
14203
14205
14209
14210
14212
14216
14219
14223
14224
14225
14227
14229
14230
14231
14232
14234
14235
14236
14237
14241
14243
14244
14248
14249
14250
14252
14253
14256
14257
14262
14263
14265
14267
14268
14269
14270
14276
14277
14279
14280
14282
14285
14291
14292
14293
14296
14297
14298
14299
14300
14301
14304
14307
14310
14312
14313
14314
14315
14316
14317
14319
14321
14322
14323
14324
14327
14328
14329
14331
14332
14333
14334
14337
14341
14342
14346
14348
14354
14355
14356
14357
14359
14361
14362
14364
14365
14369
14374
14378
14381
14385
14393
14394
14395
14399
14403
14404
14405
14406
14407
14413
14418
14420
14422
14423
14424
14427
14429
14430
14433
14435
14439
14440
14441
14442
14443
14445
14448
14449
14451
14454
14457
14459
14460
14464
14470
14471
14472
14474
14477
14479
14482
14483
14485
14486
14493
14495
14497
14498
14499
14502
14505
14506
14507
14512
14513
14514
14516
14519
14520
14521
14524
14525
14526
14527
14531
14534
14535
14537
14541
14544
14547
14548
14551
14553
14554
14555
14556
14558
14564
14567
14568
14575
14576
14577
14578
14581
14584
14586
14587
14588
14589
14592
14593
14595
14599
14601
14602
14603
14607
14609
14610
14612
14615
14619
14620
14621
14622
14623
14626
14627
14629
14630
14632
14633
14636
14637
14638
14639
14641
14643
14644
14645
14648
14649
14654
14659
14660
14661
14662
14663
14665
14668
14672
14673
14675
14676
14677
14678
14679
14680
14681
14682
14684
14685
14686
14687
14690
14692
14695
14697
14699
14701
14703
14704
14706
14708
14711
14712
14713
14714
14716
14718
14719
14726
14728
14730
14734
14735
14736
14737
14740
14741
14742
14743
14744
14747
14748
14749
14752
14756
14759
14760
14761
14763
14764
14767
14768
14771
14773
14776
14779
14782
14784
14785
14786
14788
14789
14791
14792
14794
14795
14796
14797
14798
14799
14800
14803
14808
14810
14811
14814
14815
14816
14817
14818
14820
14821
14824
14825
14826
14830
14832
14833
14834
14840
14841
14842
14847
14848
14850
14851
14853
14863
14864
14889
14891
14895
14896
14904
14910
14933
14939
14946
14950
14970
14975
14980
14986
14993
14999
15000
15001
15005
15017
15018
15021
15033
15045
15046
15056
15061
15063
15065
15083
15086
15089
15096
15103
15106
15108
15111
15113
15114
15115
15131
15135
15147
15149
15161
15183
15202
15205
15212
15213
15225
15236
15244
15248
15257
15266
15268
15280
15290
15298
15301
15314
15321
15344
15346
15355
15356
15360
15371
15379
15380
15391
15405
15406
15412
15417
15421
15431
15435
15436
15450
15471
15515
15526
15527
15530
15531
15533
15539
15540
15542
15543
15544
15545
15547
15549
15550
15551
15552
15554
15556
15557
15558
15559
15560
15562
15563
15564
15565
15566
15567
15568
15569
15570
15571
15572
15574
15575
15576
15578
15579
15580
15581
15582
15583
15586
15587
15588
15589
15590
15591
15593
15594
15596
15597
15598
15600
15604
15608
15609
15612
15613
15614
15616
15618
15621
15622
15624
15625
15626
15629
15630
15631
15634
15635
15636
15638
15648
15650
15652
15653
15654
15655
15656
15658
15661
15663
15667
15669
15670
15671
15672
15674
15675
15677
15678
15679
15680
15689
15690
15692
15693
15698
15699
15700
15701
15702
15708
15712
15714
15715
15717
15718
15719
15720
15723
15724
15727
15728
15729
15730
15731
15734
15735
15736
15737
15738
15743
15744
15746
15750
15751
15753
15755
15757
15759
15761
15762
15763
15764
15768
15773
15775
15780
15784
15787
15790
15791
15793
15794
15796
15798
15799
15801
15803
15807
15808
15813
15815
15819
15822
15823
15826
15828
15830
15833
15836
15837
15840
15841
15842
15843
15845
15850
15851
15852
15853
15858
15859
15860
15863
15865
15866
15867
15868
15870
15872
15874
15875
15881
15882
15883
15884
15885
15886
15888
15889
15891
15892
15894
15895
15897
15898
15900
15901
15906
15907
15908
15909
15911
15919
15922
15923
15925
15927
15930
15931
15933
15934
15935
15936
15939
15940
15943
15948
15951
15953
15954
15957
15959
15963
15964
15965
15967
15969
15979
15982
15986
15994
15995
15996
15998
16000
16002
16005
16006
16008
16012
16013
16020
16022
16027
16028
16029
16030
16034
16036
16037
16038
16039
16047
16049
16050
16051
16056
16058
16061
16063
16068
16070
16072
16073
16076
16077
16084
16085
16086
16088
16089
16092
16093
16098
16108
16109
16111
16112
16113
16114
16118
16121
16122
16124
16127
16138
16140
16143
16145
16151
16152
16153
16155
16156
16160
16161
16163
16167
16175
16180
16182
16183
16188
16194
16195
16199
16201
16205
16207
16208
16209
16213
16219
16220
16221
16222
16224
16225
16227
16230
16231
16232
16234
16239
16240
16242
16248
16249
16252
16254
16258
16262
16264
16266
16267
16272
16273
16279
16280
16282
16283
16285
16286
16289
16297
16301
16302
16304
16305
16310
16312
16313
16314
16315
16317
16320
16321
16323
16325
16328
16334
16343
16344
16350
16351
16355
16356
16357
16363
16368
16369
16372
16374
16376
16377
16383
16385
16391
16392
16395
16397
16399
16400
16407
16411
16413
16415
16417
16418
16419
16423
16424
16428
16432
16433
16435
16436
16441
16445
16449
16450
16452
16455
16460
16461
16463
16467
16472
16473
16479
16485
16489
16490
16492
16493
16496
16498
16500
16506
16512
16515
16518
16521
16529
16542
16546
16554
16556
16565
16568
16571
16572
16575
16577
16579
16580
16582
16587
16588
16593
16595
16599
16601
16602
16603
16604
16610
16623
16624
16626
16632
16642
16645
16647
16650
16651
16654
16657
16663
16665
16666
16669
16675
16689
16695
16709
16713
16718
16722
16727
16734
16746
16748
16749
16750
16760
16764
16772
16774
16780
16782
16790
16793
16795
16798
16800
16801
16802
16804
16808
16811
16814
16817
16821
16825
16827
16834
16841
16845
16846
16851
16868
16881
16885
16887
16889
16893
16902
16903
16906
16912
16919
16922
16926
16933
16934
16935
16941
16947
16950
16953
16954
16964
16968
16971
16973
16981
16982
16985
16995
17002
17006
17009
17013
17019
17020
17022
17025
17026
17034
17045
17046
17053
17059
17060
17072
17084
17089
17093
17095
17100
17104
17112
17116
17119
17120
17130
17131
17132
17140
17158
17161
17167
17170
17171
17172
17175
17176
17181
17183
17184
17185
17188
17190
17196
17197
17202
17203
17208
17212
17220
17221
17223
17226
17237
17238
17239
17241
17242
17243
17244
17245
17249
17250
17251
17253
17256
17259
17261
17263
17264
17267
17268
17271
17272
17274
17276
17283
17284
17285
17286
17287
17291
17292
17295
17298
17299
17300
17313
17317
17318
17321
17325
17330
17343
17344
17346
17347
17348
17349
17350
17351
17355
17357
17359
17361
17362
17365
17366
17368
17369
17370
17371
17372
17373
17374
17376
17377
17379
17380
17381
17382
17384
17385
17386
17387
17388
17389
17390
17391
17392
17393
17394
17398
17399
17400
17401
17402
17403
17405
17406
17407
17408
17409
17410
17411
17412
17413
17414
17415
17416
17417
17418
17420
17423
17424
17425
17426
17428
17429
17430
17431
17432
17433
17435
17436
17437
17438
17440
17441
17442
17444
17445
17446
17447
17448
17449
17452
17453
17454
17455
17457
17458
17460
17461
17462
17463
17464
17466
17467
17468
17470
17471
17472
17474
17475
17476
17477
17478
17479
17480
17481
17482
17484
17487
17488
17489
17490
17491
17492
17493
17495
17496
17497
17499
17500
17501
17502
17504
17507
17508
17509
17510
17511
17515
17517
17518
17519
17520
17521
17522
17524
17525
17527
17528
17529
17531
17532
17534
17535
17537
17538
17539
17541
17542
17544
17545
17546
17547
17548
17549
17551
17552
17553
17555
17556
17557
17559
17560
17562
17566
17567
17568
17570
17572
17573
17574
17575
17577
17579
17580
17581
17584
17585
17586
17587
17588
17589
17591
17593
17594
17596
17597
17598
17600
17601
17602
17603
17605
17607
17608
17609
17611
17614
17616
17619
17620
17622
17625
17627
17629
17630
17631
17632
17635
17636
17637
17638
17639
17640
17642
17646
17649
17651
17652
17653
17655
17656
17658
17659
17662
17663
17666
17668
17669
17670
17673
17674
17676
17677
17678
17680
17681
17682
17685
17686
17690
17691
17692
17693
17695
17697
17698
17700
17701
17702
17704
17705
17708
17709
17710
17711
17712
17713
17714
17715
17718
17720
17722
17723
17724
17726
17727
17729
17732
17738
17739
17742
17743
17744
17746
17747
17748
17749
17751
17753
17754
17758
17760
17762
17767
17769
17770
17771
17773
17774
17775
17776
17778
17779
17780
17784
17785
17786
17789
17790
17793
17794
17796
17797
17798
17799
17800
17803
17804
17805
17806
17807
17809
17810
17812
17813
17815
17816
17817
17820
17823
17825
17827
17831
17832
17835
17836
17839
17842
17843
17844
17846
17847
17848
17849
17850
17857
17859
17862
17863
17867
17868
17869
17870
17871
17873
17874
17875
17878
17885
17889
17891
17892
17894
17898
17901
17902
17904
17905
17908
17917
17919
17923
17924
17925
17932
17934
17935
17936
17939
17943
17944
17945
17950
17951
17952
17955
17957
17958
17960
17961
17964
17967
17969
17971
17976
17979
17982
17983
17984
17985
17987
17988
17990
17994
17995
18000
18001
18003
18007
18010
18012
18014
18016
18018
18020
18021
18023
18027
18028
18029
18030
18036
18039
18040
18041
18042
18044
18045
18046
18047
18052
18054
18056
18058
18060
18063
18064
18065
18066
18068
18070
18071
18075
18076
18078
18079
18084
18088
18091
18092
18096
18098
18100
18101
18103
18104
18110
18112
18114
18115
18120
18122
18127
18132
18133
18134
18138
18142
18143
18144
18146
18148
18149
18152
18154
18155
18157
18159
18160
18162
18164
18171
18172
18173
18174
18179
18180
18181
18182
18185
18192
18193
18194
18196
18199
18201
18202
18205
18207
18211
18212
18214
18220
18224
18226
18227
18229
18233
18234
18236
18238
18240
18241
18242
18244
18245
18246
18248
18250
18251
18254
18259
18260
18262
18265
18267
18268
18269
18273
18274
18275
18278
18280
18281
18282
18283
18284
18285
18287
18290
18294
18298
18300
18302
18306
18313
18315
18316
18319
18320
18322
18323
18324
18330
18331
18333
18334
18335
18337
18338
18341
18343
18344
18345
18346
18347
18348
18349
18350
18353
18354
18356
18357
18358
18361
18362
18363
18365
18369
18370
18373
18374
18375
18376
18377
18379
18380
18381
18385
18386
18387
18388
18390
18391
18393
18395
18396
18399
18400
18404
18409
18411
18412
18415
18416
18417
18418
18421
18422
18424
18425
18428
18429
18430
18433
18434
18436
18437
18440
18441
18444
18445
18448
18449
18452
18453
18454
18455
18456
18457
18458
18459
18462
18465
18466
18468
18469
18473
18474
18475
18477
18478
18479
18480
18482
18485
18487
18488
18489
18490
18491
18493
18496
18498
18499
18500
18502
18503
18506
18507
18508
18509
18513
18514
18516
18517
18518
18521
18525
18526
18527
18528
18529
18530
18534
18535
18540
18546
18547
18550
18552
18553
18554
18555
18556
18557
18559
18561
18562
18569
18572
18579
18580
18589
18590
18594
18596
18597
18607
18608
18610
18612
18613
18614
18616
18627
18629
18639
18642
18645
18649
18654
18656
18660
18663
18670
18674
18677
18678
18682
18685
18686
18692
18699
18703
18705
18711
18714
18720
18729
18731
18732
18733
18738
18742
18749
18753
18755
18776
18802
18803
18805
18822
18825
18826
18828
18830
18832
18835
18844
18860
18868
18883
18919
18926
18938
18939
18940
18944
18947
18956
18964
18978
18997
18999
19008
19012
19036
19039
19050
19054
19061
19062
19069
19070
19074
19079
19088
19109
19111
19116
19124
19129
19132
19143
19154
19174
19189
19197
19199
19203
19204
19235
19236
19238
19244
19250
19251
19252
19253
19254
19255
19256
19257
19258
19259
19260
19261
19262
19263
19264
19265
19266
19267
19269
19270
19272
19274
19275
19276
19278
19279
19280
19281
19282
19283
19284
19285
19286
19288
19289
19290
19291
19292
19293
19294
19295
19296
19297
19298
19299
19300
19301
19303
19304
19305
19308
19311
19312
19314
19316
19317
19318
19319
19322
19327
19328
19329
19330
19334
19336
19338
19339
19341
19343
19344
19345
19349
19350
19351
19352
19358
19359
19362
19363
19365
19366
19367
19368
19369
19370
19372
19373
19374
19375
19377
19379
19380
19381
19383
19384
19385
19386
19387
19388
19389
19391
19392
19393
19394
19396
19397
19400
19403
19404
19406
19407
19408
19409
19410
19412
19414
19415
19419
19420
19421
19424
19425
19428
19429
19430
19431
19432
19433
19434
19435
19436
19437
19438
19442
19443
19445
19446
19449
19450
19451
19453
19455
19456
19458
19460
19462
19463
19464
19465
19466
19468
19469
19471
19472
19473
19474
19475
19476
19479
19480
19481
19483
19485
19488
19489
19492
19495
19498
19501
19502
19503
19504
19506
19509
19510
19511
19512
19513
19515
19517
19518
19523
19526
19527
19528
19529
19531
19532
19534
19535
19536
19539
19540
19541
19542
19544
19547
19549
19552
19554
19555
19557
19558
19559
19560
19561
19564
19566
19568
19572
19573
19576
19578
19580
19581
19582
19583
19585
19586
19587
19588
19589
19590
19594
19596
19597
19598
19599
19600
19602
19607
19608
19609
19610
19611
19612
19613
19614
19615
19616
19620
19622
19625
19631
19632
19633
19634
19636
19637
19639
19641
19642
19643
19644
19647
19649
19651
19652
19654
19655
19656
19657
19661
19663
19664
19665
19668
19669
19670
19671
19672
19675
19677
19678
19679
19680
19681
19683
19684
19686
19691
19692
19693
19697
19700
19701
19703
19704
19705
19707
19708
19709
19710
19712
19713
19717
19718
19720
19722
19723
19727
19730
19732
19734
19735
19737
19740
19741
19742
19744
19745
19748
19750
19751
19752
19758
19761
19764
19765
19766
19768
19769
19770
19772
19773
19777
19781
19786
19787
19788
19789
19791
19793
19794
19798
19800
19802
19804
19806
19807
19809
19811
19812
19813
19818
19820
19822
19823
19827
19828
19831
19832
19833
19835
19837
19838
19840
19841
19842
19846
19849
19850
19851
19858
19859
19861
19865
19868
19869
19870
19871
19875
19877
19878
19879
19880
19881
19882
19886
19887
19891
19893
19894
19895
19896
19898
19900
19901
19902
19904
19906
19908
19910
19911
19914
19915
19918
19921
19922
19927
19928
19929
19934
19936
19938
19939
19940
19944
19945
19946
19949
19950
19951
19954
19955
19956
19960
19963
19966
19967
19968
19970
19978
19979
19984
19985
19986
19987
19993
19997
19998
19999
20000
20004
20006
20007
20009
20013
20015
20018
20019
20021
20025
20027
20028
20032
20036
20038
20039
20041
20042
20043
20047
20048
20049
20051
20056
20057
20058
20063
20064
20065
20067
20068
20070
20074
20080
20082
20083
20084
20086
20090
20093
20094
20095
20097
20099
20100
20101
20102
20103
20104
20105
20109
20110
20113
20120
20121
20123
20124
20125
20126
20127
20129
20132
20134
20137
20139
20140
20141
20142
20143
20145
20147
20149
20150
20151
20153
20155
20156
20159
20160
20163
20165
20166
20168
20172
20173
20174
20176
20182
20185
20187
20189
20190
20193
20194
20196
20199
20201
20202
20204
20206
20207
20210
20211
20214
20221
20223
20227
20229
20233
20235
20237
20240
20241
20243
20249
20250
20252
20254
20255
20256
20264
20268
20284
20286
20292
20293
20294
20295
20296
20298
20299
20301
20302
20303
20304
20313
20317
20318
20321
20323
20327
20328
20329
20330
20336
20338
20340
20342
20346
20347
20350
20352
20355
20356
20359
20366
20368
20371
20377
20379
20383
20390
20392
20394
20398
20402
20404
20405
20409
20410
20411
20416
20418
20424
20427
20430
20441
20446
20448
20452
20460
20463
20467
20478
20480
20483
20488
20493
20494
20496
20498
20503
20504
20505
20506
20507
20510
20513
20514
20518
20519
20520
20525
20526
20528
20531
20535
20538
20541
20542
20544
20545
20550
20551
20565
20577
20582
20586
20591
20593
20595
20596
20597
20598
20599
20603
20616
20617
20619
20621
20626
20627
20633
20636
20637
20641
20643
20644
20648
20650
20653
20655
20656
20657
20658
20666
20667
20668
20669
20672
20676
20678
20680
20683
20686
20690
20693
20695
20697
20716
20722
20725
20729
20733
20735
20736
20737
20738
20739
20740
20742
20744
20754
20755
20759
20768
20769
20776
20778
20781
20788
20793
20794
20796
20799
20805
20807
20809
20811
20815
20817
20821
20825
20828
20837
20839
20840
20844
20845
20848
20852
20856
20859
20860
20861
20867
20868
20872
20877
20881
20883
20885
20889
20891
20897
20898
20899
20901
20902
20904
20909
20911
20913
20914
20916
20920
20921
20922
20925
20927
20933
20934
20938
20939
20942
20944
20945
20947
20951
20952
20953
20954
20955
20956
20957
20958
20959
20961
20962
20964
20967
20971
20975
20977
20980
20984
20985
20988
20992
20996
20998
20999
21002
21004
21005
21008
21012
21013
21014
21015
21021
21027
21028
21029
21033
21035
21041
21044
21049
21054
21055
21056
21057
21058
21059
21061
21062
21063
21064
21065
21066
21067
21068
21069
21071
21073
21074
21075
21076
21077
21078
21079
21080
21081
21082
21083
21084
21085
21086
21088
21089
21090
21091
21092
21093
21094
21095
21096
21097
21098
21099
21100
21101
21102
21103
21104
21106
21107
21108
21109
21110
21111
21112
21113
21114
21116
21117
21121
21123
21125
21126
21128
21129
21130
21131
21132
21134
21135
21136
21139
21141
21143
21144
21145
21146
21147
21148
21149
21150
21151
21153
21154
21155
21158
21160
21161
21165
21166
21167
21168
21169
21170
21171
21172
21173
21174
21175
21176
21177
21178
21180
21181
21182
21184
21185
21187
21189
21190
21191
21193
21194
21195
21196
21197
21198
21201
21202
21203
21204
21206
21207
21208
21209
21210
21211
21212
21214
21217
21218
21222
21223
21224
21225
21226
21228
21229
21230
21231
21233
21237
21238
21240
21242
21243
21245
21246
21247
21248
21249
21251
21252
21255
21256
21257
21258
21259
21260
21261
21262
21263
21265
21267
21268
21270
21271
21272
21273
21276
21280
21281
21284
21285
21287
21289
21290
21291
21292
21293
21294
21295
21296
21298
21299
21300
21303
21305
21307
21308
21310
21312
21314
21319
21320
21321
21325
21328
21330
21331
21332
21333
21335
21339
21343
21346
21348
21349
21350
21353
21354
21355
21358
21359
21360
21362
21365
21367
21370
21371
21372
21373
21375
21376
21377
21380
21381
21382
21383
21384
21386
21387
21388
21389
21391
21392
21394
21395
21396
21397
21399
21401
21402
21403
21405
21406
21408
21409
21412
21415
21416
21418
21419
21422
21423
21424
21427
21429
21430
21432
21434
21436
21437
21438
21439
21440
21441
21443
21447
21449
21453
21454
21455
21456
21458
21459
21461
21465
21466
21467
21468
21472
21473
21474
21476
21477
21478
21479
21480
21481
21483
21484
21485
21486
21487
21488
21489
21490
21492
21493
21494
21496
21497
21498
21500
21503
21504
21505
21506
21507
21508
21511
21512
21513
21514
21516
21517
21519
21522
21523
21526
21527
21528
21529
21532
21534
21535
21538
21539
21541
21542
21543
21544
21550
21553
21554
21556
21557
21559
21560
21562
21563
21564
21566
21568
21571
21572
21573
21574
21575
21578
21581
21586
21587
21588
21590
21591
21592
21594
21595
21599
21603
21605
21606
21610
21612
21615
21616
21617
21618
21619
21620
21622
21623
21625
21630
21631
21633
21637
21639
21642
21645
21648
21656
21657
21658
21660
21662
21664
21665
21666
21670
21671
21672
21674
21677
21678
21680
21681
21683
21689
21690
21693
21694
21695
21696
21697
21698
21702
21704
21708
21713
21716
21718
21719
21720
21721
21724
21727
21728
21732
21735
21737
21741
21742
21743
21744
21746
21749
21750
21757
21758
21760
21761
21763
21765
21766
21767
21768
21770
21775
21776
21780
21781
21784
21789
21792
21793
21795
21798
21799
21801
21804
21806
21809
21810
21813
21815
21816
21818
21820
21821
21822
21823
21824
21826
21827
21828
21830
21831
21832
21835
21836
21837
21838
21841
21844
21845
21846
21847
21848
21850
21852
21854
21855
21857
21858
21859
21861
21863
21865
21868
21869
21871
21872
21874
21875
21876
21877
21882
21885
21886
21888
21889
21890
21893
21895
21896
21897
21899
21900
21901
21902
21903
21907
21912
21913
21916
21919
21920
21921
21926
21927
21928
21929
21932
21933
21935
21936
21940
21941
21943
21944
21945
21947
21948
21949
21950
21952
21954
21955
21959
21960
21962
21963
21964
21966
21968
21972
21974
21975
21976
21981
21982
21986
21991
21992
21993
21995
21996
21997
21998
21999
22000
22004
22005
22006
22008
22009
22014
22015
22016
22019
22020
22021
22022
22027
22029
22030
22032
22033
22034
22035
22036
22037
22042
22043
22046
22047
22048
22051
22052
22053
22054
22055
22056
22057
22060
22061
22062
22065
22066
22068
22070
22072
22073
22074
22076
22078
22079
22081
22083
22084
22085
22086
22087
22089
22090
22091
22093
22094
22098
22099
22101
22102
22104
22105
22107
22109
22110
22112
22113
22118
22119
22120
22121
22123
22125
22126
22127
22128
22129
22130
22131
22132
22134
22135
22136
22137
22138
22139
22140
22142
22143
22144
22145
22146
22147
22148
22149
22150
22151
22154
22155
22159
22160
22163
22164
22165
22167
22170
22171
22172
22173
22174
22176
22177
22179
22180
22182
22183
22185
22188
22189
22191
22194
22196
22199
22202
22203
22204
22207
22211
22212
22213
22214
22215
22217
22219
22221
22223
22224
22225
22227
22228
22230
22234
22235
22236
22237
22239
22242
22244
22245
22246
22247
22252
22254
22258
22259
22261
22264
22266
22268
22269
22272
22273
22275
22276
22278
22280
22287
22296
22303
22304
22309
22310
22314
22316
22320
22323
22324
22326
22332
22337
22354
22356
22372
22374
22389
22395
22407
22408
22410
22415
22428
22435
22440
22442
22445
22463
22467
22480
22489
22498
22536
22541
22574
22577
22603
22657
22658
22660
22670
22677
22685
22701
22709
22726
22732
22739
22751
22762
22787
22790
22805
22817
22819
22828
22840
22860
22882
22886
22892
22894
22900
22905
22909
22913
22937
22938
22940
22946
22962
22964
22965
22967
22968
22970
22972
22974
22975
22976
22977
22978
22979
22980
22982
22985
22986
22988
22989
22990
22992
22994
22995
22996
22997
22998
23000
23001
23002
23003
23004
23006
23008
23009
23010
23011
23012
23013
23014
23015
23017
23018
23019
23020
23021
23023
23024
23025
23028
23030
23031
23040
23041
23042
23043
23044
23045
23046
23050
23052
23053
23055
23057
23059
23062
23063
23064
23065
23066
23071
23073
23075
23080
23081
23082
23083
23084
23085
23086
23088
23089
23090
23091
23095
23096
23097
23098
23099
23100
23102
23103
23104
23105
23106
23108
23112
23114
23117
23118
23119
23120
23121
23123
23125
23126
23128
23130
23132
23133
23134
23136
23138
23142
23144
23145
23147
23148
23150
23151
23154
23156
23159
23164
23165
23167
23174
23176
23178
23179
23180
23184
23185
23186
23190
23191
23193
23196
23199
23200
23201
23203
23207
23209
23212
23214
23215
23216
23217
23219
23220
23223
23225
23226
23227
23229
23231
23232
23234
23235
23238
23240
23242
23246
23247
23249
23250
23251
23253
23256
23258
23260
23263
23267
23269
23270
23271
23274
23276
23277
23278
23279
23280
23283
23284
23285
23286
23287
23288
23289
23291
23292
23293
23294
23295
23300
23302
23303
23304
23310
23311
23317
23318
23319
23320
23323
23324
23325
23326
23328
23335
23336
23337
23340
23343
23344
23346
23347
23352
23353
23355
23357
23358
23361
23362
23363
23367
23368
23370
23371
23372
23375
23376
23377
23379
23380
23381
23386
23389
23391
23392
23393
23395
23396
23397
23400
23403
23405
23406
23409
23412
23415
23416
23417
23418
23421
23422
23423
23427
23428
23434
23440
23441
23445
23446
23448
23450
23455
23458
23459
23462
23463
23468
23469
23471
23475
23476
23477
23484
23486
23487
23488
23492
23494
23495
23501
23502
23503
23504
23505
23506
23512
23518
23520
23523
23524
23526
23532
23534
23535
23536
23540
23542
23544
23546
23550
23555
23559
23560
23564
23569
23574
23577
23579
23581
23584
23585
23591
23594
23595
23602
23603
23605
23608
23609
23610
23611
23614
23616
23617
23618
23622
23623
23624
23625
23626
23627
23628
23632
23633
23635
23636
23637
23641
23642
23645
23647
23652
23656
23659
23660
23662
23663
23670
23672
23677
23682
23686
23687
23690
23692
23694
23696
23701
23702
23704
23705
23707
23712
23719
23720
23722
23723
23724
23725
23726
23729
23730
23731
23732
23733
23739
23741
23742
23745
23749
23750
23751
23752
23754
23756
23758
23761
23762
23763
23765
23771
23776
23778
23780
23783
23784
23785
23786
23794
23795
23796
23797
23800
23802
23804
23813
23817
23819
23820
23821
23824
23831
23833
23834
23839
23840
23845
23846
23847
23851
23853
23854
23858
23861
23862
23863
23864
23865
23875
23877
23878
23879
23882
23883
23888
23891
23904
23907
23908
23909
23910
23918
23921
23922
23923
23928
23930
23931
23935
23940
23941
23943
23944
23946
23955
23957
23958
23959
23966
23969
23970
23974
23978
23983
23984
23985
23987
23990
23993
23999
24000
24003
24006
24007
24010
24012
24013
24015
24018
24026
24028
24030
24031
24034
24040
24041
24043
24045
24051
24052
24053
24054
24055
24057
24059
24069
24070
24071
24073
24075
24076
24079
24080
24083
24085
24088
24091
24093
24095
24097
24101
24103
24110
24112
24121
24123
24127
24130
24134
24142
24157
24162
24168
24169
24173
24174
24188
24190
24192
24194
24200
24202
24206
24208
24212
24216
24217
24218
24219
24221
24223
24225
24228
24232
24234
24239
24242
24245
24250
24255
24257
24258
24259
24262
24264
24265
24269
24279
24281
24282
24286
24296
24301
24312
24313
24318
24319
24320
24329
24331
24332
24335
24338
24339
24341
24347
24351
24357
24358
24363
24374
24376
24377
24380
24381
24382
24385
24386
24396
24397
24400
24407
24409
24417
24418
24428
24447
24448
24450
24452
24453
24454
24455
24456
24461
24469
24473
24475
24483
24485
24487
24489
24490
24492
24496
24499
24501
24509
24523
24525
24526
24531
24532
24542
24544
24548
24557
24559
24560
24566
24568
24582
24586
24589
24590
24592
24595
24601
24603
24606
24607
24613
24625
24626
24630
24631
24633
24634
24635
24636
24639
24640
24641
24642
24644
24645
24646
24658
24659
24661
24666
24667
24671
24675
24677
24678
24681
24682
24683
24685
24691
24692
24698
24699
24700
24702
24704
24706
24708
24710
24712
24713
24714
24715
24716
24717
24719
24720
24721
24722
24725
24726
24727
24728
24733
24734
24735
24736
24737
24738
24739
24741
24742
24743
24744
24745
24746
24747
24748
24758
24759
24761
24766
24767
24771
24772
24773
24774
24775
24776
24777
24779
24783
24784
24785
24787
24788
24789
24792
24793
24794
24795
24797
24798
24799
24800
24801
24803
24804
24805
24806
24807
24808
24809
24810
24812
24813
24814
24815
24816
24817
24818
24821
24822
24823
24825
24827
24829
24830
24831
24832
24833
24836
24837
24838
24839
24841
24842
24844
24845
24846
24847
24848
24850
24851
24852
24853
24854
24855
24856
24857
24858
24860
24862
24863
24864
24865
24868
24870
24872
24874
24875
24878
24880
24881
24882
24883
24884
24885
24886
24888
24889
24890
24893
24894
24895
24897
24898
24899
24900
24901
24902
24903
24904
24905
24907
24908
24910
24911
24913
24914
24915
24916
24917
24919
24920
24921
24923
24924
24925
24926
24927
24928
24930
24932
24934
24935
24936
24939
24940
24941
24943
24944
24945
24947
24948
24949
24950
24951
24952
24953
24954
24955
24957
24959
24960
24961
24962
24965
24966
24967
24969
24970
24973
24974
24975
24976
24978
24979
24981
24982
24984
24987
24988
24989
24990
24992
24993
24995
24996
24997
24999
25000
25001
25002
25003
25004
25005
25007
25009
25010
25012
25013
25014
25015
25018
25019
25020
25021
25022
25024
25025
25027
25028
25029
25030
25031
25033
25036
25037
25039
25041
25043
25044
25049
25053
25055
25057
25059
25060
25061
25064
25067
25068
25070
25073
25075
25076
25077
25079
25080
25081
25084
25085
25086
25087
25088
25089
25096
25098
25099
25101
25105
25106
25109
25110
25113
25114
25115
25118
25120
25121
25123
25125
25126
25127
25129
25130
25132
25133
25135
25136
25139
25141
25142
25144
25145
25146
25147
25148
25149
25152
25154
25155
25163
25164
25165
25167
25170
25171
25174
25175
25181
25182
25185
25186
25187
25188
25189
25191
25192
25194
25195
25199
25201
25202
25203
25204
25207
25209
25214
25217
25218
25220
25221
25226
25227
25228
25230
25231
25233
25234
25235
25238
25240
25243
25245
25246
25248
25252
25253
25255
25256
25257
25258
25261
25264
25266
25267
25268
25270
25272
25273
25274
25276
25277
25278
25282
25283
25285
25287
25288
25289
25290
25292
25297
25304
25306
25307
25308
25312
25313
25314
25317
25319
25320
25322
25324
25325
25326
25329
25331
25332
25333
25337
25341
25343
25345
25347
25349
25350
25351
25352
25353
25355
25359
25360
25361
25362
25367
25368
25370
25371
25372
25373
25374
25382
25386
25391
25392
25394
25395
25397
25400
25403
25404
25406
25407
25410
25411
25412
25413
25415
25416
25418
25421
25422
25423
25428
25433
25434
25435
25438
25441
25443
25446
25451
25452
25455
25457
25458
25460
25464
25466
25469
25472
25475
25482
25483
25489
25490
25492
25494
25503
25504
25505
25506
25507
25509
25512
25514
25516
25522
25524
25529
25530
25538
25540
25541
25542
25545
25547
25550
25558
25560
25562
25566
25569
25570
25571
25572
25574
25576
25580
25581
25582
25583
25585
25588
25589
25590
25591
25593
25595
25601
25602
25603
25605
25607
25608
25609
25610
25614
25618
25621
25623
25624
25627
25629
25633
25635
25637
25642
25646
25650
25652
25653
25654
25660
25664
25667
25669
25671
25672
25673
25676
25679
25682
25685
25686
25687
25688
25691
25695
25696
25697
25698
25700
25702
25705
25706
25707
25709
25712
25714
25717
25718
25720
25722
25727
25730
25732
25734
25736
25742
25743
25744
25745
25747
25749
25750
25751
25752
25757
25758
25761
25763
25764
25767
25768
25770
25772
25773
25774
25776
25777
25780
25781
25783
25784
25785
25786
25787
25788
25790
25791
25794
25795
25796
25799
25800
25801
25803
25805
25806
25808
25810
25812
25814
25815
25816
25818
25819
25821
25822
25823
25826
25827
25828
25829
25832
25833
25834
25837
25838
25839
25840
25841
25842
25844
25845
25846
25847
25850
25852
25853
25854
25855
25856
25857
25858
25861
25862
25864
25865
25866
25867
25868
25872
25876
25877
25881
25882
25883
25884
25885
25886
25887
25888
25890
25892
25897
25898
25900
25901
25902
25904
25906
25907
25910
25912
25913
25918
25919
25921
25924
25926
25927
25929
25931
25934
25936
25937
25938
25941
25942
25943
25944
25948
25949
25950
25952
25953
25956
25958
25959
25960
25961
25962
25963
25964
25966
25968
25969
25971
25972
25973
25975
25978
25982
25983
25984
25985
25986
25987
25989
25990
25992
25995
25996
25997
25998
26000
26001
26004
26005
26006
26008
26019
26020
26021
26022
26026
26027
26028
26032
26033
26035
26038
26044
26050
26053
26057
26061
26062
26067
26068
26074
26078
26082
26083
26087
26095
26111
26121
26124
26125
26135
26136
26139
26140
26142
26144
26148
26156
26160
26181
26212
26213
26218
26232
26239
26248
26252
26253
26257
26260
26264
26271
26273
26283
26294
26301
26317
26334
26342
26343
26354
26367
26375
26378
26384
26386
26399
26402
26414
26423
26425
26427
26440
26452
26460
26464
26466
26478
26487
26497
26506
26531
26556
26571
26578
26600
26602
26624
26632
26633
26637
26663
26672
26673
26674
26675
26676
26678
26682
26683
26685
26686
26688
26689
26690
26691
26692
26693
26694
26695
26696
26697
26698
26699
26700
26703
26704
26705
26706
26707
26708
26709
26711
26712
26713
26714
26716
26718
26719
26720
26721
26722
26723
26724
26725
26726
26727
26728
26730
26732
26733
26735
26736
26739
26740
26741
26742
26744
26745
26746
26750
26756
26757
26758
26760
26762
26763
26764
26766
26767
26768
26769
26770
26771
26773
26777
26778
26780
26782
26783
26784
26785
26786
26788
26789
26790
26792
26793
26794
26796
26798
26800
26801
26802
26803
26804
26805
26806
26807
26810
26812
26813
26815
26816
26817
26818
26819
26822
26823
26824
26826
26828
26831
26832
26833
26834
26835
26838
26842
26847
26849
26851
26854
26856
26857
26859
26860
26861
26864
26866
26868
26871
26874
26876
26877
26878
26881
26886
26892
26894
26895
26896
26899
26900
26902
26904
26905
26907
26908
26909
26913
26915
26917
26920
26921
26923
26924
26925
26926
26929
26931
26933
26934
26936
26937
26939
26940
26941
26943
26945
26949
26952
26953
26954
26955
26956
26957
26959
26960
26961
26963
26964
26965
26966
26969
26970
26971
26972
26975
26976
26983
26985
26986
26988
26992
26993
26994
26995
26997
26999
27000
27003
27004
27006
27007
27008
27012
27013
27014
27017
27021
27022
27024
27025
27026
27027
27030
27035
27037
27038
27041
27043
27044
27049
27051
27053
27054
27059
27060
27064
27065
27068
27069
27071
27072
27076
27077
27079
27080
27081
27082
27083
27084
27085
27087
27088
27089
27090
27091
27092
27093
27094
27096
27099
27100
27103
27104
27106
27107
27108
27109
27110
27111
27114
27115
27119
27121
27125
27126
27128
27129
27130
27133
27135
27137
27140
27141
27144
27145
27146
27151
27154
27155
27160
27161
27162
27163
27164
27171
27172
27173
27176
27179
27180
27183
27188
27189
27193
27194
27195
27196
27197
27198
27200
27201
27205
27207
27208
27209
27214
27215
27217
27218
27219
27223
27224
27226
27228
27229
27231
27232
27234
27235
27236
27238
27242
27250
27251
27252
27253
27255
27256
27260
27261
27264
27269
27270
27271
27273
27274
27279
27281
27282
27284
27285
27287
27290
27293
27296
27297
27298
27299
27301
27303
27305
27306
27308
27309
27313
27316
27318
27319
27321
27322
27324
27325
27328
27330
27333
27334
27337
27338
27342
27343
27345
27346
27347
27349
27350
27352
27355
27356
27357
27358
27363
27364
27366
27367
27368
27373
27374
27378
27379
27380
27383
27384
27385
27389
27390
27393
27396
27398
27400
27405
27406
27407
27409
27410
27414
27415
27421
27426
27427
27428
27433
27434
27435
27437
27438
27439
27442
27443
27444
27446
27447
27450
27452
27454
27455
27456
27458
27459
27460
27462
27464
27466
27467
27468
27470
27472
27474
27476
27478
27479
27480
27481
27483
27485
27486
27488
27489
27491
27492
27498
27502
27505
27510
27511
27512
27514
27522
27523
27525
27532
27533
27534
27537
27538
27541
27542
27543
27544
27547
27548
27550
27552
27553
27555
27557
27560
27561
27563
27565
27567
27569
27570
27571
27575
27576
27577
27578
27580
27583
27584
27585
27587
27588
27591
27594
27597
27598
27601
27602
27605
27606
27608
27610
27614
27615
27616
27618
27619
27621
27627
27628
27634
27635
27636
27637
27638
27640
27641
27642
27646
27649
27651
27652
27653
27655
27656
27657
27658
27660
27665
27667
27668
27669
27672
27673
27676
27677
27678
27680
27681
27683
27688
27689
27690
27693
27694
27695
27696
27697
27698
27701
27703
27705
27707
27709
27711
27713
27714
27718
27720
27721
27722
27723
27724
27727
27730
27732
27742
27744
27745
27749
27751
27753
27755
27757
27760
27761
27764
27765
27766
27768
27769
27771
27773
27774
27779
27781
27783
27785
27788
27791
27792
27794
27796
27797
27799
27802
27805
27807
27810
27811
27816
27817
27820
27828
27830
27832
27834
27845
27849
27853
27859
27860
27867
27870
27871
27873
27876
27887
27888
27889
27892
27894
27895
27899
27902
27908
27910
27914
27916
27922
27923
27927
27929
27931
27932
27933
27935
27936
27944
27945
27946
27948
27956
27958
27959
27960
27961
27963
27964
27970
27971
27972
27974
27978
27980
27990
27993
27999
28009
28010
28014
28019
28023
28024
28027
28032
28033
28036
28039
28044
28045
28047
28049
28053
28054
28057
28061
28068
28071
28078
28083
28084
28085
28087
28091
28095
28096
28100
28102
28108
28109
28110
28111
28114
28118
28120
28122
28125
28131
28135
28142
28143
28144
28150
28155
28159
28161
28163
28164
28166
28167
28168
28169
28170
28172
28180
28181
28183
28188
28189
28194
28197
28199
28200
28203
28206
28208
28209
28213
28215
28221
28222
28226
28230
28237
28242
28243
28245
28246
28247
28258
28261
28262
28264
28268
28272
28273
28274
28276
28280
28286
28290
28296
28300
28309
28317
28321
28326
28327
28328
28329
28332
28333
28337
28339
28340
28344
28345
28349
28350
28353
28354
28355
28359
28362
28368
28372
28373
28375
28379
28380
28381
28382
28385
28386
28389
28391
28392
28395
28397
28399
28401
28405
28406
28408
28409
28412
28413
28414
28416
28417
28418
28421
28424
28425
28427
28429
28430
28433
28436
28441
28442
28445
28446
28447
28451
28454
28455
28457
28459
28461
28463
28465
28467
28469
28472
28473
28475
28476
28477
28480
28482
28485
28486
28487
28490
28491
28492
28493
28494
28496
28500
28501
28502
28503
28504
28506
28507
28509
28510
28511
28512
28513
28516
28519
28520
28522
28523
28524
28525
28526
28527
28528
28530
28531
28532
28533
28534
28536
28537
28540
28541
28542
28543
28544
28545
28546
28547
28548
28549
28551
28554
28556
28557
28558
28559
28560
28562
28564
28566
28569
28570
28571
28572
28573
28575
28579
28580
28581
28582
28585
28586
28589
28590
28591
28592
28593
28594
28595
28596
28597
28599
28600
28602
28603
28605
28608
28610
28611
28612
28613
28617
28618
28619
28620
28621
28622
28623
28624
28625
28626
28627
28628
28629
28630
28631
28633
28634
28635
28636
28637
28638
28639
28640
28642
28643
28645
28646
28647
28649
28651
28652
28653
28654
28655
28658
28661
28662
28664
28665
28666
28667
28668
28669
28674
28675
28676
28677
28678
28679
28680
28682
28683
28684
28685
28686
28687
28689
28691
28692
28694
28696
28698
28699
28701
28703
28704
28706
28707
28711
28713
28715
28718
28719
28721
28722
28723
28724
28726
28727
28728
28729
28730
28731
28733
28736
28737
28741
28742
28745
28746
28749
28752
28753
28758
28759
28760
28762
28763
28771
28772
28774
28775
28777
28780
28781
28782
28784
28786
28787
28789
28791
28793
28794
28795
28796
28797
28798
28799
28800
28803
28806
28808
28809
28810
28813
28814
28815
28817
28818
28819
28820
28822
28823
28824
28827
28828
28830
28831
28834
28835
28840
28842
28843
28847
28848
28849
28850
28852
28853
28855
28856
28858
28864
28866
28868
28869
28871
28872
28873
28874
28878
28879
28880
28881
28882
28883
28884
28885
28886
28888
28889
28893
28894
28895
28896
28898
28901
28902
28903
28904
28905
28906
28907
28909
28912
28913
28915
28917
28920
28921
28923
28924
28925
28926
28927
28928
28932
28933
28935
28936
28937
28938
28939
28940
28941
28942
28944
28945
28948
28951
28954
28955
28956
28957
28958
28960
28962
28964
28966
28967
28968
28969
28971
28974
28975
28977
28979
28981
28982
28983
28984
28986
28987
28988
28990
28991
28992
28996
28998
28999
29000
29001
29002
29003
29005
29006
29009
29011
29012
29014
29016
29020
29021
29022
29026
29027
29028
29030
29031
29033
29034
29035
29036
29037
29038
29040
29043
29044
29045
29046
29047
29048
29052
29053
29058
29059
29065
29066
29067
29068
29071
29073
29076
29078
29081
29086
29087
29089
29090
29094
29097
29098
29099
29100
29104
29113
29116
29117
29118
29119
29121
29123
29124
29125
29126
29127
29128
29129
29131
29132
29135
29136
29138
29141
29146
29147
29148
29149
29150
29152
29155
29158
29160
29161
29163
29165
29170
29171
29174
29177
29178
29179
29186
29187
29188
29190
29191
29192
29197
29202
29204
29206
29210
29211
29212
29217
29218
29219
29220
29221
29226
29227
29229
29232
29233
29236
29238
29241
29246
29247
29250
29251
29252
29254
29255
29256
29261
29262
29269
29271
29272
29273
29274
29276
29277
29279
29280
29282
29283
29285
29286
29287
29291
29292
29293
29294
29295
29296
29298
29299
29302
29304
29305
29306
29310
29311
29313
29314
29315
29316
29317
29319
29321
29322
29323
29327
29329
29331
29337
29340
29342
29343
29345
29346
29347
29349
29353
29355
29356
29357
29360
29362
29363
29364
29366
29367
29368
29369
29372
29375
29378
29380
29381
29382
29383
29386
29387
29390
29391
29393
29394
29395
29397
29398
29402
29404
29406
29409
29410
29411
29412
29413
29416
29418
29419
29421
29423
29425
29427
29428
29430
29431
29432
29434
29436
29437
29438
29440
29442
29444
29446
29447
29448
29449
29450
29455
29456
29457
29458
29460
29461
29463
29464
29465
29470
29471
29473
29475
29478
29479
29481
29483
29484
29486
29488
29489
29490
29491
29492
29495
29496
29500
29501
29502
29503
29504
29507
29509
29510
29512
29513
29515
29516
29517
29518
29519
29521
29522
29524
29526
29527
29528
29529
29530
29531
29532
29533
29534
29535
29537
29538
29540
29541
29542
29546
29547
29548
29549
29551
29552
29553
29555
29556
29558
29559
29563
29564
29566
29567
29568
29570
29571
29572
29575
29576
29578
29580
29581
29582
29583
29585
29586
29587
29590
29591
29595
29597
29598
29599
29600
29602
29604
29607
29608
29610
29611
29612
29613
29614
29615
29616
29617
29618
29620
29621
29623
29624
29626
29627
29629
29630
29633
29634
29638
29639
29640
29641
29642
29643
29645
29647
29650
29651
29652
29653
29655
29656
29657
29658
29659
29661
29663
29664
29665
29666
29667
29668
29669
29670
29672
29673
29674
29675
29676
29677
29681
29682
29685
29686
29688
29689
29690
29692
29695
29696
29697
29698
29699
29700
29701
29703
29704
29705
29706
29707
29709
29710
29713
29714
29715
29718
29721
29722
29724
29726
29727
29728
29732
29738
29740
29744
29748
29749
29750
29752
29755
29761
29765
29766
29774
29775
29778
29782
29784
29810
29812
29814
29822
29832
29849
29852
29859
29870
29894
29897
29913
29919
29922
29928
29936
29946
29952
29954
29957
29959
29969
29970
29974
29976
29978
29987
29992
30002
30005
30011
30012
30014
30043
30052
30056
30069
30076
30107
30109
30117
30127
30147
30170
30178
30180
30182
30185
30192
30194
30197
30199
30201
30213
30219
30228
30241
30262
30264
30268
30282
30292
30310
30314
30348
30352
30353
30354
30356
30369
30372
30378
30381
30386
30387
30389
30391
30393
30394
30395
30396
30397
30398
30399
30400
30401
30402
30403
30404
30405
30406
30407
30408
30409
30410
30411
30412
30413
30414
30415
30416
30417
30418
30419
30420
30421
30422
30423
30425
30426
30428
30429
30430
30431
30432
30434
30435
30436
30437
30438
30439
30440
30442
30444
30445
30446
30447
30448
30449
30450
30452
30454
30455
30458
30459
30462
30465
30466
30468
30469
30470
30472
30474
30476
30477
30478
30480
30481
30483
30484
30485
30487
30488
30489
30490
30491
30492
30497
30500
30503
30504
30506
30508
30509
30510
30511
30512
30513
30514
30515
30517
30518
30519
30520
30521
30522
30523
30524
30525
30527
30528
30529
30530
30531
30533
30534
30535
30536
30537
30540
30543
30544
30545
30546
30547
30548
30549
30551
30552
30553
30554
30555
30556
30557
30558
30559
30561
30562
30563
30564
30565
30566
30567
30570
30572
30574
30575
30576
30577
30579
30580
30581
30584
30585
30587
30589
30590
30591
30592
30597
30598
30600
30602
30604
30605
30606
30607
30608
30609
30610
30611
30613
30614
30616
30618
30619
30620
30621
30623
30626
30627
30629
30630
30631
30634
30635
30636
30637
30639
30640
30642
30643
30645
30646
30648
30649
30650
30651
30652
30653
30654
30655
30657
30661
30662
30663
30665
30667
30668
30669
30670
30673
30674
30675
30676
30677
30678
30681
30682
30684
30686
30689
30691
30694
30695
30697
30698
30699
30700
30702
30703
30704
30706
30707
30708
30709
30710
30712
30714
30715
30719
30721
30722
30723
30724
30726
30730
30731
30732
30735
30737
30738
30740
30741
30744
30747
30748
30749
30751
30754
30755
30756
30758
30762
30763
30764
30768
30770
30771
30773
30775
30776
30777
30778
30779
30780
30781
30782
30783
30786
30787
30788
30790
30791
30792
30794
30795
30796
30798
30799
30803
30804
30805
30807
30809
30811
30812
30814
30816
30817
30820
30821
30822
30823
30824
30825
30827
30832
30833
30834
30835
30837
30839
30842
30843
30844
30846
30851
30852
30855
30856
30857
30858
30861
30862
30863
30864
30868
30869
30871
30872
30874
30876
30877
30880
30882
30886
30888
30889
30890
30891
30892
30894
30902
30904
30905
30911
30912
30915
30916
30917
30919
30921
30923
30928
30929
30931
30932
30933
30935
30936
30937
30941
30944
30947
30948
30949
30952
30953
30954
30958
30962
30964
30965
30967
30969
30970
30971
30974
30976
30977
30978
30979
30980
30982
30985
30986
30988
30990
30992
30994
30996
30997
31000
31003
31006
31007
31009
31010
31015
31018
31019
31020
31025
31031
31035
31037
31038
31039
31040
31045
31049
31050
31051
31052
31053
31054
31056
31057
31058
31060
31061
31063
31064
31067
31068
31070
31073
31075
31076
31077
31078
31080
31082
31083
31084
31085
31086
31087
31090
31093
31094
31095
31098
31099
31100
31102
31105
31108
31110
31112
31115
31120
31122
31123
31125
31128
31130
31136
31139
31140
31141
31142
31143
31144
31147
31148
31150
31151
31153
31155
31157
31158
31160
31161
31162
31167
31168
31169
31170
31173
31177
31179
31182
31186
31189
31190
31191
31194
31196
31197
31199
31200
31202
31205
31206
31208
31209
31213
31217
31224
31225
31227
31228
31229
31230
31231
31232
31233
31234
31236
31237
31241
31243
31244
31245
31247
31248
31251
31252
31253
31255
31259
31261
31262
31264
31267
31268
31269
31272
31273
31274
31276
31279
31280
31281
31283
31286
31287
31288
31289
31290
31291
31292
31293
31296
31297
31298
31299
31301
31302
31305
31306
31308
31311
31315
31317
31319
31320
31321
31322
31327
31328
31329
31332
31335
31336
31338
31341
31346
31348
31349
31351
31352
31353
31354
31356
31359
31360
31363
31365
31367
31368
31369
31374
31375
31380
31385
31389
31390
31391
31393
31394
31396
31399
31402
31405
31406
31408
31410
31411
31415
31418
31421
31423
31427
31428
31429
31430
31434
31435
31438
31440
31441
31444
31447
31449
31454
31455
31456
31457
31458
31460
31461
31463
31465
31468
31469
31471
31474
31477
31479
31480
31482
31483
31485
31488
31492
31494
31497
31498
31499
31500
31508
31510
31519
31521
31524
31525
31532
31533
31534
31535
31538
31540
31541
31543
31544
31546
31551
31565
31566
31567
31569
31573
31580
31581
31583
31584
31585
31589
31590
31599
31602
31603
31608
31609
31614
31616
31617
31619
31622
31628
31630
31633
31634
31635
31636
31639
31640
31641
31646
31649
31651
31656
31657
31660
31662
31664
31667
31673
31678
31680
31683
31685
31686
31690
31692
31693
31697
31709
31713
31714
31716
31724
31725
31727
31729
31730
31733
31740
31741
31743
31746
31749
31750
31751
31755
31759
31766
31767
31769
31773
31775
31779
31782
31786
31790
31791
31792
31794
31796
31798
31800
31801
31805
31808
31810
31814
31821
31823
31824
31825
31835
31837
31839
31847
31849
31851
31856
31859
31861
31863
31865
31869
31873
31875
31876
31878
31880
31882
31884
31895
31897
31898
31902
31903
31915
31917
31918
31920
31924
31927
31929
31932
31935
31939
31941
31943
31944
31949
31951
31953
31954
31956
31959
31960
31961
31969
31972
31975
31976
31979
31981
31983
31986
31988
31995
31998
32001
32002
32003
32014
32019
32027
32029
32031
32033
32035
32040
32041
32045
32052
32053
32054
32058
32059
32063
32064
32066
32067
32068
32069
32070
32071
32073
32075
32076
32081
32082
32087
32088
32089
32093
32094
32095
32096
32098
32099
32100
32102
32105
32106
32107
32110
32113
32116
32117
32119
32120
32121
32122
32125
32126
32127
32128
32130
32132
32133
32134
32136
32138
32140
32141
32142
32144
32145
32147
32148
32150
32151
32152
32155
32158
32159
32161
32162
32163
32164
32165
32166
32167
32169
32173
32174
32176
32184
32187
32188
32189
32190
32191
32194
32199
32200
32201
32202
32203
32204
32205
32206
32207
32208
32209
32210
32211
32212
32213
32215
32216
32217
32218
32219
32221
32222
32223
32224
32225
32226
32227
32228
32230
32232
32233
32234
32236
32237
32238
32240
32241
32242
32243
32244
32245
32246
32247
32248
32249
32250
32252
32253
32254
32255
32256
32257
32258
32259
32260
32261
32263
32264
32265
32266
32268
32269
32270
32271
32272
32273
32274
32275
32276
32277
32278
32279
32280
32281
32282
32283
32285
32286
32287
32288
32289
32291
32292
32293
32296
32297
32298
32299
32300
32301
32302
32303
32305
32308
32309
32310
32311
32313
32314
32315
32316
32317
32319
32320
32321
32322
32324
32326
32327
32330
32331
32332
32334
32335
32336
32337
32338
32340
32341
32343
32344
32345
32347
32348
32350
32351
32352
32353
32355
32356
32358
32360
32363
32364
32365
32366
32367
32368
32369
32372
32373
32375
32376
32378
32379
32380
32381
32382
32383
32384
32387
32388
32389
32390
32391
32392
32394
32395
32396
32397
32398
32399
32401
32402
32403
32404
32408
32409
32410
32412
32413
32416
32418
32419
32420
32421
32422
32423
32424
32425
32427
32428
32429
32430
32432
32434
32435
32437
32438
32439
32440
32441
32442
32443
32444
32445
32446
32448
32450
32451
32452
32453
32454
32457
32459
32460
32461
32462
32464
32467
32469
32470
32471
32472
32473
32474
32475
32477
32478
32481
32482
32484
32485
32486
32487
32488
32489
32492
32493
32496
32497
32498
32500
32501
32503
32504
32506
32507
32512
32516
32517
32518
32519
32520
32523
32524
32525
32526
32527
32528
32529
32530
32533
32534
32535
32536
32537
32538
32539
32540
32541
32542
32544
32545
32546
32548
32549
32550
32551
32554
32556
32557
32558
32560
32561
32564
32565
32567
32568
32569
32570
32571
32573
32577
32578
32579
32580
32582
32583
32584
32585
32586
32587
32593
32594
32595
32596
32597
32598
32599
32600
32601
32602
32603
32605
32606
32607
32609
32610
32611
32613
32615
32616
32618
32619
32620
32625
32626
32627
32629
32630
32631
32632
32635
32637
32639
32640
32641
32642
32645
32646
32649
32650
32653
32654
32655
32656
32657
32658
32659
32661
32662
32663
32666
32667
32668
32669
32671
32674
32676
32677
32678
32683
32685
32686
32688
32689
32691
32692
32695
32696
32697
32698
32701
32702
32704
32705
32706
32707
32708
32713
32714
32715
32716
32717
32718
32720
32721
32722
32723
32725
32726
32727
32728
32729
32730
32731
32732
32733
32734
32737
32738
32739
32741
32742
32743
32745
32746
32748
32749
32750
32751
32752
32754
32758
32759
32760
32761
32762
32773
32775
32777
32780
32781
32782
32783
32784
32785
32786
32787
32788
32789
32790
32792
32794
32796
32797
32800
32801
32802
32803
32804
32808
32810
32811
32813
32816
32818
32819
32820
32822
32823
32824
32827
32831
32832
32835
32836
32838
32839
32840
32842
32843
32844
32846
32850
32851
32852
32856
32858
32859
32861
32863
32865
32866
32868
32869
32870
32871
32874
32875
32876
32877
32879
32880
32881
32883
32886
32887
32889
32891
32896
32897
32899
32900
32902
32903
32904
32905
32907
32908
32909
32910
32911
32912
32913
32915
32916
32917
32919
32920
32921
32922
32923
32925
32930
32932
32934
32935
32941
32942
32943
32944
32945
32946
32947
32948
32950
32951
32952
32954
32955
32958
32959
32960
32962
32963
32964
32965
32966
32968
32971
32973
32975
32976
32978
32983
32985
32986
32987
32988
32989
32990
32991
32993
32994
32999
33000
33003
33004
33007
33009
33010
33011
33013
33015
33016
33017
33020
33021
33023
33024
33025
33029
33030
33031
33035
33037
33039
33041
33042
33046
33047
33049
33053
33057
33059
33060
33061
33063
33069
33070
33071
33072
33074
33075
33076
33078
33082
33083
33084
33087
33091
33092
33094
33097
33100
33101
33102
33103
33104
33105
33108
33114
33115
33116
33120
33121
33122
33123
33124
33125
33128
33129
33130
33134
33135
33136
33138
33139
33140
33142
33145
33146
33148
33151
33154
33155
33156
33158
33162
33165
33167
33168
33169
33171
33175
33177
33178
33179
33180
33183
33184
33185
33186
33189
33192
33193
33194
33196
33198
33199
33200
33201
33202
33204
33205
33206
33208
33209
33210
33215
33217
33218
33222
33223
33224
33225
33227
33228
33229
33231
33233
33236
33238
33241
33242
33243
33244
33246
33247
33249
33251
33252
33254
33255
33256
33258
33259
33260
33261
33264
33265
33266
33267
33268
33269
33270
33271
33272
33273
33274
33275
33276
33279
33281
33282
33283
33284
33286
33287
33289
33290
33292
33293
33294
33295
33297
33300
33301
33302
33304
33305
33307
33309
33311
33312
33313
33314
33316
33318
33319
33320
33321
33322
33326
33327
33329
33330
33331
33332
33333
33334
33335
33336
33337
33339
33340
33341
33342
33343
33344
33346
33347
33348
33349
33351
33352
33353
33354
33355
33356
33358
33359
33361
33362
33364
33365
33366
33367
33368
33369
33370
33372
33373
33374
33375
33377
33378
33379
33381
33383
33384
33385
33386
33387
33388
33389
33391
33392
33394
33396
33398
33399
33401
33402
33403
33404
33405
33408
33409
33410
33411
33412
33413
33414
33415
33417
33418
33419
33420
33423
33424
33425
33429
33435
33440
33441
33442
33443
33444
33445
33446
33447
33450
33451
33452
33453
33454
33455
33456
33457
33458
33459
33460
33462
33463
33464
33466
33467
33468
33472
33480
33481
33482
33483
33485
33488
33489
33491
33493
33498
33508
33515
33516
33523
33527
33536
33542
33550
33562
33563
33564
33565
33567
33568
33570
33572
33577
33578
33584
33591
33594
33596
33598
33602
33605
33609
33611
33617
33618
33637
33656
33662
33665
33666
33671
33672
33673
33682
33684
33690
33701
33720
33724
33729
33742
33748
33762
33770
33771
33783
33796
33797
33800
33803
33812
33818
33822
33823
33824
33830
33836
33843
33868
33880
33892
33896
33907
33911
33924
33929
33932
33940
33947
33951
33952
33953
33977
33984
33991
34000
34007
34012
34020
34045
34050
34059
34060
34062
34065
34091
34097
34100
34101
34102
34106
34107
34109
34110
34111
34112
34113
34115
34116
34117
34118
34119
34120
34122
34124
34125
34127
34128
34130
34132
34133
34134
34136
34137
34138
34139
34142
34144
34145
34146
34147
34148
34149
34150
34151
34152
34153
34154
34155
34156
34157
34159
34160
34161
34162
34164
34165
34166
34167
34168
34170
34172
34173
34174
34175
34178
34179
34180
34183
34184
34187
34188
34189
34191
34192
34193
34194
34195
34196
34198
34199
34200
34201
34202
34204
34205
34206
34207
34209
34210
34211
34214
34215
34217
34218
34219
34220
34221
34222
34224
34225
34226
34227
34228
34231
34233
34234
34235
34238
34239
34240
34241
34242
34244
34245
34246
34247
34252
34254
34256
34257
34258
34259
34260
34261
34263
34264
34265
34266
34270
34274
34276
34278
34279
34284
34285
34286
34287
34288
34289
34290
34291
34292
34293
34294
34297
34299
34301
34302
34306
34307
34309
34311
34312
34313
34314
34316
34318
34319
34320
34322
34323
34324
34325
34327
34328
34329
34330
34333
34336
34343
34344
34345
34348
34349
34354
34357
34359
34360
34364
34365
34366
34368
34369
34370
34371
34373
34375
34377
34380
34384
34385
34387
34388
34391
34392
34393
34395
34396
34397
34398
34400
34403
34405
34407
34408
34409
34411
34412
34413
34414
34415
34417
34418
34420
34421
34422
34423
34424
34425
34426
34428
34429
34431
34432
34433
34434
34435
34436
34437
34438
34439
34442
34443
34444
34445
34446
34452
34453
34454
34458
34462
34463
34464
34466
34470
34471
34474
34475
34476
34479
34480
34481
34482
34483
34484
34485
34486
34487
34490
34491
34492
34493
34494
34497
34499
34502
34503
34504
34505
34507
34508
34509
34510
34511
34512
34513
34515
34516
34517
34518
34519
34520
34523
34524
34526
34528
34530
34531
34533
34534
34535
34536
34537
34538
34539
34540
34541
34544
34547
34549
34550
34551
34555
34557
34558
34560
34561
34562
34563
34564
34565
34569
34570
34571
34572
34574
34575
34576
34577
34579
34582
34583
34585
34586
34588
34590
34591
34593
34595
34596
34598
34599
34600
34603
34604
34606
34608
34611
34613
34614
34616
34618
34621
34624
34625
34626
34629
34630
34632
34633
34636
34639
34642
34643
34644
34647
34649
34653
34654
34660
34662
34663
34665
34666
34670
34672
34675
34677
34678
34679
34681
34683
34684
34686
34687
34688
34690
34691
34694
34696
34698
34700
34704
34706
34708
34709
34712
34713
34714
34715
34718
34720
34721
34722
34725
34726
34729
34733
34734
34736
34737
34740
34742
34745
34746
34748
34750
34751
34752
34753
34754
34756
34757
34758
34759
34760
34761
34762
34764
34765
34767
34769
34771
34773
34774
34775
34777
34778
34780
34781
34782
34783
34784
34788
34789
34790
34792
34793
34794
34795
34796
34797
34798
34799
34800
34801
34802
34803
34805
34807
34808
34813
34815
34818
34819
34823
34824
34825
34826
34827
34828
34829
34830
34832
34833
34834
34836
34842
34845
34846
34849
34850
34852
34853
34854
34855
34858
34861
34862
34864
34865
34866
34867
34871
34873
34874
34875
34876
34877
34881
34882
34883
34884
34885
34887
34888
34892
34893
34894
34895
34902
34903
34904
34905
34907
34909
34910
34911
34912
34913
34914
34918
34920
34921
34922
34923
34924
34925
34926
34928
34930
34931
34938
34939
34943
34945
34946
34949
34950
34951
34952
34956
34958
34961
34962
34963
34965
34966
34967
34968
34970
34973
34975
34978
34979
34981
34982
34983
34986
34988
34990
34993
34994
34995
34997
34998
34999
35000
35002
35003
35005
35006
35007
35008
35010
35011
35013
35015
35016
35018
35020
35021
35022
35024
35025
35027
35030
35032
35034
35035
35036
35040
35041
35042
35043
35044
35046
35047
35049
35051
35052
35053
35055
35061
35062
35063
35064
35066
35067
35068
35070
35073
35074
35077
35081
35082
35083
35084
35085
35088
35089
35091
35096
35097
35098
35100
35104
35105
35106
35108
35109
35110
35111
35112
35113
35114
35116
35119
35120
35121
35122
35123
35124
35125
35126
35129
35132
35134
35135
35138
35139
35142
35145
35146
35149
35150
35151
35152
35155
35156
35158
35165
35171
35173
35174
35177
35178
35179
35180
35182
35183
35184
35185
35187
35188
35189
35193
35194
35196
35197
35199
35201
35206
35207
35208
35209
35212
35213
35214
35217
35218
35221
35222
35224
35225
35226
35227
35229
35233
35234
35235
35237
35238
35239
35243
35245
35246
35248
35250
35251
35254
35256
35258
35259
35260
35264
35268
35269
35270
35272
35273
35274
35279
35282
35287
35293
35294
35297
35303
35304
35306
35308
35310
35312
35315
35316
35318
35319
35320
35323
35326
35332
35333
35334
35335
35336
35338
35339
35342
35343
35344
35350
35353
35359
35360
35363
35366
35370
35372
35373
35374
35376
35378
35379
35380
35382
35385
35387
35390
35391
35392
35393
35397
35399
35406
35407
35408
35410
35417
35418
35419
35421
35422
35423
35425
35430
35431
35433
35437
35440
35441
35442
35444
35446
35447
35448
35450
35451
35454
35455
35457
35459
35460
35461
35464
35465
35466
35470
35471
35472
35475
35476
35482
35483
35485
35489
35498
35499
35502
35504
35505
35509
35511
35512
35515
35518
35521
35523
35524
35526
35528
35531
35533
35534
35538
35539
35542
35543
35546
35551
35553
35557
35561
35563
35573
35574
35577
35579
35580
35583
35589
35590
35591
35592
35594
35595
35596
35598
35604
35607
35608
35611
35613
35615
35616
35617
35618
35619
35623
35625
35627
35629
35632
35638
35642
35647
35649
35651
35655
35661
35664
35665
35666
35667
35668
35670
35671
35674
35677
35678
35681
35684
35685
35690
35691
35696
35702
35705
35707
35708
35709
35710
35723
35728
35730
35734
35739
35740
35741
35742
35743
35744
35745
35746
35747
35749
35750
35754
35759
35763
35764
35765
35767
35770
35771
35773
35774
35777
35779
35781
35782
35783
35784
35786
35787
35791
35794
35795
35796
35800
35801
35803
35806
35807
35808
35809
35810
35812
35813
35814
35816
35817
35818
35819
35820
35821
35823
35824
35825
35827
35830
35831
35832
35833
35834
35835
35836
35837
35840
35844
35845
35846
35847
35848
35849
35853
35855
35856
35857
35858
35859
35861
35862
35864
35865
35866
35869
35870
35871
35873
35876
35880
35881
35883
35887
35888
35889
35890
35891
35892
35894
35897
35898
35900
35903
35904
35908
35912
35913
35914
35915
35916
35917
35918
35919
35920
35921
35922
35923
35925
35926
35927
35929
35930
35931
35932
35933
35934
35935
35936
35937
35939
35940
35941
35943
35944
35945
35946
35947
35948
35949
35950
35951
35952
35953
35954
35955
35956
35957
35958
35959
35960
35961
35962
35963
35964
35966
35968
35969
35970
35971
35972
35973
35974
35976
35977
35978
35979
35980
35981
35982
35983
35984
35985
35986
35988
35990
35991
35992
35993
35994
35995
35997
35999
36000
36001
36002
36003
36004
36005
36006
36007
36008
36009
36010
36011
36012
36013
36014
36016
36017
36019
36020
36021
36022
36023
36024
36025
36027
36028
36030
36031
36032
36033
36034
36035
36036
36038
36040
36041
36043
36044
36045
36046
36047
36048
36049
36050
36051
36052
36054
36055
36056
36057
36058
36059
36061
36063
36065
36066
36067
36068
36070
36071
36074
36075
36077
36078
36079
36080
36081
36082
36083
36084
36085
36086
36087
36089
36090
36092
36093
36094
36095
36096
36097
36098
36099
36101
36103
36104
36105
36106
36107
36108
36109
36110
36111
36112
36113
36115
36117
36121
36122
36123
36124
36126
36127
36129
36132
36134
36136
36137
36138
36139
36140
36142
36143
36144
36147
36149
36150
36151
36152
36154
36155
36156
36159
36161
36164
36165
36167
36168
36169
36170
36173
36174
36175
36179
36180
36184
36185
36186
36188
36189
36190
36191
36194
36195
36196
36199
36200
36202
36203
36204
36205
36206
36208
36209
36210
36211
36212
36213
36215
36216
36218
36221
36223
36224
36226
36227
36228
36230
36231
36232
36233
36237
36238
36239
36241
36242
36243
36248
36249
36250
36251
36252
36255
36256
36257
36258
36259
36263
36264
36265
36266
36267
36268
36269
36271
36274
36275
36279
36280
36281
36283
36284
36285
36287
36288
36289
36291
36294
36295
36296
36297
36299
36302
36303
36304
36306
36307
36309
36310
36311
36312
36313
36314
36316
36317
36319
36320
36321
36323
36324
36328
36330
36332
36333
36335
36337
36339
36341
36342
36343
36344
36345
36346
36347
36349
36350
36351
36354
36355
36356
36359
36361
36362
36363
36364
36365
36366
36368
36369
36371
36372
36373
36374
36376
36377
36378
36380
36382
36383
36385
36387
36388
36390
36391
36392
36394
36395
36396
36397
36399
36401
36402
36403
36404
36406
36407
36408
36409
36410
36412
36413
36415
36417
36418
36419
36420
36421
36422
36424
36425
36426
36427
36428
36429
36430
36431
36432
36433
36434
36436
36437
36439
36441
36442
36444
36446
36447
36448
36449
36453
36454
36455
36456
36458
36459
36462
36464
36465
36466
36467
36468
36470
36472
36473
36474
36476
36479
36480
36481
36482
36483
36486
36487
36489
36491
36492
36493
36494
36495
36498
36499
36500
36502
36503
36504
36506
36509
36511
36513
36514
36515
36516
36517
36518
36519
36520
36521
36522
36524
36527
36528
36532
36533
36534
36535
36536
36537
36541
36543
36544
36545
36546
36547
36549
36550
36551
36552
36553
36554
36555
36556
36560
36562
36563
36564
36569
36572
36574
36576
36577
36579
36580
36581
36583
36585
36587
36593
36594
36597
36598
36599
36600
36601
36603
36605
36606
36608
36609
36611
36612
36614
36615
36617
36618
36619
36621
36622
36624
36625
36626
36627
36630
36633
36634
36635
36637
36638
36639
36640
36647
36648
36649
36654
36656
36657
36658
36662
36664
36668
36669
36670
36671
36672
36674
36676
36677
36678
36680
36683
36686
36687
36688
36689
36690
36691
36692
36695
36697
36700
36701
36702
36703
36704
36708
36709
36712
36713
36714
36720
36721
36723
36724
36726
36727
36728
36730
36731
36732
36733
36734
36738
36742
36743
36748
36749
36750
36751
36754
36755
36756
36759
36760
36763
36764
36765
36766
36769
36770
36771
36772
36773
36774
36775
36777
36779
36780
36783
36784
36786
36787
36788
36789
36792
36796
36797
36798
36799
36800
36802
36803
36805
36806
36807
36808
36809
36810
36811
36812
36814
36815
36816
36817
36818
36819
36820
36821
36823
36824
36828
36830
36832
36833
36835
36837
36838
36839
36840
36841
36843
36844
36845
36846
36847
36848
36849
36851
36852
36855
36856
36860
36861
36862
36864
36865
36868
36870
36871
36872
36873
36875
36876
36878
36880
36883
36884
36885
36888
36889
36890
36891
36892
36893
36894
36898
36899
36907
36908
36909
36910
36911
36913
36915
36916
36917
36918
36920
36921
36923
36924
36928
36930
36931
36932
36935
36936
36938
36939
36941
36943
36945
36946
36947
36948
36949
36950
36952
36954
36955
36956
36958
36959
36960
36961
36963
36964
36965
36967
36968
36969
36970
36973
36974
36975
36976
36978
36979
36980
36981
36982
36983
36984
36985
36986
36987
36988
36989
36991
36993
36994
36995
36996
36998
37000
37001
37003
37004
37006
37007
37008
37010
37015
37016
37018
37019
37022
37024
37026
37027
37028
37029
37030
37032
37034
37035
37036
37038
37040
37041
37043
37044
37045
37047
37048
37049
37052
37054
37055
37056
37057
37058
37059
37061
37062
37063
37064
37066
37068
37069
37070
37072
37073
37075
37076
37077
37079
37080
37081
37082
37083
37084
37085
37086
37088
37089
37090
37091
37092
37093
37095
37097
37098
37099
37100
37101
37102
37103
37105
37106
37108
37110
37113
37114
37116
37117
37118
37119
37120
37121
37122
37124
37126
37127
37128
37129
37130
37131
37132
37134
37135
37138
37139
