25
35
36
37
40
42
62
72
79
84
87
91
96
97
100
113
123
126
128
132
136
137
138
144
145
148
155
158
159
161
162
164
170
172
176
183
206
214
227
232
238
269
278
284
299
321
326
330
332
340
370
371
383
384
386
395
403
408
415
418
419
425
426
427
434
435
455
459
461
499
502
506
508
522
526
535
539
564
570
573
577
625
633
649
654
657
674
675
676
678
679
680
682
683
684
685
687
688
689
690
691
692
693
694
695
696
697
698
700
701
703
704
705
707
708
710
711
712
713
714
715
716
719
720
722
724
725
726
727
728
730
732
733
737
738
739
741
742
744
746
747
748
749
751
752
756
757
758
759
760
762
766
768
769
770
772
773
774
775
778
779
782
784
785
786
788
789
791
792
796
798
801
807
809
811
813
814
816
817
819
820
821
823
824
827
829
830
831
833
834
836
837
843
845
846
849
850
852
853
856
858
861
863
865
867
868
869
870
873
880
883
891
892
893
894
895
896
897
898
899
901
902
904
906
908
909
911
912
913
914
915
916
919
920
923
930
931
932
933
938
942
945
947
949
954
956
957
958
959
962
965
966
971
972
974
976
979
982
984
985
986
987
988
989
990
993
994
995
999
1002
1008
1009
1010
1013
1015
1016
1017
1019
1023
1026
1032
1038
1040
1042
1044
1045
1052
1056
1060
1065
1066
1067
1069
1071
1072
1073
1074
1076
1077
1078
1079
1081
1082
1083
1084
1086
1087
1089
1092
1094
1097
1098
1100
1101
1102
1107
1109
1110
1111
1113
1118
1121
1122
1123
1124
1129
1131
1132
1134
1135
1137
1139
1140
1141
1142
1146
1148
1151
1152
1157
1162
1164
1167
1169
1175
1177
1178
1180
1184
1190
1194
1197
1199
1200
1207
1209
1212
1216
1217
1219
1221
1223
1230
1235
1239
1241
1244
1247
1249
1250
1252
1253
1257
1261
1262
1263
1265
1266
1268
1270
1272
1273
1274
1279
1282
1283
1285
1287
1291
1295
1298
1300
1302
1305
1310
1311
1312
1316
1319
1321
1323
1326
1327
1328
1330
1334
1338
1339
1343
1348
1349
1352
1356
1357
1358
1359
1361
1362
1364
1368
1374
1375
1378
1380
1381
1382
1383
1386
1390
1396
1398
1401
1402
1403
1407
1410
1416
1418
1421
1425
1426
1427
1429
1436
1439
1446
1448
1451
1456
1457
1458
1461
1462
1466
1472
1475
1477
1478
1487
1488
1491
1494
1495
1499
1500
1501
1503
1507
1512
1513
1516
1517
1519
1530
1532
1533
1535
1536
1538
1540
1541
1544
1547
1555
1556
1559
1562
1563
1564
1566
1568
1569
1570
1572
1574
1576
1577
1579
1580
1581
1582
1585
1588
1589
1590
1593
1598
1599
1602
1604
1606
1607
1615
1617
1620
1621
1623
1626
1634
1640
1644
1645
1646
1648
1652
1659
1662
1664
1665
1670
1673
1675
1679
1680
1684
1688
1691
1692
1693
1695
1698
1699
1700
1702
1703
1707
1709
1711
1713
1716
1721
1723
1725
1727
1729
1732
1736
1737
1744
1746
1747
1748
1749
1751
1756
1761
1766
1767
1768
1770
1774
1775
1782
1789
1791
1793
1795
1796
1798
1805
1807
1820
1821
1831
1832
1835
1840
1842
1846
1852
1857
1861
1862
1865
1867
1868
1870
1884
1885
1890
1891
1893
1900
1904
1907
1908
1910
1913
1918
1924
1931
1933
1937
1939
1941
1942
1944
1946
1948
1955
1957
1960
1961
1962
1963
1966
1967
1969
1978
1980
1981
1985
2002
2005
2009
2012
2016
2021
2023
2024
2025
2026
2031
2040
2044
2048
2050
2052
2054
2063
2071
2074
2075
2083
2085
2086
2088
2094
2097
2106
2107
2108
2112
2115
2120
2123
2125
2133
2137
2138
2142
2147
2150
2156
2161
2162
2165
2166
2168
2169
2172
2176
2184
2193
2200
2211
2212
2216
2228
2229
2234
2239
2240
2244
2246
2247
2248
2258
2273
2279
2283
2290
2297
2298
2307
2311
2314
2325
2328
2329
2333
2334
2341
2348
2351
2352
2354
2355
2356
2357
2358
2361
2368
2371
2372
2373
2374
2379
2382
2383
2387
2388
2390
2392
2394
2395
2397
2398
2401
2403
2404
2405
2406
2407
2410
2412
2414
2415
2421
2422
2426
2427
2428
2430
2432
2439
2443
2444
2445
2448
2451
2452
2455
2456
2459
2462
2465
2470
2473
2475
2479
2480
2483
2486
2487
2488
2489
2490
2491
2492
2493
2495
2497
2499
2502
2503
2504
2505
2506
2509
2510
2512
2514
2515
2516
2517
2518
2519
2520
2524
2525
2526
2528
2529
2530
2531
2532
2533
2534
2535
2536
2537
2538
2539
2540
2541
2542
2545
2546
2547
2549
2550
2552
2553
2554
2555
2556
2557
2558
2559
2560
2561
2562
2563
2564
2565
2566
2567
2568
2569
2570
2571
2573
2575
2576
2577
2579
2580
2581
2582
2583
2584
2585
2586
2589
2590
2591
2594
2595
2596
2597
2598
2599
2601
2602
2603
2604
2605
2607
2608
2609
2610
2611
2612
2613
2614
2615
2616
2617
2618
2620
2621
2622
2623
2624
2626
2627
2628
2631
2633
2634
2635
2636
2637
2639
2641
2642
2643
2644
2645
2648
2650
2651
2652
2653
2654
2655
2656
2657
2658
2659
2660
2661
2662
2663
2666
2668
2669
2670
2671
2672
2675
2676
2677
2678
2679
2682
2683
2684
2687
2688
2689
2691
2692
2693
2694
2695
2696
2697
2698
2699
2700
2701
2703
2706
2708
2711
2715
2716
2717
2718
2719
2720
2721
2722
2723
2724
2726
2727
2728
2729
2730
2731
2734
2737
2738
2740
2741
2744
2745
2746
2747
2750
2753
2755
2758
2759
2760
2761
2762
2763
2764
2765
2766
2767
2769
2772
2773
2775
2779
2780
2782
2784
2787
2792
2793
2795
2797
2799
2800
2801
2802
2805
2810
2812
2813
2816
2818
2819
2821
2822
2824
2825
2826
2829
2830
2833
2834
2836
2837
2838
2841
2842
2843
2844
2846
2848
2852
2853
2854
2855
2856
2858
2864
2865
2866
2867
2868
2870
2871
2873
2876
2877
2879
2883
2886
2887
2888
2890
2894
2895
2897
2899
2902
2903
2904
2906
2909
2910
2911
2913
2914
2915
2917
2918
2919
2922
2927
2928
2929
2934
2935
2936
2938
2942
2943
2944
2945
2946
2947
2948
2949
2951
2952
2954
2957
2959
2960
2962
2965
2966
2968
2973
2974
2975
2976
2979
2980
2981
2983
2984
2986
2988
2989
2992
2993
2995
2996
2999
3002
3003
3008
3010
3012
3016
3018
3019
3020
3022
3023
3024
3025
3026
3030
3033
3036
3037
3038
3039
3040
3045
3046
3047
3048
3049
3055
3056
3057
3059
3060
3061
3063
3067
3069
3076
3077
3078
3082
3088
3093
3094
3095
3099
3101
3102
3104
3105
3106
3107
3108
3111
3115
3119
3120
3121
3122
3123
3126
3127
3128
3131
3134
3139
3144
3146
3149
3150
3151
3154
3155
3156
3158
3159
3162
3165
3168
3171
3172
3173
3175
3180
3185
3187
3190
3191
3192
3195
3196
3201
3204
3205
3215
3220
3223
3234
3235
3236
3240
3241
3243
3245
3248
3249
3252
3253
3254
3256
3257
3258
3261
3264
3265
3266
3268
3269
3271
3273
3276
3278
3282
3283
3284
3285
3286
3287
3288
3293
3295
3296
3297
3299
3300
3301
3311
3312
3316
3317
3320
3322
3323
3325
3332
3337
3338
3340
3341
3342
3345
3349
3350
3351
3352
3353
3357
3358
3359
3361
3365
3370
3371
3375
3376
3377
3379
3380
3381
3382
3384
3385
3387
3388
3389
3391
3392
3393
3394
3396
3397
3398
3399
3407
3411
3413
3414
3418
3421
3422
3423
3424
3425
3426
3427
3435
3436
3437
3439
3442
3444
3446
3448
3450
3454
3456
3457
3458
3459
3460
3461
3462
3463
3464
3466
3467
3471
3472
3473
3474
3477
3481
3483
3485
3486
3488
3492
3493
3496
3497
3501
3502
3503
3506
3509
3511
3517
3519
3520
3521
3523
3526
3530
3531
3534
3535
3536
3539
3540
3543
3544
3545
3546
3547
3548
3553
3554
3556
3558
3559
3560
3561
3562
3563
3564
3565
3566
3569
3570
3571
3572
3573
3574
3575
3578
3580
3581
3583
3584
3585
3588
3589
3590
3592
3595
3597
3599
3600
3601
3602
3603
3606
3607
3608
3609
3610
3612
3614
3617
3618
3620
3622
3626
3629
3631
3634
3636
3638
3640
3641
3642
3643
3644
3646
3650
3651
3652
3655
3657
3658
3660
3661
3662
3665
3666
3669
3671
3672
3673
3674
3675
3676
3677
3678
3679
3681
3682
3684
3686
3687
3688
3690
3691
3698
3699
3700
3705
3707
3708
3711
3712
3713
3714
3719
3721
3746
3749
3751
3761
3764
3768
3769
3771
3773
3777
3788
3789
3791
3792
3795
3796
3798
3802
3808
3809
3816
3817
3819
3821
3822
3824
3826
3828
3832
3835
3840
3844
3849
3850
3851
3854
3855
3856
3859
3860
3864
3865
3866
3872
3873
3877
3879
3882
3897
3900
3904
3912
3921
3925
3934
3935
3943
3948
3949
3951
3954
3959
3977
3978
3982
3988
3993
3998
4005
4015
4017
4035
4041
4042
4059
4075
4077
4079
4081
4082
4084
4086
4089
4094
4097
4112
4115
4124
4129
4137
4139
4141
4148
4151
4156
4157
4165
4169
4180
4181
4184
4201
4202
4209
4213
4214
4215
4217
4219
4222
4243
4249
4253
4255
4256
4259
4260
4265
4267
4279
4284
4286
4287
4289
4291
4302
4304
4312
4317
4323
4324
4343
4350
4353
4360
4382
4384
4388
4389
4390
4391
4393
4394
4395
4397
4398
4399
4400
4401
4402
4403
4404
4405
4406
4407
4409
4411
4412
4413
4414
4415
4416
4417
4418
4419
4420
4421
4422
4425
4426
4427
4428
4429
4430
4432
4433
4434
4436
4437
4438
4439
4440
4441
4442
4443
4444
4446
4447
4448
4449
4451
4452
4455
4456
4458
4459
4460
4461
4463
4464
4466
4467
4470
4471
4472
4473
4474
4476
4477
4478
4480
4481
4482
4483
4487
4489
4490
4491
4492
4493
4496
4498
4499
4500
4502
4503
4504
4505
4506
4507
4508
4509
4510
4512
4513
4514
4515
4516
4520
4521
4522
4523
4524
4525
4526
4528
4529
4530
4532
4533
4535
4537
4538
4540
4545
4547
4549
4551
4553
4554
4557
4559
4560
4564
4565
4566
4567
4569
4570
4572
4573
4574
4575
4576
4578
4579
4583
4584
4586
4589
4594
4595
4596
4597
4598
4601
4606
4608
4609
4612
4613
4615
4616
4618
4619
4620
4622
4623
4624
4629
4630
4631
4633
4637
4642
4645
4648
4651
4653
4654
4658
4659
4660
4663
4664
4665
4666
4670
4671
4672
4675
4676
4680
4682
4685
4686
4688
4690
4691
4692
4696
4698
4699
4701
4703
4704
4705
4706
4708
4709
4711
4716
4718
4720
4723
4724
4725
4726
4727
4728
4731
4732
4733
4734
4737
4741
4743
4744
4746
4747
4750
4751
4753
4755
4757
4758
4761
4764
4765
4766
4767
4769
4770
4775
4776
4777
4779
4780
4783
4784
4785
4786
4787
4791
4792
4795
4796
4797
4798
4800
4804
4807
4808
4811
4812
4815
4816
4817
4819
4822
4824
4825
4827
4828
4829
4831
4835
4836
4838
4839
4843
4844
4845
4846
4848
4849
4853
4856
4858
4859
4861
4862
4863
4865
4866
4869
4871
4875
4876
4878
4879
4880
4883
4885
4886
4887
4888
4890
4891
4892
4895
4896
4897
4899
4900
4907
4908
4909
4910
4911
4916
4918
4919
4921
4924
4928
4931
4933
4934
4937
4938
4942
4944
4946
4948
4949
4951
4952
4953
4957
4961
4962
4966
4967
4971
4972
4973
4974
4975
4976
4977
4980
4982
4983
4985
4986
4987
4989
4990
4995
4996
4997
5000
5001
5004
5006
5009
5010
5012
5013
5014
5017
5020
5025
5030
5034
5035
5036
5038
5039
5040
5041
5044
5045
5048
5049
5050
5052
5054
5055
5056
5059
5062
5063
5066
5068
5069
5070
5071
5073
5075
5076
5078
5080
5081
5082
5084
5085
5087
5088
5089
5090
5091
5093
5094
5097
5099
5101
5102
5104
5107
5108
5110
5112
5114
5115
5117
5120
5122
5123
5124
5125
5126
5130
5131
5132
5135
5136
5138
5139
5141
5142
5143
5148
5151
5153
5155
5161
5162
5164
5167
5172
5175
5176
5177
5178
5180
5181
5185
5186
5188
5189
5190
5191
5192
5193
5194
5196
5197
5200
5201
5202
5203
5204
5205
5208
5209
5211
5214
5215
5218
5220
5226
5227
5232
5233
5234
5236
5238
5241
5243
5245
5247
5248
5249
5251
5253
5255
5258
5259
5260
5264
5266
5269
5270
5275
5276
5277
5278
5283
5285
5286
5288
5290
5291
5293
5295
5296
5297
5298
5301
5303
5304
5306
5307
5309
5311
5320
5321
5327
5329
5330
5331
5334
5335
5336
5337
5339
5340
5343
5345
5349
5351
5357
5358
5361
5362
5366
5372
5375
5376
5379
5380
5384
5385
5386
5387
5388
5393
5396
5397
5401
5404
5409
5411
5412
5414
5417
5419
5423
5431
5434
5437
5439
5440
5442
5443
5446
5448
5449
5450
5451
5455
5460
5461
5465
5470
5473
5476
5478
5479
5481
5482
5487
5489
5497
5498
5499
5502
5508
5509
5510
5511
5515
5517
5518
5519
5521
5525
5528
5533
5534
5535
5541
5553
5554
5556
5569
5575
5579
5584
5587
5588
5589
5599
5605
5611
5614
5616
5619
5620
5621
5622
5624
5632
5637
5642
5643
5647
5655
5657
5658
5661
5662
5664
5668
5669
5670
5672
5675
5676
5677
5681
5682
5687
5689
5691
5692
5695
5696
5701
5705
5709
5711
5716
5721
5724
5726
5729
5730
5735
5739
5740
5742
5743
5746
5747
5751
5753
5755
5758
5759
5761
5766
5769
5770
5771
5775
5783
5784
5793
5798
5799
5802
5811
5816
5819
5821
5826
5827
5828
5830
5834
5839
5847
5849
5858
5859
5861
5864
5866
5871
5875
5876
5879
5880
5883
5884
5888
5893
5894
5899
5904
5912
5913
5921
5923
5925
5927
5928
5929
5934
5937
5942
5943
5944
5949
5951
5953
5954
5955
5956
5961
5962
5969
5972
5975
5976
5988
5989
5996
5998
5999
6000
6003
6008
6011
6012
6016
6024
6025
6029
6031
6033
6034
6037
6041
6042
6043
6045
6049
6052
6055
6060
6061
6062
6065
6070
6071
6075
6077
6079
6080
6081
6082
6084
6089
6090
6095
6096
6097
6098
6101
6102
6103
6104
6105
6107
6108
6109
6111
6112
6115
6118
6119
6120
6121
6124
6127
6129
6130
6132
6134
6135
6136
6140
6142
6143
6144
6146
6147
6149
6152
6156
6157
6158
6162
6168
6169
6170
6171
6173
6174
6175
6179
6188
6189
6190
6192
6195
6197
6199
6200
6201
6202
6203
6204
6205
6206
6207
6208
6209
6210
6211
6217
6218
6219
6220
6223
6224
6225
6226
6228
6231
6232
6234
6235
6236
6238
6239
6240
6241
6242
6243
6244
6246
6247
6248
6249
6250
6251
6252
6253
6254
6255
6256
6257
6258
6260
6261
6263
6264
6265
6266
6267
6268
6269
6271
6272
6273
6274
6275
6276
6277
6278
6279
6282
6283
6285
6287
6288
6289
6290
6291
6292
6293
6294
6295
6296
6297
6298
6299
6302
6304
6305
6306
6308
6309
6310
6311
6312
6313
6314
6315
6316
6317
6318
6319
6320
6321
6322
6323
6324
6325
6326
6327
6328
6329
6330
6332
6333
6334
6335
6336
6337
6338
6339
6340
6341
6342
6345
6346
6347
6348
6349
6350
6351
6352
6353
6355
6356
6357
6359
6360
6362
6365
6366
6367
6369
6370
6372
6373
6374
6375
6377
6378
6381
6382
6383
6384
6386
6387
6388
6390
6391
6392
6393
6395
6396
6397
6398
6399
6401
6402
6403
6404
6405
6406
6407
6410
6411
6413
6414
6415
6417
6418
6422
6424
6425
6426
6430
6431
6432
6433
6434
6435
6436
6437
6438
6439
6441
6442
6443
6444
6447
6448
6450
6451
6452
6454
6455
6456
6458
6461
6469
6473
6474
6475
6476
6477
6478
6479
6480
6484
6485
6487
6488
6489
6490
6491
6493
6498
6500
6501
6504
6509
6510
6513
6514
6515
6519
6520
6524
6527
6528
6529
6530
6531
6532
6533
6535
6536
6539
6540
6543
6544
6545
6548
6549
6551
6552
6555
6556
6557
6559
6560
6562
6563
6566
6573
6575
6579
6581
6582
6584
6585
6586
6587
6588
6591
6595
6597
6598
6600
6601
6602
6604
6605
6607
6608
6609
6611
6612
6615
6616
6618
6620
6621
6622
6623
6624
6625
6629
6631
6632
6633
6634
6635
6637
6638
6639
6642
6643
6644
6648
6649
6650
6652
6653
6656
6657
6658
6659
6661
6663
6665
6667
6670
6671
6673
6674
6675
6678
6679
6680
6683
6687
6688
6689
6690
6698
6700
6701
6702
6704
6706
6707
6709
6710
6712
6715
6717
6718
6721
6722
6725
6726
6728
6729
6730
6732
6733
6736
6737
6743
6744
6747
6749
6751
6752
6754
6756
6757
6759
6760
6761
6762
6763
6764
6766
6769
6770
6775
6777
6782
6783
6786
6793
6795
6797
6799
6801
6802
6803
6805
6808
6809
6813
6814
6815
6818
6819
6820
6821
6822
6825
6832
6834
6835
6837
6840
6841
6842
6843
6845
6848
6851
6852
6858
6863
6868
6869
6870
6872
6876
6881
6885
6887
6888
6890
6891
6893
6894
6899
6900
6904
6905
6906
6909
6911
6914
6919
6920
6922
6924
6927
6928
6933
6934
6937
6939
6944
6946
6950
6954
6956
6957
6959
6962
6966
6967
6968
6970
6971
6972
6975
6976
6978
6980
6983
6989
6990
6991
6992
6994
6996
6999
7000
7001
7002
7004
7005
7007
7008
7015
7016
7019
7020
7021
7024
7026
7029
7031
7032
7033
7036
7037
7038
7043
7046
7047
7048
7051
7053
7054
7056
7060
7062
7063
7064
7065
7066
7070
7072
7074
7076
7078
7079
7084
7085
7090
7092
7093
7094
7096
7098
7099
7100
7101
7102
7103
7104
7106
7107
7108
7109
7110
7118
7119
7121
7122
7126
7127
7128
7129
7132
7135
7136
7139
7140
7141
7142
7144
7147
7148
7149
7150
7153
7156
7160
7162
7164
7170
7171
7173
7175
7177
7178
7181
7182
7183
7187
7191
7194
7197
7200
7202
7204
7206
7209
7210
7211
7215
7217
7220
7222
7224
7226
7229
7233
7234
7235
7237
7239
7242
7244
7245
7248
7251
7253
7254
7256
7257
7258
7259
7262
7265
7266
7267
7269
7270
7271
7272
7273
7275
7277
7278
7279
7283
7284
7285
7286
7288
7291
7292
7295
7297
7299
7302
7303
7306
7307
7310
7314
7315
7316
7317
7320
7323
7324
7325
7326
7327
7328
7331
7332
7336
7338
7339
7340
7341
7342
7343
7345
7346
7348
7349
7351
7352
7353
7354
7356
7357
7359
7361
7363
7364
7366
7367
7369
7371
7372
7374
7375
7379
7380
7381
7382
7383
7384
7385
7386
7387
7388
7389
7390
7393
7396
7398
7401
7402
7405
7406
7408
7410
7412
7413
7414
7419
7420
7422
7423
7424
7425
7426
7427
7450
7461
7465
7470
7477
7480
7492
7493
7500
7503
7506
7518
7519
7524
7526
7538
7544
7559
7571
7572
7573
7579
7585
7586
7587
7598
7635
7636
7639
7647
7667
7686
7690
7692
7702
7725
7735
7745
7751
7755
7758
7778
7787
7791
7794
7796
7801
7802
7805
7811
7820
7823
7829
7862
7869
7871
7880
7894
7908
7936
7937
7956
7967
7978
7987
7994
8003
8013
8016
8022
8023
8051
8078
8097
8102
8103
8104
8106
8107
8108
8109
8110
8112
8113
8116
8118
8119
8120
8121
8122
8123
8124
8125
8126
8127
8128
8130
8131
8132
8137
8138
8139
8140
8141
8142
8143
8144
8147
8148
8149
8152
8153
8154
8155
8156
8157
8158
8161
8162
8163
8165
8166
8169
8170
8171
8174
8175
8176
8178
8179
8180
8181
8184
8187
8189
8190
8191
8192
8193
8194
8196
8197
8198
8201
8202
8203
8204
8207
8209
8210
8211
8214
8217
8219
8220
8222
8225
8227
8228
8230
8233
8234
8235
8236
8237
8239
8240
8241
8242
8244
8246
8247
8248
8249
8251
8252
8259
8261
8263
8264
8265
8269
8271
8272
8273
8274
8277
8281
8285
8286
8287
8290
8291
8292
8296
8299
8301
8303
8308
8314
8315
8318
8327
8328
8329
8330
8333
8334
8337
8338
8340
8341
8345
8347
8350
8351
8358
8359
8360
8366
8368
8369
8373
8381
8383
8384
8385
8388
8390
8394
8401
8402
8406
8410
8413
8414
8415
8416
8418
8428
8435
8437
8438
8439
8444
8447
8448
8454
8460
8468
8472
8473
8478
8479
8480
8481
8486
8490
8494
8495
8497
8499
8500
8501
8506
8507
8509
8511
8514
8515
8519
8521
8525
8526
8529
8530
8539
8541
8549
8550
8551
8554
8557
8558
8559
8560
8563
8571
8578
8584
8590
8592
8593
8596
8597
8600
8606
8608
8612
8622
8623
8625
8627
8635
8644
8649
8651
8661
8662
8663
8664
8666
8667
8672
8680
8681
8682
8690
8691
8693
8696
8700
8701
8703
8706
8707
8713
8715
8716
8717
8719
8723
8726
8735
8742
8746
8747
8751
8752
8754
8755
8757
8758
8759
8760
8762
8763
8766
8769
8778
8789
8796
8797
8798
8802
8803
8804
8806
8808
8814
8817
8818
8819
8824
8826
8831
8836
8838
8839
8844
8852
8853
8856
8857
8864
8865
8867
8869
8873
8879
8883
8885
8886
8889
8892
8893
8894
8895
8896
8898
8900
8902
8905
8906
8911
8914
8915
8916
8917
8918
8923
8928
8940
8948
8952
8956
8957
8961
8963
8964
8968
8969
8971
8972
8977
8978
8983
8987
8989
8990
8991
8992
8994
8996
8998
8999
9002
9011
9021
9024
9038
9051
9056
9059
9065
9066
9068
9070
9072
9073
9076
9080
9090
9096
9103
9107
9114
9115
9116
9118
9120
9122
9125
9137
9144
9152
9154
9162
9164
9165
9174
9178
9187
9189
9196
9202
9203
9204
9209
9213
9214
9215
9216
9234
9235
9237
9241
9244
9247
9260
9262
9267
9270
9279
9286
9294
9295
9311
9322
9325
9329
9333
9334
9338
9339
9344
9353
9355
9362
9372
9374
9376
9382
9383
9388
9389
9393
9395
9399
9400
9403
9408
9409
9417
9420
9423
9425
9434
9435
9440
9449
9451
9454
9456
9474
9491
9495
9501
9502
9514
9531
9536
9540
9544
9553
9557
9561
9564
9572
9574
9585
9591
9595
9596
9597
9600
9618
9630
9634
9638
9657
9665
9667
9670
9677
9694
9707
9720
9726
9730
9735
9739
9743
9745
9756
9757
9761
9769
9785
9786
9789
9791
9793
9796
9798
9800
9810
9811
9815
9816
9819
9822
9830
9831
9832
9834
9835
9838
9842
9843
9844
9849
9851
9854
9856
9857
9858
9861
9863
9864
9865
9867
9870
9871
9873
9875
9877
9879
9880
9883
9887
9893
9904
9907
9913
9915
9917
9918
9919
9920
9921
9922
9923
9924
9926
9929
9932
9933
9934
9938
9939
9940
9941
9942
9943
9946
9947
9948
9951
9952
9953
9954
9956
9957
9958
9960
9961
9962
9963
9964
9965
9966
9968
9969
9970
9971
9972
9973
9974
9975
9976
9977
9978
9979
9980
9981
9983
9984
9986
9987
9988
9989
9990
9991
9992
9993
9994
9996
9997
9998
9999
10001
10002
10003
10004
10005
10006
10007
10008
10010
10012
10013
10014
10016
10017
10018
10019
10021
10024
10025
10026
10027
10029
10030
10031
10032
10033
10035
10036
10037
10038
10039
10040
10041
10042
10045
10046
10047
10048
10049
10050
10051
10052
10053
10054
10055
10058
10059
10061
10062
10063
10064
10065
10067
10069
10070
10072
10073
10075
10076
10079
10081
10082
10083
10085
10086
10087
10088
10095
10096
10097
10099
10100
10103
10104
10105
10106
10107
10109
10110
10111
10112
10113
10114
10116
10117
10120
10121
10123
10125
10126
10127
10128
10129
10131
10132
10136
10138
10139
10140
10141
10144
10145
10146
10147
10148
10149
10151
10152
10153
10156
10157
10159
10160
10161
10164
10165
10166
10168
10169
10170
10172
10173
10175
10177
10180
10181
10183
10184
10186
10188
10192
10193
10194
10196
10197
10201
10203
10205
10207
10210
10212
10213
10214
10217
10218
10220
10222
10223
10224
10225
10228
10229
10233
10235
10237
10238
10241
10243
10245
10249
10250
10251
10252
10253
10254
10257
10258
10263
10264
10265
10266
10267
10272
10273
10275
10280
10282
10283
10285
10294
10296
10298
10299
10300
10301
10302
10304
10314
10316
10318
10319
10325
10326
10328
10330
10332
10334
10335
10336
10337
10340
10341
10342
10343
10345
10347
10348
10356
10358
10360
10361
10363
10365
10366
10367
10370
10372
10373
10376
10377
10379
10387
10388
10390
10392
10394
10397
10398
10401
10402
10403
10408
10409
10411
10412
10414
10417
10418
10420
10421
10426
10428
10429
10430
10431
10432
10436
10437
10441
10444
10446
10450
10451
10452
10453
10458
10461
10465
10466
10468
10472
10473
10475
10476
10477
10481
10482
10483
10485
10491
10493
10495
10504
10510
10513
10516
10518
10519
10520
10529
10532
10536
10539
10542
10548
10554
10555
10556
10562
10566
10571
10584
10590
10592
10593
10595
10599
10601
10602
10607
10608
10612
10614
10622
10623
10629
10633
10636
10638
10640
10641
10645
10647
10648
10649
10651
10656
10660
10668
10669
10671
10675
10676
10679
10684
10689
10691
10692
10694
10695
10699
10702
10705
10706
10707
10710
10711
10713
10715
10716
10719
10720
10727
10729
10731
10732
10734
10735
10739
10740
10744
10745
10748
10749
10756
10757
10759
10760
10765
10768
10769
10771
10772
10774
10775
10777
10778
10779
10781
10784
10785
10788
10792
10798
10799
10801
10808
10810
10812
10813
10816
10817
10820
10823
10826
10829
10834
10835
10836
10837
10841
10842
10846
10847
10849
10850
10851
10852
10853
10855
10856
10858
10862
10863
10866
10867
10869
10870
10872
10874
10876
10877
10878
10883
10884
10886
10887
10889
10894
10895
10901
10903
10905
10907
10911
10913
10914
10915
10916
10920
10921
10922
10924
10929
10931
10936
10940
10943
10945
10947
10948
10949
10952
10953
10954
10958
10959
10960
10961
10962
10963
10964
10965
10967
10968
10971
10972
10973
10976
10977
10978
10981
10983
10984
10986
10989
10990
10992
10996
10997
11000
11002
11006
11009
11010
11011
11012
11016
11018
11020
11021
11023
11024
11025
11027
11028
11029
11030
11031
11032
11034
11037
11038
11042
11045
11048
11050
11051
11054
11057
11058
11059
11062
11065
11068
11070
11071
11072
11075
11078
11079
11080
11082
11083
11085
11088
11089
11090
11093
11094
11095
11097
11099
11100
11102
11104
11106
11107
11110
11116
11118
11119
11121
11122
11124
11126
11127
11128
11133
11134
11136
11138
11139
11140
11141
11150
11151
11153
11180
11197
11198
11204
11206
11210
11212
11217
11220
11231
11232
11233
11239
11244
11253
11254
11256
11257
11270
11272
11277
11278
11280
11283
11284
11285
11287
11288
11289
11301
11309
11312
11321
11327
11328
11332
11334
11348
11358
11380
11392
11414
11423
11430
11437
11458
11469
11484
11491
11500
11518
11519
11521
11525
11528
11543
11552
11560
11565
11579
11595
11596
11604
11609
11625
11626
11630
11634
11635
11641
11644
11651
11655
11667
11668
11671
11673
11681
11684
11686
11694
11695
11712
11717
11724
11730
11732
11765
11771
11778
11796
11816
11817
11818
11819
11821
11822
11823
11824
11825
11826
11827
11828
11829
11830
11831
11832
11833
11834
11835
11837
11838
11839
11840
11841
11843
11844
11845
11846
11847
11848
11850
11851
11852
11853
11854
11855
11856
11857
11858
11860
11861
11862
11864
11866
11867
11868
11869
11870
11872
11874
11876
11879
11880
11883
11884
11888
11889
11890
11891
11892
11894
11896
11897
11901
11902
11904
11905
11906
11908
11909
11910
11915
11916
11921
11926
11927
11928
11929
11930
11932
11934
11936
11937
11938
11942
11943
11944
11945
11946
11947
11948
11952
11953
11954
11955
11956
11958
11959
11960
11961
11962
11963
11965
11966
11967
11972
11973
11975
11977
11978
11979
11981
11982
11983
11984
11986
11988
11991
11994
11998
12002
12003
12004
12005
12007
12010
12011
12015
12016
12017
12021
12023
12024
12028
12030
12032
12033
12034
12036
12037
12039
12040
12041
12043
12046
12048
12054
12056
12059
12061
12062
12064
12065
12074
12076
12080
12087
12090
12098
12099
12100
12101
12104
12107
12108
12111
12112
12113
12116
12121
12124
12127
12129
12131
12132
12134
12135
12136
12139
12141
12143
12144
12145
12149
12151
12152
12153
12154
12158
12160
12161
12162
12164
12165
12167
12169
12174
12179
12182
12185
12186
12187
12192
12197
12198
12201
12204
12207
12208
12211
12213
12214
12215
12218
12220
12223
12225
12226
12227
12228
12229
12231
12232
12236
12238
12239
12240
12242
12244
12245
12247
12248
12250
12253
12255
12260
12261
12262
12263
12264
12267
12270
12272
12273
12277
12279
12284
12285
12288
12291
12293
12294
12299
12304
12306
12307
12308
12312
12313
12314
12317
12320
12322
12324
12327
12328
12329
12333
12335
12336
12341
12342
12344
12346
12347
12349
12353
12358
12359
12363
12365
12376
12378
12379
12380
12387
12389
12394
12395
12396
12399
12400
12403
12404
12407
12408
12409
12410
12411
12412
12415
12416
12417
12418
12423
12434
12436
12437
12438
12439
12440
12441
12443
12444
12449
12453
12454
12455
12456
12458
12463
12464
12467
12468
12469
12471
12472
12475
12476
12478
12479
12480
12483
12487
12492
12494
12498
12499
12501
12504
12505
12508
12510
12511
12512
12515
12517
12518
12519
12520
12521
12522
12523
12525
12528
12529
12531
12533
12534
12536
12540
12542
12543
12551
12552
12553
12558
12570
12572
12577
12578
12581
12583
12585
12587
12588
12590
12591
12596
12597
12600
12601
12603
12608
12611
12616
12617
12620
12625
12627
12628
12629
12630
12631
12632
12633
12635
12636
12637
12639
12642
12649
12651
12653
12654
12657
12658
12661
12666
12667
12669
12670
12671
12675
12679
12680
12696
12697
12698
12699
12701
12702
12704
12705
12706
12707
12709
12713
12716
12718
12720
12721
12722
12724
12726
12727
12731
12732
12737
12741
12742
12748
12757
12762
12765
12768
12771
12774
12776
12779
12782
12783
12784
12786
12793
12797
12798
12799
12801
12804
12807
12812
12814
12815
12820
12824
12825
12827
12828
12832
12833
12835
12840
12842
12849
12851
12858
12859
12862
12865
12867
12868
12870
12871
12874
12876
12885
12887
12889
12893
12895
12898
12900
12901
12903
12904
12905
12907
12909
12910
12912
12917
12926
12927
12930
12938
12940
12941
12942
12949
12958
12961
12963
12966
12967
12972
12974
12976
12977
12981
12991
12993
12998
13000
13008
13015
13017
13018
13022
13024
13032
13033
13036
13039
13042
13046
13047
13048
13050
13052
13054
13058
13060
13062
13068
13072
13076
13086
13089
13094
13095
13098
13099
13103
13109
13113
13115
13116
13117
13120
13122
13126
13135
13137
13139
13142
13152
13153
13154
13158
13159
13163
13166
13167
13170
13171
13177
13179
13180
13181
13186
13187
13189
13192
13199
13205
13206
13208
13209
13210
13211
13221
13226
13227
13229
13230
13238
13239
13243
13247
13255
13258
13265
13267
13268
13271
13275
13277
13281
13284
13286
13288
13293
13305
13308
13309
13321
13327
13329
13340
13346
13350
13353
13358
13367
13371
13372
13381
13383
13417
13425
13431
13432
13437
13439
13443
13444
13445
13449
13459
13461
13462
13465
13467
13469
13470
13473
13483
13488
13498
13500
13506
13509
13514
13515
13516
13519
13524
13526
13529
13530
13533
13535
13537
13538
13539
13543
13545
13548
13549
13552
13554
13556
13557
13562
13570
13572
13574
13577
13580
13584
13585
13586
13589
13591
13593
13595
13599
13601
13618
13619
13626
13627
13629
13630
13631
13633
13636
13637
13638
13639
13645
13647
13648
13651
13652
13653
13654
13655
13656
13657
13658
13660
13662
13663
13664
13666
13667
13668
13669
13670
13671
13672
13673
13674
13675
13676
13677
13680
13681
13683
13684
13685
13688
13689
13690
13691
13692
13693
13694
13695
13696
13697
13699
13700
13701
13702
13703
13704
13708
13710
13711
13712
13713
13714
13715
13716
13717
13718
13719
13720
13721
13722
13723
13724
13725
13726
13727
13728
13730
13731
13732
13734
13735
13736
13738
13739
13740
13741
13742
13743
13744
13746
13747
13749
13750
13753
13754
13755
13756
13758
13759
13760
13761
13762
13763
13764
13765
13766
13768
13769
13770
13773
13775
13776
13778
13779
13780
13781
13782
13783
13784
13785
13786
13787
13788
13789
13790
13791
13792
13795
13797
13800
13801
13802
13805
13806
13807
13808
13809
13810
13811
13812
13813
13814
13817
13818
13820
13821
13822
13823
13824
13825
13826
13827
13828
13830
13831
13833
13834
13835
13838
13839
13841
13842
13843
13845
13846
13848
13849
13850
13853
13855
13858
13859
13860
13861
13862
13863
13864
13865
13866
13867
13868
13870
13871
13873
13875
13876
13877
13878
13880
13881
13882
13883
13886
13887
13888
13889
13890
13891
13895
13897
13898
13900
13901
13902
13903
13904
13906
13907
13908
13911
13915
13916
13917
13918
13921
13923
13925
13926
13928
13934
13935
13937
13939
13941
13942
13943
13944
13947
13949
13951
13952
13953
13954
13955
13957
13958
13959
13960
13961
13962
13963
13966
13968
13971
13972
13975
13979
13981
13983
13987
13990
13991
13992
13994
13997
14007
14008
14009
14010
14012
14013
14016
14018
14022
14023
14024
14026
14028
14029
14033
14036
14037
14038
14039
14040
14041
14045
14046
14048
14052
14053
14057
14058
14059
14060
14061
14062
14068
14070
14072
14077
14079
14080
14084
14085
14086
14087
14089
14090
14091
14096
14098
14099
14101
14104
14105
14106
14108
14110
14111
14115
14116
14118
14122
14123
14125
14126
14128
14129
14130
14131
14134
14135
14136
14138
14139
14142
14143
14144
14145
14146
14147
14150
14152
14155
14156
14158
14159
14161
14163
14164
14165
14167
14171
14172
14178
14180
14181
14182
14184
14187
14188
14189
14190
14191
14192
14202
14205
14210
14215
14218
14222
14224
14225
14230
14236
14241
14243
14244
14246
14248
14249
14250
14252
14253
14257
14262
14263
14264
14265
14268
14269
14270
14271
14276
14279
14280
14285
14286
14291
14292
14293
14296
14297
14298
14301
14304
14305
14307
14309
14313
14319
14320
14322
14324
14328
14329
14332
14333
14334
14337
14339
14340
14341
14342
14346
14355
14361
14362
14367
14371
14372
14374
14376
14378
14380
14382
14385
14387
14390
14394
14395
14396
14398
14399
14400
14403
14406
14408
14409
14410
14413
14416
14417
14418
14420
14424
14429
14430
14432
14434
14440
14441
14443
14444
14447
14449
14453
14454
14457
14458
14459
14460
14461
14463
14465
14467
14468
14474
14476
14479
14480
14482
14484
14485
14486
14493
14495
14496
14498
14499
14501
14503
14504
14506
14507
14508
14512
14515
14518
14520
14522
14523
14524
14527
14530
14531
14534
14535
14538
14545
14548
14550
14552
14553
14555
14556
14558
14560
14563
14564
14565
14568
14569
14572
14575
14576
14578
14579
14584
14588
14591
14592
14599
14600
14601
14604
14605
14608
14609
14612
14613
14614
14619
14620
14624
14626
14628
14630
14632
14634
14636
14638
14639
14641
14643
14644
14645
14648
14654
14656
14657
14658
14659
14662
14663
14666
14671
14672
14673
14674
14675
14676
14677
14678
14679
14680
14681
14682
14685
14686
14688
14690
14691
14692
14695
14697
14698
14699
14700
14701
14702
14703
14705
14706
14711
14716
14717
14720
14723
14727
14728
14729
14730
14731
14734
14738
14739
14741
14742
14743
14744
14745
14748
14752
14754
14756
14760
14763
14764
14765
14767
14770
14771
14773
14776
14779
14780
14782
14784
14785
14789
14793
14794
14796
14797
14799
14800
14802
14803
14805
14806
14807
14809
14810
14811
14813
14814
14816
14817
14818
14821
14823
14824
14826
14829
14830
14832
14833
14836
14838
14841
14844
14845
14847
14848
14850
14855
14865
14875
14888
14892
14895
14910
14927
14928
14935
14936
14940
14976
14982
14986
14988
14991
14997
15000
15001
15007
15008
15014
15021
15035
15063
15096
15116
15146
15175
15183
15188
15192
15214
15225
15236
15242
15278
15283
15364
15373
15382
15391
15395
15406
15433
15455
15458
15489
15507
15516
15526
15530
15531
15534
15538
15539
15540
15541
15542
15543
15544
15545
15546
15547
15548
15549
15550
15551
15552
15553
15557
15558
15561
15562
15563
15564
15566
15567
15568
15569
15570
15572
15574
15575
15576
15577
15578
15581
15583
15584
15585
15586
15589
15590
15591
15594
15597
15602
15603
15606
15607
15612
15614
15615
15618
15620
15622
15624
15625
15626
15629
15630
15631
15634
15635
15638
15639
15640
15641
15645
15647
15648
15652
15653
15654
15657
15658
15660
15661
15663
15667
15668
15669
15670
15672
15675
15676
15677
15679
15680
15682
15683
15685
15686
15687
15692
15693
15694
15695
15697
15698
15699
15700
15701
15702
15703
15705
15707
15710
15714
15716
15718
15719
15722
15723
15724
15731
15732
15733
15741
15742
15744
15745
15748
15749
15751
15753
15754
15755
15757
15759
15760
15762
15765
15768
15771
15772
15773
15775
15778
15781
15786
15787
15789
15791
15794
15795
15798
15799
15800
15803
15809
15810
15812
15814
15815
15816
15821
15822
15823
15825
15826
15828
15830
15835
15836
15838
15840
15841
15843
15844
15846
15851
15857
15858
15865
15866
15869
15872
15875
15876
15880
15882
15884
15888
15889
15891
15894
15901
15905
15907
15909
15910
15911
15912
15917
15918
15919
15923
15924
15929
15930
15933
15934
15937
15938
15939
15940
15944
15947
15951
15953
15954
15957
15958
15960
15961
15963
15965
15967
15969
15970
15975
15978
15979
15987
15990
15991
15992
15995
15998
15999
16001
16002
16004
16007
16016
16017
16020
16025
16029
16030
16033
16034
16036
16039
16045
16050
16056
16061
16063
16068
16069
16073
16077
16081
16083
16084
16086
16090
16095
16098
16099
16106
16108
16109
16112
16115
16116
16117
16118
16121
16123
16126
16127
16128
16129
16133
16134
16141
16144
16145
16149
16150
16155
16157
16175
16177
16179
16180
16183
16184
16186
16187
16188
16192
16194
16203
16205
16214
16217
16219
16220
16221
16224
16225
16226
16230
16231
16232
16236
16237
16238
16241
16242
16250
16252
16261
16262
16264
16272
16277
16280
16284
16286
16291
16292
16297
16301
16302
16304
16305
16307
16310
16311
16313
16317
16323
16324
16327
16330
16333
16334
16343
16344
16350
16351
16353
16365
16368
16372
16376
16378
16380
16384
16385
16386
16389
16390
16391
16392
16396
16399
16403
16404
16408
16411
16412
16417
16418
16423
16425
16426
16430
16432
16433
16441
16443
16445
16446
16449
16450
16453
16455
16458
16459
16467
16485
16494
16498
16500
16507
16518
16520
16522
16529
16538
16542
16548
16549
16554
16555
16558
16559
16565
16567
16573
16582
16584
16585
16588
16590
16593
16597
16607
16615
16618
16624
16632
16641
16642
16643
16644
16647
16653
16661
16665
16669
16677
16684
16688
16691
16694
16698
16708
16714
16717
16722
16723
16728
16734
16739
16740
16761
16762
16764
16766
16767
16772
16779
16781
16789
16790
16800
16801
16810
16816
16817
16818
16822
16831
16834
16847
16848
16853
16856
16857
16858
16863
16868
16870
16871
16873
16877
16881
16884
16885
16887
16889
16890
16894
16902
16903
16906
16911
16929
16930
16934
16940
16941
16943
16944
16945
16958
16964
16967
16972
16976
16979
16982
16993
16995
17002
17003
17008
17014
17020
17023
17024
17025
17027
17028
17029
17030
17040
17046
17050
17057
17061
17067
17080
17081
17095
17096
17100
17101
17103
17111
17119
17120
17135
17138
17140
17147
17150
17153
17154
17158
17163
17172
17173
17175
17176
17184
17187
17190
17197
17202
17203
17204
17207
17208
17212
17213
17217
17227
17233
17235
17239
17241
17243
17244
17245
17247
17248
17249
17250
17253
17257
17259
17260
17263
17264
17266
17267
17270
17271
17276
17277
17279
17281
17283
17284
17285
17286
17291
17292
17293
17296
17299
17300
17303
17306
17310
17311
17313
17315
17316
17318
17321
17324
17329
17340
17343
17345
17347
17348
17349
17350
17351
17352
17354
17355
17359
17361
17365
17366
17368
17369
17370
17371
17372
17374
17376
17377
17378
17379
17380
17381
17382
17383
17384
17385
17386
17387
17388
17390
17392
17393
17394
17395
17396
17397
17398
17399
17400
17402
17403
17405
17406
17407
17408
17409
17410
17411
17412
17414
17415
17417
17418
17420
17421
17422
17425
17426
17427
17428
17429
17430
17431
17432
17433
17434
17435
17436
17438
17440
17441
17442
17445
17446
17447
17450
17452
17453
17454
17455
17457
17458
17460
17461
17462
17463
17464
17466
17468
17470
17472
17474
17476
17477
17479
17480
17481
17482
17484
17485
17486
17487
17489
17491
17493
17497
17498
17499
17500
17501
17502
17504
17509
17510
17511
17512
17517
17519
17520
17522
17524
17525
17526
17528
17529
17530
17532
17533
17534
17539
17540
17541
17544
17545
17546
17548
17549
17550
17551
17552
17553
17555
17556
17557
17559
17560
17562
17564
17565
17567
17568
17571
17572
17573
17576
17577
17578
17579
17580
17582
17584
17586
17587
17589
17592
17593
17594
17597
17599
17600
17603
17605
17607
17609
17611
17619
17620
17621
17623
17629
17632
17633
17635
17640
17642
17644
17650
17651
17653
17658
17659
17660
17661
17662
17665
17669
17671
17673
17674
17678
17681
17682
17684
17685
17686
17689
17692
17693
17697
17698
17699
17702
17705
17706
17708
17709
17711
17713
17715
17718
17721
17722
17723
17724
17726
17727
17728
17729
17734
17737
17739
17742
17744
17746
17748
17751
17753
17754
17756
17760
17763
17764
17768
17769
17771
17774
17775
17776
17778
17784
17785
17786
17789
17790
17791
17792
17795
17799
17803
17805
17806
17807
17812
17815
17816
17818
17820
17824
17825
17829
17830
17831
17836
17842
17843
17844
17846
17847
17848
17849
17850
17854
17858
17859
17864
17865
17867
17871
17872
17877
17878
17879
17882
17885
17886
17888
17889
17892
17893
17894
17895
17896
17898
17900
17901
17904
17909
17911
17917
17919
17923
17924
17925
17930
17944
17948
17949
17953
17955
17957
17958
17960
17964
17966
17976
17981
17982
17983
17984
17987
17990
17992
17993
17994
17995
18001
18006
18007
18008
18009
18010
18012
18013
18015
18017
18018
18019
18021
18029
18030
18031
18040
18046
18050
18055
18058
18060
18063
18064
18066
18068
18069
18070
18075
18076
18079
18081
18082
18084
18092
18094
18095
18096
18099
18100
18106
18108
18111
18112
18114
18117
18121
18122
18130
18134
18135
18138
18143
18144
18147
18154
18155
18157
18158
18163
18168
18173
18175
18176
18179
18182
18185
18188
18190
18193
18195
18196
18198
18199
18207
18212
18214
18219
18224
18226
18227
18228
18232
18234
18235
18236
18238
18240
18241
18243
18245
18248
18250
18262
18265
18267
18269
18274
18276
18279
18281
18282
18283
18285
18290
18292
18296
18298
18300
18302
18306
18309
18311
18313
18315
18319
18324
18328
18329
18334
18337
18340
18341
18344
18345
18346
18348
18349
18350
18351
18354
18357
18358
18359
18365
18366
18370
18372
18373
18375
18376
18377
18380
18386
18387
18391
18392
18393
18395
18396
18400
18404
18405
18411
18412
18414
18417
18418
18420
18422
18426
18427
18428
18430
18433
18434
18435
18436
18437
18438
18439
18440
18445
18446
18448
18449
18462
18463
18465
18466
18468
18469
18473
18474
18477
18478
18479
18480
18482
18484
18485
18488
18490
18491
18492
18496
18498
18499
18500
18503
18505
18506
18509
18510
18511
18512
18513
18514
18516
18517
18521
18522
18523
18525
18526
18527
18529
18530
18531
18532
18533
18534
18540
18544
18547
18548
18550
18552
18553
18554
18555
18556
18559
18561
18564
18567
18568
18572
18573
18575
18598
18599
18608
18612
18621
18624
18626
18627
18628
18634
18636
18640
18642
18650
18664
18665
18667
18669
18670
18673
18677
18683
18685
18696
18697
18698
18699
18711
18713
18715
18718
18722
18733
18736
18738
18742
18766
18776
18788
18811
18815
18840
18861
18875
18897
18901
18906
18919
18922
18931
18939
18945
18960
18991
18994
18995
18997
19012
19013
19036
19076
19078
19109
19126
19129
19135
19145
19205
19206
19210
19228
19240
19244
19246
19251
19252
19253
19254
19255
19257
19260
19261
19262
19263
19264
19265
19266
19267
19268
19270
19272
19273
19274
19275
19276
19279
19280
19281
19282
19283
19284
19285
19286
19289
19290
19292
19293
19294
19295
19296
19297
19300
19301
19302
19303
19304
19306
19309
19310
19311
19312
19313
19316
19317
19318
19320
19322
19323
19324
19327
19328
19329
19330
19333
19334
19336
19338
19339
19343
19347
19348
19349
19350
19351
19352
19354
19355
19356
19358
19360
19361
19362
19364
19366
19370
19371
19373
19375
19377
19379
19381
19382
19384
19388
19389
19391
19393
19394
19401
19402
19403
19405
19407
19411
19412
19414
19419
19420
19421
19428
19430
19431
19432
19433
19435
19436
19438
19443
19444
19445
19446
19450
19451
19458
19462
19463
19464
19466
19468
19471
19472
19474
19476
19478
19480
19482
19485
19486
19487
19493
19497
19498
19502
19506
19508
19509
19510
19515
19517
19524
19527
19528
19529
19532
19535
19536
19537
19539
19541
19544
19547
19548
19549
19555
19556
19557
19558
19559
19560
19561
19562
19564
19565
19569
19571
19572
19574
19576
19577
19578
19579
19580
19586
19587
19588
19590
19592
19593
19594
19595
19597
19598
19599
19600
19601
19603
19606
19607
19610
19612
19613
19614
19615
19616
19620
19621
19623
19625
19629
19631
19632
19633
19634
19635
19638
19639
19640
19641
19642
19643
19645
19646
19648
19649
19652
19653
19654
19657
19658
19659
19664
19667
19668
19670
19671
19672
19673
19675
19676
19678
19681
19683
19685
19686
19689
19690
19691
19692
19693
19695
19701
19702
19704
19705
19710
19712
19713
19715
19717
19722
19724
19726
19727
19729
19730
19734
19735
19738
19740
19744
19746
19747
19748
19751
19754
19756
19763
19768
19769
19770
19774
19775
19777
19779
19784
19786
19787
19791
19793
19794
19798
19800
19804
19806
19807
19811
19816
19822
19823
19827
19829
19831
19833
19835
19838
19841
19843
19847
19852
19853
19856
19857
19865
19866
19867
19870
19871
19878
19881
19882
19883
19885
19886
19889
19891
19893
19894
19895
19896
19897
19898
19900
19901
19902
19903
19904
19905
19908
19910
19911
19915
19918
19919
19920
19922
19926
19927
19928
19929
19930
19931
19933
19934
19936
19939
19941
19943
19944
19945
19946
19948
19950
19955
19956
19957
19958
19961
19964
19966
19971
19972
19973
19978
19980
19981
19982
19985
19987
19988
19990
19997
20000
20003
20006
20007
20009
20011
20013
20015
20018
20020
20021
20024
20025
20026
20027
20028
20029
20031
20032
20034
20035
20037
20038
20045
20048
20049
20050
20055
20057
20058
20059
20061
20062
20064
20065
20069
20071
20073
20075
20076
20077
20079
20086
20087
20088
20090
20092
20094
20098
20100
20103
20105
20106
20107
20108
20110
20113
20122
20125
20126
20129
20130
20131
20132
20133
20134
20137
20138
20140
20142
20144
20148
20149
20153
20154
20155
20161
20163
20167
20168
20169
20170
20171
20174
20175
20176
20177
20180
20185
20187
20188
20190
20192
20193
20196
20199
20203
20205
20206
20207
20208
20211
20214
20216
20217
20218
20221
20225
20230
20238
20240
20241
20244
20245
20248
20252
20254
20256
20258
20261
20267
20268
20279
20281
20288
20289
20292
20293
20298
20299
20302
20304
20306
20307
20315
20317
20321
20323
20327
20329
20331
20332
20333
20337
20340
20346
20352
20355
20356
20358
20365
20366
20368
20374
20375
20388
20403
20405
20418
20421
20425
20429
20437
20441
20442
20454
20461
20466
20480
20482
20486
20488
20493
20503
20507
20514
20516
20525
20526
20530
20531
20534
20538
20540
20541
20543
20545
20546
20551
20552
20554
20557
20563
20565
20567
20571
20574
20577
20582
20591
20597
20598
20602
20603
20604
20606
20615
20616
20617
20620
20624
20625
20627
20633
20634
20636
20637
20643
20648
20649
20652
20657
20658
20661
20666
20672
20678
20682
20694
20695
20703
20705
20711
20716
20722
20726
20738
20739
20742
20747
20748
20755
20765
20771
20776
20782
20785
20786
20798
20799
20800
20803
20805
20809
20812
20814
20817
20818
20819
20821
20822
20825
20827
20830
20831
20837
20840
20843
20854
20856
20861
20866
20867
20868
20872
20877
20881
20883
20884
20886
20889
20890
20893
20898
20906
20911
20912
20916
20919
20921
20925
20926
20927
20928
20929
20931
20933
20936
20940
20952
20957
20958
20961
20962
20963
20964
20967
20969
20970
20971
20977
20980
20981
20982
20984
20985
20988
20991
20992
20996
20997
20998
20999
21002
21003
21005
21008
21009
21013
21014
21021
21025
21027
21029
21031
21045
21048
21049
21051
21053
21054
21057
21058
21061
21063
21064
21065
21068
21072
21073
21074
21075
21077
21079
21080
21081
21082
21083
21084
21085
21088
21090
21091
21092
21093
21094
21096
21098
21099
21100
21102
21103
21104
21105
21106
21107
21109
21110
21112
21113
21114
21115
21116
21117
21118
21120
21121
21122
21123
21124
21125
21126
21128
21129
21130
21131
21132
21133
21135
21136
21137
21138
21139
21140
21143
21144
21145
21146
21147
21149
21150
21151
21152
21154
21155
21156
21158
21160
21161
21162
21164
21165
21166
21167
21168
21169
21170
21171
21172
21174
21175
21177
21178
21180
21182
21184
21185
21186
21188
21190
21191
21192
21193
21194
21195
21196
21199
21200
21201
21202
21203
21206
21209
21211
21212
21213
21214
21215
21216
21218
21219
21220
21221
21223
21224
21225
21228
21230
21231
21233
21234
21235
21236
21238
21239
21240
21243
21245
21246
21247
21248
21249
21251
21252
21253
21254
21255
21256
21258
21259
21260
21261
21262
21263
21267
21268
21269
21270
21271
21273
21274
21277
21279
21280
21281
21282
21286
21287
21289
21291
21292
21293
21294
21298
21299
21301
21303
21304
21305
21306
21307
21308
21310
21311
21314
21316
21317
21318
21321
21322
21323
21325
21328
21329
21330
21331
21332
21333
21334
21335
21337
21340
21342
21343
21344
21345
21347
21348
21351
21352
21353
21354
21360
21361
21362
21365
21366
21367
21368
21370
21372
21375
21378
21383
21384
21385
21387
21388
21389
21392
21395
21399
21400
21401
21402
21403
21406
21407
21411
21412
21415
21416
21418
21419
21422
21423
21424
21425
21427
21428
21429
21434
21435
21437
21438
21440
21441
21443
21447
21451
21453
21454
21455
21456
21460
21465
21466
21467
21468
21470
21471
21472
21474
21476
21477
21479
21481
21482
21483
21484
21485
21487
21488
21490
21493
21495
21496
21498
21499
21500
21503
21505
21510
21512
21515
21516
21517
21518
21519
21520
21521
21523
21526
21529
21531
21534
21536
21541
21543
21545
21546
21548
21553
21554
21556
21557
21558
21560
21562
21566
21568
21571
21572
21573
21574
21577
21578
21581
21583
21585
21586
21587
21588
21592
21593
21599
21601
21602
21603
21605
21606
21608
21610
21612
21615
21616
21618
21619
21626
21631
21633
21636
21637
21638
21643
21653
21656
21658
21659
21661
21664
21668
21669
21671
21673
21674
21676
21678
21680
21681
21689
21690
21693
21696
21697
21698
21700
21701
21702
21704
21709
21714
21716
21719
21720
21721
21724
21725
21726
21727
21730
21732
21734
21735
21738
21744
21745
21749
21750
21753
21754
21755
21760
21762
21763
21764
21765
21769
21770
21776
21778
21782
21783
21789
21790
21792
21795
21798
21799
21802
21804
21806
21807
21808
21810
21815
21816
21818
21823
21824
21826
21827
21829
21831
21834
21836
21842
21844
21845
21846
21847
21848
21850
21852
21853
21855
21857
21858
21860
21862
21865
21866
21869
21871
21876
21877
21878
21882
21884
21886
21887
21888
21889
21892
21893
21894
21895
21901
21902
21907
21908
21910
21912
21913
21914
21918
21919
21921
21929
21930
21932
21939
21941
21942
21946
21947
21948
21949
21950
21952
21954
21955
21956
21958
21959
21966
21967
21968
21969
21973
21974
21981
21983
21984
21988
21992
21993
21995
21996
21997
21998
21999
22000
22001
22004
22005
22008
22009
22012
22016
22020
22021
22024
22029
22031
22032
22033
22034
22036
22037
22038
22041
22043
22044
22046
22047
22049
22053
22054
22057
22060
22061
22062
22064
22066
22067
22070
22071
22073
22076
22079
22080
22082
22084
22086
22087
22089
22090
22091
22093
22099
22100
22101
22102
22103
22104
22105
22109
22110
22113
22114
22115
22118
22119
22122
22123
22125
22126
22127
22129
22131
22133
22134
22139
22140
22141
22142
22144
22147
22148
22150
22151
22156
22158
22159
22162
22163
22164
22165
22166
22169
22170
22171
22172
22174
22176
22177
22180
22182
22184
22187
22188
22192
22194
22196
22198
22199
22201
22202
22204
22205
22207
22210
22212
22213
22214
22215
22217
22220
22222
22224
22227
22228
22230
22231
22235
22236
22237
22239
22241
22242
22244
22245
22246
22247
22251
22252
22253
22254
22258
22259
22261
22262
22264
22266
22268
22269
22271
22272
22273
22275
22276
22278
22282
22283
22311
22312
22321
22323
22340
22345
22356
22359
22363
22365
22368
22372
22374
22380
22385
22388
22399
22407
22410
22412
22414
22416
22421
22428
22429
22430
22436
22437
22441
22442
22446
22460
22526
22571
22575
22603
22611
22650
22653
22657
22671
22695
22704
22750
22770
22783
22817
22831
22836
22840
22882
22886
22893
22949
22965
22967
22968
22970
22971
22972
22974
22975
22976
22977
22979
22980
22981
22982
22985
22986
22987
22989
22993
22994
22995
22996
22997
22998
23000
23003
23004
23005
23006
23008
23009
23011
23013
23014
23015
23018
23019
23020
23021
23022
23023
23025
23027
23030
23031
23034
23036
23037
23038
23040
23041
23042
23043
23044
23046
23048
23049
23050
23051
23052
23053
23056
23057
23062
23065
23067
23069
23072
23073
23074
23075
23076
23078
23079
23080
23082
23084
23085
23087
23089
23091
23095
23096
23098
23099
23102
23103
23105
23106
23108
23112
23116
23117
23121
23122
23125
23126
23128
23129
23130
23133
23134
23135
23136
23138
23139
23140
23142
23146
23147
23149
23151
23152
23157
23160
23161
23163
23168
23174
23176
23177
23178
23179
23180
23183
23184
23185
23186
23187
23188
23193
23194
23199
23203
23209
23214
23215
23216
23219
23222
23223
23224
23233
23239
23240
23242
23243
23245
23246
23247
23249
23250
23255
23256
23257
23258
23262
23263
23267
23269
23270
23271
23273
23274
23275
23278
23279
23283
23288
23290
23291
23292
23293
23294
23295
23301
23302
23303
23307
23310
23311
23313
23316
23319
23321
23322
23327
23335
23336
23343
23344
23345
23350
23351
23353
23355
23366
23370
23372
23378
23380
23381
23382
23384
23385
23386
23389
23391
23392
23395
23397
23402
23404
23406
23407
23409
23410
23415
23416
23421
23423
23427
23434
23441
23443
23444
23445
23446
23449
23450
23458
23459
23463
23465
23466
23467
23471
23474
23475
23477
23486
23488
23489
23505
23507
23510
23511
23512
23515
23516
23519
23520
23522
23524
23536
23537
23540
23541
23548
23549
23552
23554
23557
23559
23564
23576
23577
23579
23580
23582
23583
23584
23585
23589
23592
23595
23598
23601
23603
23605
23609
23614
23616
23620
23621
23622
23625
23629
23641
23647
23649
23650
23652
23658
23659
23660
23663
23666
23669
23670
23671
23681
23682
23687
23688
23690
23698
23700
23701
23702
23703
23704
23705
23708
23710
23720
23722
23723
23725
23729
23730
23734
23737
23738
23739
23741
23742
23744
23745
23752
23753
23754
23758
23762
23764
23766
23769
23770
23771
23772
23778
23783
23784
23791
23793
23796
23797
23800
23806
23808
23810
23813
23815
23818
23819
23820
23821
23827
23828
23831
23833
23835
23842
23843
23845
23846
23847
23848
23851
23852
23855
23856
23858
23861
23863
23868
23874
23876
23883
23884
23887
23896
23899
23900
23901
23907
23910
23914
23917
23921
23922
23926
23931
23935
23938
23941
23946
23948
23954
23957
23963
23964
23965
23966
23971
23974
23991
23993
24000
24004
24008
24010
24012
24013
24016
24018
24020
24025
24031
24033
24046
24051
24052
24054
24055
24058
24059
24067
24068
24069
24071
24075
24081
24082
24085
24091
24093
24094
24097
24100
24108
24113
24116
24126
24129
24143
24150
24151
24153
24159
24161
24165
24168
24175
24188
24189
24190
24192
24194
24208
24217
24219
24221
24228
24236
24239
24240
24244
24245
24250
24256
24257
24258
24273
24275
24279
24281
24296
24300
24302
24306
24309
24317
24320
24329
24331
24339
24340
24341
24346
24350
24357
24358
24363
24371
24386
24397
24400
24405
24409
24410
24417
24421
24424
24441
24450
24452
24453
24455
24456
24469
24475
24477
24482
24487
24490
24496
24509
24515
24523
24524
24526
24529
24545
24548
24550
24566
24568
24570
24575
24579
24582
24586
24589
24591
24601
24604
24607
24612
24617
24625
24635
24636
24639
24640
24647
24648
24653
24662
24665
24666
24667
24672
24674
24679
24681
24682
24685
24691
24694
24695
24698
24699
24700
24702
24704
24705
24706
24707
24708
24711
24712
24713
24714
24716
24718
24719
24720
24721
24724
24727
24728
24733
24737
24739
24741
24746
24751
24758
24759
24765
24766
24768
24769
24770
24771
24772
24773
24776
24778
24779
24780
24785
24787
24788
24789
24790
24791
24792
24794
24796
24797
24799
24801
24802
24804
24805
24806
24808
24809
24810
24811
24812
24813
24814
24816
24818
24820
24821
24822
24823
24824
24826
24827
24828
24830
24831
24833
24834
24835
24836
24837
24838
24840
24842
24843
24844
24845
24846
24847
24849
24850
24852
24854
24855
24857
24858
24859
24862
24863
24864
24865
24866
24867
24868
24870
24872
24874
24876
24879
24880
24881
24882
24883
24885
24886
24887
24888
24889
24890
24891
24892
24894
24895
24896
24899
24901
24902
24903
24904
24906
24907
24908
24910
24911
24912
24913
24914
24915
24916
24917
24918
24920
24921
24923
24925
24926
24927
24928
24931
24932
24935
24938
24939
24940
24942
24943
24944
24945
24950
24951
24952
24954
24956
24957
24958
24962
24963
24964
24966
24967
24968
24969
24970
24972
24975
24979
24981
24984
24987
24995
24996
24997
24999
25000
25001
25002
25004
25006
25008
25012
25013
25015
25016
25020
25021
25022
25029
25030
25031
25033
25036
25037
25039
25044
25050
25052
25053
25055
25056
25057
25060
25063
25067
25068
25070
25071
25072
25073
25074
25075
25079
25081
25082
25084
25085
25086
25091
25094
25097
25099
25100
25105
25106
25108
25109
25110
25112
25113
25115
25116
25117
25121
25123
25125
25126
25127
25133
25135
25136
25137
25138
25139
25141
25142
25146
25148
25149
25151
25154
25155
25158
25161
25165
25166
25167
25170
25174
25175
25179
25181
25182
25186
25191
25192
25193
25196
25197
25199
25201
25203
25206
25209
25212
25213
25214
25215
25217
25218
25219
25221
25222
25223
25226
25227
25228
25230
25231
25233
25237
25238
25241
25243
25244
25246
25247
25250
25253
25259
25260
25264
25265
25266
25267
25268
25270
25272
25274
25275
25277
25278
25282
25286
25287
25289
25292
25293
25295
25302
25303
25306
25307
25309
25314
25317
25320
25321
25322
25324
25326
25329
25332
25333
25334
25335
25337
25340
25344
25345
25347
25351
25353
25355
25366
25367
25369
25371
25372
25376
25389
25390
25391
25394
25395
25404
25406
25407
25410
25411
25413
25418
25422
25428
25433
25434
25437
25438
25439
25442
25446
25449
25452
25455
25456
25457
25463
25464
25467
25469
25470
25471
25473
25479
25480
25483
25490
25494
25497
25499
25502
25503
25505
25506
25509
25510
25516
25520
25522
25524
25530
25532
25535
25537
25538
25540
25545
25548
25550
25551
25553
25555
25560
25562
25563
25564
25565
25570
25571
25574
25575
25579
25580
25583
25585
25586
25588
25589
25592
25594
25597
25601
25602
25603
25607
25613
25614
25615
25618
25621
25624
25627
25631
25632
25633
25635
25638
25640
25643
25644
25649
25652
25654
25655
25660
25663
25664
25669
25671
25672
25673
25676
25679
25681
25682
25685
25689
25691
25693
25695
25697
25699
25701
25702
25705
25708
25709
25711
25712
25714
25719
25722
25725
25730
25731
25732
25734
25738
25741
25743
25744
25746
25748
25749
25750
25751
25754
25755
25756
25757
25758
25761
25762
25765
25767
25769
25771
25772
25774
25775
25776
25781
25785
25786
25790
25791
25792
25793
25794
25799
25801
25803
25804
25805
25812
25814
25815
25818
25819
25820
25821
25823
25824
25826
25828
25829
25832
25833
25836
25837
25838
25839
25840
25841
25842
25843
25844
25845
25846
25847
25854
25855
25856
25857
25858
25859
25862
25865
25868
25871
25876
25877
25881
25884
25885
25886
25887
25889
25890
25891
25893
25894
25896
25898
25899
25900
25901
25902
25903
25904
25905
25906
25907
25913
25915
25916
25919
25921
25924
25926
25927
25928
25931
25934
25936
25937
25938
25939
25940
25941
25942
25945
25946
25947
25949
25953
25954
25955
25956
25958
25959
25960
25962
25966
25968
25970
25971
25972
25975
25976
25977
25978
25980
25982
25984
25986
25987
25989
25990
25991
25992
25993
25995
25997
26000
26003
26006
26014
26017
26020
26024
26026
26030
26035
26037
26038
26039
26044
26052
26062
26073
26088
26089
26093
26110
26111
26112
26121
26124
26134
26141
26142
26143
26149
26150
26152
26155
26156
26159
26160
26161
26168
26174
26183
26188
26205
26236
26249
26263
26304
26329
26357
26373
26384
26416
26423
26428
26440
26463
26482
26496
26534
26554
26559
26562
26616
26631
26651
26655
26666
26672
26674
26678
26679
26680
26681
26682
26683
26684
26685
26686
26688
26690
26691
26693
26694
26695
26697
26698
26699
26700
26702
26703
26704
26705
26706
26707
26708
26710
26711
26712
26714
26715
26717
26718
26720
26722
26723
26724
26725
26726
26727
26729
26730
26732
26733
26735
26736
26738
26739
26741
26744
26745
26746
26748
26750
26751
26753
26755
26756
26757
26758
26759
26760
26761
26762
26764
26767
26768
26769
26770
26772
26773
26775
26776
26777
26778
26779
26781
26783
26784
26786
26787
26788
26790
26791
26796
26797
26798
26799
26800
26801
26802
26803
26805
26808
26809
26810
26811
26812
26813
26814
26816
26817
26819
26820
26822
26824
26826
26828
26829
26830
26834
26835
26837
26840
26841
26842
26843
26845
26846
26848
26849
26853
26855
26856
26860
26861
26862
26863
26864
26866
26869
26870
26871
26873
26874
26877
26881
26882
26884
26886
26890
26892
26893
26894
26896
26897
26898
26899
26901
26902
26913
26914
26915
26917
26920
26921
26923
26924
26925
26926
26927
26928
26929
26930
26931
26932
26933
26934
26936
26937
26938
26939
26940
26943
26944
26945
26948
26953
26956
26957
26959
26960
26961
26963
26964
26965
26967
26969
26970
26972
26975
26977
26979
26980
26983
26984
26985
26986
26987
26989
26990
26992
26995
26996
26997
26998
26999
27000
27001
27003
27007
27008
27010
27013
27014
27015
27016
27020
27021
27022
27025
27026
27027
27029
27030
27032
27035
27036
27040
27041
27042
27043
27047
27048
27051
27053
27054
27059
27060
27062
27064
27067
27069
27070
27071
27072
27076
27077
27079
27081
27082
27083
27085
27089
27090
27092
27095
27096
27099
27100
27103
27104
27105
27107
27109
27111
27113
27119
27120
27121
27122
27123
27124
27126
27129
27130
27134
27139
27143
27146
27147
27149
27150
27152
27155
27157
27158
27160
27162
27163
27165
27166
27170
27171
27172
27175
27176
27179
27180
27189
27191
27202
27203
27205
27206
27208
27211
27212
27214
27215
27217
27219
27221
27222
27223
27226
27227
27228
27232
27233
27244
27245
27246
27250
27251
27255
27256
27260
27264
27266
27270
27271
27274
27277
27280
27281
27284
27287
27289
27294
27295
27296
27297
27298
27299
27303
27304
27308
27311
27312
27314
27318
27319
27321
27322
27324
27325
27327
27328
27329
27330
27331
27333
27334
27336
27340
27341
27343
27346
27347
27350
27354
27355
27360
27361
27362
27364
27366
27367
27371
27373
27375
27379
27383
27384
27385
27386
27389
27390
27392
27393
27395
27396
27397
27401
27404
27405
27406
27407
27408
27418
27422
27423
27424
27426
27427
27428
27434
27437
27439
27443
27446
27447
27448
27453
27454
27455
27456
27458
27459
27460
27465
27466
27468
27473
27475
27476
27477
27480
27483
27484
27485
27486
27487
27488
27490
27493
27495
27497
27499
27505
27507
27508
27509
27510
27514
27516
27517
27518
27522
27525
27526
27531
27533
27534
27537
27538
27539
27541
27544
27545
27550
27553
27557
27560
27561
27562
27565
27566
27567
27569
27570
27571
27572
27574
27575
27578
27589
27592
27593
27594
27596
27597
27601
27602
27604
27618
27621
27627
27635
27636
27639
27642
27649
27650
27656
27657
27660
27662
27663
27667
27669
27670
27671
27672
27676
27679
27680
27682
27684
27690
27691
27692
27693
27694
27697
27698
27705
27707
27708
27710
27713
27718
27723
27727
27730
27732
27734
27735
27736
27737
27739
27743
27745
27747
27749
27754
27757
27758
27760
27761
27764
27765
27766
27768
27781
27783
27785
27786
27788
27789
27796
27797
27802
27803
27815
27819
27837
27845
27854
27855
27856
27859
27865
27871
27875
27889
27895
27898
27902
27904
27906
27910
27914
27915
27916
27917
27922
27924
27927
27931
27933
27935
27942
27946
27952
27955
27958
27961
27969
27972
27976
27978
27985
27993
27995
27996
27999
28002
28010
28013
28019
28021
28027
28029
28031
28032
28036
28039
28041
28043
28044
28045
28048
28055
28062
28072
28076
28077
28080
28082
28085
28086
28096
28097
28102
28111
28112
28114
28123
28124
28131
28133
28143
28144
28145
28147
28156
28159
28162
28163
28164
28166
28167
28168
28169
28171
28176
28183
28185
28197
28199
28202
28203
28204
28224
28226
28233
28236
28237
28239
28240
28242
28243
28245
28246
28248
28257
28258
28268
28273
28279
28280
28283
28284
28286
28292
28294
28295
28305
28306
28309
28311
28315
28317
28318
28319
28321
28323
28325
28326
28331
28339
28340
28343
28344
28348
28349
28352
28354
28355
28370
28372
28373
28379
28380
28382
28385
28386
28389
28392
28393
28395
28399
28402
28405
28412
28413
28416
28419
28420
28427
28428
28430
28434
28436
28440
28441
28442
28443
28447
28448
28452
28453
28455
28457
28459
28460
28461
28475
28478
28479
28483
28485
28486
28487
28489
28490
28491
28493
28494
28498
28499
28501
28502
28503
28504
28507
28508
28509
28510
28511
28512
28513
28515
28516
28518
28519
28520
28521
28523
28524
28526
28527
28528
28529
28530
28532
28533
28534
28535
28536
28540
28541
28544
28545
28548
28549
28550
28552
28553
28554
28555
28556
28558
28559
28562
28563
28566
28567
28569
28570
28571
28572
28573
28575
28578
28579
28581
28583
28584
28589
28590
28592
28593
28594
28595
28596
28597
28599
28601
28602
28603
28604
28605
28606
28609
28610
28612
28615
28616
28618
28620
28621
28622
28623
28624
28625
28626
28628
28629
28631
28633
28634
28635
28637
28638
28639
28640
28642
28644
28645
28646
28648
28649
28650
28651
28652
28653
28654
28657
28658
28662
28664
28666
28667
28670
28671
28673
28674
28675
28676
28677
28679
28680
28682
28683
28685
28686
28687
28689
28690
28691
28695
28696
28697
28698
28699
28701
28704
28705
28706
28709
28710
28714
28715
28716
28717
28719
28720
28721
28722
28723
28724
28726
28727
28728
28729
28731
28732
28733
28737
28738
28740
28742
28743
28745
28746
28747
28749
28750
28751
28752
28753
28755
28756
28757
28758
28760
28762
28766
28767
28771
28773
28774
28776
28778
28779
28782
28784
28786
28787
28790
28792
28793
28794
28797
28798
28799
28801
28803
28804
28805
28806
28808
28809
28810
28811
28814
28815
28819
28820
28821
28823
28824
28827
28828
28830
28832
28833
28835
28838
28840
28842
28843
28846
28848
28850
28851
28852
28853
28855
28856
28862
28864
28865
28866
28867
28868
28869
28871
28877
28881
28882
28884
28885
28886
28888
28889
28890
28892
28894
28895
28896
28899
28900
28902
28904
28905
28907
28909
28910
28912
28913
28915
28916
28917
28918
28921
28923
28926
28927
28928
28930
28932
28933
28934
28935
28936
28939
28940
28944
28945
28949
28951
28952
28955
28956
28957
28960
28962
28963
28964
28966
28967
28968
28969
28971
28973
28977
28981
28982
28984
28985
28986
28987
28988
28989
28990
28991
28992
28993
28999
29001
29002
29004
29005
29008
29012
29014
29016
29017
29019
29020
29021
29023
29025
29027
29028
29030
29031
29033
29034
29035
29036
29038
29040
29043
29045
29046
29047
29051
29059
29060
29065
29066
29074
29079
29081
29087
29088
29090
29094
29097
29099
29102
29106
29108
29109
29115
29116
29118
29119
29121
29124
29125
29126
29132
29135
29136
29138
29143
29147
29148
29149
29152
29154
29156
29157
29160
29161
29163
29165
29171
29172
29173
29177
29179
29183
29186
29189
29190
29192
29193
29196
29198
29202
29204
29208
29209
29210
29211
29213
29217
29218
29219
29221
29223
29224
29226
29227
29229
29230
29235
29237
29238
29241
29246
29247
29248
29254
29255
29259
29264
29266
29269
29273
29274
29275
29276
29278
29280
29283
29284
29285
29293
29296
29299
29300
29301
29306
29307
29310
29314
29315
29317
29320
29324
29327
29330
29335
29337
29341
29345
29346
29347
29349
29352
29355
29356
29360
29363
29366
29368
29370
29372
29374
29376
29377
29378
29381
29382
29383
29386
29387
29390
29391
29395
29396
29401
29403
29404
29405
29408
29410
29412
29414
29416
29419
29421
29423
29424
29428
29431
29432
29433
29434
29435
29436
29437
29440
29442
29444
29445
29446
29448
29449
29452
29455
29458
29460
29461
29462
29464
29465
29468
29470
29476
29480
29481
29484
29485
29488
29492
29499
29500
29501
29502
29507
29509
29510
29512
29514
29515
29516
29517
29519
29522
29527
29528
29529
29530
29531
29532
29533
29534
29537
29540
29541
29542
29544
29546
29553
29554
29555
29556
29557
29558
29559
29562
29564
29565
29566
29567
29568
29569
29570
29571
29572
29576
29579
29580
29584
29586
29590
29591
29592
29593
29598
29599
29600
29602
29603
29605
29607
29610
29611
29612
29616
29617
29619
29621
29626
29627
29629
29630
29632
29634
29635
29636
29638
29640
29641
29642
29643
29645
29648
29651
29652
29653
29654
29655
29656
29657
29658
29659
29664
29667
29668
29669
29670
29672
29673
29675
29677
29678
29680
29684
29685
29686
29689
29690
29691
29692
29693
29694
29697
29699
29700
29701
29702
29704
29706
29710
29711
29713
29722
29725
29731
29745
29754
29756
29757
29772
29778
29780
29781
29791
29793
29796
29801
29807
29809
29810
29813
29825
29826
29827
29830
29835
29840
29849
29853
29856
29862
29864
29866
29880
29884
29895
29912
29917
29919
29923
29926
29931
29939
29966
29973
29993
30003
30006
30008
30058
30068
30071
30082
30121
30134
30147
30150
30161
30163
30180
30223
30225
30233
30241
30247
30262
30264
30284
30298
30299
30306
30312
30330
30335
30339
30346
30348
30358
30361
30366
30371
30388
30390
30393
30394
30396
30397
30398
30399
30400
30401
30403
30404
30405
30406
30407
30408
30412
30413
30414
30415
30416
30417
30418
30420
30422
30423
30424
30426
30428
30429
30431
30432
30434
30435
30436
30437
30438
30439
30440
30441
30443
30445
30446
30447
30449
30450
30452
30453
30454
30456
30458
30460
30461
30462
30466
30468
30469
30470
30472
30474
30479
30480
30481
30484
30485
30486
30490
30494
30495
30496
30500
30501
30502
30503
30504
30507
30508
30510
30512
30514
30516
30517
30518
30519
30520
30521
30523
30524
30525
30526
30527
30528
30530
30531
30536
30542
30544
30545
30546
30547
30548
30549
30552
30557
30561
30562
30564
30566
30570
30571
30572
30573
30574
30575
30576
30580
30583
30585
30587
30588
30589
30590
30591
30592
30593
30595
30597
30598
30599
30602
30604
30606
30608
30610
30611
30613
30615
30616
30618
30619
30621
30623
30624
30626
30627
30628
30631
30634
30637
30640
30643
30644
30645
30647
30649
30650
30651
30653
30654
30656
30657
30661
30662
30663
30665
30666
30668
30670
30673
30674
30675
30677
30678
30682
30684
30686
30689
30691
30694
30697
30698
30702
30705
30706
30707
30709
30711
30712
30715
30717
30718
30720
30721
30722
30724
30729
30731
30736
30737
30738
30740
30744
30746
30749
30750
30756
30757
30758
30762
30763
30764
30766
30768
30773
30775
30776
30777
30778
30779
30782
30784
30785
30786
30787
30789
30790
30791
30793
30795
30800
30805
30807
30809
30810
30813
30817
30819
30821
30822
30823
30824
30825
30826
30828
30830
30831
30833
30834
30835
30840
30843
30844
30847
30849
30852
30854
30855
30858
30859
30861
30862
30864
30865
30866
30869
30870
30874
30876
30879
30880
30881
30883
30884
30885
30889
30890
30892
30894
30897
30898
30899
30900
30901
30902
30907
30911
30913
30915
30916
30917
30918
30919
30921
30922
30923
30924
30927
30930
30931
30933
30935
30936
30939
30940
30941
30942
30946
30947
30948
30950
30953
30954
30955
30957
30961
30964
30965
30968
30969
30970
30971
30972
30973
30974
30977
30979
30989
30990
30991
30992
30995
30998
31001
31003
31004
31005
31008
31010
31012
31015
31021
31023
31027
31033
31035
31038
31039
31040
31045
31046
31048
31050
31054
31057
31059
31060
31061
31062
31063
31064
31066
31067
31069
31073
31075
31076
31077
31078
31080
31086
31087
31088
31090
31091
31093
31094
31098
31103
31104
31108
31110
31111
31114
31115
31118
31120
31121
31125
31128
31130
31131
31132
31135
31139
31140
31142
31146
31147
31148
31149
31150
31151
31153
31159
31161
31166
31167
31168
31170
31172
31173
31176
31178
31186
31189
31190
31191
31192
31194
31198
31199
31200
31205
31207
31210
31215
31219
31220
31221
31224
31225
31232
31236
31237
31239
31242
31244
31247
31248
31250
31251
31253
31262
31264
31265
31266
31268
31272
31273
31274
31275
31276
31277
31279
31283
31284
31286
31289
31290
31291
31292
31293
31295
31298
31299
31302
31303
31304
31305
31306
31308
31311
31316
31319
31321
31327
31332
31334
31344
31345
31346
31349
31351
31353
31356
31359
31360
31368
31371
31376
31381
31386
31387
31388
31390
31393
31394
31397
31402
31407
31410
31417
31421
31422
31425
31427
31430
31433
31438
31440
31441
31447
31449
31455
31458
31468
31471
31473
31474
31479
31480
31482
31485
31494
31495
31497
31498
31499
31500
31503
31507
31508
31511
31516
31517
31519
31521
31524
31531
31532
31533
31538
31543
31547
31553
31554
31558
31559
31560
31573
31578
31579
31580
31583
31590
31592
31595
31599
31602
31614
31616
31622
31624
31628
31632
31636
31641
31645
31646
31648
31656
31664
31667
31668
31669
31670
31673
31676
31678
31679
31680
31683
31685
31687
31696
31697
31702
31707
31709
31714
31719
31720
31724
31725
31728
31729
31733
31737
31738
31739
31740
31745
31746
31749
31751
31756
31758
31759
31762
31767
31775
31786
31787
31791
31797
31801
31810
31812
31814
31820
31823
31824
31825
31831
31835
31837
31841
31845
31851
31855
31865
31868
31869
31870
31873
31878
31880
31882
31883
31884
31890
31892
31897
31899
31911
31914
31919
31922
31923
31924
31930
31935
31947
31951
31952
31954
31955
31956
31964
31967
31979
31981
31982
31986
31988
31991
31994
31995
31996
32001
32009
32010
32014
32019
32029
32035
32039
32040
32041
32049
32052
32053
32057
32058
32063
32064
32068
32069
32071
32073
32074
32075
32088
32089
32092
32093
32094
32095
32096
32098
32099
32100
32102
32103
32104
32105
32106
32108
32109
32110
32113
32116
32117
32118
32119
32120
32121
32123
32125
32126
32127
32130
32131
32133
32134
32135
32137
32139
32140
32141
32142
32143
32144
32147
32148
32150
32151
32154
32155
32161
32162
32165
32166
32169
32171
32173
32174
32176
32180
32181
32183
32184
32187
32189
32190
32191
32192
32197
32198
32199
32200
32201
32203
32204
32205
32206
32207
32213
32214
32215
32216
32217
32219
32221
32222
32223
32224
32225
32226
32227
32229
32230
32232
32233
32234
32237
32238
32240
32241
32242
32243
32244
32246
32247
32249
32250
32251
32252
32253
32254
32255
32256
32257
32258
32259
32260
32264
32265
32266
32267
32268
32269
32270
32271
32272
32273
32274
32276
32277
32278
32279
32280
32281
32282
32283
32284
32285
32287
32288
32289
32290
32291
32292
32294
32296
32297
32298
32301
32306
32307
32308
32309
32310
32313
32314
32315
32316
32317
32318
32319
32320
32322
32323
32324
32325
32326
32327
32330
32331
32332
32333
32334
32335
32336
32338
32340
32341
32343
32344
32345
32348
32349
32350
32353
32354
32356
32357
32360
32365
32366
32367
32368
32370
32373
32374
32376
32377
32378
32380
32381
32382
32383
32384
32386
32388
32390
32392
32393
32394
32396
32398
32399
32400
32401
32402
32403
32406
32409
32411
32412
32413
32415
32416
32417
32418
32423
32424
32428
32429
32431
32432
32433
32436
32440
32442
32443
32444
32446
32448
32450
32451
32453
32455
32456
32459
32461
32462
32463
32465
32467
32468
32471
32472
32473
32474
32475
32478
32479
32480
32484
32485
32486
32488
32489
32490
32491
32494
32495
32496
32498
32500
32502
32503
32509
32511
32512
32515
32516
32517
32518
32520
32522
32523
32525
32527
32528
32529
32530
32531
32532
32533
32539
32540
32541
32542
32545
32546
32549
32554
32557
32558
32559
32560
32561
32563
32564
32565
32567
32569
32572
32573
32576
32577
32580
32581
32583
32585
32588
32591
32593
32594
32595
32596
32597
32598
32602
32603
32605
32606
32607
32608
32609
32610
32612
32613
32615
32616
32618
32619
32620
32623
32624
32625
32626
32627
32630
32631
32635
32636
32637
32638
32640
32641
32642
32646
32647
32648
32649
32650
32651
32652
32653
32654
32655
32656
32657
32659
32662
32663
32664
32665
32666
32667
32668
32669
32670
32671
32672
32673
32674
32677
32678
32680
32681
32682
32685
32686
32687
32688
32692
32695
32697
32698
32700
32701
32702
32707
32708
32710
32711
32712
32713
32714
32715
32717
32719
32720
32723
32724
32728
32730
32731
32734
32737
32739
32745
32747
32748
32749
32750
32751
32754
32759
32760
32762
32763
32764
32769
32772
32773
32775
32779
32780
32781
32783
32787
32788
32790
32795
32796
32798
32800
32801
32802
32803
32804
32805
32806
32810
32811
32813
32814
32816
32820
32822
32825
32826
32827
32829
32830
32831
32832
32835
32838
32839
32840
32841
32843
32844
32846
32847
32849
32850
32851
32855
32856
32859
32860
32861
32862
32865
32866
32867
32870
32874
32877
32879
32880
32881
32883
32884
32885
32888
32892
32893
32894
32897
32899
32904
32908
32910
32911
32912
32916
32917
32919
32920
32922
32923
32924
32925
32926
32929
32931
32932
32934
32935
32936
32937
32942
32944
32948
32949
32952
32953
32954
32960
32961
32962
32963
32968
32969
32970
32974
32975
32978
32979
32980
32982
32984
32986
32988
32990
32991
32997
32999
33001
33002
33003
33004
33006
33009
33010
33011
33013
33015
33016
33019
33020
33023
33024
33025
33026
33027
33028
33031
33032
33033
33035
33036
33037
33039
33041
33049
33051
33052
33053
33055
33059
33061
33063
33065
33068
33070
33071
33073
33078
33080
33081
33082
33084
33087
33088
33089
33090
33092
33093
33094
33095
33096
33097
33099
33100
33101
33102
33103
33105
33110
33118
33121
33125
33126
33127
33128
33129
33130
33131
33132
33133
33134
33135
33137
33138
33139
33142
33146
33147
33148
33149
33150
33151
33154
33158
33162
33164
33168
33169
33171
33174
33175
33176
33178
33179
33180
33182
33185
33186
33187
33194
33195
33198
33199
33200
33202
33204
33206
33207
33209
33212
33214
33215
33216
33218
33219
33220
33221
33222
33226
33228
33231
33232
33233
33235
33236
33238
33239
33240
33241
33242
33243
33244
33246
33247
33248
33251
33252
33253
33254
33255
33256
33257
33258
33260
33261
33262
33264
33265
33267
33268
33269
33273
33274
33275
33277
33278
33284
33286
33287
33289
33290
33293
33294
33296
33297
33300
33301
33304
33305
33306
33308
33309
33311
33312
33313
33314
33315
33316
33318
33320
33321
33324
33326
33330
33334
33335
33337
33341
33343
33344
33349
33350
33351
33352
33354
33355
33356
33359
33362
33365
33366
33367
33368
33369
33370
33372
33373
33374
33377
33378
33379
33380
33381
33383
33384
33385
33386
33387
33388
33389
33390
33391
33394
33396
33397
33398
33399
33400
33402
33403
33405
33406
33408
33410
33411
33412
33413
33414
33415
33416
33417
33418
33419
33420
33421
33422
33423
33425
33426
33428
33431
33432
33434
33435
33438
33439
33440
33448
33450
33451
33452
33453
33455
33457
33458
33459
33460
33461
33463
33464
33465
33470
33471
33488
33493
33498
33504
33515
33516
33523
33524
33527
33538
33540
33541
33543
33552
33565
33566
33567
33569
33570
33571
33572
33587
33588
33589
33594
33598
33609
33611
33614
33640
33683
33687
33731
33732
33741
33742
33752
33770
33775
33778
33781
33795
33796
33817
33821
33839
33851
33868
33879
33891
33925
33929
33933
33935
33940
33950
33957
33976
33977
33990
34012
34030
34060
34062
34096
34098
34100
34101
34102
34103
34105
34106
34107
34108
34109
34110
34111
34112
34113
34114
34115
34116
34117
34118
34119
34122
34123
34124
34126
34127
34129
34130
34131
34132
34133
34134
34135
34136
34137
34138
34140
34141
34142
34144
34145
34146
34148
34149
34150
34151
34152
34153
34154
34155
34156
34157
34158
34160
34161
34162
34163
34164
34167
34168
34169
34172
34173
34174
34176
34177
34178
34179
34182
34184
34185
34186
34187
34188
34190
34192
34193
34194
34195
34196
34197
34198
34199
34200
34202
34203
34205
34206
34207
34208
34212
34214
34215
34216
34217
34218
34219
34221
34222
34223
34226
34229
34230
34231
34232
34233
34237
34238
34239
34240
34241
34243
34244
34245
34247
34249
34250
34252
34256
34257
34258
34263
34264
34265
34266
34267
34270
34271
34273
34274
34275
34276
34278
34279
34280
34285
34287
34288
34289
34290
34292
34295
34299
34301
34302
34306
34307
34310
34314
34318
34319
34320
34321
34322
34323
34325
34327
34332
34334
34341
34342
34343
34345
34348
34349
34350
34351
34353
34354
34356
34358
34359
34362
34363
34364
34367
34368
34371
34372
34373
34379
34380
34381
34383
34384
34385
34388
34392
34393
34395
34398
34400
34404
34405
34408
34409
34411
34412
34413
34414
34417
34418
34419
34420
34421
34424
34425
34427
34428
34429
34433
34434
34435
34437
34439
34441
34442
34443
34445
34446
34449
34454
34458
34459
34460
34461
34462
34463
34465
34470
34471
34474
34476
34478
34479
34480
34481
34482
34485
34486
34487
34490
34491
34494
34497
34498
34499
34500
34502
34503
34504
34507
34508
34509
34510
34512
34513
34515
34517
34518
34519
34520
34522
34523
34524
34527
34528
34531
34532
34533
34534
34535
34536
34537
34539
34541
34542
34547
34548
34549
34550
34551
34554
34555
34557
34563
34565
34571
34572
34573
34574
34575
34577
34581
34582
34583
34586
34588
34590
34592
34594
34597
34599
34600
34602
34604
34606
34608
34609
34614
34615
34617
34619
34621
34622
34623
34630
34633
34635
34637
34639
34643
34644
34645
34647
34648
34649
34650
34654
34655
34656
34657
34658
34660
34661
34665
34667
34668
34671
34673
34674
34677
34678
34679
34683
34686
34688
34690
34691
34692
34694
34698
34703
34705
34706
34709
34713
34715
34718
34720
34722
34723
34724
34725
34726
34727
34728
34733
34735
34737
34738
34741
34745
34747
34750
34751
34752
34756
34757
34758
34759
34760
34761
34762
34763
34764
34765
34766
34767
34771
34773
34775
34776
34777
34778
34780
34781
34782
34783
34784
34786
34789
34792
34793
34794
34795
34796
34799
34801
34803
34805
34806
34807
34808
34811
34812
34813
34815
34817
34819
34822
34824
34828
34829
34831
34837
34838
34840
34841
34842
34843
34845
34850
34853
34854
34855
34857
34860
34861
34862
34863
34865
34867
34871
34872
34873
34877
34878
34880
34881
34882
34883
34884
34886
34888
34889
34893
34894
34895
34898
34901
34902
34903
34904
34908
34909
34910
34911
34913
34914
34915
34916
34918
34919
34920
34925
34927
34930
34932
34933
34936
34937
34938
34939
34940
34941
34944
34946
34948
34950
34951
34953
34956
34959
34961
34962
34963
34964
34965
34966
34967
34968
34973
34975
34977
34978
34985
34986
34987
34988
34993
34997
34998
35000
35004
35006
35007
35009
35010
35011
35017
35019
35025
35034
35038
35040
35043
35044
35046
35047
35049
35052
35053
35059
35062
35063
35065
35066
35068
35070
35074
35075
35081
35083
35085
35088
35089
35091
35093
35097
35098
35100
35107
35108
35109
35111
35112
35113
35116
35120
35122
35123
35124
35125
35126
35127
35129
35132
35133
35135
35136
35140
35142
35151
35154
35155
35158
35160
35165
35168
35173
35174
35177
35179
35182
35185
35186
35187
35188
35192
35193
35194
35196
35197
35205
35207
35209
35210
35211
35213
35217
35222
35223
35226
35230
35233
35235
35237
35243
35247
35248
35249
35250
35251
35256
35259
35260
35264
35265
35266
35268
35269
35271
35272
35273
35278
35280
35283
35284
35285
35287
35293
35294
35297
35304
35306
35307
35310
35315
35316
35317
35322
35330
35331
35332
35336
35338
35339
35342
35345
35349
35350
35351
35354
35355
35356
35360
35363
35365
35370
35371
35372
35374
35377
35378
35380
35382
35383
35384
35386
35387
35389
35390
35391
35392
35395
35397
35399
35400
35401
35402
35406
35408
35414
35417
35421
35423
35425
35426
35429
35430
35438
35441
35442
35443
35444
35447
35448
35451
35454
35459
35462
35466
35467
35470
35471
35472
35473
35476
35480
35481
35482
35483
35484
35489
35492
35493
35495
35496
35499
35500
35503
35504
35505
35506
35509
35511
35513
35514
35515
35522
35524
35527
35528
35533
35539
35542
35543
35546
35547
35551
35553
35557
35561
35573
35576
35579
35580
35584
35587
35588
35589
35591
35592
35593
35594
35596
35601
35602
35604
35610
35611
35612
35613
35614
35617
35621
35625
35627
35629
35632
35634
35637
35638
35649
35650
35655
35656
35662
35664
35665
35666
35667
35668
35670
35673
35677
35679
35680
35684
35686
35691
35693
35695
35701
35705
35708
35714
35716
35717
35720
35721
35723
35725
35728
35729
35733
35735
35737
35738
35743
35744
35746
35751
35754
35755
35756
35759
35761
35767
35770
35773
35774
35777
35778
35780
35783
35787
35789
35790
35791
35796
35799
35800
35801
35803
35806
35807
35809
35810
35813
35814
35817
35818
35819
35820
35821
35823
35826
35830
35831
35832
35833
35835
35840
35841
35844
35845
35846
35847
35848
35849
35853
35855
35856
35857
35858
35861
35862
35863
35864
35865
35866
35869
35870
35872
35873
35874
35879
35881
35883
35884
35885
35888
35890
35891
35893
35894
35896
35897
35898
35900
35901
35903
35904
35907
35908
35911
35912
35913
35914
35915
35917
35918
35919
35920
35921
35925
35927
35929
35930
35931
35932
35933
35935
35936
35937
35938
35940
35941
35942
35943
35944
35945
35946
35947
35948
35949
35950
35951
35952
35953
35954
35955
35956
35957
35958
35959
35960
35961
35962
35963
35964
35967
35968
35969
35971
35972
35973
35974
35975
35976
35977
35978
35979
35980
35981
35982
35983
35984
35985
35986
35987
35988
35991
35992
35993
35994
35995
35996
35997
36000
36001
36003
36004
36005
36006
36007
36008
36009
36011
36012
36014
36015
36016
36017
36018
36019
36020
36021
36022
36023
36024
36025
36027
36028
36029
36030
36031
36032
36033
36034
36035
36036
36037
36038
36039
36040
36041
36042
36043
36044
36045
36046
36047
36048
36049
36050
36052
36053
36057
36058
36059
36060
36062
36063
36065
36066
36067
36068
36069
36070
36071
36072
36074
36075
36077
36078
36079
36080
36081
36082
36083
36085
36086
36087
36090
36092
36094
36095
36096
36098
36099
36100
36101
36102
36103
36106
36107
36108
36109
36110
36111
36112
36113
36114
36115
36116
36117
36118
36119
36120
36121
36122
36123
36125
36126
36127
36129
36130
36132
36134
36135
36137
36138
36140
36141
36142
36143
36144
36147
36148
36150
36151
36152
36154
36156
36157
36161
36163
36164
36165
36166
36167
36168
36170
36172
36173
36174
36175
36179
36181
36184
36185
36186
36188
36189
36191
36192
36193
36197
36199
36201
36202
36203
36205
36207
36210
36212
36214
36216
36217
36218
36221
36222
36223
36226
36230
36231
36232
36233
36234
36236
36240
36241
36242
36244
36245
36248
36250
36251
36252
36254
36255
36256
36257
36259
36261
36262
36263
36264
36265
36266
36267
36268
36270
36271
36274
36275
36278
36280
36281
36284
36287
36289
36292
36293
36294
36296
36297
36298
36299
36300
36301
36307
36308
36309
36310
36313
36314
36315
36316
36317
36320
36321
36322
36323
36324
36328
36329
36330
36331
36332
36333
36334
36335
36336
36337
36338
36341
36343
36344
36348
36349
36351
36353
36354
36355
36356
36358
36361
36362
36363
36364
36366
36368
36369
36371
36372
36373
36376
36378
36380
36383
36384
36385
36386
36387
36388
36390
36391
36392
36393
36395
36396
36397
36399
36400
36402
36405
36406
36409
36410
36411
36412
36413
36414
36415
36418
36419
36420
36421
36422
36424
36425
36426
36427
36428
36429
36430
36431
36433
36434
36440
36441
36442
36443
36444
36445
36446
36448
36449
36451
36453
36455
36456
36459
36463
36464
36465
36466
36467
36468
36470
36471
36472
36473
36474
36476
36479
36481
36484
36487
36489
36490
36492
36493
36494
36495
36497
36498
36501
36502
36503
36506
36507
36509
36512
36513
36514
36515
36518
36520
36522
36525
36527
36530
36532
36533
36534
36536
36537
36538
36539
36541
36545
36546
36549
36552
36553
36555
36556
36558
36560
36564
36565
36566
36569
36570
36571
36576
36577
36578
36580
36582
36583
36585
36588
36590
36591
36593
36596
36599
36605
36608
36609
36611
36615
36617
36618
36619
36620
36621
36622
36623
36624
36625
36631
36632
36633
36634
36637
36638
36639
36640
36641
36645
36646
36648
36651
36655
36658
36663
36664
36665
36666
36667
36668
36671
36672
36674
36678
36679
36681
36682
36683
36687
36688
36691
36692
36693
36694
36697
36700
36701
36702
36704
36706
36708
36712
36713
36714
36719
36720
36721
36725
36727
36728
36731
36732
36737
36738
36741
36743
36744
36749
36751
36755
36758
36759
36763
36764
36766
36767
36768
36769
36772
36773
36774
36775
36776
36777
36781
36783
36784
36785
36791
36792
36794
36796
36797
36798
36801
36805
36806
36807
36808
36810
36811
36813
36815
36816
36817
36818
36819
36820
36822
36823
36824
36829
36839
36840
36842
36843
36844
36847
36848
36849
36851
36852
36854
36855
36856
36860
36861
36862
36863
36864
36868
36870
36871
36872
36876
36881
36882
36883
36884
36885
36888
36889
36890
36892
36893
36894
36896
36898
36899
36901
36902
36903
36904
36909
36911
36912
36914
36918
36919
36920
36923
36924
36926
36928
36930
36932
36934
36935
36936
36937
36938
36940
36945
36946
36947
36949
36950
36952
36953
36954
36955
36957
36958
36959
36960
36963
36965
36966
36968
36969
36970
36974
36975
36979
36980
36981
36982
36983
36984
36985
36986
36987
36988
36989
36991
36994
36995
36996
36998
36999
37000
37003
37004
37005
37007
37008
37010
37011
37012
37014
37015
37016
37018
37019
37020
37026
37027
37028
37030
37031
37032
37033
37035
37038
37039
37044
37047
37048
37050
37051
37052
37053
37054
37055
37057
37058
37060
37061
37063
37064
37066
37068
37069
37070
37071
37072
37073
37075
37076
37078
37079
37080
37081
37082
37083
37084
37085
37086
37088
37089
37090
37091
37092
37093
37095
37096
37097
37098
37099
37100
37101
37102
37103
37104
37105
37108
37110
37111
37113
37114
37116
37117
37118
37119
37120
37121
37122
37124
37125
37126
37127
37128
37129
37131
37132
37133
37134
37135
37138
37139
