4
10
22
26
30
35
36
39
50
56
59
62
70
79
93
95
97
98
107
109
111
121
123
128
130
137
138
139
141
144
145
147
149
155
158
162
164
170
183
186
189
197
206
215
216
234
240
245
254
273
278
294
298
312
321
340
349
355
370
372
375
380
386
387
396
400
401
405
415
427
434
442
455
466
471
478
480
481
491
498
508
515
529
535
536
544
577
584
592
598
602
620
623
633
636
642
659
668
674
675
676
677
678
680
681
683
684
685
686
687
688
689
691
692
693
694
697
698
699
702
703
704
705
706
707
709
710
711
712
713
714
715
716
718
719
720
722
724
725
726
728
730
731
732
733
734
735
736
738
739
740
741
742
745
746
750
751
756
758
759
760
762
764
765
767
768
769
773
774
775
776
779
780
781
782
783
784
785
787
788
789
792
795
796
800
801
803
805
807
808
811
812
814
815
816
817
818
819
820
824
826
828
829
830
831
832
833
835
836
837
840
843
846
850
852
853
856
858
861
862
863
868
870
871
873
875
877
878
880
885
890
891
892
895
896
899
901
904
906
908
909
915
917
918
919
921
922
923
926
930
931
932
938
939
940
941
942
944
945
947
952
956
957
958
959
960
961
962
963
965
966
967
972
974
976
979
982
985
987
988
989
990
992
994
995
996
998
999
1001
1002
1003
1004
1006
1007
1008
1009
1010
1011
1012
1015
1016
1022
1024
1026
1027
1032
1033
1035
1037
1039
1041
1044
1045
1048
1052
1053
1055
1056
1059
1060
1065
1071
1073
1078
1083
1084
1086
1087
1093
1095
1097
1098
1100
1101
1102
1107
1108
1109
1110
1111
1113
1116
1124
1129
1133
1134
1139
1140
1142
1145
1146
1149
1150
1155
1157
1158
1159
1162
1164
1169
1172
1174
1175
1177
1181
1182
1185
1187
1191
1194
1196
1199
1205
1207
1216
1217
1218
1221
1223
1225
1231
1232
1234
1235
1236
1241
1249
1251
1252
1253
1255
1258
1259
1261
1262
1264
1271
1273
1275
1276
1279
1287
1290
1291
1296
1297
1299
1300
1308
1309
1316
1319
1321
1324
1326
1327
1330
1334
1338
1340
1341
1343
1347
1348
1350
1356
1358
1359
1363
1364
1368
1369
1370
1375
1376
1379
1380
1381
1383
1386
1390
1391
1395
1398
1402
1403
1407
1408
1410
1411
1416
1424
1425
1429
1433
1436
1437
1438
1439
1441
1446
1448
1449
1455
1456
1457
1458
1461
1462
1464
1466
1468
1469
1478
1482
1483
1487
1488
1489
1493
1495
1499
1503
1506
1507
1508
1509
1510
1512
1513
1516
1517
1518
1520
1521
1524
1525
1528
1529
1530
1533
1535
1536
1537
1538
1540
1541
1548
1554
1555
1557
1559
1561
1562
1564
1572
1575
1576
1579
1580
1581
1583
1585
1586
1590
1593
1595
1599
1604
1606
1607
1609
1612
1623
1628
1629
1630
1636
1637
1638
1639
1640
1641
1642
1643
1646
1647
1648
1649
1659
1662
1664
1665
1669
1670
1671
1673
1674
1678
1682
1683
1686
1690
1692
1695
1698
1701
1702
1704
1709
1716
1717
1719
1720
1723
1726
1731
1732
1733
1734
1736
1747
1751
1759
1760
1762
1765
1767
1768
1774
1775
1776
1787
1796
1806
1807
1809
1817
1820
1821
1828
1833
1835
1839
1842
1845
1851
1858
1863
1864
1875
1882
1884
1897
1904
1907
1908
1910
1918
1924
1929
1934
1935
1937
1944
1945
1946
1948
1955
1958
1961
1967
1970
1974
1975
1977
1978
1979
1989
2000
2001
2004
2007
2012
2015
2021
2024
2025
2028
2032
2038
2044
2045
2046
2047
2052
2069
2070
2079
2084
2085
2088
2093
2096
2102
2104
2108
2109
2113
2116
2127
2137
2139
2148
2150
2156
2157
2161
2166
2168
2171
2172
2174
2177
2185
2187
2191
2194
2201
2203
2211
2212
2229
2237
2239
2241
2244
2252
2256
2260
2261
2266
2268
2274
2275
2288
2290
2294
2296
2298
2299
2301
2307
2315
2317
2325
2328
2329
2331
2333
2337
2341
2344
2352
2353
2355
2356
2361
2363
2365
2366
2372
2374
2381
2382
2386
2387
2388
2390
2391
2392
2393
2394
2396
2397
2401
2402
2403
2406
2407
2408
2410
2412
2415
2416
2418
2420
2426
2428
2430
2432
2434
2435
2442
2443
2444
2447
2449
2451
2455
2458
2463
2469
2470
2473
2474
2477
2479
2480
2483
2484
2486
2487
2488
2489
2490
2491
2492
2493
2494
2497
2501
2505
2506
2509
2510
2512
2513
2514
2515
2518
2519
2520
2521
2524
2525
2526
2527
2528
2529
2530
2531
2532
2533
2534
2536
2537
2538
2539
2540
2541
2542
2543
2544
2546
2547
2548
2549
2550
2551
2552
2553
2555
2556
2557
2558
2559
2560
2561
2562
2563
2564
2565
2566
2567
2568
2569
2570
2571
2572
2573
2574
2575
2576
2577
2579
2581
2582
2583
2584
2585
2586
2589
2590
2591
2592
2593
2595
2596
2597
2598
2599
2600
2601
2602
2603
2604
2605
2607
2608
2609
2610
2612
2613
2614
2616
2617
2619
2620
2621
2622
2624
2626
2627
2628
2629
2630
2631
2632
2633
2634
2635
2636
2637
2639
2641
2642
2643
2644
2645
2646
2647
2648
2650
2651
2652
2653
2654
2655
2656
2657
2658
2659
2660
2661
2663
2664
2665
2668
2669
2670
2671
2672
2673
2674
2676
2678
2679
2681
2682
2683
2685
2686
2687
2689
2691
2692
2693
2694
2695
2696
2697
2698
2699
2700
2701
2703
2704
2707
2709
2711
2712
2715
2716
2717
2718
2719
2720
2722
2723
2724
2725
2726
2728
2729
2730
2731
2733
2734
2736
2738
2740
2741
2742
2744
2745
2754
2759
2760
2762
2764
2765
2766
2767
2768
2769
2773
2774
2775
2776
2777
2779
2784
2786
2789
2792
2795
2797
2799
2800
2802
2807
2810
2812
2813
2815
2816
2818
2819
2821
2822
2824
2825
2826
2827
2829
2830
2831
2832
2833
2834
2836
2837
2839
2841
2842
2844
2846
2848
2849
2852
2853
2854
2855
2857
2859
2860
2861
2864
2865
2867
2868
2870
2872
2873
2875
2879
2882
2883
2886
2887
2890
2894
2895
2897
2898
2901
2903
2904
2906
2907
2909
2910
2911
2912
2913
2915
2916
2917
2918
2919
2920
2923
2924
2928
2930
2932
2933
2935
2938
2939
2942
2943
2945
2946
2947
2949
2951
2954
2957
2959
2962
2966
2968
2969
2970
2971
2973
2974
2975
2976
2979
2980
2983
2984
2986
2988
2989
2990
2991
2992
2993
2994
2995
2996
2998
2999
3001
3003
3004
3008
3010
3011
3013
3016
3017
3018
3019
3020
3021
3022
3024
3025
3030
3031
3033
3035
3036
3037
3038
3040
3042
3043
3045
3046
3047
3048
3049
3050
3052
3053
3055
3058
3060
3061
3063
3065
3067
3068
3069
3080
3082
3083
3087
3088
3091
3093
3094
3099
3101
3104
3106
3107
3108
3110
3111
3115
3116
3118
3120
3122
3123
3126
3127
3130
3132
3134
3138
3139
3149
3154
3155
3158
3159
3161
3162
3165
3167
3171
3173
3174
3175
3177
3182
3185
3186
3187
3190
3191
3194
3195
3196
3199
3200
3203
3205
3208
3210
3212
3213
3214
3219
3220
3223
3228
3229
3230
3232
3235
3239
3241
3243
3244
3246
3248
3249
3251
3253
3257
3258
3261
3262
3264
3265
3267
3269
3276
3277
3278
3279
3282
3285
3286
3287
3288
3293
3294
3295
3296
3299
3301
3303
3305
3306
3308
3311
3312
3316
3317
3318
3319
3321
3325
3326
3328
3329
3333
3337
3339
3340
3343
3345
3349
3350
3351
3353
3357
3359
3361
3362
3365
3366
3370
3371
3377
3378
3379
3380
3381
3384
3385
3388
3389
3390
3391
3392
3395
3397
3398
3399
3400
3401
3404
3405
3407
3413
3414
3416
3421
3422
3423
3424
3425
3426
3427
3429
3430
3433
3434
3435
3436
3437
3438
3442
3448
3450
3453
3458
3459
3460
3463
3464
3466
3467
3472
3473
3474
3477
3480
3481
3482
3483
3484
3488
3490
3491
3492
3493
3494
3496
3500
3501
3502
3503
3506
3509
3510
3512
3515
3516
3517
3519
3520
3521
3524
3526
3529
3530
3531
3534
3535
3537
3539
3540
3542
3543
3544
3546
3548
3553
3555
3557
3558
3559
3560
3561
3562
3563
3564
3565
3566
3567
3568
3570
3572
3578
3581
3584
3588
3589
3592
3597
3599
3600
3601
3603
3604
3606
3607
3609
3610
3612
3613
3614
3617
3618
3620
3622
3623
3624
3626
3629
3631
3632
3634
3639
3640
3641
3642
3643
3645
3647
3649
3650
3652
3653
3654
3655
3657
3658
3660
3661
3662
3663
3665
3666
3667
3669
3671
3673
3674
3675
3678
3679
3680
3682
3683
3688
3690
3691
3694
3698
3699
3700
3703
3705
3706
3707
3708
3710
3712
3713
3714
3719
3720
3721
3724
3731
3740
3743
3753
3756
3759
3762
3765
3766
3769
3776
3780
3792
3793
3798
3801
3802
3803
3804
3809
3810
3816
3819
3820
3823
3824
3826
3827
3828
3829
3830
3832
3834
3836
3838
3844
3849
3850
3851
3853
3854
3855
3856
3858
3859
3861
3862
3864
3872
3873
3874
3875
3876
3879
3882
3884
3890
3891
3893
3894
3897
3899
3904
3920
3921
3925
3933
3934
3936
3947
3951
3952
3954
3964
3975
3976
3977
3979
3987
3995
4005
4007
4010
4032
4033
4040
4041
4051
4060
4070
4073
4075
4076
4079
4081
4088
4090
4100
4109
4124
4138
4139
4141
4149
4156
4163
4165
4169
4178
4179
4180
4183
4196
4199
4216
4233
4235
4243
4249
4250
4252
4259
4272
4278
4294
4315
4316
4317
4318
4319
4334
4350
4358
4363
4372
4383
4388
4390
4391
4393
4394
4395
4396
4397
4398
4399
4400
4402
4403
4404
4405
4406
4407
4408
4410
4411
4412
4413
4415
4416
4417
4419
4422
4423
4425
4426
4427
4428
4429
4430
4432
4433
4434
4436
4438
4439
4440
4441
4442
4443
4444
4448
4449
4450
4451
4452
4453
4455
4456
4457
4459
4460
4461
4463
4464
4467
4469
4470
4472
4473
4474
4475
4476
4478
4480
4481
4482
4483
4484
4486
4488
4490
4491
4492
4493
4494
4496
4498
4499
4500
4501
4502
4504
4506
4507
4512
4513
4514
4515
4516
4517
4519
4520
4522
4524
4525
4526
4527
4528
4529
4530
4532
4533
4534
4535
4536
4537
4538
4540
4542
4544
4547
4548
4549
4550
4551
4553
4555
4556
4557
4558
4559
4560
4561
4563
4565
4566
4570
4572
4573
4575
4576
4577
4579
4580
4582
4583
4585
4586
4589
4594
4595
4598
4600
4601
4602
4603
4604
4605
4606
4608
4609
4610
4612
4613
4615
4618
4619
4620
4621
4622
4623
4624
4625
4626
4629
4631
4633
4636
4637
4641
4642
4645
4646
4647
4652
4656
4659
4660
4661
4663
4664
4666
4667
4669
4670
4671
4672
4674
4676
4679
4680
4682
4685
4686
4688
4693
4695
4696
4699
4700
4701
4702
4703
4704
4708
4710
4713
4715
4716
4717
4720
4721
4722
4723
4724
4725
4727
4728
4729
4730
4731
4732
4741
4742
4744
4746
4750
4751
4754
4755
4758
4759
4761
4763
4765
4767
4769
4770
4772
4774
4775
4776
4777
4780
4783
4785
4787
4788
4792
4795
4796
4797
4798
4799
4800
4801
4802
4803
4806
4811
4812
4814
4815
4816
4819
4820
4822
4823
4824
4825
4832
4835
4837
4839
4843
4844
4845
4848
4849
4853
4855
4856
4857
4859
4860
4861
4863
4865
4866
4868
4870
4871
4873
4875
4876
4878
4879
4880
4884
4887
4888
4889
4891
4892
4895
4896
4897
4899
4900
4901
4905
4907
4908
4910
4913
4914
4916
4919
4921
4922
4925
4926
4930
4931
4936
4937
4938
4940
4942
4944
4946
4948
4949
4952
4964
4966
4967
4971
4972
4974
4975
4976
4980
4982
4985
4986
4989
4990
4993
4998
5000
5001
5005
5006
5009
5011
5015
5017
5019
5024
5025
5027
5033
5037
5038
5039
5040
5041
5043
5044
5045
5046
5048
5049
5050
5054
5057
5059
5062
5066
5067
5069
5070
5072
5073
5077
5079
5082
5083
5084
5088
5089
5090
5093
5094
5096
5097
5100
5101
5102
5104
5107
5108
5110
5112
5113
5114
5117
5120
5121
5122
5123
5124
5125
5130
5131
5132
5133
5135
5137
5142
5143
5144
5145
5147
5151
5152
5153
5157
5158
5159
5160
5162
5165
5167
5169
5174
5175
5176
5179
5180
5183
5186
5187
5188
5189
5190
5191
5192
5197
5201
5202
5203
5204
5205
5206
5209
5212
5213
5214
5218
5220
5226
5227
5228
5231
5232
5234
5238
5240
5241
5243
5244
5247
5249
5250
5253
5255
5258
5261
5262
5264
5265
5268
5275
5276
5277
5278
5283
5284
5286
5288
5291
5293
5297
5306
5307
5309
5311
5314
5320
5321
5324
5329
5330
5331
5332
5334
5337
5338
5341
5342
5343
5344
5348
5349
5354
5355
5356
5358
5359
5362
5363
5369
5373
5377
5378
5379
5384
5385
5386
5387
5388
5389
5390
5392
5393
5394
5396
5397
5398
5399
5400
5401
5406
5411
5412
5413
5414
5415
5417
5420
5422
5433
5434
5436
5437
5438
5439
5440
5442
5448
5451
5460
5465
5470
5473
5474
5475
5479
5481
5482
5483
5484
5490
5497
5498
5502
5504
5505
5509
5511
5518
5521
5523
5525
5530
5534
5535
5546
5549
5550
5558
5563
5575
5581
5582
5584
5585
5586
5601
5605
5606
5608
5618
5622
5623
5624
5626
5630
5631
5632
5638
5640
5641
5647
5648
5651
5658
5661
5664
5665
5666
5668
5669
5671
5672
5675
5679
5682
5685
5687
5689
5692
5693
5694
5695
5696
5699
5700
5701
5703
5705
5707
5709
5711
5714
5721
5726
5732
5734
5735
5737
5739
5742
5743
5745
5753
5755
5757
5758
5760
5761
5763
5764
5769
5770
5774
5780
5781
5784
5788
5794
5798
5799
5800
5806
5808
5810
5812
5813
5816
5820
5822
5826
5827
5832
5834
5838
5841
5843
5848
5853
5857
5861
5867
5871
5875
5877
5879
5882
5883
5884
5886
5888
5889
5892
5895
5900
5901
5902
5912
5920
5921
5924
5928
5932
5937
5941
5943
5949
5951
5953
5956
5958
5962
5966
5976
5977
5980
5983
5989
5991
5992
5996
6003
6011
6016
6017
6021
6029
6030
6031
6032
6033
6034
6041
6042
6043
6047
6054
6055
6059
6060
6061
6065
6066
6071
6072
6075
6078
6079
6081
6086
6088
6095
6096
6097
6101
6102
6103
6104
6105
6108
6109
6111
6114
6115
6119
6120
6121
6122
6124
6129
6130
6131
6132
6134
6136
6142
6143
6144
6146
6148
6149
6152
6153
6157
6158
6159
6160
6162
6163
6166
6169
6170
6171
6172
6175
6183
6184
6199
6201
6202
6203
6204
6205
6206
6208
6209
6210
6212
6214
6215
6217
6218
6219
6220
6223
6224
6225
6226
6227
6228
6229
6232
6234
6235
6236
6238
6239
6240
6241
6242
6243
6244
6245
6246
6247
6249
6250
6251
6252
6253
6254
6255
6256
6257
6258
6259
6260
6261
6264
6265
6266
6267
6268
6269
6270
6271
6272
6273
6274
6275
6276
6278
6279
6280
6282
6283
6284
6285
6287
6288
6289
6290
6291
6293
6294
6295
6296
6297
6298
6299
6300
6302
6303
6304
6305
6309
6310
6311
6312
6313
6315
6316
6317
6318
6319
6321
6322
6325
6326
6327
6328
6329
6331
6332
6333
6334
6335
6336
6337
6338
6340
6341
6342
6345
6347
6349
6350
6351
6352
6353
6354
6355
6356
6357
6358
6360
6361
6362
6367
6368
6369
6370
6372
6373
6374
6375
6379
6382
6383
6384
6385
6386
6387
6388
6389
6390
6392
6393
6395
6396
6397
6398
6399
6400
6401
6402
6403
6404
6405
6406
6407
6410
6411
6412
6413
6414
6415
6417
6418
6420
6422
6423
6424
6425
6426
6430
6431
6432
6434
6435
6437
6438
6439
6440
6442
6443
6444
6445
6446
6447
6449
6450
6451
6452
6454
6456
6457
6458
6460
6461
6462
6463
6465
6467
6469
6470
6471
6474
6476
6478
6479
6480
6482
6484
6485
6487
6488
6490
6493
6494
6495
6498
6501
6502
6509
6510
6511
6513
6514
6515
6517
6526
6527
6528
6529
6530
6531
6532
6534
6535
6536
6538
6539
6540
6543
6544
6545
6547
6548
6551
6552
6555
6556
6557
6558
6560
6561
6562
6563
6566
6568
6569
6572
6573
6576
6581
6582
6584
6585
6586
6587
6588
6590
6593
6597
6598
6600
6602
6604
6605
6608
6609
6610
6612
6614
6615
6616
6617
6618
6620
6621
6623
6624
6625
6626
6627
6629
6631
6632
6633
6634
6636
6637
6641
6642
6644
6645
6647
6648
6649
6650
6652
6655
6656
6657
6658
6659
6661
6663
6664
6665
6666
6668
6670
6671
6673
6676
6680
6685
6688
6689
6690
6691
6694
6696
6697
6698
6699
6700
6702
6703
6705
6706
6708
6709
6712
6713
6714
6715
6717
6718
6719
6721
6722
6725
6728
6729
6730
6732
6733
6736
6737
6739
6744
6745
6747
6749
6750
6751
6752
6753
6754
6756
6759
6760
6761
6763
6764
6766
6769
6771
6774
6777
6780
6781
6782
6789
6792
6794
6797
6800
6802
6803
6805
6807
6808
6811
6813
6815
6816
6819
6820
6821
6822
6824
6825
6829
6834
6836
6837
6840
6841
6842
6845
6848
6852
6865
6868
6870
6871
6873
6875
6876
6878
6879
6880
6882
6885
6887
6888
6891
6892
6893
6896
6897
6904
6905
6906
6908
6909
6910
6913
6914
6918
6920
6922
6924
6925
6927
6928
6929
6933
6934
6936
6939
6944
6946
6953
6954
6957
6959
6962
6964
6965
6966
6967
6968
6969
6975
6976
6978
6980
6981
6982
6983
6990
6992
6996
7000
7001
7002
7004
7007
7008
7013
7014
7015
7016
7018
7019
7020
7021
7026
7030
7031
7032
7036
7038
7039
7040
7041
7046
7047
7048
7049
7051
7052
7053
7054
7055
7057
7058
7059
7060
7061
7063
7065
7066
7068
7072
7073
7074
7075
7076
7079
7083
7084
7085
7093
7094
7096
7098
7099
7102
7103
7104
7106
7108
7111
7112
7113
7118
7122
7123
7124
7125
7127
7128
7129
7132
7137
7138
7139
7140
7141
7142
7144
7148
7149
7150
7154
7159
7160
7164
7168
7171
7172
7173
7174
7175
7176
7177
7179
7180
7181
7182
7187
7191
7194
7197
7198
7199
7202
7204
7205
7206
7208
7209
7210
7214
7216
7220
7223
7226
7228
7229
7231
7233
7234
7235
7238
7243
7244
7245
7248
7249
7250
7251
7253
7254
7257
7258
7259
7260
7262
7263
7264
7267
7269
7270
7271
7274
7275
7279
7283
7284
7285
7286
7288
7289
7291
7292
7295
7301
7302
7303
7306
7307
7310
7313
7314
7316
7317
7318
7321
7322
7323
7326
7328
7332
7334
7335
7336
7340
7341
7343
7344
7345
7346
7348
7349
7351
7352
7354
7355
7356
7357
7358
7360
7361
7364
7366
7370
7371
7372
7374
7375
7378
7379
7380
7381
7383
7384
7385
7386
7387
7388
7390
7391
7392
7393
7396
7397
7398
7401
7402
7403
7404
7405
7408
7410
7411
7412
7413
7415
7417
7419
7420
7422
7426
7451
7454
7466
7484
7490
7503
7508
7516
7519
7524
7525
7528
7530
7534
7537
7538
7540
7544
7546
7552
7560
7561
7563
7565
7572
7581
7586
7587
7592
7596
7611
7613
7624
7630
7647
7654
7655
7686
7707
7712
7721
7722
7724
7729
7734
7743
7755
7759
7774
7787
7808
7814
7816
7820
7821
7833
7837
7848
7855
7894
7933
7934
7941
7949
7957
7963
7967
7997
8001
8016
8033
8044
8062
8091
8097
8102
8103
8104
8105
8106
8108
8109
8110
8111
8112
8113
8114
8115
8116
8117
8118
8119
8120
8122
8123
8124
8129
8130
8132
8133
8135
8136
8137
8138
8139
8140
8141
8142
8144
8146
8147
8148
8150
8151
8152
8153
8154
8155
8156
8158
8159
8160
8161
8162
8163
8164
8166
8169
8171
8172
8174
8178
8182
8185
8186
8187
8189
8190
8191
8192
8194
8196
8197
8200
8201
8203
8206
8207
8208
8210
8211
8212
8216
8219
8220
8222
8224
8226
8228
8229
8233
8234
8235
8239
8240
8242
8244
8245
8246
8247
8248
8249
8250
8251
8252
8254
8255
8256
8257
8258
8259
8261
8264
8265
8266
8270
8274
8279
8286
8289
8290
8291
8292
8296
8297
8300
8301
8303
8304
8305
8308
8312
8314
8315
8316
8317
8318
8323
8325
8327
8329
8332
8334
8337
8345
8347
8351
8359
8360
8361
8366
8368
8370
8371
8373
8378
8382
8384
8386
8393
8397
8401
8403
8407
8410
8411
8413
8415
8416
8417
8418
8422
8426
8427
8429
8430
8437
8441
8444
8446
8453
8454
8455
8464
8467
8470
8472
8473
8484
8491
8494
8496
8497
8499
8500
8501
8502
8505
8506
8507
8511
8513
8514
8515
8516
8519
8522
8525
8526
8529
8530
8539
8540
8541
8544
8546
8548
8549
8550
8551
8554
8557
8561
8562
8567
8574
8582
8584
8585
8587
8588
8589
8590
8597
8602
8605
8606
8612
8614
8617
8622
8625
8626
8627
8630
8632
8635
8642
8644
8645
8648
8649
8651
8652
8656
8658
8660
8662
8663
8664
8665
8666
8668
8675
8677
8680
8681
8686
8688
8689
8690
8693
8696
8700
8701
8707
8711
8715
8717
8719
8721
8723
8724
8726
8747
8754
8755
8757
8758
8764
8766
8772
8776
8792
8796
8797
8799
8801
8802
8803
8807
8814
8818
8824
8826
8830
8831
8836
8843
8844
8852
8853
8855
8860
8864
8865
8866
8867
8868
8869
8870
8873
8875
8876
8879
8886
8887
8889
8893
8894
8896
8900
8903
8905
8911
8915
8917
8922
8923
8925
8927
8929
8932
8934
8935
8938
8939
8943
8946
8947
8948
8949
8957
8961
8963
8964
8966
8968
8973
8976
8979
8980
8982
8983
8984
8988
8990
8991
8992
8996
8997
8999
9000
9001
9002
9007
9008
9009
9011
9013
9017
9021
9022
9033
9034
9045
9054
9055
9060
9062
9064
9066
9069
9070
9072
9076
9087
9090
9091
9098
9110
9114
9116
9121
9125
9126
9130
9137
9140
9151
9156
9157
9160
9164
9166
9173
9180
9181
9184
9187
9189
9190
9193
9194
9195
9196
9198
9204
9213
9224
9225
9226
9237
9239
9241
9244
9247
9249
9252
9264
9267
9270
9281
9283
9284
9294
9299
9305
9325
9331
9336
9340
9344
9346
9352
9358
9361
9372
9382
9385
9389
9391
9394
9395
9398
9399
9400
9406
9408
9411
9418
9420
9421
9423
9425
9430
9439
9440
9444
9453
9456
9459
9461
9474
9475
9478
9485
9491
9494
9495
9513
9517
9518
9536
9537
9541
9563
9576
9578
9582
9585
9587
9594
9596
9597
9600
9608
9612
9615
9626
9630
9634
9636
9652
9667
9672
9675
9684
9685
9693
9704
9710
9712
9737
9743
9753
9756
9757
9759
9774
9779
9781
9783
9784
9785
9791
9802
9803
9810
9814
9815
9816
9819
9821
9822
9825
9829
9834
9835
9838
9843
9846
9848
9857
9858
9864
9866
9868
9870
9871
9873
9875
9879
9883
9885
9887
9889
9891
9899
9902
9903
9905
9907
9908
9910
9914
9915
9916
9917
9918
9919
9920
9921
9922
9923
9924
9926
9927
9929
9931
9933
9934
9937
9938
9939
9940
9941
9942
9943
9944
9946
9948
9949
9950
9951
9952
9953
9954
9956
9957
9958
9959
9960
9961
9964
9965
9966
9968
9969
9970
9971
9972
9973
9974
9975
9977
9978
9979
9980
9981
9982
9983
9984
9985
9987
9988
9990
9991
9992
9993
9995
9996
9997
9999
10001
10002
10003
10004
10005
10006
10007
10008
10009
10010
10011
10012
10014
10016
10017
10018
10019
10023
10025
10026
10027
10029
10030
10031
10032
10033
10035
10037
10040
10041
10042
10044
10045
10046
10047
10048
10049
10050
10051
10052
10053
10054
10055
10056
10057
10059
10060
10061
10062
10063
10067
10069
10070
10071
10072
10073
10076
10077
10078
10079
10080
10081
10082
10083
10084
10086
10087
10088
10091
10092
10095
10096
10097
10098
10100
10104
10105
10106
10107
10108
10109
10110
10112
10113
10114
10116
10117
10120
10125
10126
10127
10128
10129
10131
10132
10134
10135
10137
10139
10144
10145
10148
10152
10154
10155
10156
10157
10159
10162
10164
10165
10166
10168
10172
10176
10181
10183
10186
10187
10193
10194
10196
10197
10201
10204
10207
10210
10212
10213
10216
10218
10221
10223
10225
10228
10230
10233
10235
10237
10238
10240
10241
10243
10244
10246
10248
10250
10252
10253
10254
10257
10258
10259
10261
10262
10265
10266
10268
10270
10272
10274
10276
10277
10280
10282
10283
10286
10294
10295
10296
10298
10300
10301
10302
10306
10309
10311
10314
10316
10318
10320
10321
10322
10323
10325
10326
10328
10331
10332
10334
10335
10339
10340
10341
10342
10343
10344
10345
10346
10347
10348
10351
10352
10356
10361
10363
10364
10365
10368
10369
10370
10371
10373
10375
10376
10377
10378
10379
10380
10382
10385
10387
10390
10393
10394
10397
10399
10401
10407
10408
10409
10412
10414
10415
10417
10420
10421
10422
10426
10431
10432
10436
10439
10444
10446
10447
10450
10453
10458
10460
10461
10462
10463
10464
10465
10466
10470
10475
10477
10478
10481
10483
10489
10491
10495
10496
10497
10503
10510
10516
10521
10523
10527
10529
10532
10534
10535
10536
10539
10541
10542
10543
10545
10551
10555
10556
10562
10565
10566
10578
10583
10584
10585
10590
10592
10593
10595
10600
10601
10602
10604
10605
10608
10613
10616
10619
10621
10622
10628
10633
10636
10640
10641
10654
10658
10660
10662
10667
10668
10670
10673
10677
10678
10680
10681
10684
10685
10686
10689
10692
10696
10697
10704
10705
10710
10714
10715
10716
10717
10718
10721
10725
10726
10727
10729
10730
10732
10733
10735
10736
10738
10745
10746
10747
10750
10753
10756
10765
10768
10769
10771
10772
10774
10779
10780
10782
10786
10793
10794
10798
10799
10804
10807
10810
10812
10813
10817
10820
10823
10824
10826
10827
10829
10831
10833
10837
10838
10841
10844
10845
10846
10847
10849
10850
10851
10852
10853
10857
10858
10862
10864
10866
10869
10870
10873
10874
10876
10877
10878
10879
10882
10885
10886
10887
10888
10891
10892
10893
10894
10895
10899
10901
10902
10911
10914
10915
10920
10921
10922
10924
10925
10928
10930
10931
10934
10936
10944
10945
10947
10949
10951
10958
10961
10962
10963
10964
10965
10967
10968
10970
10972
10973
10977
10978
10980
10982
10983
10984
10985
10986
10987
10989
10990
10991
10992
10994
10997
10998
11002
11005
11006
11009
11012
11019
11021
11028
11030
11032
11033
11034
11036
11040
11042
11046
11047
11050
11053
11057
11058
11059
11061
11062
11066
11068
11070
11071
11072
11074
11075
11077
11078
11079
11080
11082
11083
11085
11086
11088
11089
11093
11095
11097
11100
11103
11104
11105
11106
11110
11112
11116
11119
11122
11123
11124
11126
11127
11131
11133
11135
11136
11139
11140
11141
11148
11149
11150
11152
11153
11159
11160
11180
11188
11196
11199
11201
11208
11211
11212
11217
11218
11220
11221
11222
11229
11230
11232
11239
11242
11244
11246
11247
11252
11254
11256
11257
11258
11266
11268
11272
11276
11277
11278
11285
11286
11287
11299
11300
11301
11309
11314
11325
11332
11348
11371
11374
11382
11384
11394
11421
11423
11445
11460
11468
11473
11478
11486
11491
11497
11499
11510
11512
11521
11525
11528
11554
11555
11560
11565
11567
11569
11573
11576
11596
11600
11604
11608
11611
11618
11623
11627
11634
11635
11637
11641
11646
11651
11668
11671
11685
11692
11697
11698
11717
11725
11730
11734
11771
11778
11796
11800
11802
11807
11810
11818
11819
11820
11821
11822
11823
11825
11826
11827
11829
11830
11832
11833
11834
11835
11836
11838
11840
11841
11843
11844
11845
11846
11847
11848
11849
11850
11851
11852
11853
11854
11855
11856
11857
11858
11860
11861
11862
11864
11866
11867
11868
11869
11870
11871
11872
11875
11876
11877
11880
11881
11882
11883
11884
11885
11888
11889
11891
11892
11893
11897
11900
11901
11902
11904
11905
11908
11910
11911
11912
11914
11915
11916
11918
11919
11920
11921
11923
11924
11926
11927
11928
11929
11930
11931
11934
11937
11938
11940
11941
11944
11948
11949
11951
11952
11953
11954
11955
11960
11961
11962
11963
11965
11972
11974
11975
11977
11978
11979
11980
11981
11982
11983
11989
11990
11992
11993
11999
12000
12002
12003
12004
12005
12007
12008
12009
12010
12014
12016
12017
12019
12021
12023
12025
12026
12030
12032
12034
12037
12038
12040
12041
12042
12043
12046
12047
12048
12049
12051
12056
12059
12061
12063
12065
12074
12075
12083
12084
12086
12089
12098
12100
12101
12104
12107
12108
12111
12113
12114
12116
12117
12119
12120
12121
12123
12124
12127
12128
12129
12130
12132
12133
12134
12136
12137
12140
12141
12142
12143
12144
12145
12146
12149
12151
12152
12153
12155
12156
12157
12158
12159
12161
12168
12169
12174
12177
12179
12180
12181
12182
12186
12192
12193
12194
12198
12202
12203
12208
12212
12213
12214
12217
12218
12220
12221
12225
12226
12227
12229
12230
12231
12239
12240
12243
12244
12247
12250
12251
12253
12254
12255
12258
12263
12265
12267
12269
12272
12276
12277
12285
12287
12293
12294
12299
12300
12301
12302
12304
12305
12306
12307
12308
12314
12315
12316
12320
12322
12324
12338
12341
12344
12345
12347
12348
12349
12351
12359
12363
12365
12366
12367
12372
12376
12377
12378
12379
12382
12387
12389
12390
12393
12394
12395
12396
12400
12401
12402
12404
12407
12408
12410
12412
12415
12418
12421
12425
12431
12437
12438
12439
12440
12441
12442
12445
12448
12450
12452
12453
12455
12458
12461
12463
12467
12468
12469
12472
12473
12474
12476
12480
12481
12487
12490
12493
12498
12500
12501
12503
12505
12506
12511
12512
12513
12514
12516
12517
12518
12519
12522
12528
12533
12534
12538
12542
12545
12547
12548
12549
12552
12553
12558
12569
12572
12578
12579
12583
12586
12587
12588
12590
12594
12597
12599
12602
12603
12604
12605
12607
12609
12610
12617
12619
12620
12622
12625
12628
12629
12630
12631
12634
12636
12639
12641
12642
12643
12649
12654
12655
12658
12660
12662
12664
12666
12669
12670
12673
12674
12675
12676
12677
12678
12680
12683
12685
12687
12690
12692
12694
12696
12697
12699
12704
12705
12706
12707
12711
12712
12716
12720
12721
12722
12723
12725
12726
12727
12729
12731
12735
12736
12741
12749
12755
12757
12762
12765
12769
12771
12782
12786
12790
12793
12796
12797
12801
12803
12804
12807
12808
12813
12815
12816
12821
12824
12827
12829
12832
12834
12835
12839
12840
12842
12846
12857
12861
12862
12865
12866
12868
12871
12876
12879
12885
12887
12888
12898
12903
12907
12910
12912
12915
12928
12933
12937
12940
12946
12947
12949
12951
12955
12959
12961
12963
12964
12967
12974
12975
12977
12981
12986
12988
12990
12997
12999
13000
13002
13010
13017
13020
13024
13026
13027
13033
13034
13039
13047
13050
13052
13058
13060
13066
13075
13077
13079
13086
13088
13090
13092
13097
13098
13099
13103
13105
13108
13110
13111
13112
13113
13114
13117
13121
13123
13130
13132
13137
13143
13149
13154
13159
13162
13163
13165
13167
13170
13171
13176
13181
13185
13188
13189
13193
13199
13208
13209
13211
13212
13216
13221
13227
13230
13235
13239
13243
13244
13245
13254
13262
13267
13276
13278
13279
13281
13288
13292
13299
13304
13305
13307
13309
13310
13312
13316
13328
13333
13340
13347
13353
13354
13356
13360
13377
13381
13386
13387
13389
13390
13394
13402
13404
13412
13416
13421
13425
13428
13429
13432
13439
13440
13444
13445
13446
13447
13454
13458
13459
13460
13461
13470
13471
13473
13481
13483
13484
13488
13492
13493
13494
13498
13500
13507
13511
13522
13525
13526
13529
13532
13533
13535
13536
13537
13543
13548
13549
13550
13552
13553
13556
13557
13560
13564
13568
13570
13574
13577
13580
13581
13585
13589
13591
13597
13598
13599
13601
13618
13621
13627
13629
13630
13631
13633
13635
13636
13637
13641
13643
13646
13647
13648
13652
13653
13654
13655
13656
13657
13660
13662
13663
13664
13666
13667
13668
13670
13671
13672
13674
13675
13676
13678
13679
13680
13682
13683
13684
13685
13686
13687
13688
13691
13692
13694
13695
13696
13697
13698
13699
13700
13702
13703
13704
13706
13707
13708
13710
13711
13712
13713
13714
13715
13716
13717
13718
13719
13721
13722
13723
13724
13726
13727
13730
13731
13733
13734
13735
13736
13737
13738
13739
13740
13741
13742
13743
13744
13745
13746
13747
13749
13750
13751
13752
13754
13755
13756
13757
13759
13760
13761
13762
13763
13764
13765
13766
13768
13770
13773
13775
13778
13782
13783
13784
13785
13786
13790
13791
13792
13793
13794
13795
13796
13797
13798
13801
13802
13803
13806
13809
13810
13811
13812
13813
13814
13817
13818
13819
13820
13821
13823
13824
13825
13826
13827
13828
13829
13830
13831
13832
13833
13834
13835
13836
13837
13839
13841
13842
13843
13845
13848
13850
13851
13853
13854
13856
13858
13859
13861
13862
13863
13865
13866
13867
13869
13870
13871
13873
13876
13877
13879
13880
13881
13882
13884
13886
13888
13889
13890
13891
13893
13894
13895
13897
13900
13902
13904
13906
13907
13912
13914
13915
13916
13917
13918
13921
13922
13923
13924
13926
13930
13932
13934
13937
13938
13939
13941
13942
13944
13947
13960
13961
13962
13963
13966
13967
13968
13969
13971
13972
13976
13979
13983
13984
13986
13987
13988
13990
13991
13992
13994
13996
13997
14000
14001
14003
14006
14008
14009
14010
14012
14013
14014
14015
14016
14018
14019
14021
14022
14023
14025
14026
14028
14032
14036
14037
14038
14039
14040
14043
14044
14045
14046
14048
14051
14053
14055
14056
14057
14059
14060
14061
14067
14070
14071
14072
14074
14076
14077
14078
14079
14080
14081
14082
14083
14084
14085
14086
14087
14089
14095
14098
14100
14101
14108
14112
14113
14115
14116
14117
14118
14121
14122
14123
14125
14126
14128
14131
14134
14135
14136
14138
14141
14145
14147
14150
14157
14158
14159
14160
14162
14164
14165
14171
14172
14175
14177
14178
14179
14180
14181
14184
14185
14188
14189
14190
14191
14192
14194
14196
14198
14199
14200
14202
14203
14204
14205
14209
14210
14217
14218
14227
14230
14231
14232
14236
14237
14241
14244
14246
14249
14250
14252
14253
14255
14258
14261
14262
14265
14268
14269
14270
14273
14276
14279
14280
14282
14285
14288
14291
14292
14295
14296
14298
14306
14307
14309
14316
14319
14321
14322
14324
14327
14332
14336
14337
14339
14340
14342
14346
14347
14350
14352
14354
14355
14356
14361
14362
14363
14364
14371
14376
14378
14383
14387
14388
14390
14392
14394
14395
14400
14401
14403
14406
14407
14410
14416
14418
14419
14420
14427
14429
14430
14432
14435
14443
14444
14445
14448
14449
14450
14454
14455
14457
14458
14459
14460
14461
14466
14467
14468
14471
14472
14478
14479
14482
14484
14487
14489
14490
14491
14492
14493
14496
14504
14507
14512
14513
14517
14519
14520
14521
14522
14523
14524
14525
14526
14527
14531
14534
14535
14537
14538
14539
14540
14546
14547
14548
14552
14555
14558
14561
14563
14564
14565
14568
14569
14572
14574
14581
14586
14588
14592
14596
14598
14599
14602
14603
14604
14605
14606
14607
14608
14609
14610
14612
14613
14615
14619
14620
14623
14624
14625
14627
14630
14634
14639
14643
14644
14646
14648
14649
14650
14652
14654
14659
14661
14663
14671
14672
14673
14674
14676
14678
14679
14680
14681
14682
14685
14686
14688
14690
14691
14692
14695
14697
14699
14700
14701
14703
14705
14706
14707
14708
14712
14714
14716
14719
14720
14723
14724
14725
14726
14730
14731
14734
14735
14741
14744
14745
14746
14748
14750
14752
14754
14756
14759
14760
14761
14764
14765
14766
14767
14771
14773
14776
14779
14782
14784
14785
14787
14789
14792
14793
14794
14796
14799
14800
14802
14808
14809
14811
14814
14815
14816
14817
14818
14819
14820
14821
14822
14824
14826
14827
14830
14832
14833
14834
14836
14838
14840
14841
14843
14845
14847
14848
14849
14853
14856
14865
14868
14874
14882
14940
14946
14952
14953
14956
14961
14970
14971
14974
14990
14993
15004
15011
15015
15039
15041
15053
15066
15072
15100
15111
15128
15133
15140
15141
15152
15244
15257
15298
15309
15322
15323
15336
15359
15375
15382
15384
15418
15443
15467
15492
15497
15498
15518
15530
15531
15532
15534
15538
15539
15540
15541
15542
15543
15544
15545
15546
15547
15548
15549
15550
15551
15552
15556
15557
15558
15559
15560
15562
15564
15565
15567
15568
15569
15570
15572
15574
15575
15576
15577
15578
15579
15580
15581
15582
15583
15584
15585
15586
15587
15588
15589
15590
15591
15594
15595
15598
15599
15602
15603
15604
15605
15606
15614
15615
15616
15617
15618
15620
15622
15623
15624
15625
15626
15629
15630
15631
15634
15635
15636
15638
15639
15640
15643
15644
15645
15648
15651
15652
15654
15655
15657
15659
15661
15662
15663
15666
15667
15668
15669
15672
15674
15675
15676
15677
15679
15680
15681
15684
15686
15688
15689
15690
15691
15692
15693
15695
15696
15697
15698
15700
15702
15703
15706
15708
15714
15717
15718
15719
15721
15722
15723
15727
15729
15731
15732
15745
15750
15751
15753
15755
15757
15759
15760
15765
15766
15773
15775
15778
15779
15782
15783
15787
15788
15790
15791
15794
15795
15798
15799
15809
15810
15812
15813
15818
15821
15822
15823
15826
15828
15830
15832
15835
15838
15839
15841
15843
15844
15845
15847
15848
15850
15851
15852
15855
15859
15862
15864
15865
15866
15867
15868
15880
15883
15888
15893
15895
15896
15905
15906
15908
15919
15921
15925
15927
15928
15931
15934
15935
15939
15943
15946
15947
15952
15953
15954
15956
15957
15958
15965
15967
15970
15976
15978
15979
15981
15985
15987
15988
15991
15994
15998
16005
16009
16012
16020
16024
16025
16030
16033
16036
16038
16039
16043
16047
16055
16057
16061
16063
16067
16069
16070
16072
16073
16077
16079
16084
16090
16091
16092
16093
16095
16099
16101
16102
16106
16109
16112
16113
16114
16117
16118
16121
16122
16124
16132
16136
16138
16140
16144
16145
16148
16151
16154
16156
16157
16159
16161
16164
16171
16175
16177
16180
16183
16184
16186
16190
16191
16192
16194
16196
16198
16200
16201
16204
16209
16214
16215
16220
16222
16224
16226
16230
16231
16232
16235
16236
16237
16238
16240
16242
16245
16252
16254
16259
16264
16265
16267
16277
16278
16283
16284
16286
16292
16295
16297
16298
16301
16302
16303
16305
16306
16310
16311
16314
16317
16320
16325
16328
16333
16334
16340
16343
16344
16346
16350
16352
16355
16360
16369
16370
16374
16376
16389
16391
16392
16397
16399
16405
16406
16408
16411
16412
16414
16418
16419
16420
16424
16425
16428
16430
16435
16437
16439
16441
16445
16449
16450
16452
16455
16471
16474
16479
16482
16489
16494
16505
16515
16517
16520
16523
16524
16529
16546
16548
16554
16559
16565
16571
16579
16580
16582
16588
16589
16592
16602
16607
16609
16613
16617
16618
16621
16624
16626
16629
16631
16637
16643
16647
16654
16656
16663
16666
16677
16680
16687
16690
16695
16698
16700
16709
16711
16715
16722
16729
16733
16745
16756
16758
16761
16766
16767
16768
16772
16774
16783
16789
16793
16796
16800
16804
16806
16810
16811
16813
16817
16818
16821
16822
16823
16824
16830
16833
16836
16837
16849
16851
16858
16863
16865
16868
16872
16873
16874
16877
16888
16889
16890
16894
16895
16901
16903
16919
16925
16929
16935
16944
16953
16958
16959
16960
16964
16974
16976
16979
16986
16991
16995
17000
17002
17010
17019
17024
17025
17027
17028
17031
17037
17038
17040
17042
17046
17053
17059
17062
17066
17067
17076
17079
17080
17085
17091
17094
17095
17096
17097
17110
17114
17125
17140
17142
17151
17153
17154
17157
17158
17175
17176
17181
17184
17186
17187
17197
17203
17207
17208
17211
17212
17213
17220
17228
17230
17231
17233
17238
17239
17243
17244
17247
17249
17250
17251
17253
17254
17255
17260
17263
17264
17274
17276
17277
17279
17282
17284
17288
17291
17292
17296
17299
17300
17301
17307
17309
17310
17313
17317
17321
17324
17325
17326
17330
17338
17342
17343
17344
17347
17349
17350
17351
17352
17355
17359
17361
17362
17364
17365
17366
17367
17368
17369
17371
17373
17374
17375
17376
17377
17378
17380
17381
17382
17383
17384
17385
17386
17388
17389
17390
17392
17393
17394
17396
17398
17399
17400
17402
17403
17405
17406
17408
17409
17410
17411
17412
17413
17414
17415
17416
17417
17418
17420
17421
17423
17424
17425
17427
17430
17431
17432
17433
17434
17435
17437
17438
17439
17441
17442
17443
17444
17446
17447
17449
17451
17452
17453
17454
17455
17456
17457
17458
17460
17461
17463
17464
17466
17467
17468
17470
17471
17473
17475
17476
17477
17478
17479
17480
17482
17483
17484
17485
17487
17489
17490
17491
17492
17493
17497
17498
17500
17502
17503
17504
17507
17508
17509
17510
17511
17512
17514
17516
17517
17520
17521
17522
17523
17524
17525
17526
17528
17530
17531
17532
17533
17534
17535
17536
17537
17539
17540
17541
17543
17544
17546
17547
17549
17550
17551
17552
17553
17556
17557
17562
17563
17564
17565
17566
17567
17568
17572
17573
17574
17575
17576
17577
17579
17580
17581
17582
17584
17585
17586
17587
17588
17590
17592
17593
17594
17596
17597
17600
17603
17604
17605
17607
17611
17613
17614
17615
17616
17617
17619
17621
17622
17624
17625
17629
17632
17633
17635
17636
17638
17640
17645
17646
17651
17653
17656
17659
17661
17662
17663
17664
17665
17666
17671
17672
17674
17676
17677
17678
17680
17681
17682
17685
17686
17693
17694
17698
17702
17704
17705
17707
17708
17711
17713
17715
17716
17720
17724
17726
17727
17729
17730
17738
17739
17744
17746
17747
17748
17749
17750
17751
17753
17754
17756
17757
17758
17759
17760
17763
17765
17768
17769
17771
17773
17774
17775
17776
17779
17784
17785
17786
17791
17792
17793
17797
17798
17799
17802
17805
17806
17807
17808
17814
17817
17818
17819
17821
17822
17824
17825
17829
17830
17831
17834
17836
17839
17840
17842
17844
17846
17848
17849
17850
17852
17854
17857
17859
17860
17861
17863
17864
17867
17870
17872
17874
17875
17876
17878
17889
17892
17893
17894
17896
17903
17904
17906
17908
17910
17911
17916
17917
17919
17920
17923
17925
17929
17930
17932
17934
17938
17939
17942
17944
17949
17950
17955
17957
17961
17964
17966
17971
17973
17975
17976
17979
17982
17983
17984
17990
17994
18004
18005
18006
18009
18010
18012
18015
18018
18020
18023
18029
18030
18035
18037
18042
18046
18048
18051
18055
18056
18060
18067
18068
18069
18075
18076
18078
18085
18088
18089
18090
18092
18095
18096
18098
18099
18104
18106
18107
18109
18112
18113
18114
18117
18118
18120
18124
18125
18130
18132
18134
18135
18136
18138
18140
18142
18144
18147
18149
18155
18157
18158
18160
18161
18162
18163
18168
18171
18172
18173
18174
18175
18176
18178
18182
18185
18187
18188
18193
18194
18196
18198
18199
18201
18210
18215
18219
18220
18221
18226
18227
18234
18235
18238
18240
18241
18244
18245
18247
18248
18253
18254
18261
18262
18268
18269
18272
18273
18274
18277
18279
18281
18282
18283
18286
18290
18291
18295
18297
18298
18301
18304
18306
18313
18314
18315
18319
18322
18323
18324
18327
18329
18330
18332
18333
18336
18337
18339
18340
18344
18346
18347
18348
18349
18350
18351
18352
18353
18355
18357
18361
18362
18364
18366
18368
18370
18372
18373
18374
18375
18376
18377
18382
18387
18388
18390
18391
18392
18395
18400
18404
18405
18409
18411
18412
18413
18414
18415
18417
18418
18420
18421
18422
18424
18425
18428
18429
18430
18431
18433
18434
18437
18444
18448
18449
18453
18455
18456
18458
18464
18465
18466
18468
18473
18474
18478
18479
18480
18485
18486
18488
18490
18491
18493
18496
18498
18499
18500
18503
18509
18510
18511
18513
18514
18515
18516
18517
18518
18521
18522
18525
18527
18528
18529
18530
18531
18533
18537
18540
18543
18544
18545
18547
18548
18549
18550
18553
18555
18556
18558
18559
18561
18562
18563
18567
18568
18570
18572
18573
18579
18582
18586
18596
18599
18608
18610
18611
18612
18627
18636
18639
18642
18650
18659
18665
18673
18682
18685
18688
18690
18692
18696
18697
18707
18708
18710
18713
18714
18717
18728
18731
18732
18749
18750
18753
18776
18777
18779
18784
18789
18808
18822
18827
18838
18854
18858
18860
18888
18891
18915
18922
18927
18929
18947
18950
18951
18991
18995
19004
19012
19036
19038
19051
19076
19079
19083
19086
19099
19103
19105
19108
19110
19125
19126
19143
19145
19158
19181
19190
19203
19206
19214
19215
19221
19222
19224
19242
19245
19249
19250
19251
19252
19253
19254
19255
19256
19257
19258
19260
19261
19262
19263
19264
19265
19266
19267
19270
19272
19274
19275
19276
19278
19279
19280
19281
19282
19283
19284
19286
19287
19288
19289
19290
19292
19294
19296
19297
19298
19299
19300
19301
19302
19304
19306
19308
19309
19311
19312
19314
19316
19317
19318
19320
19326
19327
19328
19329
19330
19332
19333
19334
19336
19337
19339
19340
19341
19342
19343
19344
19347
19349
19350
19351
19352
19353
19354
19355
19356
19357
19358
19360
19361
19362
19365
19366
19367
19368
19369
19371
19372
19373
19374
19376
19377
19380
19381
19382
19383
19386
19388
19389
19391
19393
19394
19396
19403
19404
19405
19406
19407
19408
19409
19410
19411
19414
19415
19416
19420
19423
19426
19428
19430
19431
19432
19433
19435
19436
19439
19445
19447
19450
19451
19452
19453
19454
19457
19462
19463
19464
19465
19468
19470
19471
19477
19479
19480
19481
19487
19489
19491
19492
19498
19501
19502
19507
19508
19509
19510
19511
19514
19515
19523
19524
19526
19527
19528
19529
19532
19534
19535
19536
19541
19542
19544
19552
19555
19556
19557
19558
19559
19560
19562
19563
19564
19565
19566
19567
19569
19570
19571
19572
19573
19574
19576
19577
19579
19580
19581
19582
19583
19584
19585
19587
19589
19593
19595
19602
19606
19609
19612
19613
19614
19615
19620
19621
19624
19626
19627
19628
19631
19632
19633
19634
19635
19636
19639
19641
19645
19647
19649
19650
19652
19653
19654
19656
19657
19659
19662
19664
19667
19668
19670
19671
19672
19675
19677
19679
19680
19681
19683
19685
19686
19691
19692
19693
19694
19695
19696
19699
19701
19702
19704
19705
19709
19710
19713
19714
19720
19722
19723
19726
19727
19729
19730
19732
19734
19737
19739
19742
19744
19745
19748
19750
19752
19754
19761
19763
19766
19767
19771
19772
19774
19775
19776
19777
19779
19781
19784
19786
19787
19789
19791
19793
19794
19796
19799
19800
19804
19806
19807
19812
19817
19819
19820
19821
19822
19823
19825
19827
19829
19831
19832
19835
19836
19838
19841
19842
19846
19847
19849
19853
19855
19856
19865
19866
19869
19870
19871
19873
19878
19880
19881
19884
19886
19890
19893
19894
19895
19897
19898
19900
19901
19902
19904
19906
19908
19909
19915
19918
19919
19921
19922
19926
19929
19931
19933
19934
19937
19938
19939
19940
19943
19945
19946
19952
19953
19955
19956
19958
19962
19966
19970
19971
19973
19976
19978
19981
19985
19986
19987
19989
19994
19996
19997
19999
20000
20006
20015
20016
20018
20021
20022
20025
20026
20030
20031
20034
20035
20036
20042
20043
20045
20046
20047
20048
20053
20054
20057
20058
20059
20064
20067
20069
20073
20076
20077
20080
20082
20083
20089
20090
20094
20095
20097
20098
20099
20100
20102
20105
20106
20110
20111
20113
20120
20121
20125
20126
20127
20129
20130
20131
20134
20139
20140
20142
20144
20147
20149
20152
20154
20157
20159
20165
20169
20174
20176
20185
20188
20190
20193
20199
20200
20202
20204
20207
20208
20209
20210
20211
20212
20214
20217
20218
20219
20229
20232
20233
20235
20241
20243
20246
20247
20249
20252
20255
20256
20260
20262
20263
20266
20267
20268
20269
20270
20275
20285
20286
20290
20291
20292
20293
20294
20295
20296
20302
20307
20317
20321
20322
20326
20329
20337
20342
20351
20352
20354
20358
20366
20367
20368
20369
20374
20377
20379
20387
20391
20392
20402
20404
20405
20409
20415
20416
20417
20418
20421
20423
20427
20431
20435
20437
20443
20445
20447
20448
20454
20459
20462
20466
20472
20474
20475
20476
20478
20480
20481
20482
20486
20488
20494
20495
20501
20504
20507
20514
20518
20520
20524
20526
20527
20531
20534
20536
20539
20543
20545
20548
20551
20552
20554
20557
20565
20567
20570
20571
20582
20586
20587
20591
20593
20595
20598
20599
20603
20605
20609
20613
20615
20616
20617
20620
20623
20624
20625
20626
20627
20629
20632
20633
20634
20639
20643
20644
20649
20653
20656
20657
20658
20664
20668
20671
20672
20678
20681
20683
20690
20695
20699
20701
20716
20720
20722
20723
20732
20736
20739
20741
20745
20751
20755
20776
20780
20782
20785
20786
20791
20800
20801
20805
20807
20808
20809
20811
20814
20815
20818
20830
20845
20852
20854
20858
20860
20861
20872
20877
20885
20887
20888
20895
20899
20900
20905
20911
20914
20916
20917
20922
20925
20926
20935
20940
20945
20952
20954
20957
20958
20959
20961
20963
20964
20966
20967
20969
20971
20973
20976
20977
20978
20979
20980
20982
20985
20987
20988
20991
20992
20993
20995
20999
21000
21002
21003
21005
21006
21010
21013
21014
21015
21019
21023
21025
21027
21032
21034
21035
21036
21042
21044
21045
21047
21049
21054
21056
21057
21058
21059
21061
21062
21063
21064
21065
21071
21072
21073
21075
21076
21079
21080
21081
21082
21083
21084
21085
21086
21087
21088
21089
21090
21091
21092
21094
21095
21096
21098
21099
21100
21102
21104
21105
21106
21107
21108
21111
21112
21113
21114
21115
21116
21117
21118
21120
21121
21122
21123
21124
21125
21128
21129
21130
21131
21132
21133
21134
21135
21136
21139
21141
21144
21145
21146
21147
21149
21150
21151
21152
21154
21155
21156
21158
21159
21160
21161
21163
21164
21165
21166
21167
21168
21169
21170
21171
21172
21173
21174
21175
21177
21178
21180
21182
21184
21185
21187
21188
21189
21190
21191
21194
21196
21198
21200
21201
21203
21205
21206
21211
21212
21213
21214
21215
21217
21218
21223
21224
21225
21226
21228
21229
21230
21233
21234
21236
21239
21240
21241
21242
21246
21248
21249
21250
21253
21254
21255
21256
21258
21259
21261
21262
21270
21271
21273
21278
21281
21282
21283
21285
21286
21290
21291
21292
21293
21294
21295
21298
21301
21304
21306
21307
21308
21309
21310
21313
21314
21315
21316
21318
21319
21323
21324
21325
21326
21329
21330
21332
21333
21334
21335
21336
21340
21343
21347
21351
21352
21354
21355
21356
21358
21359
21360
21362
21364
21365
21367
21369
21370
21372
21376
21377
21378
21380
21384
21386
21387
21388
21392
21394
21395
21396
21399
21400
21401
21402
21404
21405
21407
21409
21411
21412
21415
21418
21419
21422
21424
21425
21427
21428
21429
21437
21438
21439
21440
21441
21444
21445
21446
21449
21451
21453
21456
21457
21458
21459
21460
21461
21465
21467
21468
21469
21471
21472
21474
21476
21478
21479
21481
21483
21484
21485
21487
21488
21489
21490
21493
21499
21502
21504
21505
21506
21507
21509
21512
21513
21514
21515
21517
21519
21526
21527
21528
21531
21532
21536
21538
21540
21545
21546
21548
21551
21553
21556
21557
21558
21560
21561
21562
21563
21564
21566
21568
21571
21573
21575
21577
21578
21581
21582
21584
21586
21587
21588
21589
21590
21592
21599
21603
21605
21606
21607
21612
21615
21617
21621
21623
21625
21626
21630
21631
21633
21637
21638
21639
21644
21648
21651
21653
21655
21656
21659
21664
21669
21671
21672
21677
21678
21680
21681
21683
21685
21687
21689
21690
21692
21695
21696
21697
21698
21701
21704
21710
21711
21718
21719
21720
21721
21725
21726
21733
21734
21735
21737
21739
21740
21743
21744
21745
21746
21747
21749
21755
21758
21759
21760
21761
21765
21766
21767
21768
21769
21770
21774
21776
21778
21783
21787
21788
21789
21793
21796
21798
21799
21800
21802
21803
21810
21815
21816
21818
21825
21827
21829
21831
21832
21834
21835
21836
21844
21846
21847
21848
21852
21855
21858
21861
21862
21863
21865
21869
21871
21873
21874
21876
21877
21878
21881
21882
21883
21887
21888
21891
21894
21895
21896
21899
21905
21906
21907
21910
21913
21914
21917
21918
21919
21921
21923
21924
21926
21928
21930
21931
21933
21934
21935
21939
21940
21946
21948
21949
21950
21952
21954
21955
21958
21959
21965
21975
21976
21978
21980
21983
21984
21988
21989
21990
21991
21992
21993
21994
21995
21996
21997
21998
21999
22000
22002
22003
22004
22005
22006
22007
22012
22016
22020
22021
22023
22027
22028
22029
22030
22033
22036
22037
22038
22040
22042
22044
22047
22052
22053
22054
22055
22056
22057
22058
22059
22062
22064
22065
22066
22071
22072
22076
22079
22085
22086
22087
22088
22089
22090
22091
22094
22099
22100
22102
22103
22105
22106
22109
22110
22112
22113
22114
22115
22118
22119
22120
22123
22124
22125
22126
22127
22128
22130
22131
22132
22137
22138
22140
22141
22143
22144
22147
22148
22151
22154
22155
22158
22160
22162
22163
22164
22167
22170
22172
22176
22177
22180
22182
22183
22184
22188
22189
22192
22193
22194
22195
22196
22199
22200
22201
22202
22204
22205
22207
22208
22209
22210
22212
22213
22214
22215
22217
22223
22224
22227
22228
22231
22232
22236
22237
22238
22239
22240
22241
22242
22243
22244
22245
22246
22247
22249
22250
22251
22252
22254
22255
22257
22258
22259
22261
22264
22265
22268
22269
22271
22272
22273
22275
22276
22277
22278
22279
22281
22282
22283
22302
22310
22311
22316
22322
22324
22332
22339
22387
22389
22390
22392
22398
22402
22413
22416
22419
22424
22446
22447
22460
22500
22502
22513
22524
22527
22539
22541
22542
22610
22611
22630
22635
22661
22664
22667
22713
22745
22808
22813
22817
22823
22829
22830
22845
22857
22871
22873
22878
22888
22901
22915
22938
22942
22953
22954
22959
22960
22964
22965
22966
22967
22968
22970
22971
22973
22974
22975
22976
22977
22978
22979
22980
22981
22982
22984
22985
22986
22987
22989
22990
22992
22994
22995
22997
22998
23000
23002
23003
23004
23006
23008
23009
23010
23011
23012
23013
23014
23015
23016
23017
23018
23019
23020
23021
23022
23025
23026
23028
23031
23034
23035
23037
23038
23040
23042
23044
23046
23048
23051
23052
23053
23054
23056
23057
23058
23059
23062
23063
23064
23065
23066
23067
23068
23069
23070
23071
23072
23075
23076
23078
23080
23082
23083
23084
23085
23087
23088
23094
23095
23096
23098
23099
23100
23102
23104
23105
23108
23111
23112
23114
23117
23118
23119
23120
23121
23126
23127
23128
23129
23130
23133
23134
23136
23142
23144
23145
23146
23147
23149
23151
23152
23153
23155
23157
23159
23161
23163
23164
23171
23172
23174
23176
23179
23183
23184
23185
23187
23188
23189
23190
23191
23192
23193
23195
23196
23199
23200
23203
23205
23206
23207
23209
23214
23216
23217
23218
23219
23221
23222
23223
23229
23234
23236
23237
23238
23241
23243
23246
23248
23249
23251
23253
23256
23257
23258
23260
23269
23270
23271
23272
23278
23279
23282
23283
23284
23285
23286
23288
23294
23295
23296
23297
23298
23301
23307
23313
23316
23317
23318
23322
23323
23324
23328
23329
23334
23335
23339
23340
23346
23349
23351
23352
23353
23356
23357
23359
23360
23362
23363
23365
23366
23367
23368
23369
23371
23372
23377
23380
23381
23386
23387
23391
23393
23395
23397
23398
23402
23405
23406
23407
23408
23414
23419
23420
23425
23427
23430
23433
23434
23435
23440
23441
23444
23446
23447
23448
23453
23455
23456
23458
23460
23461
23462
23463
23464
23466
23468
23471
23472
23473
23474
23479
23483
23484
23488
23489
23491
23495
23496
23499
23501
23504
23505
23507
23512
23514
23518
23519
23520
23521
23523
23524
23525
23526
23529
23530
23532
23536
23537
23541
23546
23549
23552
23562
23564
23566
23567
23573
23576
23579
23581
23584
23589
23593
23595
23598
23603
23605
23608
23609
23616
23617
23620
23622
23624
23626
23629
23632
23633
23640
23641
23645
23647
23648
23649
23650
23652
23653
23654
23657
23659
23660
23661
23662
23664
23666
23670
23680
23682
23684
23687
23689
23695
23700
23711
23714
23717
23720
23723
23725
23726
23729
23732
23733
23734
23736
23739
23741
23742
23746
23753
23755
23756
23758
23761
23762
23767
23770
23771
23772
23777
23778
23785
23786
23790
23793
23797
23799
23803
23804
23808
23810
23812
23814
23819
23823
23824
23825
23826
23827
23830
23831
23841
23843
23845
23846
23851
23852
23856
23858
23859
23860
23861
23863
23864
23867
23871
23875
23878
23879
23880
23883
23889
23890
23892
23893
23899
23903
23908
23910
23913
23918
23921
23922
23924
23926
23928
23943
23946
23947
23948
23949
23960
23966
23974
23979
23980
23982
23990
23991
23993
23996
23997
23999
24002
24006
24010
24023
24030
24031
24034
24035
24040
24046
24049
24051
24054
24059
24063
24064
24066
24067
24069
24070
24075
24078
24079
24080
24082
24085
24086
24087
24091
24105
24112
24113
24126
24132
24133
24140
24150
24159
24164
24171
24175
24178
24188
24189
24192
24195
24200
24201
24202
24217
24218
24222
24228
24232
24235
24238
24239
24240
24245
24249
24250
24258
24259
24262
24263
24264
24275
24278
24286
24296
24299
24300
24303
24312
24315
24317
24318
24323
24327
24329
24330
24331
24333
24334
24336
24338
24339
24340
24342
24346
24353
24358
24363
24369
24380
24382
24395
24397
24407
24412
24419
24421
24430
24436
24437
24441
24445
24452
24454
24455
24456
24469
24490
24495
24496
24498
24499
24508
24509
24522
24525
24528
24532
24533
24544
24550
24551
24559
24563
24568
24570
24575
24578
24581
24586
24589
24597
24601
24603
24604
24615
24630
24634
24635
24639
24640
24654
24665
24666
24667
24668
24671
24672
24676
24677
24678
24679
24681
24684
24685
24689
24692
24699
24700
24702
24704
24705
24706
24707
24711
24712
24713
24714
24716
24719
24720
24724
24726
24728
24731
24733
24734
24737
24740
24741
24746
24749
24756
24761
24762
24763
24766
24768
24769
24771
24773
24774
24775
24776
24777
24778
24779
24780
24783
24785
24786
24787
24789
24790
24793
24794
24795
24796
24797
24798
24799
24802
24803
24804
24805
24806
24807
24808
24809
24810
24812
24813
24814
24815
24816
24818
24820
24821
24822
24824
24825
24826
24827
24828
24829
24830
24832
24833
24834
24836
24837
24840
24841
24842
24843
24844
24845
24846
24847
24848
24849
24851
24852
24853
24854
24855
24857
24858
24860
24861
24863
24864
24865
24866
24867
24869
24870
24874
24875
24880
24881
24882
24883
24885
24886
24887
24888
24889
24891
24892
24895
24896
24897
24898
24900
24901
24904
24905
24907
24908
24910
24911
24912
24914
24915
24916
24917
24919
24920
24921
24925
24926
24927
24928
24929
24932
24934
24935
24936
24937
24938
24939
24940
24943
24945
24946
24948
24950
24952
24953
24954
24955
24956
24958
24959
24961
24962
24963
24964
24967
24969
24970
24972
24974
24978
24979
24981
24982
24983
24984
24986
24988
24990
24994
24995
24996
24997
24999
25000
25002
25004
25005
25008
25010
25012
25013
25014
25020
25021
25022
25024
25028
25031
25033
25037
25039
25042
25043
25044
25045
25048
25049
25050
25051
25055
25057
25058
25059
25060
25066
25067
25068
25070
25077
25081
25082
25084
25087
25089
25090
25094
25098
25101
25103
25105
25106
25109
25110
25111
25113
25114
25117
25121
25123
25126
25128
25132
25133
25135
25136
25138
25139
25141
25143
25144
25145
25146
25147
25152
25154
25155
25160
25165
25167
25168
25172
25174
25179
25181
25182
25185
25186
25187
25188
25190
25191
25192
25193
25195
25196
25197
25198
25200
25201
25202
25203
25205
25206
25207
25209
25212
25213
25214
25215
25217
25218
25219
25220
25222
25230
25233
25234
25238
25242
25244
25245
25246
25250
25253
25257
25261
25264
25265
25266
25268
25270
25271
25272
25273
25276
25277
25278
25282
25285
25286
25287
25289
25291
25292
25293
25295
25297
25298
25300
25301
25302
25303
25306
25309
25315
25316
25317
25320
25323
25325
25331
25332
25336
25338
25339
25340
25344
25345
25347
25350
25352
25353
25356
25357
25364
25366
25367
25372
25373
25376
25379
25383
25385
25386
25390
25392
25395
25398
25399
25403
25404
25407
25408
25410
25411
25412
25414
25418
25422
25433
25434
25438
25445
25446
25447
25448
25449
25451
25455
25456
25459
25460
25461
25471
25474
25476
25477
25481
25482
25488
25490
25495
25496
25497
25503
25504
25507
25510
25514
25516
25517
25519
25523
25524
25527
25528
25529
25530
25532
25535
25537
25538
25540
25545
25546
25550
25551
25552
25557
25560
25561
25562
25563
25566
25570
25571
25574
25576
25577
25578
25585
25588
25589
25590
25591
25595
25596
25600
25601
25605
25606
25608
25609
25613
25616
25617
25621
25624
25627
25629
25630
25633
25634
25635
25640
25642
25643
25648
25649
25652
25654
25655
25656
25657
25659
25663
25665
25666
25668
25669
25671
25676
25677
25678
25679
25682
25684
25690
25691
25693
25695
25696
25697
25698
25700
25701
25706
25709
25710
25711
25712
25713
25714
25717
25719
25722
25726
25730
25734
25738
25741
25743
25745
25748
25749
25750
25751
25757
25761
25763
25765
25766
25767
25770
25772
25773
25774
25775
25776
25777
25778
25779
25780
25781
25784
25786
25787
25790
25791
25792
25795
25796
25798
25801
25803
25804
25805
25810
25813
25814
25815
25818
25819
25820
25823
25824
25826
25827
25828
25829
25833
25834
25837
25838
25839
25840
25841
25842
25843
25845
25846
25847
25850
25853
25854
25855
25856
25858
25859
25862
25865
25869
25872
25873
25874
25876
25884
25886
25888
25893
25896
25898
25900
25903
25907
25908
25910
25913
25915
25918
25921
25922
25924
25926
25927
25928
25931
25934
25937
25938
25939
25940
25941
25942
25944
25945
25946
25949
25950
25953
25955
25956
25957
25958
25959
25960
25961
25962
25966
25968
25969
25971
25972
25974
25975
25976
25978
25980
25982
25983
25984
25985
25986
25987
25988
25989
25990
25992
25995
25996
26006
26014
26022
26024
26032
26035
26037
26041
26045
26047
26048
26050
26052
26061
26068
26083
26088
26095
26111
26113
26114
26127
26132
26133
26135
26142
26154
26156
26166
26183
26196
26208
26212
26217
26219
26228
26232
26236
26249
26258
26276
26287
26305
26324
26367
26379
26392
26406
26416
26418
26420
26432
26433
26437
26451
26465
26468
26496
26548
26550
26553
26577
26583
26592
26596
26609
26618
26627
26673
26674
26675
26677
26679
26680
26681
26682
26683
26684
26685
26686
26689
26690
26691
26692
26693
26694
26696
26697
26698
26699
26702
26703
26704
26705
26706
26707
26708
26709
26710
26711
26712
26713
26714
26717
26718
26720
26722
26723
26724
26725
26726
26727
26728
26729
26730
26731
26732
26733
26734
26735
26738
26739
26740
26742
26744
26745
26746
26747
26748
26749
26750
26751
26756
26757
26758
26760
26761
26764
26765
26766
26767
26768
26769
26770
26771
26772
26776
26777
26778
26780
26781
26782
26784
26786
26787
26788
26789
26790
26791
26793
26794
26796
26797
26798
26800
26801
26803
26805
26806
26807
26809
26810
26811
26812
26813
26814
26816
26817
26818
26819
26821
26822
26824
26826
26828
26831
26832
26834
26835
26836
26842
26843
26844
26847
26848
26849
26855
26856
26857
26858
26859
26860
26861
26863
26864
26865
26866
26871
26873
26876
26877
26878
26881
26886
26888
26889
26890
26892
26893
26897
26899
26903
26905
26906
26910
26913
26915
26916
26917
26918
26920
26921
26923
26924
26925
26929
26930
26931
26932
26936
26937
26938
26941
26943
26944
26949
26951
26952
26953
26954
26956
26957
26959
26962
26963
26964
26965
26968
26970
26971
26972
26975
26976
26977
26980
26983
26985
26986
26987
26990
26992
26997
26998
26999
27000
27001
27003
27004
27005
27007
27008
27009
27010
27011
27014
27015
27017
27018
27020
27025
27027
27030
27035
27036
27037
27038
27042
27048
27049
27053
27059
27060
27061
27062
27064
27065
27066
27069
27071
27073
27075
27076
27077
27079
27081
27082
27084
27085
27086
27087
27090
27092
27095
27096
27097
27099
27100
27101
27102
27106
27107
27109
27111
27114
27119
27121
27126
27127
27128
27130
27132
27133
27135
27137
27139
27142
27143
27146
27147
27150
27152
27153
27154
27155
27157
27158
27159
27160
27161
27162
27165
27166
27170
27171
27172
27173
27174
27175
27176
27177
27178
27181
27185
27188
27191
27196
27197
27200
27202
27203
27206
27208
27211
27212
27214
27215
27220
27221
27227
27229
27230
27231
27232
27233
27234
27237
27240
27244
27245
27246
27248
27250
27251
27252
27255
27256
27260
27263
27264
27266
27270
27274
27276
27277
27280
27281
27283
27284
27285
27287
27289
27290
27291
27292
27293
27294
27295
27296
27303
27306
27308
27312
27313
27317
27318
27319
27322
27323
27324
27325
27328
27329
27330
27331
27334
27336
27337
27343
27346
27347
27349
27353
27354
27357
27358
27360
27361
27362
27363
27367
27369
27373
27374
27384
27386
27389
27394
27396
27398
27404
27406
27408
27414
27417
27418
27420
27422
27423
27427
27428
27434
27435
27436
27437
27439
27440
27441
27443
27444
27446
27447
27448
27453
27454
27455
27456
27457
27459
27460
27465
27467
27468
27469
27470
27472
27473
27476
27480
27482
27483
27485
27486
27487
27488
27490
27491
27492
27493
27494
27495
27496
27497
27498
27502
27504
27505
27511
27512
27513
27514
27516
27517
27518
27522
27523
27525
27532
27533
27534
27536
27539
27544
27548
27557
27559
27560
27561
27562
27564
27565
27566
27567
27568
27570
27572
27574
27576
27577
27579
27580
27581
27582
27583
27589
27590
27591
27593
27597
27601
27602
27604
27605
27608
27611
27614
27615
27616
27618
27621
27623
27627
27631
27632
27633
27635
27636
27637
27642
27646
27647
27651
27653
27657
27660
27661
27662
27663
27676
27677
27685
27688
27691
27692
27695
27698
27699
27702
27707
27708
27709
27719
27721
27722
27723
27726
27727
27729
27730
27735
27737
27742
27745
27749
27754
27757
27758
27759
27760
27765
27780
27781
27785
27789
27793
27796
27797
27801
27802
27805
27807
27809
27811
27820
27822
27827
27829
27830
27833
27835
27837
27844
27846
27856
27865
27874
27875
27876
27880
27881
27888
27889
27892
27894
27895
27898
27901
27903
27904
27910
27920
27922
27931
27932
27942
27946
27950
27952
27954
27956
27958
27959
27961
27965
27972
27979
27982
27985
27989
27990
27993
27994
27995
28010
28013
28015
28016
28023
28031
28036
28039
28041
28043
28044
28045
28053
28054
28055
28061
28065
28072
28074
28076
28077
28083
28085
28092
28094
28099
28100
28106
28110
28111
28114
28123
28135
28137
28142
28145
28151
28154
28155
28158
28161
28163
28166
28167
28168
28169
28170
28172
28176
28178
28181
28183
28186
28188
28189
28193
28199
28200
28206
28210
28219
28221
28226
28227
28230
28235
28237
28242
28245
28250
28256
28268
28272
28273
28274
28280
28281
28283
28284
28286
28287
28292
28299
28300
28302
28305
28315
28325
28326
28331
28339
28341
28344
28349
28353
28354
28355
28359
28360
28363
28368
28372
28373
28374
28380
28385
28386
28389
28391
28392
28393
28395
28397
28405
28408
28410
28412
28413
28414
28416
28418
28420
28425
28427
28430
28431
28433
28436
28437
28438
28441
28442
28445
28447
28449
28453
28455
28457
28463
28465
28470
28472
28474
28475
28476
28479
28483
28485
28487
28489
28490
28491
28492
28493
28501
28502
28503
28504
28506
28507
28508
28510
28511
28513
28515
28516
28518
28520
28522
28523
28524
28526
28527
28528
28529
28530
28531
28532
28533
28534
28535
28536
28538
28539
28540
28541
28542
28543
28544
28545
28546
28548
28549
28550
28552
28554
28556
28558
28560
28562
28563
28564
28566
28567
28568
28569
28570
28571
28572
28573
28574
28576
28577
28578
28579
28580
28583
28584
28585
28586
28590
28593
28594
28595
28596
28597
28599
28600
28602
28603
28604
28605
28606
28608
28610
28611
28612
28613
28614
28617
28618
28620
28621
28622
28624
28625
28626
28627
28629
28631
28632
28633
28635
28637
28639
28640
28642
28646
28648
28649
28650
28651
28652
28653
28654
28657
28658
28661
28662
28663
28666
28667
28670
28671
28674
28675
28676
28677
28678
28682
28683
28684
28685
28686
28687
28688
28689
28690
28693
28695
28698
28699
28701
28704
28708
28709
28711
28712
28714
28716
28717
28719
28721
28723
28724
28727
28728
28729
28730
28733
28734
28736
28737
28739
28742
28743
28744
28745
28746
28747
28748
28751
28753
28755
28757
28758
28760
28761
28763
28764
28767
28768
28771
28772
28773
28774
28775
28777
28779
28780
28782
28784
28786
28788
28789
28790
28793
28795
28798
28810
28812
28816
28819
28821
28823
28824
28825
28827
28828
28833
28834
28835
28839
28840
28842
28843
28844
28846
28847
28850
28853
28856
28857
28859
28862
28864
28865
28866
28868
28869
28870
28872
28877
28880
28881
28882
28883
28884
28885
28886
28888
28889
28890
28893
28894
28895
28896
28897
28899
28900
28902
28904
28908
28909
28910
28911
28912
28913
28914
28915
28916
28917
28918
28921
28923
28926
28927
28933
28936
28939
28940
28941
28944
28945
28948
28952
28955
28957
28960
28963
28966
28967
28968
28969
28971
28975
28977
28978
28979
28981
28984
28986
28990
28992
28996
28998
28999
29001
29002
29004
29005
29006
29011
29013
29014
29016
29017
29018
29020
29023
29028
29029
29030
29031
29033
29034
29036
29038
29040
29042
29043
29044
29045
29048
29051
29058
29059
29061
29065
29066
29067
29072
29079
29081
29086
29088
29094
29097
29099
29105
29106
29108
29109
29117
29119
29120
29121
29125
29126
29127
29128
29130
29132
29136
29142
29147
29148
29149
29154
29155
29156
29157
29160
29162
29163
29165
29169
29171
29172
29173
29175
29176
29177
29178
29183
29187
29188
29190
29192
29193
29196
29204
29205
29206
29209
29210
29211
29217
29220
29226
29228
29230
29234
29236
29238
29239
29244
29246
29252
29254
29256
29259
29260
29264
29272
29273
29274
29276
29277
29283
29284
29285
29286
29292
29297
29300
29301
29302
29303
29305
29315
29319
29323
29327
29335
29336
29337
29338
29339
29340
29341
29342
29345
29346
29349
29352
29357
29359
29361
29368
29369
29372
29376
29378
29379
29380
29382
29383
29385
29386
29387
29390
29391
29392
29400
29401
29403
29406
29407
29411
29413
29414
29417
29419
29420
29423
29424
29427
29428
29430
29431
29432
29437
29440
29445
29447
29448
29449
29453
29455
29457
29459
29461
29464
29465
29466
29470
29475
29481
29482
29483
29485
29486
29490
29492
29493
29495
29497
29500
29501
29504
29507
29509
29512
29513
29515
29516
29517
29518
29519
29521
29522
29527
29528
29529
29530
29532
29533
29534
29535
29538
29540
29542
29543
29544
29547
29551
29552
29553
29554
29556
29557
29558
29559
29560
29567
29568
29569
29570
29571
29572
29573
29576
29577
29579
29580
29582
29587
29588
29591
29592
29593
29598
29600
29602
29603
29604
29610
29611
29614
29616
29617
29620
29622
29624
29627
29629
29630
29632
29633
29636
29637
29638
29640
29642
29645
29651
29652
29653
29655
29656
29657
29658
29660
29661
29663
29664
29666
29667
29668
29669
29670
29671
29672
29673
29675
29677
29682
29683
29686
29688
29689
29690
29691
29692
29696
29697
29699
29700
29701
29702
29703
29704
29705
29707
29710
29711
29714
29727
29730
29732
29738
29739
29743
29747
29748
29751
29752
29754
29759
29766
29769
29781
29786
29792
29796
29801
29802
29803
29807
29825
29832
29838
29840
29849
29853
29855
29857
29861
29864
29866
29867
29871
29873
29877
29880
29882
29891
29895
29897
29919
29954
29967
29986
29993
29996
30003
30008
30031
30033
30039
30058
30067
30071
30075
30085
30086
30091
30095
30115
30125
30130
30141
30155
30168
30178
30179
30181
30210
30229
30241
30247
30251
30300
30311
30328
30339
30341
30344
30348
30386
30388
30393
30394
30395
30396
30397
30398
30400
30401
30402
30403
30404
30406
30407
30408
30409
30410
30412
30413
30414
30416
30417
30418
30420
30421
30423
30424
30425
30426
30427
30428
30430
30431
30432
30433
30434
30435
30436
30437
30438
30439
30440
30441
30442
30443
30444
30445
30446
30447
30450
30451
30452
30453
30454
30458
30459
30460
30461
30462
30465
30466
30468
30470
30471
30472
30474
30475
30477
30478
30480
30481
30482
30483
30485
30486
30487
30490
30491
30494
30496
30500
30501
30502
30503
30504
30506
30507
30508
30510
30511
30513
30514
30515
30516
30517
30520
30521
30522
30523
30524
30525
30526
30527
30528
30529
30530
30531
30532
30533
30535
30536
30537
30538
30540
30542
30543
30545
30547
30548
30549
30551
30552
30553
30555
30556
30559
30560
30561
30562
30564
30566
30570
30572
30573
30574
30575
30576
30577
30578
30579
30581
30582
30583
30585
30587
30589
30592
30593
30594
30595
30596
30599
30602
30605
30606
30608
30609
30610
30611
30613
30615
30616
30618
30621
30622
30624
30626
30627
30628
30631
30635
30636
30637
30640
30642
30643
30644
30645
30646
30648
30650
30652
30654
30655
30656
30657
30658
30659
30661
30662
30665
30666
30668
30669
30670
30671
30673
30674
30676
30677
30678
30681
30682
30684
30685
30686
30688
30689
30691
30695
30697
30698
30699
30700
30702
30704
30706
30708
30711
30712
30716
30717
30718
30721
30722
30723
30724
30726
30731
30732
30733
30738
30739
30740
30741
30746
30749
30751
30752
30756
30757
30763
30764
30766
30767
30768
30772
30774
30777
30778
30779
30780
30781
30784
30785
30787
30788
30789
30790
30795
30796
30797
30798
30799
30800
30801
30805
30806
30807
30809
30810
30812
30813
30814
30816
30819
30820
30821
30822
30823
30824
30825
30826
30828
30832
30833
30834
30835
30837
30842
30843
30846
30847
30851
30853
30854
30855
30857
30858
30860
30861
30863
30864
30866
30868
30871
30872
30874
30876
30877
30879
30880
30883
30884
30885
30887
30889
30890
30893
30895
30897
30899
30900
30901
30902
30907
30910
30911
30912
30917
30919
30920
30921
30923
30926
30927
30928
30929
30931
30932
30933
30935
30938
30939
30940
30941
30942
30944
30946
30947
30948
30949
30953
30954
30960
30962
30963
30964
30965
30967
30969
30970
30971
30974
30977
30978
30980
30981
30982
30985
30988
30990
30991
30992
30993
30996
30998
31000
31001
31003
31004
31005
31007
31008
31010
31011
31012
31014
31015
31017
31019
31021
31023
31024
31026
31027
31032
31034
31035
31036
31038
31039
31042
31045
31048
31049
31050
31051
31052
31053
31054
31056
31057
31060
31061
31064
31066
31067
31068
31070
31071
31073
31074
31075
31076
31077
31078
31079
31080
31082
31083
31084
31085
31087
31088
31090
31091
31093
31094
31098
31102
31103
31104
31105
31108
31110
31111
31113
31115
31118
31119
31120
31123
31125
31128
31129
31134
31136
31137
31139
31140
31141
31142
31144
31145
31146
31148
31149
31151
31154
31157
31158
31161
31165
31167
31168
31169
31170
31172
31173
31175
31179
31180
31181
31182
31186
31187
31189
31190
31195
31196
31197
31198
31199
31200
31202
31203
31206
31207
31211
31212
31213
31218
31219
31220
31223
31224
31225
31232
31234
31237
31241
31244
31247
31248
31249
31252
31253
31255
31261
31264
31267
31272
31274
31276
31278
31279
31280
31281
31282
31284
31286
31287
31289
31290
31292
31293
31301
31304
31305
31306
31307
31310
31311
31313
31316
31317
31330
31331
31332
31335
31341
31345
31348
31349
31352
31353
31354
31359
31365
31368
31370
31371
31372
31373
31374
31376
31377
31382
31385
31386
31390
31393
31394
31397
31398
31399
31402
31404
31406
31407
31408
31410
31413
31415
31417
31421
31423
31425
31427
31428
31429
31432
31433
31434
31435
31437
31440
31442
31445
31448
31457
31460
31462
31465
31468
31469
31471
31472
31479
31480
31485
31488
31492
31497
31499
31503
31504
31509
31510
31511
31516
31517
31519
31521
31522
31525
31529
31531
31532
31533
31540
31545
31547
31551
31554
31555
31558
31569
31572
31578
31579
31580
31583
31587
31592
31599
31602
31608
31614
31615
31616
31617
31622
31624
31625
31626
31628
31630
31636
31637
31641
31643
31645
31646
31649
31653
31656
31658
31660
31663
31664
31666
31670
31678
31679
31680
31683
31684
31685
31686
31690
31696
31697
31698
31700
31701
31709
31714
31724
31727
31729
31733
31736
31737
31739
31740
31743
31744
31745
31746
31748
31750
31755
31757
31759
31767
31768
31775
31776
31781
31785
31786
31790
31800
31801
31803
31808
31809
31814
31820
31823
31824
31825
31828
31835
31837
31841
31845
31847
31849
31851
31865
31875
31878
31880
31882
31883
31890
31897
31898
31900
31901
31902
31903
31907
31914
31915
31918
31924
31927
31935
31936
31937
31942
31943
31947
31951
31953
31955
31956
31957
31961
31962
31975
31976
31978
31981
31982
31983
31986
31988
31991
31992
31996
32000
32005
32006
32009
32013
32014
32019
32026
32027
32029
32032
32035
32040
32043
32050
32053
32057
32058
32059
32064
32067
32068
32069
32073
32075
32081
32082
32087
32088
32091
32092
32093
32094
32095
32098
32099
32103
32104
32106
32107
32109
32110
32113
32114
32115
32116
32120
32126
32127
32130
32133
32134
32137
32138
32139
32140
32141
32143
32144
32147
32148
32150
32151
32152
32155
32157
32158
32159
32163
32164
32166
32167
32169
32171
32177
32178
32179
32185
32186
32187
32189
32190
32191
32195
32196
32199
32200
32201
32202
32203
32204
32205
32206
32207
32208
32210
32213
32215
32217
32218
32219
32220
32221
32222
32223
32224
32225
32226
32227
32228
32230
32232
32233
32234
32235
32236
32238
32240
32241
32242
32243
32244
32245
32246
32248
32250
32251
32253
32254
32255
32256
32257
32258
32259
32260
32261
32262
32264
32265
32266
32267
32268
32269
32270
32271
32272
32274
32276
32277
32278
32279
32280
32282
32283
32284
32285
32286
32287
32289
32290
32291
32292
32293
32294
32296
32297
32298
32299
32300
32301
32302
32303
32306
32307
32308
32309
32310
32311
32313
32314
32315
32316
32317
32319
32320
32321
32322
32324
32325
32326
32327
32328
32330
32332
32333
32335
32338
32340
32341
32343
32344
32345
32347
32349
32351
32352
32353
32354
32355
32356
32357
32358
32360
32362
32364
32365
32366
32367
32368
32370
32371
32373
32374
32377
32378
32380
32381
32382
32385
32386
32388
32389
32390
32391
32392
32393
32394
32396
32397
32398
32399
32400
32401
32402
32403
32404
32406
32407
32409
32410
32411
32412
32413
32416
32418
32420
32422
32423
32424
32425
32426
32427
32428
32429
32430
32431
32433
32434
32435
32436
32437
32438
32440
32442
32443
32444
32445
32446
32449
32450
32451
32452
32453
32454
32456
32458
32459
32461
32462
32467
32470
32471
32472
32475
32476
32477
32478
32480
32483
32485
32487
32488
32490
32491
32494
32495
32496
32498
32502
32503
32504
32512
32515
32516
32517
32522
32523
32524
32525
32526
32528
32530
32531
32533
32534
32535
32536
32537
32539
32541
32542
32546
32547
32549
32550
32551
32553
32554
32555
32556
32558
32559
32560
32561
32562
32563
32564
32565
32566
32567
32569
32571
32576
32577
32578
32582
32583
32584
32585
32586
32593
32595
32597
32600
32607
32609
32610
32612
32613
32614
32615
32616
32620
32621
32622
32623
32624
32625
32627
32628
32629
32630
32631
32632
32635
32636
32637
32638
32640
32641
32642
32646
32647
32649
32651
32654
32655
32658
32661
32662
32663
32666
32669
32671
32673
32674
32675
32676
32677
32678
32682
32683
32685
32688
32689
32690
32692
32693
32695
32698
32700
32701
32702
32703
32704
32705
32706
32707
32709
32710
32712
32713
32715
32717
32718
32720
32721
32723
32727
32730
32731
32732
32733
32734
32735
32737
32740
32741
32742
32747
32748
32749
32750
32751
32759
32760
32761
32763
32764
32766
32768
32772
32773
32775
32781
32783
32784
32785
32787
32788
32792
32794
32795
32796
32798
32799
32800
32801
32804
32805
32806
32807
32810
32811
32813
32815
32817
32819
32820
32821
32822
32823
32825
32827
32828
32829
32831
32832
32835
32838
32839
32840
32842
32844
32846
32848
32849
32850
32851
32859
32861
32862
32864
32865
32866
32868
32869
32870
32874
32877
32879
32880
32883
32886
32887
32891
32892
32893
32897
32898
32899
32901
32905
32907
32910
32911
32914
32916
32917
32919
32920
32922
32923
32924
32925
32926
32927
32931
32932
32935
32936
32937
32939
32940
32944
32947
32948
32949
32950
32951
32952
32953
32954
32955
32961
32962
32963
32964
32965
32966
32968
32969
32970
32972
32973
32974
32975
32976
32978
32979
32980
32982
32985
32986
32988
32992
32993
32994
32995
32996
33000
33002
33003
33006
33009
33011
33013
33016
33017
33018
33019
33020
33024
33029
33031
33033
33034
33035
33036
33038
33042
33043
33045
33046
33049
33050
33051
33052
33055
33060
33061
33063
33064
33066
33067
33069
33070
33074
33075
33082
33083
33085
33086
33087
33088
33091
33092
33093
33094
33096
33097
33100
33101
33104
33105
33106
33107
33109
33110
33112
33113
33118
33119
33120
33121
33123
33125
33126
33128
33130
33131
33133
33134
33135
33137
33138
33140
33141
33142
33143
33145
33146
33147
33148
33150
33151
33152
33153
33154
33155
33158
33160
33162
33164
33168
33169
33171
33172
33173
33175
33176
33178
33179
33180
33182
33183
33185
33187
33189
33190
33192
33193
33194
33195
33199
33200
33201
33202
33204
33206
33208
33209
33211
33212
33214
33215
33217
33218
33219
33220
33221
33222
33224
33227
33228
33229
33230
33231
33232
33233
33236
33241
33242
33243
33245
33246
33247
33248
33249
33251
33252
33253
33254
33255
33256
33257
33258
33260
33261
33262
33265
33267
33268
33269
33270
33271
33272
33273
33274
33275
33276
33277
33280
33282
33284
33285
33286
33287
33290
33293
33294
33296
33297
33301
33303
33304
33305
33309
33311
33312
33314
33316
33317
33318
33320
33321
33322
33326
33328
33329
33330
33335
33336
33337
33338
33339
33340
33341
33342
33343
33345
33346
33347
33348
33349
33350
33351
33352
33353
33354
33355
33356
33359
33361
33365
33366
33368
33369
33370
33372
33373
33375
33377
33378
33379
33380
33381
33382
33383
33384
33385
33386
33387
33388
33389
33390
33391
33394
33395
33396
33398
33399
33400
33402
33403
33404
33405
33406
33408
33411
33413
33414
33417
33418
33419
33420
33422
33423
33425
33426
33427
33428
33429
33430
33431
33434
33435
33441
33442
33445
33447
33448
33449
33450
33452
33453
33455
33456
33458
33459
33461
33464
33465
33466
33467
33468
33470
33476
33478
33485
33488
33492
33494
33499
33516
33525
33526
33538
33540
33542
33543
33550
33554
33557
33558
33563
33566
33567
33569
33570
33572
33578
33583
33587
33594
33596
33598
33599
33603
33605
33609
33618
33632
33633
33637
33659
33673
33676
33677
33681
33682
33683
33684
33690
33694
33704
33720
33732
33740
33749
33772
33799
33800
33803
33822
33824
33825
33851
33853
33874
33875
33880
33882
33883
33891
33892
33911
33914
33916
33926
33945
33953
33955
33961
33978
33980
33985
34010
34020
34051
34071
34100
34102
34103
34105
34106
34107
34109
34110
34111
34113
34114
34115
34116
34117
34118
34119
34120
34121
34122
34123
34124
34125
34126
34127
34128
34129
34130
34131
34133
34134
34135
34136
34137
34138
34139
34140
34142
34143
34144
34145
34146
34148
34149
34150
34151
34152
34153
34154
34155
34157
34158
34160
34161
34163
34164
34166
34167
34168
34169
34172
34173
34174
34175
34176
34177
34179
34180
34181
34182
34183
34184
34185
34186
34187
34188
34190
34192
34193
34194
34195
34196
34198
34199
34200
34201
34204
34205
34207
34208
34212
34215
34216
34217
34218
34221
34222
34223
34224
34225
34226
34227
34228
34231
34232
34233
34234
34236
34237
34238
34239
34241
34242
34243
34244
34245
34247
34250
34253
34254
34256
34259
34260
34261
34262
34263
34266
34267
34270
34271
34272
34274
34277
34278
34279
34280
34282
34283
34284
34285
34287
34288
34289
34290
34291
34294
34299
34301
34302
34303
34305
34306
34307
34309
34310
34311
34312
34314
34315
34316
34318
34321
34322
34325
34327
34328
34329
34330
34331
34332
34333
34334
34335
34336
34338
34341
34342
34345
34348
34351
34353
34354
34356
34358
34359
34360
34364
34365
34366
34368
34369
34371
34372
34373
34378
34381
34382
34384
34385
34387
34388
34390
34391
34392
34393
34395
34398
34403
34404
34405
34408
34409
34410
34411
34412
34413
34414
34415
34416
34417
34418
34420
34421
34422
34423
34424
34425
34428
34430
34431
34432
34433
34435
34436
34437
34439
34440
34441
34442
34443
34453
34454
34456
34458
34463
34464
34465
34469
34470
34472
34477
34478
34479
34481
34482
34484
34486
34487
34488
34489
34490
34492
34494
34495
34497
34498
34499
34500
34502
34504
34507
34508
34509
34510
34511
34512
34513
34514
34518
34519
34523
34524
34526
34527
34528
34531
34533
34535
34536
34537
34539
34541
34542
34547
34548
34549
34551
34554
34555
34556
34560
34562
34563
34565
34569
34570
34573
34574
34576
34577
34580
34582
34583
34584
34585
34586
34588
34589
34590
34591
34593
34594
34596
34598
34604
34605
34606
34608
34610
34611
34613
34614
34621
34622
34623
34624
34625
34626
34627
34631
34633
34634
34636
34638
34639
34642
34643
34645
34646
34647
34648
34649
34650
34651
34654
34660
34663
34665
34667
34669
34670
34673
34674
34676
34678
34679
34683
34685
34686
34687
34689
34691
34692
34693
34694
34696
34697
34698
34699
34705
34708
34709
34710
34712
34715
34717
34718
34719
34720
34721
34723
34724
34725
34727
34728
34729
34731
34733
34735
34737
34740
34745
34747
34750
34751
34752
34753
34756
34758
34759
34760
34762
34764
34765
34766
34767
34769
34771
34772
34774
34775
34777
34778
34782
34783
34785
34788
34789
34790
34792
34794
34795
34796
34799
34801
34803
34804
34806
34807
34808
34809
34812
34813
34815
34817
34819
34824
34826
34829
34832
34835
34837
34841
34842
34843
34845
34847
34848
34849
34850
34851
34852
34853
34854
34855
34856
34858
34859
34861
34862
34863
34865
34867
34868
34869
34871
34873
34874
34875
34876
34878
34881
34882
34883
34884
34885
34886
34887
34889
34896
34899
34903
34909
34910
34913
34914
34916
34920
34921
34923
34926
34930
34933
34935
34938
34939
34940
34942
34943
34946
34950
34951
34954
34955
34956
34957
34958
34959
34960
34961
34962
34965
34967
34968
34970
34975
34976
34980
34981
34986
34987
34988
34989
34993
34995
34996
34998
35000
35002
35003
35004
35005
35006
35007
35009
35010
35013
35017
35019
35020
35021
35024
35025
35029
35033
35034
35035
35036
35038
35040
35041
35043
35046
35047
35048
35049
35050
35052
35055
35056
35058
35060
35063
35064
35066
35067
35068
35069
35070
35073
35074
35077
35084
35085
35088
35090
35091
35093
35104
35106
35107
35108
35110
35112
35113
35116
35117
35119
35120
35121
35122
35123
35124
35125
35126
35130
35131
35133
35135
35137
35141
35142
35146
35147
35150
35151
35154
35155
35157
35158
35160
35163
35167
35169
35170
35171
35172
35174
35175
35176
35177
35180
35182
35185
35186
35187
35188
35190
35193
35196
35197
35199
35202
35209
35210
35211
35216
35222
35225
35227
35233
35234
35235
35236
35237
35239
35240
35243
35247
35260
35261
35262
35265
35266
35268
35273
35277
35279
35280
35283
35284
35285
35290
35292
35293
35301
35303
35304
35315
35316
35317
35320
35321
35323
35326
35330
35331
35334
35336
35338
35344
35349
35351
35360
35363
35378
35380
35382
35385
35386
35387
35389
35390
35392
35393
35394
35395
35397
35399
35400
35404
35406
35407
35411
35413
35417
35418
35421
35422
35423
35429
35430
35431
35435
35438
35441
35443
35447
35448
35450
35451
35452
35454
35457
35460
35464
35467
35472
35473
35476
35480
35481
35482
35483
35484
35489
35496
35499
35500
35501
35504
35505
35510
35511
35513
35520
35522
35524
35527
35528
35538
35539
35542
35544
35549
35551
35557
35560
35563
35566
35567
35568
35573
35574
35578
35579
35583
35584
35592
35594
35595
35598
35600
35603
35611
35612
35616
35617
35621
35623
35627
35628
35629
35631
35632
35635
35638
35640
35642
35644
35650
35652
35655
35658
35661
35662
35663
35665
35667
35668
35669
35670
35673
35682
35684
35686
35690
35702
35703
35705
35709
35711
35714
35716
35721
35723
35725
35728
35729
35730
35732
35737
35740
35741
35744
35747
35749
35753
35754
35763
35767
35770
35771
35772
35773
35776
35777
35782
35783
35785
35787
35788
35793
35795
35796
35800
35801
35802
35803
35806
35807
35809
35810
35812
35813
35814
35816
35817
35819
35820
35821
35823
35824
35826
35827
35829
35830
35833
35834
35835
35836
35837
35838
35840
35841
35842
35844
35845
35846
35847
35848
35849
35852
35853
35854
35855
35857
35858
35859
35861
35862
35864
35866
35868
35869
35870
35871
35873
35874
35875
35876
35877
35880
35881
35883
35885
35887
35888
35891
35898
35900
35903
35904
35905
35906
35907
35908
35909
35911
35912
35913
35914
35915
35916
35917
35918
35919
35920
35921
35925
35927
35929
35930
35931
35932
35934
35935
35936
35937
35938
35939
35940
35941
35942
35943
35944
35945
35946
35947
35948
35949
35950
35951
35952
35953
35954
35955
35956
35957
35958
35959
35960
35961
35962
35963
35964
35967
35968
35969
35970
35971
35972
35973
35974
35975
35977
35978
35979
35980
35981
35982
35984
35985
35986
35987
35988
35989
35990
35991
35992
35993
35995
35996
35997
35999
36000
36001
36003
36004
36005
36007
36008
36010
36011
36012
36014
36015
36016
36018
36019
36020
36021
36022
36023
36024
36025
36027
36029
36030
36031
36032
36033
36034
36035
36036
36038
36040
36041
36044
36046
36048
36049
36050
36052
36053
36056
36057
36058
36059
36061
36062
36063
36065
36066
36067
36068
36070
36071
36072
36074
36077
36078
36079
36080
36081
36082
36085
36086
36087
36092
36094
36095
36096
36097
36098
36100
36102
36103
36104
36105
36107
36108
36109
36110
36111
36113
36115
36116
36117
36119
36120
36121
36125
36126
36127
36129
36130
36131
36135
36137
36138
36140
36141
36142
36143
36146
36147
36148
36149
36150
36152
36154
36155
36156
36157
36160
36161
36163
36164
36165
36167
36170
36172
36173
36174
36175
36179
36180
36181
36183
36185
36186
36190
36191
36194
36195
36196
36197
36199
36200
36201
36202
36203
36210
36211
36212
36214
36215
36217
36218
36220
36221
36223
36224
36226
36228
36229
36231
36233
36240
36241
36244
36245
36248
36249
36250
36251
36252
36256
36257
36259
36260
36261
36263
36264
36265
36266
36267
36268
36269
36271
36274
36275
36276
36278
36279
36280
36281
36284
36286
36288
36289
36290
36291
36293
36294
36297
36298
36300
36302
36305
36307
36308
36309
36310
36311
36313
36314
36316
36317
36318
36319
36321
36322
36323
36324
36325
36326
36327
36328
36329
36330
36331
36332
36334
36335
36338
36339
36340
36341
36343
36344
36345
36346
36347
36349
36350
36351
36353
36354
36355
36356
36358
36360
36361
36362
36363
36364
36365
36367
36368
36369
36371
36373
36375
36376
36377
36378
36379
36380
36382
36383
36384
36385
36386
36387
36388
36390
36391
36392
36394
36397
36399
36402
36403
36405
36406
36408
36409
36410
36411
36412
36413
36414
36415
36416
36418
36419
36420
36421
36424
36426
36427
36428
36429
36430
36431
36433
36434
36437
36439
36441
36442
36445
36446
36448
36449
36453
36455
36456
36459
36461
36462
36463
36464
36465
36468
36470
36473
36474
36475
36476
36479
36481
36482
36486
36487
36489
36490
36492
36493
36494
36495
36496
36497
36499
36501
36502
36503
36506
36507
36508
36509
36510
36513
36514
36516
36518
36519
36521
36525
36527
36528
36532
36533
36534
36536
36537
36541
36545
36546
36549
36551
36553
36554
36556
36557
36560
36564
36566
36567
36572
36573
36575
36576
36577
36580
36582
36583
36584
36587
36590
36591
36592
36593
36597
36598
36599
36600
36601
36603
36605
36606
36608
36611
36613
36614
36615
36617
36618
36619
36620
36621
36622
36625
36630
36631
36632
36634
36636
36637
36638
36639
36640
36645
36646
36648
36649
36654
36658
36662
36664
36665
36666
36669
36672
36674
36676
36677
36679
36680
36682
36684
36685
36687
36688
36689
36690
36692
36694
36697
36700
36701
36702
36704
36705
36708
36710
36711
36712
36713
36714
36716
36719
36720
36724
36725
36727
36730
36731
36732
36733
36734
36735
36738
36741
36743
36749
36750
36751
36754
36755
36756
36758
36759
36761
36763
36766
36767
36769
36773
36774
36775
36777
36779
36780
36783
36784
36785
36786
36789
36791
36796
36797
36799
36800
36806
36808
36809
36810
36811
36813
36815
36816
36818
36819
36823
36824
36826
36829
36832
36833
36834
36835
36836
36837
36838
36839
36840
36842
36843
36844
36845
36848
36849
36850
36851
36852
36854
36856
36860
36861
36862
36864
36866
36868
36870
36871
36872
36876
36877
36878
36880
36882
36883
36885
36886
36888
36889
36891
36893
36894
36896
36898
36899
36901
36904
36907
36908
36909
36910
36911
36912
36913
36914
36917
36918
36919
36920
36923
36928
36929
36930
36932
36934
36935
36936
36939
36945
36946
36947
36949
36950
36952
36953
36955
36956
36957
36958
36959
36960
36961
36963
36964
36965
36967
36968
36969
36970
36971
36973
36974
36979
36980
36981
36982
36983
36984
36986
36987
36988
36991
36994
36995
36996
36998
36999
37000
37001
37004
37005
37006
37007
37010
37015
37016
37018
37019
37025
37026
37027
37028
37030
37031
37032
37033
37035
37037
37038
37040
37042
37043
37045
37047
37050
37054
37055
37056
37057
37058
37059
37060
37061
37063
37064
37065
37066
37068
37069
37070
37071
37073
37076
37079
37080
37081
37083
37086
37087
37088
37091
37092
37093
37094
37095
37097
37098
37099
37101
37102
37103
37104
37105
37108
37111
37113
37115
37116
37117
37118
37119
37120
37121
37122
37123
37125
37127
37128
37129
37130
37131
37132
37134
37135
37138
37139
