0
2
5
8
9
21
24
35
39
41
44
54
56
57
61
64
67
75
78
80
84
89
90
95
102
110
111
114
115
116
118
123
124
126
130
133
142
151
152
154
155
157
158
162
165
172
190
202
207
214
216
223
232
240
247
248
255
260
262
274
296
301
305
319
336
338
345
346
353
355
368
369
379
380
392
398
403
425
427
431
434
437
442
458
465
469
472
485
488
493
498
499
508
509
514
517
528
535
541
555
556
560
561
563
571
572
580
583
587
588
589
598
600
602
605
617
627
633
634
641
642
644
662
670
674
675
677
679
681
683
684
685
686
687
688
689
690
691
692
693
694
696
699
700
701
702
703
705
706
707
708
709
710
711
712
713
714
715
716
717
718
719
720
721
722
724
725
726
727
728
729
730
733
734
735
736
737
738
741
744
746
747
750
752
757
758
759
762
763
766
767
768
769
770
771
773
774
775
776
777
778
779
781
782
783
785
787
788
789
791
792
793
794
797
798
801
802
803
804
805
807
808
811
812
814
815
816
818
819
820
821
823
824
826
828
830
833
834
835
836
837
839
842
844
846
849
850
857
858
861
862
865
868
869
875
877
881
882
884
888
889
890
892
894
895
897
898
899
900
901
904
905
907
909
912
913
914
916
917
919
922
923
925
928
929
930
931
933
934
935
936
938
940
945
946
948
954
955
956
957
958
960
962
964
966
968
969
974
977
979
982
985
986
987
988
989
990
991
994
995
996
999
1000
1002
1003
1005
1006
1009
1010
1011
1017
1018
1019
1021
1022
1027
1028
1031
1032
1033
1034
1036
1038
1039
1040
1045
1051
1053
1054
1055
1056
1057
1060
1062
1063
1064
1066
1069
1072
1073
1074
1075
1078
1079
1081
1082
1083
1084
1086
1087
1088
1093
1094
1096
1097
1099
1100
1101
1102
1103
1106
1108
1109
1110
1111
1113
1115
1118
1121
1122
1123
1125
1134
1135
1136
1139
1140
1144
1147
1148
1149
1150
1152
1153
1157
1160
1162
1164
1166
1171
1175
1177
1178
1179
1180
1181
1182
1184
1185
1188
1190
1194
1202
1203
1205
1207
1210
1219
1221
1223
1228
1230
1231
1232
1235
1237
1239
1240
1241
1249
1253
1256
1257
1259
1260
1261
1262
1263
1265
1266
1268
1272
1273
1274
1276
1277
1279
1281
1284
1287
1291
1294
1298
1299
1300
1301
1303
1311
1312
1314
1321
1323
1324
1325
1326
1327
1328
1330
1332
1333
1334
1338
1339
1340
1343
1344
1348
1349
1352
1354
1356
1358
1359
1364
1366
1367
1368
1369
1373
1375
1379
1380
1381
1383
1391
1395
1396
1397
1398
1403
1407
1408
1415
1416
1424
1426
1427
1429
1434
1437
1439
1441
1442
1445
1446
1448
1449
1453
1457
1458
1461
1462
1465
1466
1469
1478
1479
1481
1483
1487
1488
1489
1490
1494
1497
1499
1501
1503
1505
1507
1512
1513
1516
1519
1524
1526
1527
1535
1536
1538
1539
1540
1541
1543
1544
1547
1551
1552
1555
1556
1558
1560
1561
1562
1563
1568
1569
1570
1572
1573
1574
1576
1577
1579
1580
1583
1584
1585
1590
1593
1599
1605
1606
1607
1612
1615
1621
1622
1624
1629
1630
1633
1636
1637
1638
1640
1644
1646
1648
1649
1651
1652
1659
1664
1666
1672
1673
1674
1675
1681
1682
1685
1686
1690
1691
1695
1698
1699
1700
1702
1705
1707
1709
1710
1714
1719
1720
1723
1726
1728
1729
1731
1736
1744
1745
1746
1749
1751
1752
1753
1756
1757
1759
1760
1761
1762
1766
1767
1768
1773
1775
1789
1791
1792
1794
1796
1797
1798
1802
1807
1811
1813
1816
1817
1818
1820
1822
1824
1826
1830
1831
1834
1839
1844
1851
1854
1855
1858
1862
1867
1868
1872
1882
1883
1884
1894
1904
1906
1909
1910
1912
1917
1918
1923
1924
1925
1929
1932
1933
1935
1939
1943
1944
1946
1950
1951
1955
1960
1962
1963
1965
1966
1969
1971
1973
1974
1975
1978
1979
1981
1983
1984
1997
2003
2007
2009
2012
2015
2016
2017
2018
2021
2023
2024
2025
2027
2029
2031
2033
2035
2038
2041
2045
2046
2047
2056
2062
2065
2067
2070
2079
2080
2082
2085
2088
2097
2102
2105
2112
2116
2133
2136
2138
2144
2146
2147
2153
2156
2157
2161
2163
2164
2165
2166
2168
2169
2170
2171
2172
2174
2185
2186
2194
2200
2205
2206
2218
2219
2230
2237
2239
2244
2252
2254
2258
2260
2263
2264
2267
2268
2273
2275
2279
2282
2283
2284
2286
2302
2307
2319
2320
2325
2327
2331
2339
2351
2352
2354
2356
2357
2363
2364
2365
2373
2378
2379
2381
2382
2383
2384
2386
2387
2388
2391
2393
2394
2395
2397
2400
2402
2403
2404
2406
2408
2410
2415
2417
2418
2422
2429
2430
2432
2435
2437
2438
2441
2443
2444
2447
2448
2449
2451
2455
2457
2459
2461
2465
2474
2475
2477
2480
2484
2486
2487
2488
2489
2490
2491
2492
2493
2494
2496
2498
2499
2503
2504
2505
2506
2508
2510
2512
2513
2514
2515
2516
2518
2520
2521
2524
2525
2526
2527
2528
2529
2530
2532
2533
2534
2535
2536
2537
2538
2540
2541
2542
2543
2544
2545
2546
2547
2548
2549
2550
2551
2552
2553
2554
2555
2556
2557
2558
2559
2560
2561
2562
2563
2564
2565
2566
2567
2568
2569
2570
2571
2573
2574
2575
2576
2577
2578
2579
2581
2582
2583
2584
2585
2586
2588
2589
2591
2592
2593
2595
2596
2597
2598
2599
2600
2601
2602
2604
2605
2606
2607
2609
2610
2612
2613
2614
2615
2616
2617
2618
2619
2620
2621
2623
2624
2626
2627
2628
2629
2631
2633
2634
2636
2639
2641
2643
2644
2645
2646
2648
2650
2651
2652
2653
2654
2655
2656
2657
2661
2662
2664
2665
2667
2668
2669
2670
2671
2672
2673
2674
2675
2676
2677
2678
2679
2681
2682
2683
2684
2685
2686
2688
2689
2690
2691
2692
2693
2695
2696
2697
2698
2699
2700
2701
2702
2703
2708
2710
2711
2712
2716
2717
2718
2721
2722
2723
2724
2725
2726
2727
2728
2729
2730
2731
2734
2736
2737
2738
2740
2743
2744
2745
2747
2748
2749
2752
2753
2755
2756
2758
2759
2760
2762
2764
2765
2766
2767
2769
2773
2774
2775
2776
2777
2779
2782
2784
2785
2786
2789
2791
2795
2797
2800
2802
2803
2805
2809
2810
2812
2813
2815
2816
2818
2819
2820
2821
2822
2823
2824
2825
2826
2827
2829
2830
2831
2833
2836
2837
2838
2841
2842
2843
2846
2847
2848
2849
2852
2853
2854
2855
2861
2865
2866
2870
2871
2872
2873
2874
2877
2880
2882
2883
2884
2886
2887
2888
2889
2890
2891
2893
2894
2897
2898
2899
2900
2901
2902
2904
2906
2907
2909
2910
2911
2915
2917
2918
2919
2920
2926
2928
2930
2931
2935
2937
2938
2940
2942
2943
2944
2945
2947
2948
2949
2950
2951
2952
2954
2956
2959
2965
2966
2970
2973
2974
2975
2980
2983
2986
2989
2990
2992
2993
2996
2998
2999
3002
3003
3004
3005
3008
3011
3016
3017
3018
3019
3020
3026
3029
3033
3035
3037
3038
3040
3042
3044
3045
3046
3047
3048
3049
3051
3052
3054
3060
3061
3063
3065
3067
3068
3076
3078
3080
3088
3089
3090
3091
3092
3094
3095
3099
3100
3101
3102
3105
3108
3110
3111
3115
3120
3121
3122
3123
3127
3128
3129
3134
3138
3139
3145
3148
3149
3154
3155
3156
3159
3162
3165
3166
3171
3173
3179
3180
3185
3187
3191
3192
3193
3195
3196
3197
3200
3202
3206
3210
3212
3213
3220
3222
3226
3230
3236
3239
3240
3241
3243
3248
3251
3253
3254
3255
3256
3257
3258
3261
3264
3266
3267
3271
3272
3273
3276
3278
3280
3281
3285
3286
3287
3288
3291
3292
3294
3296
3298
3299
3301
3302
3303
3310
3311
3315
3316
3317
3325
3326
3329
3332
3334
3337
3341
3349
3350
3351
3354
3355
3357
3358
3360
3362
3364
3365
3370
3376
3379
3380
3381
3382
3383
3384
3385
3388
3389
3392
3393
3394
3398
3405
3406
3407
3413
3414
3416
3417
3418
3420
3422
3424
3425
3427
3430
3434
3436
3438
3439
3444
3446
3447
3448
3450
3453
3457
3458
3461
3462
3463
3464
3465
3466
3467
3468
3470
3471
3472
3473
3474
3483
3485
3486
3487
3488
3490
3492
3493
3496
3501
3502
3503
3508
3510
3512
3513
3514
3515
3517
3518
3519
3520
3521
3522
3524
3526
3530
3531
3532
3534
3535
3536
3537
3539
3540
3544
3545
3546
3548
3549
3550
3552
3554
3555
3556
3557
3558
3560
3561
3562
3566
3569
3570
3571
3572
3574
3577
3578
3579
3583
3588
3592
3599
3600
3601
3602
3606
3608
3610
3612
3614
3617
3618
3620
3622
3623
3624
3625
3626
3629
3630
3631
3634
3640
3642
3643
3644
3646
3650
3651
3652
3653
3654
3655
3657
3658
3660
3661
3663
3665
3669
3672
3673
3674
3675
3676
3677
3678
3679
3680
3682
3684
3688
3690
3691
3693
3694
3697
3698
3699
3700
3702
3703
3708
3709
3711
3712
3713
3746
3747
3751
3753
3762
3768
3770
3776
3784
3794
3795
3798
3804
3805
3809
3812
3822
3825
3826
3827
3832
3837
3838
3840
3844
3847
3853
3855
3859
3861
3862
3865
3866
3872
3875
3876
3882
3893
3897
3910
3913
3925
3929
3930
3933
3940
3944
3945
3948
3951
3953
3954
3962
3964
3970
3971
3986
3989
3995
4002
4005
4007
4033
4042
4046
4054
4063
4069
4070
4072
4074
4075
4082
4086
4087
4088
4092
4095
4106
4115
4116
4117
4119
4124
4132
4135
4137
4141
4148
4149
4156
4161
4163
4164
4165
4172
4174
4178
4194
4195
4201
4202
4203
4213
4214
4216
4222
4227
4228
4238
4240
4242
4243
4245
4249
4269
4271
4276
4279
4286
4294
4305
4306
4325
4333
4334
4339
4343
4354
4356
4358
4359
4362
4365
4368
4382
4384
4388
4389
4390
4391
4392
4394
4395
4397
4398
4399
4401
4402
4403
4404
4405
4406
4407
4408
4409
4410
4411
4412
4413
4414
4415
4416
4417
4418
4419
4420
4421
4422
4424
4425
4426
4427
4428
4430
4431
4432
4433
4437
4438
4439
4440
4441
4442
4445
4447
4448
4449
4452
4454
4455
4456
4458
4460
4461
4462
4465
4466
4469
4470
4472
4473
4476
4478
4480
4481
4482
4483
4485
4487
4488
4489
4490
4493
4496
4497
4502
4503
4504
4505
4506
4507
4508
4509
4510
4511
4512
4514
4516
4517
4520
4521
4522
4523
4524
4525
4526
4528
4530
4532
4533
4535
4538
4544
4545
4547
4549
4550
4551
4552
4553
4556
4557
4558
4559
4560
4563
4564
4566
4571
4575
4576
4577
4581
4585
4586
4589
4590
4591
4594
4598
4599
4602
4603
4604
4606
4608
4609
4610
4611
4612
4613
4615
4617
4618
4619
4620
4621
4622
4623
4632
4633
4634
4639
4645
4648
4652
4653
4656
4658
4659
4660
4661
4662
4664
4669
4670
4671
4672
4673
4679
4680
4683
4685
4688
4691
4693
4696
4698
4699
4700
4701
4702
4703
4704
4708
4715
4716
4717
4718
4721
4723
4724
4725
4727
4729
4730
4732
4733
4739
4740
4741
4743
4746
4747
4749
4752
4753
4754
4755
4757
4758
4759
4762
4765
4767
4768
4769
4770
4776
4778
4780
4781
4785
4786
4787
4788
4790
4792
4793
4795
4796
4797
4798
4800
4801
4802
4807
4808
4811
4812
4814
4815
4816
4817
4819
4820
4821
4822
4825
4827
4830
4835
4838
4839
4841
4842
4844
4846
4847
4848
4849
4857
4864
4865
4866
4871
4874
4876
4878
4880
4883
4887
4892
4895
4897
4900
4902
4903
4906
4910
4913
4915
4916
4921
4925
4926
4930
4931
4934
4935
4936
4938
4944
4945
4946
4948
4949
4950
4952
4953
4955
4963
4964
4966
4967
4970
4971
4972
4973
4975
4976
4978
4979
4980
4981
4986
4987
4988
4990
4995
5001
5002
5005
5009
5012
5013
5014
5015
5019
5022
5023
5024
5025
5026
5028
5030
5032
5033
5035
5037
5038
5040
5041
5043
5044
5045
5046
5047
5048
5049
5051
5052
5054
5055
5062
5063
5064
5065
5066
5071
5072
5073
5075
5078
5080
5081
5082
5083
5084
5087
5088
5089
5090
5092
5093
5094
5095
5097
5098
5099
5100
5101
5102
5104
5106
5109
5110
5112
5116
5117
5118
5119
5121
5122
5123
5124
5130
5132
5133
5137
5139
5141
5143
5147
5151
5152
5153
5155
5158
5159
5160
5162
5165
5166
5168
5172
5175
5176
5177
5180
5184
5185
5189
5192
5195
5201
5202
5203
5204
5208
5209
5211
5213
5214
5218
5221
5225
5226
5230
5231
5232
5233
5234
5235
5236
5237
5238
5240
5241
5242
5247
5249
5250
5253
5254
5255
5258
5266
5269
5273
5275
5277
5278
5279
5281
5282
5283
5284
5285
5286
5288
5290
5291
5293
5294
5295
5296
5299
5300
5304
5307
5309
5310
5311
5313
5317
5321
5327
5328
5329
5331
5334
5335
5337
5340
5343
5344
5348
5352
5354
5355
5358
5359
5360
5362
5364
5367
5370
5373
5376
5378
5379
5380
5385
5387
5388
5390
5393
5394
5395
5396
5397
5399
5400
5401
5402
5404
5407
5408
5412
5415
5427
5430
5435
5437
5439
5440
5441
5442
5443
5449
5450
5453
5455
5457
5458
5459
5460
5465
5466
5473
5474
5475
5476
5477
5479
5481
5482
5483
5484
5487
5488
5490
5492
5500
5504
5508
5509
5510
5511
5512
5515
5519
5520
5521
5527
5530
5533
5534
5535
5537
5544
5553
5556
5565
5567
5570
5572
5576
5577
5579
5582
5583
5590
5594
5595
5598
5601
5606
5610
5611
5619
5622
5625
5630
5632
5637
5638
5642
5645
5647
5649
5650
5651
5653
5658
5660
5662
5666
5668
5669
5670
5671
5672
5675
5680
5681
5682
5684
5685
5686
5689
5692
5700
5707
5709
5710
5711
5718
5723
5726
5730
5732
5735
5737
5739
5743
5745
5751
5752
5754
5755
5760
5761
5768
5769
5771
5775
5777
5781
5793
5794
5795
5798
5800
5801
5802
5803
5812
5814
5816
5820
5822
5826
5827
5830
5837
5839
5841
5847
5848
5851
5855
5856
5864
5867
5868
5869
5870
5875
5877
5882
5883
5884
5885
5886
5888
5892
5895
5899
5901
5904
5905
5906
5915
5920
5924
5925
5927
5937
5939
5942
5943
5944
5953
5958
5964
5965
5968
5971
5972
5974
5975
5978
5980
5981
5983
5996
5997
5998
5999
6003
6011
6016
6025
6028
6031
6033
6039
6041
6043
6047
6055
6059
6060
6064
6065
6066
6069
6070
6072
6073
6075
6079
6084
6086
6087
6088
6096
6097
6098
6101
6102
6103
6105
6107
6108
6109
6111
6112
6114
6115
6116
6117
6118
6119
6120
6121
6122
6124
6129
6130
6132
6133
6135
6138
6142
6143
6144
6146
6148
6149
6152
6156
6157
6158
6159
6165
6167
6169
6170
6171
6172
6173
6175
6179
6188
6201
6202
6203
6204
6205
6206
6207
6209
6210
6212
6213
6215
6217
6219
6220
6223
6226
6227
6228
6229
6232
6234
6235
6236
6237
6238
6239
6240
6242
6243
6244
6246
6247
6248
6249
6250
6251
6252
6253
6255
6256
6257
6258
6260
6261
6263
6264
6265
6266
6267
6268
6269
6270
6272
6273
6274
6275
6276
6277
6278
6279
6280
6282
6283
6284
6285
6287
6289
6290
6291
6292
6293
6294
6295
6296
6297
6298
6299
6300
6301
6302
6305
6306
6309
6310
6311
6312
6313
6314
6315
6316
6317
6318
6319
6320
6321
6322
6324
6325
6326
6327
6328
6329
6330
6331
6332
6333
6334
6335
6337
6338
6340
6341
6343
6345
6346
6347
6349
6350
6351
6353
6355
6356
6357
6358
6360
6361
6362
6365
6366
6367
6369
6370
6374
6375
6377
6378
6381
6382
6383
6384
6385
6386
6388
6389
6390
6391
6392
6393
6395
6397
6398
6399
6400
6403
6404
6405
6406
6407
6409
6410
6411
6412
6413
6414
6415
6417
6418
6420
6421
6423
6424
6425
6426
6430
6431
6432
6433
6434
6435
6436
6437
6438
6440
6442
6443
6444
6446
6448
6450
6451
6452
6454
6456
6457
6458
6460
6461
6462
6463
6465
6467
6469
6474
6475
6476
6478
6479
6480
6484
6487
6488
6489
6490
6491
6493
6495
6496
6498
6500
6501
6502
6505
6507
6509
6511
6513
6514
6515
6517
6520
6528
6530
6533
6536
6538
6539
6540
6541
6543
6544
6545
6546
6547
6548
6549
6551
6553
6555
6556
6558
6559
6560
6561
6562
6563
6564
6566
6569
6572
6573
6574
6576
6578
6579
6582
6583
6584
6587
6589
6590
6595
6597
6598
6599
6600
6602
6604
6608
6609
6611
6612
6614
6617
6618
6620
6621
6624
6625
6627
6628
6629
6631
6633
6635
6637
6638
6639
6642
6644
6647
6648
6651
6652
6653
6654
6656
6657
6658
6660
6661
6662
6663
6665
6666
6668
6671
6673
6674
6675
6682
6684
6687
6688
6689
6690
6693
6694
6698
6700
6702
6703
6704
6706
6707
6710
6713
6714
6715
6717
6720
6721
6722
6724
6725
6726
6730
6731
6732
6733
6735
6736
6737
6747
6749
6750
6751
6752
6753
6754
6756
6761
6762
6764
6769
6770
6771
6774
6775
6777
6781
6782
6788
6790
6797
6799
6808
6809
6810
6813
6816
6818
6820
6822
6824
6825
6826
6829
6830
6834
6835
6837
6840
6841
6842
6843
6845
6846
6848
6852
6853
6862
6865
6866
6867
6868
6869
6870
6871
6872
6873
6876
6881
6882
6883
6885
6887
6891
6893
6896
6899
6903
6906
6909
6910
6914
6915
6918
6919
6924
6925
6927
6929
6931
6933
6934
6936
6937
6941
6942
6944
6946
6948
6950
6954
6955
6957
6958
6962
6963
6964
6966
6967
6968
6970
6971
6972
6975
6976
6978
6984
6985
6986
6989
6990
6991
6992
6996
7000
7002
7005
7008
7010
7011
7012
7013
7014
7015
7016
7018
7021
7022
7023
7025
7026
7029
7030
7031
7032
7039
7040
7043
7044
7045
7046
7048
7051
7053
7054
7057
7058
7060
7061
7063
7065
7072
7075
7076
7078
7079
7084
7086
7087
7089
7090
7094
7095
7097
7098
7099
7102
7103
7105
7106
7107
7108
7109
7111
7112
7113
7115
7117
7119
7120
7121
7126
7127
7128
7129
7130
7131
7133
7134
7135
7137
7138
7139
7140
7141
7143
7144
7147
7149
7150
7152
7153
7156
7159
7160
7162
7164
7168
7169
7170
7173
7174
7175
7176
7177
7180
7181
7182
7186
7187
7188
7191
7196
7199
7202
7204
7206
7207
7211
7216
7217
7218
7222
7223
7224
7228
7231
7232
7233
7234
7235
7237
7238
7241
7243
7244
7245
7246
7248
7249
7251
7252
7253
7257
7258
7259
7262
7264
7266
7267
7269
7270
7271
7273
7274
7275
7279
7281
7282
7284
7288
7291
7292
7294
7295
7296
7299
7302
7303
7305
7306
7307
7308
7309
7313
7314
7315
7316
7320
7321
7322
7323
7325
7326
7328
7332
7333
7335
7336
7337
7339
7340
7343
7345
7346
7347
7348
7349
7350
7351
7352
7354
7356
7357
7358
7360
7361
7364
7366
7368
7370
7371
7372
7374
7375
7376
7377
7379
7380
7382
7383
7384
7387
7388
7389
7390
7391
7393
7396
7398
7400
7401
7402
7403
7405
7406
7408
7410
7412
7413
7414
7415
7416
7417
7418
7419
7421
7425
7426
7430
7452
7458
7464
7465
7483
7490
7508
7530
7543
7551
7553
7554
7556
7558
7565
7573
7574
7577
7580
7583
7585
7587
7590
7592
7604
7611
7613
7634
7668
7689
7698
7723
7724
7760
7768
7780
7820
7822
7826
7836
7838
7875
7893
7916
7918
7927
7963
7967
7979
8016
8018
8021
8030
8037
8047
8059
8061
8064
8067
8068
8096
8102
8103
8104
8107
8108
8109
8110
8111
8112
8113
8114
8115
8116
8117
8119
8121
8122
8124
8125
8126
8128
8129
8130
8131
8132
8133
8134
8135
8136
8139
8140
8141
8142
8143
8144
8146
8147
8150
8151
8152
8153
8155
8156
8157
8162
8163
8165
8166
8167
8168
8169
8170
8171
8172
8173
8174
8175
8176
8180
8184
8186
8187
8188
8194
8197
8200
8201
8206
8207
8210
8212
8214
8215
8216
8217
8218
8219
8221
8222
8223
8224
8226
8227
8231
8232
8233
8235
8241
8242
8246
8247
8248
8249
8250
8252
8254
8256
8259
8260
8262
8264
8265
8271
8274
8277
8278
8279
8280
8281
8284
8286
8290
8295
8296
8301
8306
8307
8308
8309
8311
8312
8320
8322
8323
8324
8325
8326
8327
8329
8334
8336
8340
8350
8351
8358
8359
8361
8362
8364
8373
8374
8375
8384
8390
8394
8395
8401
8402
8405
8407
8408
8411
8414
8415
8416
8417
8418
8419
8420
8422
8424
8425
8431
8432
8434
8435
8438
8439
8442
8445
8449
8454
8457
8460
8466
8467
8473
8479
8481
8483
8484
8485
8490
8491
8495
8500
8502
8506
8508
8509
8511
8512
8514
8515
8521
8523
8525
8528
8529
8530
8533
8534
8536
8539
8541
8544
8548
8549
8551
8556
8558
8559
8560
8561
8562
8563
8566
8567
8571
8572
8573
8578
8580
8583
8584
8588
8589
8590
8597
8600
8602
8605
8606
8613
8618
8628
8631
8632
8633
8634
8635
8636
8639
8645
8649
8653
8656
8658
8664
8665
8667
8668
8669
8681
8683
8684
8688
8689
8690
8691
8692
8693
8694
8698
8699
8705
8710
8715
8717
8726
8728
8739
8742
8749
8753
8754
8755
8758
8765
8766
8773
8777
8781
8782
8784
8787
8791
8792
8793
8794
8796
8797
8799
8801
8803
8804
8807
8809
8811
8814
8817
8822
8824
8826
8828
8831
8832
8834
8835
8836
8840
8841
8844
8848
8852
8854
8855
8857
8867
8869
8873
8874
8876
8877
8879
8883
8885
8886
8889
8894
8897
8902
8905
8906
8914
8916
8918
8921
8922
8928
8935
8944
8949
8952
8955
8957
8961
8963
8964
8966
8967
8970
8974
8978
8988
8989
8990
8991
8992
8995
8996
8997
8998
9002
9005
9007
9008
9009
9011
9013
9018
9021
9025
9027
9028
9042
9045
9049
9051
9055
9057
9061
9066
9070
9072
9076
9077
9080
9081
9087
9090
9094
9098
9101
9103
9104
9110
9111
9114
9118
9119
9121
9122
9124
9126
9128
9137
9138
9140
9148
9149
9150
9151
9154
9156
9157
9160
9162
9166
9171
9174
9179
9181
9187
9189
9194
9195
9196
9198
9199
9202
9203
9209
9214
9215
9216
9218
9222
9226
9235
9236
9237
9239
9241
9244
9247
9249
9254
9258
9267
9270
9279
9286
9292
9296
9299
9308
9311
9312
9313
9315
9319
9320
9325
9332
9334
9335
9342
9343
9344
9345
9346
9349
9352
9356
9361
9362
9365
9372
9378
9380
9383
9385
9389
9394
9395
9401
9406
9409
9411
9423
9425
9430
9431
9440
9444
9449
9453
9454
9456
9459
9465
9466
9474
9475
9485
9492
9495
9501
9515
9516
9517
9538
9541
9542
9544
9547
9553
9555
9567
9575
9578
9594
9596
9597
9600
9606
9609
9611
9614
9621
9623
9626
9630
9636
9638
9639
9647
9654
9655
9661
9662
9667
9668
9674
9676
9681
9692
9702
9711
9712
9725
9726
9731
9732
9746
9747
9751
9769
9772
9774
9775
9778
9779
9780
9784
9785
9786
9789
9799
9801
9803
9805
9809
9810
9811
9812
9815
9816
9819
9822
9824
9828
9829
9834
9835
9836
9843
9846
9848
9849
9850
9854
9857
9860
9863
9864
9867
9869
9871
9872
9879
9883
9886
9888
9889
9891
9897
9907
9915
9916
9917
9918
9919
9920
9921
9922
9923
9924
9926
9929
9931
9932
9933
9934
9935
9937
9938
9940
9941
9942
9943
9946
9948
9950
9951
9952
9953
9954
9956
9957
9958
9960
9961
9963
9964
9965
9966
9968
9969
9970
9971
9972
9973
9974
9975
9976
9977
9978
9979
9980
9981
9983
9986
9987
9988
9990
9992
9993
9994
9996
9997
9999
10001
10003
10004
10005
10008
10009
10010
10011
10012
10013
10014
10015
10016
10017
10018
10019
10022
10023
10024
10025
10026
10027
10028
10029
10030
10032
10033
10034
10035
10036
10038
10040
10042
10044
10046
10047
10048
10049
10051
10054
10055
10056
10057
10058
10059
10060
10061
10062
10064
10069
10070
10071
10072
10073
10076
10078
10080
10081
10082
10083
10084
10085
10088
10090
10091
10092
10093
10095
10096
10098
10100
10103
10104
10105
10106
10107
10109
10112
10113
10117
10118
10120
10121
10123
10125
10127
10128
10129
10131
10132
10136
10138
10139
10140
10141
10143
10144
10146
10147
10148
10149
10150
10152
10154
10155
10156
10157
10159
10161
10162
10164
10165
10166
10167
10168
10170
10172
10175
10176
10179
10181
10183
10186
10188
10190
10192
10193
10198
10201
10203
10204
10208
10211
10212
10215
10216
10217
10223
10225
10226
10227
10229
10231
10233
10235
10236
10238
10240
10243
10244
10245
10246
10250
10252
10253
10254
10256
10257
10258
10259
10261
10264
10265
10266
10268
10270
10272
10273
10274
10277
10280
10282
10283
10287
10289
10291
10293
10294
10295
10296
10298
10299
10300
10301
10302
10304
10307
10309
10311
10312
10314
10316
10318
10325
10326
10330
10332
10334
10337
10338
10339
10341
10342
10343
10345
10347
10348
10349
10350
10352
10353
10356
10357
10363
10364
10365
10366
10368
10370
10371
10372
10375
10377
10379
10382
10384
10387
10388
10398
10399
10400
10401
10402
10403
10404
10408
10409
10413
10414
10416
10417
10418
10420
10421
10423
10426
10429
10431
10436
10438
10444
10446
10447
10450
10451
10457
10458
10460
10461
10463
10465
10466
10468
10470
10476
10478
10483
10487
10491
10495
10496
10497
10500
10511
10516
10517
10520
10522
10523
10527
10528
10529
10530
10535
10536
10539
10543
10547
10548
10551
10554
10555
10556
10562
10566
10568
10571
10578
10581
10582
10590
10593
10595
10596
10599
10600
10601
10602
10603
10614
10617
10620
10621
10623
10626
10638
10640
10641
10643
10644
10653
10655
10656
10658
10660
10662
10664
10667
10668
10669
10671
10673
10681
10682
10684
10686
10689
10690
10692
10694
10699
10704
10705
10706
10708
10710
10711
10714
10715
10716
10725
10727
10729
10730
10732
10744
10745
10747
10751
10753
10754
10760
10765
10769
10770
10774
10775
10779
10781
10786
10788
10789
10790
10793
10798
10799
10805
10806
10807
10808
10810
10812
10816
10817
10820
10825
10826
10833
10836
10840
10844
10846
10847
10848
10849
10850
10852
10853
10855
10857
10862
10865
10866
10867
10870
10874
10876
10878
10879
10880
10882
10887
10888
10891
10892
10894
10895
10896
10899
10901
10902
10905
10911
10912
10914
10915
10916
10918
10924
10930
10931
10932
10936
10939
10940
10942
10943
10945
10947
10948
10949
10951
10952
10957
10960
10962
10963
10965
10967
10968
10969
10971
10972
10973
10974
10976
10981
10983
10984
10985
10986
10987
10989
10990
10991
10994
10996
10998
10999
11000
11002
11003
11005
11006
11009
11011
11014
11020
11021
11024
11028
11030
11032
11040
11042
11046
11049
11050
11053
11057
11059
11060
11062
11065
11068
11070
11071
11072
11075
11078
11080
11081
11083
11084
11085
11086
11088
11089
11090
11093
11095
11096
11097
11098
11099
11100
11101
11102
11106
11110
11113
11115
11116
11119
11120
11122
11123
11124
11126
11127
11131
11133
11134
11136
11137
11139
11140
11141
11153
11156
11167
11168
11169
11174
11179
11182
11185
11186
11195
11196
11200
11205
11219
11220
11239
11241
11242
11249
11251
11254
11255
11260
11265
11277
11279
11283
11285
11287
11288
11293
11294
11296
11300
11304
11305
11310
11312
11314
11321
11325
11332
11342
11348
11355
11356
11358
11398
11403
11418
11420
11433
11435
11438
11461
11463
11478
11494
11497
11500
11504
11512
11522
11525
11528
11537
11540
11545
11560
11565
11595
11596
11606
11607
11611
11624
11626
11629
11630
11640
11641
11644
11651
11663
11687
11691
11706
11722
11725
11728
11734
11740
11741
11745
11786
11802
11816
11817
11818
11823
11825
11826
11827
11828
11829
11831
11832
11833
11834
11835
11836
11837
11838
11839
11840
11841
11842
11843
11844
11845
11846
11848
11849
11850
11851
11852
11853
11855
11856
11857
11858
11860
11861
11862
11864
11866
11867
11868
11869
11870
11871
11873
11875
11876
11877
11880
11881
11883
11884
11887
11888
11889
11894
11900
11901
11902
11904
11908
11910
11912
11914
11915
11917
11921
11922
11924
11925
11926
11927
11928
11929
11930
11931
11934
11935
11936
11938
11940
11942
11943
11945
11947
11949
11953
11954
11956
11957
11959
11960
11961
11963
11965
11966
11969
11970
11972
11974
11976
11977
11978
11979
11983
11985
11986
11987
11989
11992
11993
11996
12000
12004
12005
12006
12010
12014
12015
12016
12020
12021
12022
12023
12024
12026
12028
12031
12032
12034
12039
12041
12043
12046
12048
12053
12059
12061
12064
12065
12067
12068
12069
12070
12073
12076
12077
12078
12079
12080
12081
12082
12087
12091
12092
12095
12096
12098
12099
12100
12101
12104
12108
12109
12112
12113
12114
12116
12119
12122
12127
12129
12130
12131
12132
12135
12136
12137
12138
12144
12145
12147
12149
12151
12152
12155
12158
12162
12166
12169
12173
12174
12183
12186
12187
12192
12195
12196
12197
12198
12201
12204
12205
12206
12207
12209
12213
12215
12216
12217
12219
12220
12221
12223
12226
12228
12229
12231
12236
12237
12239
12240
12241
12242
12243
12244
12245
12246
12247
12249
12250
12251
12253
12255
12258
12259
12263
12265
12274
12276
12277
12278
12279
12286
12287
12288
12294
12295
12299
12302
12303
12304
12305
12306
12316
12319
12320
12323
12333
12341
12346
12347
12349
12357
12358
12363
12366
12372
12373
12374
12376
12378
12389
12394
12395
12400
12401
12402
12403
12404
12406
12409
12410
12413
12414
12415
12421
12428
12433
12437
12440
12442
12443
12448
12452
12453
12454
12455
12466
12467
12468
12469
12473
12474
12476
12477
12479
12480
12485
12487
12499
12505
12506
12507
12508
12510
12511
12512
12515
12516
12517
12518
12524
12528
12529
12532
12534
12536
12540
12543
12544
12545
12546
12550
12552
12554
12558
12562
12563
12564
12566
12569
12570
12571
12573
12575
12578
12579
12583
12587
12588
12590
12591
12597
12600
12602
12603
12604
12607
12608
12609
12610
12613
12614
12617
12619
12620
12623
12628
12629
12630
12631
12636
12637
12639
12645
12654
12661
12669
12670
12672
12674
12675
12677
12679
12681
12682
12685
12689
12697
12701
12704
12705
12706
12710
12711
12712
12714
12716
12719
12721
12723
12724
12725
12727
12728
12729
12731
12732
12734
12735
12740
12741
12744
12746
12750
12755
12757
12758
12759
12762
12763
12765
12766
12767
12770
12771
12778
12781
12783
12784
12786
12793
12795
12801
12802
12806
12807
12809
12810
12812
12813
12815
12816
12817
12818
12824
12827
12828
12829
12835
12840
12841
12843
12855
12856
12858
12865
12867
12868
12871
12875
12883
12889
12891
12893
12895
12901
12902
12904
12906
12908
12909
12914
12917
12924
12929
12930
12932
12933
12934
12938
12945
12949
12960
12963
12964
12966
12971
12981
12984
12986
12990
12994
12995
13001
13003
13005
13008
13010
13013
13020
13022
13023
13032
13033
13034
13038
13039
13042
13044
13047
13052
13058
13066
13069
13075
13079
13086
13090
13095
13096
13097
13099
13110
13115
13123
13128
13130
13131
13145
13146
13151
13153
13154
13158
13163
13165
13166
13170
13171
13172
13175
13182
13183
13186
13187
13189
13190
13192
13205
13215
13221
13225
13226
13228
13230
13238
13244
13245
13248
13250
13253
13254
13255
13267
13271
13274
13276
13286
13287
13288
13289
13292
13295
13296
13297
13299
13302
13303
13307
13315
13316
13327
13330
13336
13339
13343
13348
13353
13357
13372
13379
13381
13402
13417
13421
13422
13425
13432
13437
13439
13440
13444
13445
13453
13454
13459
13461
13462
13469
13471
13473
13483
13492
13493
13500
13503
13504
13506
13517
13518
13524
13526
13529
13530
13531
13536
13537
13539
13542
13543
13545
13547
13550
13552
13556
13557
13560
13562
13564
13568
13569
13570
13571
13573
13574
13578
13580
13581
13582
13583
13584
13585
13586
13590
13591
13593
13599
13600
13601
13603
13604
13616
13621
13623
13625
13629
13630
13631
13632
13633
13634
13635
13636
13637
13640
13641
13642
13645
13647
13648
13651
13654
13655
13660
13662
13663
13664
13666
13667
13668
13669
13670
13671
13672
13673
13674
13675
13676
13677
13678
13679
13680
13681
13683
13684
13685
13686
13687
13688
13690
13691
13692
13695
13696
13697
13698
13701
13702
13703
13704
13705
13707
13708
13710
13711
13712
13713
13714
13715
13716
13718
13719
13721
13722
13723
13724
13725
13727
13728
13731
13732
13734
13737
13738
13739
13740
13741
13743
13744
13746
13747
13748
13749
13752
13753
13754
13755
13756
13758
13759
13760
13762
13765
13766
13768
13769
13770
13771
13773
13775
13776
13777
13778
13781
13783
13784
13787
13790
13791
13794
13795
13796
13797
13798
13799
13800
13801
13804
13805
13806
13810
13811
13812
13814
13816
13817
13818
13819
13820
13821
13822
13823
13824
13826
13827
13828
13829
13830
13831
13832
13834
13839
13840
13842
13843
13845
13849
13852
13853
13854
13855
13857
13858
13859
13860
13861
13862
13863
13864
13865
13866
13867
13868
13869
13870
13871
13875
13877
13878
13880
13882
13885
13886
13889
13891
13892
13895
13896
13897
13898
13900
13901
13902
13904
13906
13907
13908
13911
13915
13916
13919
13921
13922
13923
13924
13925
13926
13928
13930
13933
13936
13937
13939
13942
13944
13945
13947
13948
13951
13952
13953
13958
13960
13961
13962
13964
13966
13967
13968
13969
13971
13972
13974
13975
13978
13979
13980
13981
13983
13984
13987
13991
13992
13994
13997
13999
14001
14003
14004
14008
14010
14012
14014
14016
14018
14019
14021
14022
14025
14026
14028
14030
14032
14033
14035
14036
14037
14038
14039
14040
14044
14046
14049
14053
14055
14056
14057
14059
14060
14061
14062
14064
14065
14067
14068
14069
14072
14073
14079
14081
14083
14084
14085
14086
14087
14088
14089
14090
14091
14093
14094
14096
14097
14098
14099
14101
14102
14106
14108
14109
14112
14113
14115
14117
14118
14120
14121
14122
14126
14128
14129
14131
14132
14135
14136
14138
14145
14146
14152
14153
14155
14158
14159
14160
14161
14164
14166
14171
14175
14177
14178
14179
14180
14187
14190
14192
14193
14194
14195
14199
14202
14203
14205
14207
14209
14210
14213
14215
14218
14220
14225
14236
14241
14242
14243
14248
14249
14252
14253
14255
14257
14261
14262
14265
14268
14269
14271
14273
14275
14276
14277
14279
14280
14281
14282
14285
14288
14291
14292
14293
14296
14297
14298
14303
14304
14306
14307
14310
14314
14316
14319
14320
14321
14322
14325
14327
14328
14329
14332
14334
14337
14338
14342
14346
14352
14354
14355
14356
14357
14360
14361
14362
14365
14367
14370
14378
14381
14382
14384
14389
14390
14391
14393
14395
14396
14401
14403
14407
14408
14410
14411
14417
14418
14419
14420
14421
14422
14424
14425
14427
14428
14429
14430
14432
14434
14438
14441
14443
14444
14446
14447
14450
14454
14455
14457
14458
14459
14460
14461
14464
14467
14468
14470
14472
14474
14476
14479
14484
14486
14488
14489
14493
14496
14498
14499
14503
14504
14506
14515
14516
14518
14521
14522
14526
14527
14530
14531
14534
14535
14536
14538
14539
14546
14548
14550
14553
14557
14558
14560
14564
14565
14566
14567
14568
14569
14570
14571
14572
14575
14577
14578
14580
14581
14582
14584
14588
14592
14594
14596
14599
14602
14605
14606
14608
14609
14614
14615
14619
14622
14625
14627
14629
14632
14634
14639
14642
14643
14645
14648
14649
14651
14653
14654
14656
14657
14659
14661
14662
14663
14664
14665
14668
14671
14673
14677
14678
14679
14681
14682
14686
14687
14688
14692
14695
14697
14699
14700
14701
14702
14703
14704
14707
14710
14711
14712
14713
14714
14716
14720
14723
14726
14727
14730
14731
14734
14739
14741
14743
14744
14746
14747
14751
14752
14753
14754
14755
14759
14760
14763
14764
14765
14767
14768
14769
14771
14772
14774
14776
14777
14779
14782
14784
14785
14789
14792
14794
14797
14799
14800
14802
14804
14809
14810
14813
14814
14816
14818
14819
14820
14822
14824
14826
14829
14830
14833
14835
14836
14838
14839
14840
14841
14842
14845
14847
14848
14851
14852
14853
14854
14855
14876
14878
14880
14881
14893
14895
14901
14904
14906
14908
14919
14920
14921
14928
14936
14945
14946
14966
14970
14975
14982
14993
14994
15000
15001
15009
15014
15015
15016
15021
15038
15045
15057
15065
15070
15072
15088
15101
15114
15117
15145
15147
15175
15186
15188
15195
15209
15211
15215
15219
15245
15261
15283
15297
15310
15311
15335
15341
15344
15359
15364
15369
15373
15375
15379
15380
15383
15385
15391
15394
15395
15418
15450
15451
15453
15458
15464
15471
15485
15489
15492
15500
15512
15530
15531
15534
15538
15539
15540
15541
15542
15543
15544
15545
15546
15547
15549
15550
15551
15552
15554
15556
15557
15558
15559
15561
15562
15563
15564
15565
15567
15568
15569
15570
15571
15572
15574
15576
15578
15580
15582
15583
15584
15586
15587
15588
15589
15590
15591
15592
15594
15597
15598
15601
15602
15603
15604
15605
15609
15612
15613
15614
15615
15616
15617
15618
15619
15621
15622
15624
15625
15626
15629
15631
15632
15634
15635
15636
15637
15638
15644
15648
15649
15653
15656
15657
15658
15660
15661
15663
15665
15667
15668
15669
15670
15672
15674
15677
15679
15686
15688
15689
15691
15697
15698
15699
15705
15714
15718
15719
15724
15725
15727
15729
15731
15735
15736
15739
15740
15741
15742
15744
15746
15748
15749
15750
15752
15754
15756
15757
15758
15759
15767
15768
15769
15774
15775
15778
15780
15782
15783
15785
15787
15789
15794
15798
15801
15803
15806
15808
15811
15812
15813
15816
15817
15821
15822
15823
15825
15826
15828
15829
15830
15833
15834
15836
15838
15841
15843
15845
15848
15850
15851
15852
15853
15854
15855
15856
15858
15859
15861
15862
15863
15865
15866
15867
15869
15870
15871
15872
15882
15884
15885
15888
15897
15900
15907
15908
15909
15911
15912
15915
15916
15918
15919
15922
15924
15925
15928
15929
15931
15933
15934
15937
15939
15940
15943
15944
15949
15953
15954
15956
15957
15958
15963
15964
15965
15967
15968
15969
15971
15974
15977
15979
15980
15981
15982
15983
15985
15986
15990
15991
15992
15993
16001
16002
16006
16008
16009
16013
16017
16018
16020
16025
16026
16030
16033
16034
16038
16055
16056
16057
16059
16064
16071
16073
16076
16077
16078
16079
16084
16095
16098
16106
16108
16109
16110
16115
16116
16118
16121
16122
16128
16129
16130
16135
16136
16137
16139
16143
16146
16147
16151
16153
16154
16155
16162
16164
16167
16175
16177
16178
16179
16180
16181
16182
16183
16188
16189
16190
16194
16196
16198
16202
16205
16208
16212
16214
16215
16217
16220
16224
16225
16229
16230
16231
16236
16237
16240
16242
16243
16245
16249
16254
16258
16259
16262
16267
16269
16272
16274
16283
16284
16286
16288
16292
16297
16301
16302
16305
16321
16322
16323
16325
16326
16328
16334
16336
16342
16343
16344
16345
16346
16347
16349
16350
16351
16356
16361
16369
16371
16372
16376
16380
16383
16387
16389
16391
16395
16398
16402
16405
16414
16416
16417
16418
16419
16420
16423
16428
16431
16432
16436
16438
16441
16449
16450
16451
16452
16455
16473
16476
16479
16480
16481
16482
16483
16485
16491
16500
16506
16509
16512
16515
16520
16532
16538
16542
16543
16546
16550
16554
16555
16556
16561
16563
16565
16573
16578
16579
16582
16587
16607
16609
16615
16617
16618
16621
16622
16623
16624
16632
16636
16641
16642
16643
16649
16651
16657
16663
16665
16675
16690
16695
16709
16718
16724
16734
16737
16739
16742
16746
16747
16748
16760
16764
16770
16772
16774
16786
16789
16790
16791
16799
16808
16809
16810
16811
16813
16817
16827
16829
16831
16834
16835
16845
16848
16851
16852
16858
16859
16860
16867
16868
16873
16874
16875
16877
16884
16887
16897
16901
16903
16910
16912
16916
16918
16919
16921
16935
16942
16943
16944
16948
16951
16958
16966
16969
16990
16999
17000
17002
17008
17017
17021
17024
17025
17026
17027
17028
17033
17042
17049
17053
17058
17059
17060
17074
17079
17083
17087
17089
17093
17095
17103
17104
17112
17114
17117
17123
17132
17139
17150
17153
17157
17158
17163
17167
17174
17176
17184
17185
17196
17197
17198
17202
17203
17206
17207
17212
17217
17220
17223
17226
17231
17237
17238
17243
17244
17246
17247
17249
17250
17253
17257
17260
17264
17266
17270
17271
17272
17274
17276
17278
17284
17285
17286
17288
17291
17292
17295
17304
17311
17313
17317
17318
17320
17323
17328
17330
17336
17338
17343
17344
17346
17347
17348
17350
17351
17353
17354
17355
17357
17359
17360
17361
17362
17365
17367
17368
17369
17370
17371
17373
17374
17375
17376
17379
17380
17381
17382
17383
17384
17385
17386
17387
17388
17389
17390
17392
17393
17394
17395
17396
17397
17398
17399
17400
17402
17403
17406
17407
17408
17409
17410
17412
17414
17415
17418
17419
17420
17421
17422
17424
17425
17426
17427
17428
17429
17431
17432
17433
17436
17438
17439
17441
17442
17444
17445
17447
17449
17452
17453
17454
17455
17456
17457
17458
17460
17461
17463
17464
17465
17468
17469
17470
17471
17472
17474
17475
17476
17477
17478
17479
17480
17482
17483
17484
17485
17487
17488
17489
17490
17493
17495
17496
17497
17501
17503
17504
17507
17509
17510
17511
17512
17517
17519
17520
17523
17524
17526
17528
17530
17532
17533
17534
17535
17536
17537
17538
17540
17541
17542
17543
17545
17546
17547
17548
17552
17553
17554
17556
17557
17558
17559
17562
17564
17567
17568
17569
17570
17573
17574
17576
17577
17578
17579
17582
17584
17585
17586
17587
17588
17589
17592
17594
17596
17599
17600
17603
17605
17611
17613
17614
17616
17619
17620
17621
17622
17629
17631
17632
17633
17634
17636
17639
17640
17647
17651
17653
17654
17656
17659
17661
17662
17669
17671
17672
17673
17678
17681
17682
17685
17686
17687
17693
17694
17695
17698
17701
17705
17707
17708
17709
17710
17711
17714
17717
17718
17721
17724
17726
17727
17738
17739
17742
17743
17744
17746
17754
17757
17758
17760
17762
17763
17765
17767
17769
17771
17773
17774
17775
17776
17779
17780
17783
17784
17785
17786
17793
17794
17795
17798
17799
17804
17805
17806
17807
17808
17813
17815
17816
17818
17820
17824
17826
17831
17832
17836
17839
17840
17842
17846
17848
17849
17854
17859
17862
17867
17872
17873
17874
17878
17881
17886
17888
17889
17892
17896
17898
17901
17902
17904
17905
17908
17909
17919
17921
17923
17924
17930
17932
17937
17940
17943
17944
17949
17950
17951
17957
17962
17964
17966
17967
17976
17979
17982
17983
17984
17986
17988
17991
17994
18010
18011
18018
18021
18023
18026
18028
18029
18033
18035
18036
18040
18041
18042
18043
18046
18048
18051
18058
18060
18066
18067
18068
18069
18071
18075
18078
18089
18091
18096
18101
18104
18109
18110
18111
18112
18114
18115
18116
18118
18122
18131
18132
18133
18134
18136
18137
18142
18143
18144
18148
18149
18152
18153
18155
18157
18161
18163
18166
18168
18171
18172
18173
18174
18179
18181
18182
18188
18193
18194
18197
18199
18202
18205
18206
18207
18209
18213
18214
18216
18219
18225
18226
18227
18231
18234
18235
18236
18239
18240
18241
18244
18245
18248
18249
18251
18253
18254
18260
18261
18262
18265
18268
18269
18272
18277
18278
18279
18280
18281
18283
18284
18286
18289
18292
18293
18302
18304
18306
18308
18310
18313
18314
18315
18317
18319
18321
18322
18323
18324
18328
18329
18330
18333
18339
18341
18342
18345
18346
18348
18351
18353
18356
18358
18361
18362
18364
18370
18373
18374
18377
18379
18385
18386
18389
18390
18391
18392
18395
18396
18397
18398
18399
18400
18404
18409
18410
18414
18415
18416
18417
18418
18421
18425
18426
18429
18430
18431
18434
18437
18440
18444
18445
18448
18452
18456
18458
18465
18466
18470
18471
18474
18476
18478
18479
18483
18484
18485
18490
18491
18496
18498
18499
18503
18506
18508
18509
18512
18513
18514
18516
18517
18518
18521
18522
18525
18526
18527
18528
18529
18530
18531
18532
18533
18535
18538
18543
18544
18547
18548
18550
18552
18553
18554
18555
18556
18557
18558
18559
18561
18562
18563
18564
18565
18571
18576
18580
18596
18607
18614
18628
18631
18632
18636
18640
18641
18642
18645
18650
18663
18665
18667
18670
18678
18683
18684
18688
18689
18693
18694
18696
18705
18713
18721
18722
18727
18729
18737
18738
18753
18776
18786
18790
18802
18818
18831
18843
18846
18863
18872
18875
18880
18897
18925
18938
18939
18940
18944
18950
18956
18961
18980
18985
18988
19000
19004
19021
19023
19026
19028
19037
19054
19058
19076
19091
19093
19098
19099
19106
19108
19120
19124
19162
19164
19169
19172
19173
19174
19190
19192
19244
19246
19247
19251
19252
19253
19254
19255
19256
19257
19259
19260
19261
19262
19264
19265
19267
19269
19270
19272
19274
19276
19277
19278
19279
19280
19281
19282
19283
19284
19285
19286
19287
19288
19289
19290
19291
19292
19294
19295
19296
19297
19298
19299
19301
19302
19303
19304
19305
19308
19311
19312
19313
19315
19316
19317
19318
19320
19327
19328
19329
19332
19335
19337
19338
19340
19342
19343
19344
19345
19349
19350
19351
19352
19353
19355
19357
19358
19359
19361
19363
19365
19368
19370
19371
19373
19374
19376
19379
19381
19382
19383
19384
19385
19386
19387
19388
19389
19391
19394
19395
19397
19398
19403
19404
19406
19407
19408
19411
19414
19418
19421
19423
19426
19427
19428
19430
19431
19432
19433
19435
19438
19441
19443
19445
19447
19449
19457
19458
19459
19460
19461
19462
19463
19464
19465
19466
19467
19468
19469
19470
19471
19473
19474
19475
19476
19481
19483
19487
19488
19489
19490
19492
19493
19494
19495
19497
19498
19500
19501
19503
19506
19508
19509
19510
19511
19512
19513
19515
19520
19525
19526
19527
19528
19529
19531
19532
19533
19535
19536
19537
19539
19542
19544
19547
19549
19552
19555
19557
19558
19559
19560
19561
19563
19564
19565
19567
19568
19570
19571
19572
19573
19574
19577
19579
19581
19586
19587
19589
19591
19593
19595
19596
19597
19598
19600
19602
19610
19611
19612
19615
19620
19622
19625
19626
19628
19630
19631
19632
19633
19636
19637
19639
19642
19643
19644
19646
19647
19648
19649
19651
19652
19653
19655
19656
19657
19658
19661
19663
19664
19667
19668
19670
19671
19673
19675
19676
19681
19682
19683
19684
19691
19693
19695
19697
19701
19702
19705
19708
19709
19713
19714
19716
19717
19719
19723
19726
19727
19731
19734
19736
19737
19742
19743
19744
19745
19747
19748
19750
19761
19770
19771
19772
19778
19781
19784
19786
19787
19789
19795
19800
19804
19805
19806
19807
19812
19816
19818
19821
19822
19823
19828
19829
19831
19835
19838
19842
19843
19844
19845
19846
19849
19851
19856
19859
19861
19864
19865
19866
19868
19870
19873
19878
19880
19881
19883
19889
19891
19893
19895
19897
19898
19901
19902
19903
19904
19908
19909
19910
19911
19915
19919
19921
19922
19924
19927
19928
19929
19933
19934
19936
19938
19939
19940
19945
19948
19951
19953
19954
19956
19961
19965
19970
19971
19976
19980
19981
19985
19986
19989
19993
19996
19998
20003
20004
20006
20007
20009
20011
20015
20016
20018
20019
20024
20027
20028
20030
20035
20041
20048
20049
20058
20064
20065
20066
20067
20069
20073
20074
20075
20077
20079
20083
20084
20088
20089
20092
20097
20099
20101
20103
20105
20106
20108
20109
20111
20113
20121
20123
20124
20125
20126
20129
20132
20133
20137
20138
20139
20140
20142
20144
20147
20149
20150
20151
20155
20159
20163
20168
20169
20177
20178
20182
20186
20189
20190
20193
20196
20198
20200
20201
20202
20207
20212
20214
20221
20223
20227
20232
20234
20235
20240
20243
20245
20252
20253
20255
20257
20260
20262
20263
20268
20279
20286
20292
20293
20295
20298
20299
20302
20313
20316
20317
20322
20323
20327
20329
20330
20331
20332
20336
20337
20338
20340
20343
20347
20352
20353
20357
20359
20365
20368
20372
20375
20377
20378
20379
20380
20388
20392
20396
20400
20409
20418
20420
20422
20423
20427
20428
20443
20445
20447
20448
20449
20452
20453
20455
20459
20460
20461
20464
20466
20468
20469
20474
20487
20488
20491
20493
20496
20497
20507
20510
20516
20517
20518
20522
20526
20532
20533
20537
20538
20540
20542
20543
20548
20550
20551
20556
20565
20567
20573
20574
20577
20579
20582
20584
20588
20591
20595
20596
20602
20603
20611
20616
20632
20633
20639
20644
20646
20649
20651
20653
20654
20656
20659
20661
20666
20667
20673
20682
20683
20686
20687
20693
20694
20695
20697
20698
20699
20703
20704
20706
20707
20708
20709
20711
20716
20723
20733
20736
20739
20744
20748
20754
20755
20756
20760
20763
20768
20772
20774
20778
20781
20784
20793
20795
20798
20799
20803
20805
20806
20809
20811
20816
20817
20818
20824
20828
20830
20836
20840
20846
20847
20852
20856
20859
20861
20863
20864
20867
20871
20872
20877
20880
20881
20884
20887
20888
20890
20899
20901
20911
20914
20916
20917
20920
20921
20927
20929
20931
20935
20936
20938
20944
20948
20950
20952
20954
20957
20958
20961
20967
20969
20971
20972
20973
20976
20978
20980
20981
20983
20985
20988
20990
20997
20998
20999
21001
21002
21008
21009
21010
21012
21013
21015
21016
21017
21018
21019
21025
21027
21029
21033
21035
21037
21038
21042
21043
21044
21047
21048
21054
21056
21057
21058
21059
21060
21061
21062
21063
21064
21065
21069
21071
21073
21075
21079
21080
21081
21082
21085
21088
21090
21091
21092
21094
21095
21096
21097
21098
21099
21100
21102
21103
21104
21105
21106
21107
21108
21109
21111
21112
21113
21116
21117
21120
21121
21122
21123
21124
21128
21129
21130
21131
21132
21134
21135
21137
21138
21139
21140
21141
21143
21144
21145
21146
21147
21149
21150
21151
21152
21153
21155
21156
21158
21160
21161
21162
21165
21166
21167
21168
21169
21171
21172
21174
21175
21177
21178
21180
21182
21184
21185
21186
21187
21188
21189
21190
21191
21193
21194
21197
21198
21199
21203
21205
21206
21207
21209
21211
21212
21213
21214
21215
21217
21218
21221
21222
21223
21224
21225
21226
21229
21230
21231
21233
21235
21236
21238
21240
21242
21243
21245
21247
21248
21249
21251
21252
21254
21255
21256
21259
21260
21261
21262
21266
21267
21268
21269
21270
21271
21273
21276
21278
21280
21281
21282
21283
21285
21286
21287
21288
21290
21291
21293
21296
21297
21298
21299
21300
21301
21303
21305
21306
21308
21309
21310
21314
21318
21319
21321
21323
21326
21327
21328
21330
21332
21335
21336
21340
21343
21345
21346
21347
21348
21349
21351
21353
21354
21356
21365
21366
21367
21370
21372
21375
21376
21377
21379
21380
21383
21384
21385
21388
21391
21392
21394
21395
21396
21399
21400
21403
21404
21407
21408
21411
21412
21413
21414
21415
21416
21418
21420
21422
21425
21429
21431
21432
21435
21437
21440
21441
21442
21443
21445
21446
21453
21454
21456
21457
21458
21460
21461
21464
21465
21466
21467
21468
21469
21470
21473
21474
21476
21477
21479
21481
21483
21485
21487
21488
21489
21490
21491
21493
21494
21495
21496
21498
21500
21501
21507
21512
21517
21519
21520
21521
21527
21529
21530
21531
21538
21539
21540
21543
21546
21548
21550
21552
21553
21554
21556
21557
21560
21562
21563
21568
21569
21571
21572
21573
21574
21576
21578
21581
21584
21586
21588
21589
21590
21592
21593
21595
21603
21605
21607
21608
21610
21612
21618
21619
21621
21625
21630
21631
21633
21634
21635
21636
21637
21638
21639
21640
21642
21643
21644
21646
21648
21652
21657
21658
21662
21664
21670
21672
21676
21679
21680
21681
21683
21689
21690
21691
21693
21694
21696
21697
21701
21704
21708
21710
21712
21716
21720
21721
21722
21723
21725
21732
21735
21737
21741
21742
21743
21744
21746
21749
21750
21757
21760
21761
21762
21763
21765
21767
21768
21770
21775
21776
21778
21783
21787
21789
21792
21795
21796
21798
21799
21802
21805
21806
21808
21810
21811
21813
21818
21819
21822
21823
21828
21830
21831
21836
21839
21843
21846
21848
21849
21852
21855
21856
21857
21858
21861
21862
21869
21871
21872
21874
21877
21878
21882
21887
21888
21891
21892
21894
21902
21907
21909
21910
21916
21917
21921
21927
21928
21931
21932
21933
21934
21935
21939
21940
21941
21942
21943
21944
21946
21949
21950
21952
21953
21955
21956
21957
21958
21959
21963
21964
21965
21966
21967
21969
21973
21974
21975
21977
21979
21982
21984
21986
21988
21992
21993
21994
21995
21996
21999
22000
22004
22005
22006
22017
22020
22027
22029
22031
22032
22033
22034
22035
22036
22037
22038
22041
22043
22047
22052
22053
22054
22057
22058
22060
22062
22067
22072
22076
22077
22079
22080
22081
22082
22087
22089
22091
22099
22101
22102
22105
22107
22109
22110
22112
22113
22114
22118
22119
22123
22125
22127
22129
22130
22131
22132
22138
22139
22140
22143
22144
22145
22147
22148
22150
22154
22155
22158
22159
22162
22165
22167
22168
22171
22172
22173
22174
22177
22179
22180
22182
22184
22187
22191
22192
22193
22195
22196
22197
22198
22199
22201
22203
22204
22205
22209
22210
22211
22212
22213
22214
22216
22218
22219
22223
22225
22226
22227
22228
22230
22231
22235
22236
22239
22241
22242
22243
22244
22245
22247
22249
22252
22254
22258
22260
22261
22263
22264
22266
22268
22269
22270
22272
22273
22274
22276
22278
22281
22283
22290
22294
22310
22311
22314
22315
22318
22321
22326
22338
22346
22350
22356
22363
22364
22374
22397
22404
22409
22410
22416
22429
22430
22432
22434
22435
22436
22445
22446
22449
22460
22463
22469
22475
22495
22500
22516
22545
22558
22585
22607
22611
22614
22622
22625
22640
22653
22654
22658
22685
22711
22718
22726
22737
22742
22769
22775
22778
22789
22794
22797
22805
22811
22815
22819
22846
22861
22867
22869
22890
22907
22913
22916
22923
22929
22944
22953
22954
22958
22966
22967
22968
22969
22971
22972
22973
22975
22979
22980
22981
22982
22984
22985
22986
22987
22988
22989
22991
22993
22994
22995
22996
22997
22998
22999
23001
23002
23003
23004
23005
23006
23009
23010
23011
23012
23014
23015
23016
23017
23018
23019
23021
23025
23026
23031
23032
23033
23034
23036
23037
23042
23043
23046
23047
23048
23052
23057
23059
23062
23063
23064
23065
23069
23072
23073
23074
23075
23076
23077
23081
23082
23085
23087
23089
23090
23091
23093
23095
23098
23099
23100
23102
23103
23104
23105
23108
23109
23110
23112
23114
23116
23117
23118
23120
23121
23130
23133
23134
23135
23142
23143
23144
23146
23147
23148
23149
23150
23152
23157
23159
23160
23162
23163
23164
23165
23167
23172
23174
23176
23177
23179
23185
23188
23192
23196
23201
23203
23206
23210
23213
23215
23216
23217
23220
23222
23223
23224
23226
23231
23236
23238
23240
23246
23249
23250
23251
23253
23254
23257
23258
23261
23262
23263
23265
23266
23267
23269
23271
23272
23273
23274
23275
23276
23278
23279
23280
23282
23286
23287
23288
23293
23295
23297
23298
23301
23303
23309
23315
23316
23318
23322
23324
23325
23326
23328
23334
23335
23336
23337
23339
23340
23345
23346
23347
23348
23352
23357
23358
23360
23362
23363
23365
23367
23368
23370
23371
23372
23375
23376
23377
23381
23382
23386
23387
23389
23393
23395
23396
23397
23399
23405
23407
23415
23420
23421
23422
23423
23424
23427
23428
23430
23431
23434
23436
23437
23440
23441
23442
23446
23448
23458
23462
23464
23475
23477
23479
23481
23484
23491
23492
23498
23501
23503
23506
23510
23511
23512
23519
23520
23523
23525
23526
23530
23534
23535
23536
23537
23539
23541
23543
23546
23548
23550
23552
23554
23556
23557
23563
23575
23576
23579
23582
23583
23595
23596
23598
23603
23605
23607
23609
23610
23611
23614
23616
23617
23620
23622
23624
23625
23631
23632
23633
23645
23649
23650
23652
23654
23655
23657
23659
23662
23663
23667
23670
23675
23679
23680
23681
23682
23685
23687
23690
23693
23700
23706
23707
23708
23714
23720
23722
23723
23725
23729
23730
23733
23734
23739
23742
23743
23745
23746
23750
23753
23756
23758
23759
23762
23771
23772
23774
23778
23779
23785
23786
23788
23791
23793
23795
23796
23797
23803
23805
23806
23808
23811
23813
23820
23823
23824
23829
23830
23833
23839
23842
23844
23847
23853
23859
23860
23863
23869
23871
23873
23876
23877
23879
23883
23888
23892
23894
23896
23908
23917
23921
23924
23928
23931
23935
23940
23943
23947
23948
23954
23963
23966
23969
23973
23974
23982
23984
23995
23999
24000
24002
24004
24005
24006
24010
24012
24013
24018
24030
24033
24034
24037
24045
24050
24051
24052
24059
24064
24068
24071
24073
24085
24088
24091
24103
24106
24119
24130
24145
24160
24166
24174
24175
24186
24188
24198
24200
24202
24208
24209
24215
24218
24221
24223
24224
24227
24228
24229
24236
24245
24247
24250
24255
24257
24258
24262
24264
24279
24281
24286
24287
24296
24299
24300
24302
24305
24307
24308
24309
24314
24315
24317
24322
24330
24331
24333
24336
24339
24340
24341
24344
24347
24354
24358
24363
24369
24381
24392
24395
24396
24397
24400
24409
24413
24425
24429
24430
24431
24434
24437
24449
24454
24456
24463
24465
24469
24470
24479
24484
24485
24494
24497
24499
24513
24522
24523
24525
24528
24538
24539
24544
24547
24548
24551
24554
24566
24569
24570
24573
24575
24578
24601
24604
24613
24615
24625
24630
24634
24635
24636
24640
24641
24642
24645
24661
24662
24666
24667
24671
24672
24674
24675
24678
24679
24681
24688
24690
24691
24692
24693
24695
24699
24702
24704
24706
24711
24712
24714
24718
24719
24720
24722
24723
24724
24727
24728
24731
24733
24738
24739
24741
24745
24746
24749
24754
24755
24758
24759
24762
24765
24767
24771
24772
24773
24774
24775
24776
24777
24778
24779
24780
24782
24784
24785
24787
24788
24789
24790
24791
24793
24796
24797
24798
24799
24802
24803
24804
24805
24806
24807
24808
24809
24810
24811
24812
24816
24820
24821
24822
24823
24824
24825
24826
24827
24829
24830
24832
24833
24834
24835
24836
24837
24840
24841
24842
24843
24844
24845
24846
24847
24849
24853
24854
24855
24857
24859
24860
24861
24865
24867
24868
24870
24872
24874
24875
24876
24879
24880
24881
24882
24883
24885
24886
24888
24889
24891
24892
24893
24894
24898
24899
24901
24902
24903
24904
24905
24907
24908
24910
24911
24913
24915
24917
24918
24920
24921
24922
24923
24925
24926
24927
24928
24929
24932
24937
24938
24939
24940
24943
24944
24947
24948
24950
24952
24954
24956
24957
24958
24961
24962
24963
24964
24965
24967
24968
24969
24970
24971
24974
24975
24976
24977
24979
24981
24984
24985
24987
24990
24991
24992
24996
25000
25002
25003
25004
25005
25007
25008
25009
25010
25011
25013
25014
25015
25017
25018
25020
25021
25022
25023
25024
25025
25026
25030
25033
25035
25043
25044
25045
25046
25048
25049
25050
25052
25055
25057
25058
25060
25062
25068
25069
25074
25077
25084
25085
25086
25088
25089
25090
25092
25094
25097
25099
25100
25102
25104
25105
25106
25109
25110
25111
25113
25114
25120
25121
25123
25125
25130
25131
25132
25133
25134
25136
25138
25139
25140
25144
25145
25148
25150
25151
25154
25155
25157
25163
25164
25165
25167
25170
25172
25174
25175
25181
25182
25185
25186
25187
25188
25193
25194
25195
25197
25198
25199
25201
25202
25203
25204
25207
25208
25209
25212
25217
25220
25222
25225
25226
25227
25229
25230
25232
25233
25234
25235
25238
25240
25241
25249
25254
25257
25258
25259
25260
25261
25262
25264
25265
25267
25268
25269
25270
25271
25273
25275
25276
25277
25282
25284
25285
25287
25290
25292
25295
25296
25300
25302
25305
25306
25308
25313
25317
25322
25326
25327
25329
25330
25331
25332
25336
25337
25339
25343
25345
25346
25347
25349
25351
25367
25368
25369
25372
25373
25376
25383
25385
25392
25395
25402
25403
25404
25407
25410
25411
25412
25414
25416
25418
25423
25424
25433
25438
25445
25446
25448
25449
25453
25454
25461
25463
25465
25471
25473
25474
25475
25476
25477
25479
25480
25482
25483
25484
25488
25490
25492
25494
25497
25503
25506
25514
25516
25518
25525
25526
25527
25528
25530
25536
25537
25538
25540
25541
25542
25543
25545
25550
25551
25556
25560
25561
25562
25567
25568
25570
25574
25576
25580
25582
25585
25586
25588
25591
25592
25594
25596
25599
25600
25602
25605
25614
25616
25621
25625
25626
25629
25631
25633
25635
25641
25642
25644
25646
25647
25649
25650
25651
25652
25654
25655
25657
25659
25662
25663
25664
25669
25670
25672
25673
25676
25679
25681
25682
25687
25689
25690
25693
25694
25696
25697
25698
25699
25700
25701
25702
25706
25709
25710
25711
25712
25714
25716
25718
25720
25723
25724
25726
25732
25734
25741
25748
25750
25751
25752
25756
25757
25758
25761
25765
25766
25767
25768
25769
25770
25774
25776
25781
25786
25790
25795
25796
25798
25801
25803
25805
25808
25810
25815
25816
25818
25819
25820
25821
25823
25826
25827
25828
25832
25835
25837
25839
25840
25841
25842
25845
25846
25849
25850
25852
25855
25858
25859
25861
25862
25865
25867
25868
25872
25876
25878
25879
25883
25884
25885
25886
25888
25892
25893
25894
25895
25897
25898
25901
25904
25906
25907
25908
25909
25911
25913
25915
25916
25917
25918
25920
25924
25926
25927
25928
25931
25934
25936
25937
25940
25941
25942
25943
25944
25947
25950
25953
25956
25957
25958
25959
25960
25961
25963
25966
25968
25971
25972
25975
25976
25978
25980
25982
25985
25986
25987
25989
25991
25992
25993
25995
25996
25997
26002
26008
26010
26023
26028
26032
26035
26036
26037
26048
26054
26062
26064
26073
26088
26091
26100
26110
26113
26117
26120
26135
26139
26142
26143
26144
26156
26160
26163
26164
26166
26191
26201
26204
26236
26255
26258
26259
26260
26263
26272
26296
26301
26304
26312
26324
26334
26336
26353
26362
26367
26368
26372
26375
26378
26381
26384
26396
26400
26405
26432
26433
26466
26467
26479
26485
26497
26519
26524
26527
26536
26537
26540
26549
26550
26572
26578
26600
26607
26617
26635
26637
26642
26653
26663
26667
26668
26672
26674
26675
26679
26680
26681
26682
26683
26684
26685
26686
26687
26688
26689
26691
26692
26693
26694
26695
26696
26698
26699
26701
26702
26703
26704
26706
26707
26708
26709
26710
26711
26712
26713
26714
26716
26717
26718
26721
26722
26723
26724
26726
26728
26729
26730
26731
26736
26740
26744
26745
26750
26751
26752
26754
26755
26756
26757
26760
26761
26764
26766
26769
26770
26771
26772
26777
26779
26780
26781
26782
26785
26786
26787
26789
26790
26793
26794
26796
26797
26800
26801
26802
26803
26807
26809
26810
26811
26812
26813
26816
26819
26821
26822
26826
26829
26830
26831
26834
26835
26837
26838
26839
26842
26845
26850
26851
26852
26854
26856
26859
26861
26862
26864
26865
26866
26871
26873
26874
26875
26877
26878
26882
26885
26886
26887
26890
26891
26892
26893
26898
26899
26901
26902
26904
26905
26908
26915
26916
26917
26920
26921
26923
26925
26929
26930
26935
26936
26938
26944
26945
26946
26947
26951
26954
26955
26958
26959
26960
26961
26962
26963
26964
26970
26972
26977
26980
26981
26982
26985
26986
26987
26988
26992
26993
26994
26995
26997
26999
27000
27001
27003
27004
27005
27007
27009
27010
27013
27015
27017
27018
27019
27024
27025
27030
27035
27036
27037
27038
27039
27042
27044
27049
27053
27054
27059
27060
27062
27064
27065
27066
27072
27073
27074
27076
27077
27078
27079
27081
27082
27083
27084
27085
27086
27087
27091
27092
27095
27096
27097
27098
27099
27100
27101
27103
27104
27107
27110
27112
27118
27119
27121
27123
27126
27129
27130
27131
27132
27133
27134
27135
27141
27146
27148
27149
27150
27158
27160
27162
27164
27168
27170
27172
27173
27175
27176
27182
27183
27187
27189
27193
27195
27196
27197
27199
27201
27202
27205
27207
27209
27210
27214
27215
27218
27221
27226
27228
27230
27232
27234
27236
27239
27240
27242
27243
27246
27250
27251
27255
27256
27260
27263
27264
27265
27266
27269
27270
27271
27272
27274
27277
27282
27284
27285
27287
27289
27290
27292
27293
27294
27296
27297
27298
27300
27302
27303
27304
27305
27306
27308
27309
27312
27319
27321
27322
27323
27325
27326
27327
27328
27330
27334
27335
27338
27339
27341
27344
27345
27346
27347
27349
27356
27357
27362
27363
27364
27366
27368
27369
27372
27373
27374
27376
27378
27380
27382
27384
27387
27388
27390
27392
27394
27396
27398
27401
27403
27404
27406
27409
27410
27414
27417
27420
27428
27430
27432
27434
27435
27437
27439
27441
27443
27444
27446
27447
27448
27450
27452
27454
27459
27464
27465
27468
27472
27476
27477
27480
27484
27491
27492
27495
27498
27499
27501
27503
27504
27505
27511
27513
27514
27519
27520
27521
27522
27525
27528
27531
27533
27535
27536
27537
27538
27544
27551
27552
27557
27560
27561
27565
27566
27567
27568
27570
27572
27574
27575
27576
27577
27578
27581
27583
27587
27591
27592
27599
27601
27603
27604
27605
27611
27612
27615
27619
27620
27621
27627
27631
27635
27636
27637
27638
27639
27640
27642
27644
27645
27647
27649
27654
27655
27660
27662
27663
27668
27672
27674
27676
27680
27681
27688
27690
27693
27696
27697
27698
27699
27701
27705
27706
27707
27711
27713
27714
27715
27716
27720
27724
27726
27727
27730
27732
27735
27737
27744
27745
27751
27758
27760
27763
27766
27772
27776
27783
27784
27792
27794
27796
27799
27801
27802
27805
27807
27808
27811
27813
27817
27819
27820
27822
27831
27837
27839
27846
27850
27851
27864
27866
27871
27876
27882
27883
27884
27887
27888
27889
27892
27895
27900
27902
27903
27904
27916
27921
27922
27923
27928
27929
27932
27937
27940
27942
27944
27946
27948
27950
27952
27954
27955
27960
27961
27964
27966
27971
27976
27978
27979
27984
27990
27993
27995
27998
28001
28002
28005
28006
28010
28012
28019
28023
28027
28032
28036
28039
28044
28045
28048
28050
28051
28052
28053
28054
28055
28059
28061
28065
28071
28074
28077
28078
28087
28091
28100
28101
28111
28114
28116
28124
28125
28126
28132
28137
28142
28143
28144
28145
28146
28159
28161
28167
28170
28172
28173
28175
28176
28183
28187
28199
28200
28201
28204
28210
28211
28212
28221
28222
28226
28227
28228
28230
28231
28232
28234
28236
28237
28239
28240
28242
28245
28252
28259
28261
28264
28265
28269
28273
28280
28282
28284
28286
28292
28294
28295
28299
28300
28301
28302
28315
28317
28318
28323
28326
28327
28329
28334
28336
28339
28340
28342
28344
28345
28346
28348
28350
28354
28355
28359
28361
28363
28366
28368
28372
28374
28378
28379
28380
28381
28382
28384
28385
28386
28389
28390
28391
28392
28393
28395
28398
28399
28401
28404
28408
28412
28413
28416
28418
28419
28420
28421
28423
28425
28426
28427
28428
28429
28432
28433
28434
28436
28438
28440
28441
28442
28445
28446
28450
28451
28453
28455
28457
28459
28460
28465
28470
28471
28472
28473
28474
28476
28479
28482
28483
28484
28485
28486
28487
28488
28489
28490
28491
28494
28497
28499
28501
28502
28503
28504
28507
28508
28509
28511
28512
28513
28514
28516
28517
28518
28520
28521
28522
28523
28524
28526
28528
28529
28530
28531
28532
28534
28535
28536
28537
28539
28540
28541
28542
28544
28545
28549
28550
28551
28552
28553
28554
28556
28558
28559
28560
28562
28563
28564
28566
28567
28568
28570
28571
28572
28573
28575
28577
28578
28579
28580
28582
28583
28586
28588
28593
28594
28595
28596
28597
28598
28599
28600
28602
28603
28604
28605
28606
28608
28611
28612
28613
28616
28618
28621
28622
28623
28624
28625
28626
28627
28629
28631
28632
28633
28634
28635
28637
28638
28639
28640
28642
28644
28645
28646
28649
28650
28651
28654
28658
28659
28660
28661
28662
28663
28664
28666
28667
28668
28669
28672
28673
28674
28675
28676
28677
28678
28679
28680
28682
28683
28684
28687
28688
28691
28695
28696
28698
28699
28701
28704
28705
28706
28708
28709
28710
28711
28713
28715
28716
28717
28718
28719
28720
28722
28723
28724
28726
28727
28728
28729
28731
28733
28734
28735
28736
28737
28742
28745
28746
28747
28753
28755
28756
28758
28760
28763
28764
28766
28768
28769
28771
28772
28773
28774
28775
28780
28781
28782
28788
28790
28793
28798
28801
28803
28805
28808
28810
28811
28813
28814
28816
28820
28822
28824
28828
28831
28832
28833
28835
28838
28839
28840
28843
28844
28847
28851
28852
28853
28854
28856
28858
28860
28863
28868
28869
28872
28873
28874
28877
28878
28879
28881
28884
28885
28886
28888
28889
28891
28895
28896
28898
28899
28900
28902
28904
28905
28907
28909
28911
28912
28913
28915
28916
28917
28918
28920
28921
28922
28923
28926
28928
28931
28938
28939
28943
28944
28947
28954
28955
28956
28958
28959
28960
28963
28964
28971
28973
28977
28978
28979
28982
28984
28987
28990
28991
28994
28997
29001
29005
29008
29009
29012
29013
29014
29016
29020
29023
29027
29028
29031
29033
29034
29035
29036
29038
29040
29042
29043
29045
29046
29048
29051
29053
29056
29058
29059
29061
29065
29067
29069
29071
29074
29075
29078
29081
29085
29086
29087
29088
29090
29092
29093
29097
29100
29106
29108
29109
29113
29117
29118
29124
29125
29126
29129
29132
29136
29139
29142
29146
29148
29149
29151
29152
29154
29156
29160
29161
29162
29164
29165
29169
29170
29174
29177
29178
29180
29188
29190
29193
29194
29197
29200
29202
29203
29206
29210
29211
29212
29216
29218
29220
29221
29223
29226
29232
29238
29239
29240
29242
29243
29244
29246
29248
29250
29252
29254
29257
29258
29259
29260
29261
29263
29270
29271
29274
29276
29280
29281
29284
29285
29286
29288
29292
29295
29297
29299
29302
29304
29305
29310
29314
29315
29318
29320
29322
29323
29327
29328
29331
29332
29335
29337
29340
29343
29344
29345
29347
29349
29350
29356
29360
29363
29366
29368
29371
29373
29374
29377
29380
29382
29383
29386
29387
29388
29390
29392
29393
29394
29395
29396
29401
29404
29405
29406
29408
29410
29411
29412
29416
29419
29420
29423
29425
29426
29432
29433
29434
29436
29437
29443
29445
29446
29448
29457
29460
29461
29462
29463
29464
29465
29467
29469
29475
29480
29481
29482
29484
29485
29486
29487
29490
29491
29493
29495
29500
29501
29504
29507
29508
29509
29510
29512
29513
29515
29517
29518
29519
29523
29524
29527
29528
29529
29532
29533
29534
29535
29537
29538
29540
29541
29542
29544
29546
29547
29551
29552
29553
29554
29557
29558
29559
29560
29561
29564
29566
29567
29569
29572
29573
29576
29579
29581
29582
29583
29586
29587
29588
29590
29593
29595
29596
29599
29600
29602
29605
29607
29608
29610
29611
29612
29616
29617
29619
29626
29627
29628
29629
29632
29633
29634
29637
29638
29640
29641
29642
29644
29645
29647
29648
29649
29650
29653
29654
29655
29656
29658
29659
29660
29662
29663
29664
29665
29667
29670
29671
29672
29673
29674
29675
29677
29680
29683
29685
29686
29689
29690
29691
29692
29694
29696
29697
29698
29700
29701
29702
29703
29705
29706
29707
29709
29710
29711
29715
29716
29720
29721
29724
29729
29738
29739
29742
29744
29747
29748
29749
29754
29755
29760
29766
29769
29796
29803
29809
29821
29835
29837
29838
29839
29849
29854
29856
29857
29858
29860
29870
29877
29880
29885
29919
29923
29926
29928
29929
29952
29972
29973
29976
29980
29985
29998
30013
30019
30031
30038
30041
30049
30057
30058
30074
30075
30082
30086
30089
30098
30110
30119
30122
30123
30124
30129
30135
30146
30155
30160
30164
30174
30179
30205
30211
30213
30215
30220
30222
30225
30236
30246
30247
30254
30268
30277
30280
30288
30295
30301
30302
30306
30314
30329
30341
30351
30356
30366
30380
30381
30388
30389
30390
30393
30394
30395
30396
30397
30398
30399
30400
30401
30402
30403
30404
30405
30406
30407
30409
30410
30411
30412
30413
30414
30416
30417
30418
30419
30420
30421
30422
30423
30424
30425
30426
30427
30428
30429
30434
30436
30437
30438
30442
30444
30445
30446
30447
30448
30449
30450
30451
30453
30454
30458
30459
30460
30461
30465
30466
30469
30471
30474
30476
30478
30480
30481
30484
30485
30486
30487
30490
30491
30492
30493
30494
30496
30497
30499
30500
30501
30503
30505
30506
30507
30508
30512
30513
30517
30518
30519
30521
30523
30524
30525
30527
30528
30530
30531
30532
30533
30536
30538
30540
30542
30545
30547
30548
30549
30551
30554
30555
30556
30558
30559
30560
30561
30562
30563
30564
30567
30570
30572
30573
30574
30575
30576
30584
30587
30588
30591
30592
30593
30594
30595
30596
30598
30599
30601
30605
30607
30608
30609
30610
30612
30613
30615
30616
30618
30619
30620
30625
30626
30627
30629
30630
30631
30634
30636
30637
30638
30639
30642
30643
30645
30647
30648
30650
30656
30657
30658
30661
30662
30663
30665
30668
30670
30671
30673
30677
30678
30679
30681
30685
30686
30691
30694
30695
30696
30697
30698
30699
30700
30701
30702
30706
30708
30709
30710
30712
30713
30714
30718
30720
30721
30723
30724
30725
30728
30731
30734
30738
30739
30744
30746
30750
30752
30753
30754
30755
30756
30763
30764
30766
30767
30768
30769
30772
30774
30775
30776
30777
30778
30779
30780
30781
30786
30787
30788
30790
30792
30795
30796
30798
30799
30800
30805
30807
30809
30810
30814
30815
30816
30817
30821
30822
30823
30824
30825
30832
30835
30836
30837
30839
30840
30843
30846
30848
30850
30853
30855
30858
30859
30860
30861
30862
30864
30866
30872
30876
30877
30878
30881
30884
30886
30887
30889
30890
30891
30892
30895
30899
30902
30903
30905
30906
30908
30910
30911
30912
30914
30919
30921
30923
30925
30928
30929
30930
30931
30933
30935
30937
30938
30939
30942
30943
30944
30946
30947
30948
30950
30951
30953
30959
30960
30961
30962
30963
30964
30968
30969
30970
30971
30972
30973
30974
30976
30980
30983
30984
30985
30988
30990
30991
30992
30997
30998
30999
31001
31003
31004
31007
31012
31014
31015
31017
31019
31020
31023
31027
31031
31034
31035
31036
31037
31039
31044
31045
31047
31051
31052
31053
31057
31059
31061
31064
31065
31066
31068
31069
31070
31073
31075
31076
31078
31079
31080
31083
31085
31086
31087
31088
31094
31095
31097
31098
31099
31101
31104
31105
31107
31108
31110
31113
31114
31115
31118
31119
31121
31122
31123
31124
31128
31129
31130
31133
31134
31136
31140
31141
31142
31148
31149
31150
31151
31155
31157
31161
31162
31164
31170
31173
31177
31178
31179
31180
31182
31184
31190
31195
31199
31200
31202
31206
31207
31211
31212
31213
31216
31218
31219
31221
31222
31223
31224
31225
31227
31228
31231
31232
31234
31235
31236
31241
31242
31243
31244
31247
31248
31251
31254
31256
31258
31262
31268
31271
31272
31274
31275
31278
31279
31280
31284
31287
31288
31289
31290
31291
31295
31301
31302
31305
31310
31311
31315
31316
31319
31320
31323
31325
31329
31330
31331
31332
31333
31336
31337
31339
31341
31345
31346
31354
31356
31359
31363
31365
31367
31370
31371
31372
31374
31376
31377
31382
31384
31390
31392
31393
31394
31402
31403
31405
31406
31409
31410
31412
31413
31419
31421
31423
31427
31429
31430
31432
31434
31435
31438
31440
31441
31448
31453
31454
31457
31458
31459
31461
31462
31463
31465
31466
31473
31474
31477
31478
31479
31482
31485
31486
31487
31492
31495
31497
31499
31500
31505
31507
31508
31511
31513
31515
31516
31517
31518
31519
31521
31523
31525
31528
31529
31531
31534
31540
31546
31547
31551
31554
31556
31560
31564
31566
31567
31568
31571
31584
31585
31590
31592
31595
31601
31602
31603
31607
31609
31613
31616
31620
31623
31628
31635
31636
31639
31640
31642
31643
31646
31649
31650
31651
31654
31656
31658
31664
31666
31667
31668
31674
31679
31680
31684
31685
31686
31690
31692
31693
31696
31697
31702
31703
31707
31708
31712
31716
31724
31727
31729
31733
31737
31740
31743
31744
31746
31751
31752
31753
31756
31758
31759
31764
31766
31767
31768
31769
31775
31777
31786
31791
31797
31799
31800
31805
31810
31814
31820
31824
31825
31829
31832
31835
31839
31840
31845
31849
31851
31854
31855
31856
31859
31861
31866
31874
31876
31878
31880
31881
31882
31883
31884
31885
31888
31897
31904
31907
31912
31915
31916
31922
31924
31926
31927
31930
31931
31932
31935
31936
31941
31945
31946
31949
31951
31952
31953
31957
31962
31963
31966
31968
31972
31975
31976
31977
31982
31986
31991
31996
31997
31998
32001
32003
32008
32014
32019
32025
32026
32027
32029
32030
32035
32037
32038
32039
32040
32043
32045
32049
32053
32058
32059
32062
32063
32064
32065
32067
32068
32069
32070
32073
32079
32081
32082
32086
32088
32089
32092
32094
32095
32098
32099
32100
32103
32106
32107
32109
32113
32116
32118
32119
32120
32123
32126
32127
32130
32132
32134
32135
32138
32140
32141
32142
32144
32145
32146
32147
32151
32152
32153
32155
32156
32158
32159
32160
32161
32163
32169
32171
32173
32174
32175
32176
32179
32182
32184
32186
32188
32189
32190
32192
32195
32196
32198
32199
32200
32201
32202
32203
32204
32205
32206
32207
32208
32210
32211
32213
32215
32216
32217
32218
32221
32222
32223
32224
32225
32227
32228
32230
32231
32232
32233
32235
32236
32237
32238
32240
32241
32242
32243
32244
32245
32246
32247
32248
32249
32250
32251
32252
32253
32254
32255
32256
32258
32259
32260
32262
32263
32264
32265
32266
32267
32268
32270
32272
32273
32274
32276
32278
32280
32281
32282
32283
32284
32285
32286
32287
32288
32289
32291
32292
32293
32294
32295
32296
32297
32298
32300
32302
32303
32304
32306
32308
32309
32310
32311
32312
32313
32314
32316
32317
32319
32320
32321
32322
32323
32324
32326
32327
32328
32329
32331
32333
32334
32335
32336
32337
32338
32339
32340
32341
32343
32345
32346
32348
32351
32352
32353
32354
32355
32356
32358
32360
32362
32363
32364
32365
32366
32367
32368
32369
32370
32371
32372
32373
32374
32375
32376
32378
32379
32380
32381
32382
32384
32388
32389
32390
32391
32393
32394
32395
32396
32397
32398
32400
32402
32404
32405
32406
32407
32408
32409
32410
32411
32412
32413
32415
32416
32418
32420
32422
32423
32424
32426
32427
32428
32429
32430
32432
32433
32434
32435
32436
32437
32439
32440
32441
32442
32443
32444
32445
32446
32447
32448
32449
32450
32451
32452
32453
32456
32459
32463
32464
32465
32469
32470
32471
32472
32474
32475
32476
32477
32478
32482
32483
32485
32486
32488
32489
32491
32493
32495
32496
32497
32498
32500
32501
32504
32506
32507
32512
32515
32517
32518
32521
32522
32525
32526
32528
32529
32531
32534
32537
32538
32539
32542
32546
32547
32548
32549
32553
32554
32555
32557
32558
32560
32561
32562
32564
32565
32566
32567
32570
32571
32573
32574
32576
32577
32578
32580
32582
32583
32588
32589
32593
32594
32595
32596
32597
32598
32600
32602
32609
32610
32612
32613
32614
32616
32618
32620
32621
32623
32625
32626
32627
32630
32631
32632
32633
32634
32635
32637
32638
32640
32644
32645
32646
32648
32649
32650
32651
32652
32653
32654
32655
32656
32657
32658
32659
32660
32662
32666
32668
32669
32670
32671
32673
32674
32676
32677
32679
32681
32682
32683
32684
32685
32686
32688
32690
32692
32693
32694
32695
32696
32697
32700
32701
32702
32705
32707
32710
32711
32713
32714
32715
32718
32722
32723
32725
32728
32729
32730
32731
32732
32734
32736
32741
32744
32745
32748
32749
32751
32752
32754
32757
32759
32760
32761
32762
32764
32765
32767
32769
32771
32772
32773
32774
32775
32776
32777
32779
32780
32781
32787
32789
32790
32791
32793
32795
32796
32798
32800
32801
32802
32803
32806
32811
32812
32813
32815
32818
32819
32820
32823
32826
32828
32832
32833
32835
32837
32838
32839
32840
32841
32842
32844
32846
32847
32850
32854
32861
32862
32863
32865
32866
32869
32870
32871
32874
32875
32876
32877
32880
32882
32883
32884
32885
32886
32888
32895
32896
32898
32899
32901
32902
32904
32907
32916
32919
32920
32922
32923
32925
32931
32932
32934
32942
32945
32949
32950
32952
32953
32954
32955
32960
32966
32968
32969
32970
32973
32976
32978
32979
32981
32983
32985
32987
32989
32990
32991
32992
32995
32998
33000
33002
33006
33007
33008
33011
33013
33014
33016
33019
33020
33022
33024
33027
33029
33030
33031
33034
33035
33037
33041
33043
33044
33046
33049
33051
33057
33058
33060
33063
33064
33068
33071
33074
33075
33077
33078
33082
33083
33087
33089
33091
33092
33096
33097
33098
33100
33101
33104
33105
33106
33107
33109
33111
33114
33116
33118
33122
33125
33126
33128
33129
33130
33131
33133
33135
33137
33138
33139
33141
33142
33145
33146
33147
33148
33154
33156
33158
33162
33169
33170
33171
33172
33173
33174
33177
33178
33179
33180
33183
33185
33187
33189
33192
33193
33194
33195
33197
33199
33200
33202
33203
33204
33205
33206
33208
33209
33210
33213
33215
33216
33217
33218
33222
33226
33227
33229
33231
33232
33233
33235
33236
33241
33242
33243
33246
33247
33249
33251
33252
33253
33255
33256
33257
33260
33261
33262
33265
33266
33267
33268
33269
33270
33271
33272
33273
33274
33275
33276
33277
33279
33280
33281
33282
33283
33284
33285
33289
33290
33292
33293
33300
33301
33304
33305
33308
33309
33311
33312
33314
33316
33317
33318
33319
33320
33321
33324
33326
33327
33330
33331
33332
33334
33336
33339
33341
33342
33343
33344
33345
33349
33352
33354
33355
33356
33359
33361
33362
33364
33367
33369
33370
33371
33372
33373
33374
33375
33377
33379
33381
33382
33383
33384
33385
33386
33387
33388
33389
33391
33392
33394
33396
33397
33399
33400
33402
33403
33405
33406
33408
33410
33412
33413
33414
33415
33417
33418
33420
33421
33424
33425
33428
33429
33434
33435
33439
33441
33442
33443
33444
33445
33446
33449
33450
33457
33458
33463
33464
33465
33467
33472
33477
33481
33483
33485
33489
33492
33496
33500
33514
33516
33520
33521
33522
33526
33536
33540
33541
33542
33544
33549
33550
33553
33566
33567
33573
33574
33575
33577
33583
33584
33585
33586
33588
33592
33594
33595
33598
33603
33609
33612
33632
33633
33637
33640
33642
33657
33658
33660
33666
33674
33680
33684
33687
33688
33691
33714
33717
33741
33745
33748
33752
33758
33762
33766
33770
33772
33775
33780
33781
33782
33796
33802
33803
33809
33820
33827
33836
33844
33847
33849
33869
33907
33908
33915
33917
33925
33935
33939
33950
33961
33975
33991
33995
33998
34008
34021
34028
34030
34032
34050
34051
34058
34065
34070
34072
34096
34100
34101
34103
34104
34106
34107
34108
34109
34110
34111
34112
34113
34114
34115
34116
34117
34118
34119
34120
34121
34122
34123
34124
34125
34126
34127
34128
34130
34131
34133
34134
34136
34137
34138
34139
34140
34141
34142
34144
34145
34146
34147
34148
34149
34150
34151
34153
34155
34156
34158
34159
34161
34165
34166
34167
34172
34173
34176
34178
34179
34180
34182
34183
34184
34185
34188
34189
34190
34191
34193
34194
34195
34196
34197
34198
34199
34201
34202
34204
34205
34206
34208
34209
34210
34213
34214
34215
34216
34217
34218
34220
34221
34223
34224
34225
34226
34229
34230
34231
34233
34235
34236
34237
34238
34239
34240
34244
34245
34246
34247
34249
34250
34252
34253
34256
34257
34259
34260
34262
34263
34264
34265
34266
34270
34273
34275
34277
34278
34280
34282
34284
34285
34286
34287
34288
34289
34293
34299
34301
34302
34304
34305
34306
34307
34309
34310
34311
34316
34320
34321
34323
34324
34326
34327
34328
34330
34331
34335
34336
34337
34341
34342
34343
34345
34348
34349
34351
34353
34355
34356
34357
34358
34359
34361
34363
34364
34365
34366
34367
34370
34375
34376
34379
34382
34383
34384
34385
34387
34388
34391
34392
34393
34395
34397
34400
34403
34404
34408
34409
34411
34412
34413
34414
34415
34416
34418
34419
34420
34421
34422
34423
34426
34428
34429
34433
34434
34435
34437
34438
34439
34440
34442
34443
34445
34449
34452
34453
34455
34458
34463
34464
34474
34475
34476
34479
34482
34485
34487
34488
34489
34490
34493
34497
34499
34500
34501
34504
34505
34507
34508
34509
34510
34511
34512
34514
34515
34519
34521
34523
34524
34527
34528
34531
34533
34534
34535
34537
34538
34539
34541
34542
34547
34549
34551
34552
34556
34557
34561
34562
34563
34565
34567
34569
34573
34574
34576
34582
34583
34585
34586
34588
34590
34592
34595
34596
34600
34604
34605
34606
34607
34611
34612
34613
34615
34616
34619
34621
34625
34629
34630
34633
34641
34642
34643
34646
34647
34649
34652
34653
34654
34655
34657
34658
34660
34661
34662
34663
34664
34665
34666
34667
34670
34672
34673
34674
34676
34677
34678
34679
34684
34685
34687
34689
34692
34694
34696
34698
34700
34702
34705
34706
34707
34710
34713
34714
34715
34718
34724
34728
34729
34731
34733
34734
34736
34737
34738
34742
34744
34745
34747
34748
34749
34750
34751
34753
34757
34759
34761
34762
34764
34767
34769
34773
34776
34777
34778
34782
34785
34786
34787
34789
34790
34792
34793
34794
34795
34796
34797
34798
34799
34800
34801
34802
34803
34807
34808
34810
34811
34812
34813
34815
34816
34818
34819
34820
34823
34824
34827
34828
34829
34832
34833
34835
34838
34841
34842
34844
34845
34847
34848
34849
34852
34853
34855
34858
34859
34861
34862
34863
34864
34865
34867
34869
34875
34876
34877
34878
34880
34881
34882
34884
34886
34887
34888
34892
34893
34894
34896
34897
34900
34901
34904
34905
34907
34908
34909
34911
34912
34913
34914
34915
34920
34925
34926
34927
34931
34932
34933
34937
34938
34939
34940
34943
34951
34953
34955
34956
34958
34960
34961
34962
34963
34965
34966
34968
34969
34971
34972
34977
34978
34982
34985
34986
34987
34989
34990
34993
34995
34998
35000
35002
35003
35005
35006
35007
35008
35011
35015
35019
35022
35024
35025
35029
35030
35035
35036
35037
35043
35046
35047
35049
35050
35052
35054
35055
35056
35057
35060
35061
35063
35064
35065
35067
35068
35070
35073
35077
35078
35079
35083
35085
35092
35096
35099
35101
35104
35107
35108
35109
35110
35114
35116
35120
35121
35123
35124
35128
35131
35132
35133
35135
35138
35139
35142
35146
35148
35151
35152
35153
35154
35155
35157
35158
35160
35172
35173
35176
35177
35179
35180
35183
35184
35186
35187
35188
35192
35193
35194
35197
35201
35202
35205
35206
35208
35212
35214
35217
35222
35224
35230
35231
35233
35234
35235
35236
35238
35243
35247
35248
35250
35258
35265
35270
35273
35278
35289
35293
35294
35298
35300
35304
35307
35315
35316
35317
35319
35320
35322
35323
35325
35326
35328
35330
35332
35333
35336
35338
35340
35344
35346
35350
35351
35353
35354
35355
35357
35360
35363
35365
35368
35370
35372
35378
35382
35385
35387
35388
35390
35391
35392
35393
35394
35397
35399
35404
35406
35407
35408
35410
35413
35415
35417
35418
35419
35421
35423
35426
35427
35429
35432
35435
35436
35438
35440
35442
35443
35445
35447
35454
35455
35464
35465
35470
35472
35473
35476
35478
35481
35482
35483
35490
35492
35494
35499
35500
35502
35504
35505
35506
35507
35509
35511
35512
35514
35515
35521
35523
35526
35527
35528
35529
35532
35533
35534
35538
35542
35546
35548
35549
35551
35552
35553
35556
35559
35560
35563
35564
35566
35567
35570
35571
35572
35573
35579
35580
35587
35589
35592
35593
35594
35595
35596
35597
35598
35600
35604
35607
35611
35612
35616
35617
35620
35621
35622
35624
35628
35629
35632
35637
35638
35639
35644
35646
35647
35648
35650
35651
35652
35653
35654
35655
35656
35657
35661
35662
35665
35667
35668
35671
35672
35673
35674
35678
35679
35681
35686
35689
35700
35701
35705
35706
35715
35716
35719
35720
35721
35723
35725
35728
35729
35733
35737
35739
35741
35743
35744
35745
35747
35749
35750
35751
35752
35753
35754
35756
35764
35765
35766
35767
35770
35772
35773
35775
35777
35778
35781
35782
35785
35786
35796
35798
35800
35801
35802
35803
35806
35808
35809
35810
35812
35813
35814
35815
35816
35817
35818
35819
35820
35823
35824
35831
35832
35833
35834
35836
35837
35840
35841
35842
35844
35846
35847
35849
35854
35855
35856
35857
35858
35859
35861
35862
35864
35865
35866
35867
35869
35870
35873
35874
35876
35878
35881
35883
35885
35888
35890
35891
35893
35898
35900
35901
35903
35904
35905
35907
35908
35910
35911
35912
35913
35914
35915
35919
35920
35924
35926
35927
35928
35929
35931
35932
35935
35936
35937
35938
35940
35941
35944
35945
35946
35947
35948
35950
35951
35952
35954
35955
35956
35958
35959
35960
35961
35962
35963
35964
35965
35967
35968
35969
35970
35972
35975
35976
35977
35978
35979
35980
35981
35982
35984
35985
35986
35987
35988
35990
35992
35993
35994
35995
35996
35997
35998
35999
36000
36001
36002
36005
36006
36007
36008
36009
36011
36014
36015
36016
36017
36018
36021
36022
36023
36024
36025
36026
36027
36028
36030
36031
36032
36033
36034
36035
36036
36037
36038
36039
36040
36041
36042
36043
36044
36045
36046
36047
36048
36049
36050
36051
36052
36053
36054
36055
36057
36059
36060
36062
36063
36065
36067
36068
36070
36071
36072
36074
36077
36078
36079
36080
36081
36082
36083
36085
36086
36087
36088
36089
36091
36092
36094
36095
36096
36098
36100
36103
36104
36105
36106
36107
36109
36110
36111
36112
36115
36117
36118
36119
36121
36123
36124
36126
36127
36128
36129
36130
36131
36132
36133
36134
36135
36136
36137
36138
36142
36143
36144
36146
36147
36148
36149
36150
36151
36152
36153
36155
36156
36157
36158
36159
36160
36161
36162
36163
36164
36166
36167
36168
36169
36170
36171
36172
36173
36174
36175
36179
36181
36184
36185
36186
36188
36189
36190
36191
36192
36193
36194
36195
36196
36198
36199
36202
36203
36207
36210
36211
36212
36214
36215
36216
36217
36218
36219
36220
36221
36222
36226
36227
36228
36229
36231
36232
36233
36236
36238
36239
36240
36241
36242
36244
36246
36248
36250
36251
36252
36255
36256
36257
36258
36259
36260
36263
36264
36266
36268
36269
36270
36271
36274
36275
36276
36278
36279
36280
36281
36282
36284
36285
36287
36288
36289
36290
36293
36294
36297
36298
36300
36301
36302
36305
36307
36308
36309
36310
36311
36312
36313
36314
36316
36317
36318
36319
36321
36323
36324
36327
36328
36329
36330
36332
36333
36334
36335
36336
36337
36338
36339
36340
36341
36343
36345
36346
36348
36350
36351
36354
36355
36356
36361
36362
36367
36369
36370
36371
36372
36374
36375
36377
36378
36383
36385
36386
36387
36389
36390
36391
36395
36396
36397
36399
36404
36406
36407
36408
36409
36410
36411
36412
36413
36414
36416
36418
36419
36420
36421
36422
36424
36426
36428
36429
36430
36431
36434
36437
36441
36443
36444
36445
36446
36448
36449
36451
36458
36459
36462
36463
36464
36466
36468
36469
36473
36474
36475
36476
36477
36478
36479
36481
36483
36485
36486
36487
36489
36490
36493
36494
36495
36497
36499
36501
36503
36506
36508
36511
36512
36513
36514
36515
36516
36521
36522
36525
36527
36530
36532
36534
36535
36536
36537
36539
36540
36541
36545
36546
36548
36549
36553
36557
36558
36560
36561
36564
36565
36566
36572
36577
36578
36580
36581
36582
36583
36584
36587
36588
36590
36591
36593
36594
36597
36598
36599
36600
36601
36603
36605
36606
36608
36609
36611
36612
36613
36615
36616
36618
36619
36620
36621
36622
36623
36624
36625
36630
36632
36635
36638
36639
36645
36646
36648
36651
36655
36658
36660
36664
36666
36669
36671
36672
36677
36678
36679
36680
36681
36682
36687
36688
36689
36690
36691
36692
36694
36695
36697
36702
36704
36705
36708
36712
36714
36715
36716
36717
36718
36720
36721
36724
36725
36727
36728
36729
36730
36732
36733
36734
36735
36741
36743
36744
36745
36747
36750
36751
36754
36755
36756
36758
36760
36762
36763
36766
36767
36768
36769
36770
36771
36772
36773
36775
36777
36778
36780
36782
36783
36784
36787
36790
36791
36792
36793
36796
36797
36799
36800
36801
36802
36804
36805
36806
36808
36809
36810
36811
36812
36814
36815
36816
36817
36818
36821
36825
36828
36829
36831
36832
36833
36835
36839
36840
36841
36843
36844
36847
36848
36849
36850
36851
36853
36855
36860
36861
36862
36863
36864
36865
36866
36868
36870
36872
36876
36877
36878
36882
36883
36884
36885
36887
36888
36889
36890
36891
36892
36893
36894
36896
36897
36898
36899
36901
36903
36905
36906
36907
36909
36910
36911
36912
36914
36915
36916
36917
36918
36920
36922
36923
36924
36925
36928
36929
36930
36931
36932
36933
36934
36935
36936
36938
36940
36941
36942
36943
36944
36945
36947
36949
36950
36955
36957
36958
36960
36961
36962
36963
36965
36966
36967
36968
36969
36970
36971
36974
36979
36981
36982
36984
36985
36986
36987
36988
36989
36990
36992
36993
36994
36995
36998
36999
37000
37001
37003
37004
37005
37006
37007
37011
37014
37016
37018
37019
37025
37026
37027
37028
37030
37032
37033
37034
37035
37036
37038
37039
37040
37042
37043
37044
37045
37046
37048
37049
37051
37053
37055
37056
37057
37058
37059
37060
37061
37062
37064
37066
37068
37069
37073
37074
37075
37076
37078
37079
37083
37084
37085
37086
37087
37088
37092
37093
37095
37096
37097
37098
37100
37101
37103
37104
37105
37106
37107
37110
37111
37112
37113
37114
37116
37117
37118
37119
37120
37121
37122
37123
37124
37125
37127
37128
37129
37131
37132
37133
37134
37136
37139
