1
2
7
21
32
38
40
42
46
53
54
55
56
62
63
74
85
99
105
106
111
112
113
115
124
125
126
127
128
132
136
137
142
144
145
147
148
151
158
159
162
166
168
172
174
182
183
196
206
207
215
216
219
254
256
258
272
279
284
291
293
301
305
326
334
338
346
370
379
386
388
393
395
396
401
406
425
427
434
435
438
441
442
451
452
461
465
466
468
480
482
499
504
506
508
513
514
517
520
529
534
538
551
555
557
563
565
576
581
588
605
618
625
629
636
637
642
644
653
662
663
669
674
675
676
678
680
681
682
683
684
685
686
687
688
689
690
691
692
693
694
695
696
697
698
700
701
702
703
704
705
706
707
708
709
711
712
713
714
715
716
718
720
721
722
723
724
725
726
727
728
729
731
732
733
734
735
736
737
738
739
740
741
742
744
746
748
752
756
757
758
759
760
761
762
764
766
768
769
770
773
774
775
779
781
782
784
785
787
788
789
790
791
792
794
797
798
799
800
801
803
807
808
811
812
813
814
816
817
818
821
824
829
830
831
832
833
835
836
837
838
840
841
843
844
845
846
847
849
850
851
852
856
858
859
861
863
864
865
866
868
869
871
873
875
879
880
881
884
888
890
898
899
900
901
902
906
907
908
911
912
913
914
917
919
920
922
925
926
929
930
931
932
933
934
935
937
938
939
944
945
946
947
950
952
953
954
956
958
959
962
965
966
967
968
969
971
974
975
977
979
980
981
982
985
987
988
990
991
992
994
995
996
1002
1003
1004
1006
1008
1009
1010
1011
1013
1017
1018
1021
1022
1023
1024
1026
1027
1028
1032
1033
1035
1037
1039
1041
1042
1044
1045
1047
1048
1050
1051
1052
1053
1054
1055
1061
1062
1063
1066
1067
1073
1074
1075
1076
1078
1079
1082
1083
1084
1086
1087
1088
1091
1093
1096
1097
1098
1099
1100
1101
1102
1103
1105
1106
1108
1110
1111
1113
1116
1118
1123
1125
1126
1129
1131
1134
1135
1139
1140
1142
1148
1149
1152
1153
1158
1160
1161
1162
1163
1164
1169
1172
1174
1177
1178
1182
1185
1188
1191
1192
1193
1194
1196
1198
1199
1200
1205
1207
1208
1209
1214
1217
1219
1222
1223
1225
1228
1233
1235
1236
1239
1241
1244
1245
1248
1250
1252
1253
1258
1261
1262
1263
1265
1266
1270
1272
1273
1282
1283
1288
1290
1293
1294
1295
1297
1298
1299
1300
1302
1310
1312
1319
1321
1325
1326
1327
1330
1334
1336
1338
1341
1342
1344
1345
1348
1349
1353
1354
1355
1356
1358
1359
1364
1369
1370
1371
1374
1375
1376
1379
1381
1382
1385
1386
1388
1396
1397
1398
1403
1405
1406
1409
1410
1412
1416
1421
1422
1424
1425
1426
1427
1429
1431
1433
1436
1437
1438
1439
1441
1446
1448
1449
1450
1458
1460
1461
1462
1465
1466
1469
1471
1472
1476
1477
1478
1485
1487
1488
1489
1490
1492
1494
1497
1499
1500
1501
1507
1510
1512
1513
1516
1522
1524
1525
1527
1529
1532
1533
1535
1536
1538
1539
1540
1546
1547
1550
1552
1555
1558
1559
1560
1561
1562
1563
1564
1569
1570
1572
1574
1575
1576
1577
1579
1580
1583
1585
1587
1590
1596
1599
1603
1607
1610
1615
1617
1618
1628
1629
1630
1633
1637
1638
1641
1644
1648
1649
1653
1656
1659
1662
1664
1665
1669
1672
1674
1675
1677
1680
1682
1686
1690
1693
1695
1698
1699
1702
1703
1709
1716
1720
1722
1723
1725
1728
1729
1730
1732
1733
1734
1736
1737
1742
1745
1746
1747
1748
1749
1759
1761
1762
1765
1767
1768
1770
1772
1775
1776
1779
1782
1785
1788
1789
1791
1795
1796
1799
1805
1807
1809
1811
1813
1819
1820
1821
1822
1825
1829
1832
1836
1839
1842
1843
1846
1847
1849
1852
1855
1856
1861
1862
1865
1866
1868
1870
1873
1878
1880
1883
1887
1890
1892
1896
1899
1902
1904
1905
1906
1908
1910
1914
1918
1930
1934
1936
1944
1945
1946
1950
1954
1956
1957
1961
1962
1965
1966
1967
1968
1973
1975
1978
1980
1981
1986
1991
1995
2002
2004
2012
2015
2016
2021
2023
2024
2025
2028
2029
2031
2032
2038
2040
2047
2050
2054
2057
2063
2065
2079
2085
2087
2097
2099
2101
2102
2103
2104
2108
2110
2112
2113
2120
2123
2125
2129
2132
2133
2146
2147
2161
2163
2165
2166
2167
2168
2169
2170
2172
2175
2184
2187
2190
2191
2198
2208
2209
2213
2214
2223
2229
2230
2232
2239
2251
2252
2254
2255
2258
2260
2261
2264
2266
2275
2282
2283
2285
2289
2294
2295
2297
2298
2307
2314
2319
2320
2327
2328
2330
2337
2338
2340
2341
2342
2344
2346
2356
2357
2358
2374
2375
2377
2382
2383
2385
2386
2388
2389
2391
2392
2393
2394
2395
2397
2401
2403
2405
2406
2407
2408
2410
2414
2415
2418
2421
2427
2428
2429
2430
2432
2433
2438
2442
2443
2444
2445
2447
2448
2449
2451
2455
2457
2462
2465
2469
2470
2483
2484
2485
2486
2487
2488
2489
2490
2491
2492
2493
2494
2495
2498
2499
2502
2503
2504
2505
2506
2507
2509
2510
2512
2513
2514
2515
2518
2519
2520
2521
2522
2523
2524
2525
2526
2528
2529
2530
2531
2532
2533
2534
2535
2536
2537
2538
2540
2541
2542
2543
2544
2546
2547
2548
2550
2551
2552
2553
2554
2556
2558
2559
2560
2561
2562
2563
2564
2565
2566
2568
2569
2570
2571
2573
2575
2576
2577
2578
2579
2581
2582
2583
2584
2585
2586
2587
2588
2590
2593
2594
2595
2596
2597
2598
2599
2601
2602
2604
2605
2606
2607
2608
2609
2610
2611
2612
2613
2614
2615
2616
2617
2618
2619
2620
2621
2622
2624
2625
2626
2627
2628
2629
2630
2631
2632
2633
2634
2636
2637
2638
2639
2640
2641
2642
2643
2644
2646
2648
2650
2651
2652
2654
2655
2656
2658
2659
2660
2661
2663
2664
2667
2668
2669
2670
2671
2672
2675
2676
2677
2678
2679
2681
2683
2685
2686
2689
2690
2692
2693
2695
2697
2698
2699
2700
2701
2702
2703
2704
2705
2706
2708
2710
2711
2714
2716
2717
2718
2719
2720
2721
2722
2723
2724
2726
2727
2728
2729
2730
2731
2733
2734
2736
2737
2738
2739
2740
2741
2742
2744
2745
2747
2748
2749
2751
2753
2755
2759
2760
2761
2763
2764
2766
2768
2769
2770
2772
2773
2776
2779
2780
2783
2784
2786
2792
2795
2797
2799
2800
2802
2803
2805
2806
2807
2812
2813
2814
2816
2818
2819
2821
2822
2825
2826
2829
2830
2831
2832
2833
2835
2837
2838
2839
2841
2842
2846
2848
2849
2852
2854
2855
2856
2857
2861
2862
2863
2864
2865
2866
2867
2868
2870
2871
2873
2876
2878
2883
2886
2887
2888
2897
2898
2902
2903
2904
2906
2907
2909
2910
2911
2914
2915
2917
2918
2919
2920
2921
2923
2926
2928
2930
2933
2935
2937
2938
2939
2941
2942
2943
2944
2945
2946
2948
2949
2951
2954
2957
2958
2959
2960
2963
2971
2973
2974
2975
2980
2981
2984
2986
2987
2989
2990
2991
2992
2993
2994
2996
2999
3001
3002
3003
3004
3005
3006
3008
3009
3010
3011
3014
3016
3018
3019
3020
3022
3023
3025
3027
3029
3030
3031
3032
3033
3035
3036
3037
3038
3039
3040
3042
3044
3045
3046
3047
3048
3049
3050
3052
3053
3055
3057
3060
3061
3063
3065
3066
3067
3070
3071
3072
3073
3074
3076
3077
3082
3086
3087
3088
3089
3090
3091
3094
3096
3098
3099
3100
3101
3102
3106
3107
3108
3110
3113
3115
3116
3118
3119
3120
3121
3122
3123
3124
3126
3127
3128
3131
3132
3133
3134
3138
3140
3149
3151
3154
3155
3157
3159
3162
3164
3165
3166
3167
3171
3172
3173
3177
3178
3179
3180
3184
3185
3190
3191
3193
3194
3195
3196
3197
3200
3201
3204
3208
3212
3213
3215
3216
3218
3219
3220
3222
3223
3224
3230
3232
3235
3236
3240
3241
3242
3243
3245
3248
3250
3251
3252
3254
3256
3258
3261
3262
3264
3265
3267
3268
3269
3277
3278
3282
3284
3285
3286
3287
3288
3290
3291
3292
3293
3296
3297
3299
3301
3302
3304
3305
3307
3310
3316
3317
3319
3322
3323
3325
3330
3332
3334
3337
3338
3340
3343
3346
3347
3349
3351
3354
3356
3360
3362
3365
3366
3370
3371
3374
3375
3376
3378
3380
3382
3383
3384
3385
3388
3389
3392
3395
3398
3401
3404
3405
3406
3408
3412
3413
3414
3416
3418
3419
3421
3422
3423
3425
3426
3427
3430
3434
3435
3436
3438
3439
3441
3442
3446
3448
3450
3451
3454
3457
3458
3459
3460
3461
3462
3463
3466
3467
3472
3473
3474
3477
3480
3482
3483
3484
3486
3488
3490
3492
3496
3497
3501
3502
3503
3506
3510
3512
3513
3514
3517
3520
3521
3523
3524
3526
3529
3530
3531
3532
3534
3535
3536
3537
3539
3540
3543
3544
3545
3548
3549
3550
3552
3555
3556
3557
3558
3559
3560
3561
3562
3563
3565
3569
3570
3571
3572
3574
3578
3579
3581
3584
3587
3588
3590
3594
3597
3599
3600
3602
3603
3606
3607
3608
3609
3610
3612
3613
3617
3618
3622
3623
3626
3629
3631
3632
3633
3634
3635
3640
3642
3643
3644
3645
3647
3650
3652
3653
3655
3657
3658
3660
3661
3662
3663
3665
3666
3667
3668
3669
3670
3671
3672
3673
3674
3675
3677
3680
3682
3688
3690
3691
3693
3694
3696
3698
3699
3700
3701
3703
3705
3706
3707
3708
3712
3713
3715
3722
3746
3747
3749
3754
3756
3760
3763
3766
3768
3772
3774
3777
3779
3782
3788
3789
3797
3803
3804
3805
3814
3816
3817
3818
3825
3826
3827
3828
3831
3833
3840
3841
3843
3844
3845
3849
3855
3856
3857
3858
3859
3861
3862
3865
3866
3872
3875
3876
3880
3882
3893
3896
3897
3899
3904
3906
3920
3921
3932
3933
3937
3943
3945
3946
3952
3953
3954
3970
3971
3972
3976
3978
3995
4002
4004
4005
4007
4010
4011
4026
4032
4033
4035
4041
4042
4052
4060
4061
4067
4068
4069
4089
4097
4109
4111
4115
4116
4117
4124
4126
4131
4132
4135
4140
4141
4143
4146
4156
4157
4163
4165
4167
4169
4176
4178
4179
4180
4182
4184
4191
4194
4196
4198
4202
4207
4211
4213
4216
4219
4222
4224
4225
4231
4232
4233
4247
4249
4253
4263
4264
4269
4272
4287
4302
4304
4312
4316
4327
4333
4334
4337
4338
4339
4343
4347
4348
4349
4354
4360
4368
4373
4376
4377
4382
4386
4388
4389
4390
4391
4392
4393
4394
4395
4396
4397
4398
4399
4400
4401
4402
4403
4404
4405
4406
4407
4408
4409
4410
4411
4412
4413
4414
4415
4416
4417
4418
4419
4422
4423
4424
4425
4426
4427
4428
4429
4430
4432
4434
4435
4436
4437
4438
4439
4440
4442
4444
4445
4447
4448
4449
4451
4452
4455
4456
4458
4460
4461
4462
4463
4464
4466
4468
4469
4471
4472
4473
4474
4475
4476
4481
4482
4483
4486
4487
4488
4489
4490
4492
4493
4494
4496
4497
4498
4499
4500
4502
4503
4505
4506
4508
4511
4512
4513
4514
4515
4516
4521
4522
4523
4524
4525
4526
4527
4528
4529
4530
4531
4532
4533
4534
4535
4537
4538
4540
4542
4544
4546
4547
4548
4550
4551
4552
4553
4555
4556
4558
4559
4560
4561
4563
4564
4565
4566
4572
4574
4576
4577
4582
4583
4586
4587
4589
4592
4593
4594
4595
4596
4597
4603
4604
4605
4606
4607
4608
4609
4610
4611
4612
4613
4616
4618
4619
4620
4621
4622
4623
4625
4626
4627
4629
4631
4632
4633
4634
4636
4637
4639
4640
4642
4643
4645
4648
4650
4651
4652
4653
4654
4656
4659
4661
4663
4664
4665
4666
4669
4670
4671
4672
4673
4675
4676
4678
4679
4680
4681
4683
4685
4686
4688
4689
4695
4696
4699
4700
4701
4702
4703
4704
4706
4708
4709
4710
4711
4715
4716
4717
4718
4719
4720
4721
4722
4723
4724
4725
4728
4730
4731
4732
4733
4735
4737
4738
4739
4741
4746
4748
4751
4752
4753
4754
4755
4757
4758
4759
4762
4764
4765
4767
4768
4770
4774
4775
4776
4777
4779
4780
4783
4785
4786
4787
4788
4789
4792
4793
4795
4796
4797
4800
4801
4802
4803
4804
4805
4807
4809
4810
4811
4812
4814
4815
4816
4817
4819
4820
4825
4827
4828
4832
4836
4837
4838
4839
4840
4841
4842
4845
4846
4848
4849
4853
4854
4856
4859
4860
4862
4863
4866
4867
4871
4876
4877
4878
4880
4883
4885
4888
4889
4891
4892
4895
4896
4897
4900
4901
4902
4905
4906
4909
4910
4911
4913
4916
4917
4921
4924
4931
4933
4935
4938
4939
4942
4944
4946
4947
4948
4953
4955
4959
4960
4962
4964
4965
4966
4967
4970
4971
4972
4974
4975
4976
4977
4980
4982
4984
4985
4986
4987
4988
4989
4991
4992
4993
4994
4995
4996
4997
5000
5001
5003
5005
5006
5011
5013
5014
5015
5022
5023
5024
5025
5026
5027
5029
5030
5031
5032
5033
5035
5038
5039
5040
5041
5044
5045
5046
5048
5049
5050
5052
5053
5057
5058
5059
5062
5063
5067
5068
5069
5070
5071
5072
5073
5075
5076
5078
5079
5080
5081
5083
5088
5089
5090
5092
5094
5095
5100
5103
5105
5110
5112
5115
5116
5117
5120
5122
5124
5125
5127
5128
5130
5131
5138
5139
5141
5143
5146
5147
5150
5151
5153
5155
5157
5159
5160
5162
5163
5164
5166
5168
5169
5170
5172
5174
5175
5178
5179
5180
5182
5186
5187
5189
5190
5192
5200
5201
5202
5203
5206
5208
5209
5211
5213
5214
5215
5217
5218
5219
5220
5221
5222
5226
5227
5230
5231
5233
5234
5236
5237
5238
5241
5243
5246
5247
5249
5250
5252
5253
5254
5255
5260
5266
5269
5273
5274
5275
5276
5277
5281
5283
5286
5287
5289
5291
5293
5294
5296
5297
5301
5302
5303
5307
5308
5309
5310
5311
5315
5317
5321
5322
5328
5329
5331
5332
5334
5337
5338
5340
5343
5344
5350
5351
5354
5356
5358
5362
5363
5364
5365
5366
5370
5371
5373
5376
5377
5378
5379
5380
5382
5383
5385
5387
5391
5392
5396
5397
5398
5399
5400
5401
5402
5405
5409
5412
5413
5414
5415
5417
5418
5420
5423
5424
5425
5428
5430
5434
5437
5438
5439
5440
5443
5446
5447
5449
5451
5459
5461
5462
5465
5467
5473
5474
5480
5481
5482
5487
5492
5496
5497
5499
5501
5502
5505
5509
5510
5511
5512
5517
5519
5520
5521
5522
5523
5525
5526
5527
5530
5533
5535
5541
5545
5552
5553
5554
5556
5566
5569
5570
5571
5572
5576
5577
5581
5586
5587
5589
5590
5591
5592
5594
5596
5597
5600
5602
5604
5605
5609
5610
5613
5614
5616
5619
5620
5622
5624
5625
5630
5633
5636
5638
5651
5653
5655
5658
5659
5660
5662
5664
5666
5667
5668
5669
5670
5671
5672
5675
5676
5677
5681
5682
5684
5685
5687
5689
5692
5693
5696
5697
5698
5705
5707
5709
5710
5711
5714
5716
5723
5725
5726
5730
5735
5737
5739
5742
5743
5745
5746
5747
5752
5753
5757
5758
5759
5760
5761
5764
5771
5775
5776
5777
5778
5781
5787
5793
5800
5802
5804
5809
5810
5811
5816
5818
5822
5825
5826
5827
5828
5830
5832
5834
5835
5839
5843
5845
5847
5850
5851
5853
5858
5864
5868
5871
5872
5873
5875
5876
5877
5879
5882
5883
5884
5885
5886
5888
5896
5899
5901
5904
5905
5906
5915
5918
5920
5921
5925
5926
5928
5931
5932
5937
5942
5947
5953
5954
5957
5958
5961
5969
5972
5977
5978
5979
5981
5987
5989
5996
5997
5998
6000
6006
6008
6011
6012
6015
6016
6018
6019
6021
6023
6025
6026
6028
6029
6031
6033
6034
6041
6042
6043
6045
6047
6053
6055
6058
6061
6062
6064
6065
6066
6067
6069
6070
6071
6072
6073
6074
6075
6078
6079
6081
6084
6088
6089
6092
6095
6096
6097
6098
6099
6101
6102
6103
6104
6105
6106
6108
6109
6110
6111
6112
6113
6114
6115
6122
6123
6124
6128
6129
6130
6132
6136
6140
6141
6142
6143
6146
6148
6149
6150
6151
6152
6154
6156
6157
6158
6159
6161
6162
6166
6169
6170
6171
6172
6175
6176
6188
6191
6193
6198
6201
6202
6203
6204
6205
6206
6207
6208
6209
6212
6213
6214
6218
6219
6220
6223
6224
6225
6226
6227
6228
6229
6230
6232
6234
6235
6236
6237
6238
6239
6240
6242
6243
6244
6245
6246
6247
6248
6250
6251
6252
6253
6254
6255
6256
6257
6259
6260
6261
6262
6263
6264
6265
6266
6267
6268
6270
6272
6273
6274
6275
6276
6278
6279
6280
6282
6283
6284
6285
6287
6288
6289
6290
6291
6292
6293
6294
6295
6296
6297
6298
6299
6300
6302
6304
6305
6306
6308
6309
6310
6311
6312
6313
6315
6316
6318
6319
6321
6322
6323
6324
6325
6326
6327
6328
6329
6330
6331
6333
6334
6335
6336
6337
6338
6339
6340
6342
6343
6344
6345
6347
6349
6350
6351
6352
6353
6354
6355
6356
6357
6359
6360
6361
6362
6364
6365
6366
6367
6368
6369
6370
6372
6373
6374
6375
6377
6378
6379
6380
6381
6382
6383
6384
6385
6386
6389
6390
6391
6392
6393
6394
6395
6396
6397
6398
6399
6400
6403
6404
6405
6406
6407
6408
6410
6411
6412
6413
6414
6415
6416
6417
6418
6420
6421
6422
6423
6425
6426
6427
6429
6430
6431
6432
6434
6435
6436
6437
6438
6439
6440
6441
6442
6443
6444
6445
6446
6447
6448
6449
6450
6451
6452
6453
6454
6455
6456
6458
6459
6462
6463
6465
6467
6469
6472
6473
6474
6478
6479
6481
6482
6487
6488
6489
6490
6493
6494
6496
6497
6498
6499
6500
6502
6505
6509
6511
6513
6514
6515
6516
6520
6523
6525
6526
6527
6528
6530
6531
6533
6535
6536
6538
6539
6540
6541
6542
6543
6544
6547
6551
6552
6555
6556
6557
6560
6562
6563
6564
6566
6568
6569
6572
6573
6575
6579
6580
6581
6582
6583
6584
6585
6586
6587
6588
6592
6593
6596
6597
6598
6600
6601
6602
6604
6606
6607
6608
6609
6611
6612
6614
6615
6617
6618
6620
6625
6628
6629
6630
6631
6632
6633
6634
6637
6638
6640
6641
6642
6644
6645
6647
6648
6649
6651
6652
6653
6654
6655
6656
6657
6658
6659
6660
6661
6663
6664
6665
6666
6667
6668
6670
6673
6674
6675
6678
6680
6682
6683
6684
6685
6687
6688
6689
6690
6694
6696
6698
6700
6703
6706
6707
6708
6712
6713
6715
6717
6722
6724
6725
6726
6730
6732
6733
6734
6736
6737
6739
6740
6741
6743
6744
6745
6747
6749
6750
6751
6752
6754
6756
6757
6759
6762
6763
6764
6766
6768
6769
6770
6772
6774
6775
6777
6779
6781
6782
6785
6791
6796
6797
6800
6802
6803
6805
6808
6809
6811
6812
6813
6815
6816
6818
6820
6821
6822
6824
6825
6827
6830
6834
6835
6836
6837
6840
6841
6842
6843
6844
6845
6846
6848
6851
6852
6853
6859
6864
6865
6866
6867
6868
6870
6873
6876
6878
6881
6884
6886
6888
6889
6891
6894
6898
6899
6901
6903
6904
6906
6909
6914
6915
6918
6919
6920
6921
6922
6926
6927
6928
6932
6933
6934
6935
6936
6939
6940
6943
6944
6948
6950
6951
6953
6955
6956
6958
6959
6960
6962
6963
6964
6966
6967
6971
6972
6973
6975
6977
6978
6980
6983
6985
6988
6990
6991
6992
6994
6996
6999
7001
7002
7003
7005
7007
7009
7010
7011
7012
7013
7015
7018
7020
7021
7026
7030
7031
7033
7036
7037
7039
7041
7043
7047
7048
7051
7052
7053
7054
7055
7057
7058
7059
7060
7063
7065
7068
7072
7074
7075
7076
7079
7081
7083
7084
7087
7092
7093
7094
7096
7098
7099
7102
7103
7104
7106
7109
7110
7111
7112
7113
7115
7117
7119
7120
7123
7125
7126
7127
7128
7130
7132
7133
7135
7136
7137
7139
7140
7141
7144
7147
7148
7150
7151
7152
7153
7156
7158
7160
7162
7164
7166
7168
7170
7171
7173
7174
7175
7176
7177
7178
7179
7180
7181
7186
7187
7189
7191
7196
7197
7198
7199
7201
7202
7204
7205
7206
7210
7211
7213
7215
7220
7222
7223
7224
7226
7227
7228
7229
7231
7233
7234
7235
7237
7238
7240
7244
7245
7246
7248
7249
7250
7251
7253
7254
7256
7258
7259
7260
7262
7264
7267
7269
7270
7272
7273
7274
7275
7276
7277
7278
7280
7284
7285
7288
7292
7295
7297
7298
7299
7300
7302
7303
7306
7307
7309
7313
7314
7316
7317
7319
7320
7323
7324
7326
7327
7328
7332
7333
7334
7336
7337
7339
7340
7345
7348
7349
7351
7353
7354
7356
7357
7358
7364
7365
7366
7367
7371
7372
7374
7375
7376
7377
7380
7381
7382
7383
7387
7388
7389
7390
7391
7395
7396
7398
7402
7405
7407
7408
7410
7412
7414
7417
7419
7420
7421
7425
7426
7427
7430
7431
7432
7436
7466
7468
7471
7473
7482
7483
7487
7490
7491
7498
7524
7530
7544
7545
7552
7565
7567
7568
7572
7573
7575
7578
7583
7586
7589
7590
7599
7607
7610
7611
7625
7630
7634
7662
7666
7689
7690
7692
7696
7719
7734
7746
7747
7755
7758
7774
7777
7791
7796
7800
7802
7814
7826
7838
7855
7877
7882
7893
7896
7905
7909
7913
7920
7927
7934
7936
7937
7944
7955
7959
7987
7993
8002
8012
8017
8020
8029
8044
8051
8057
8069
8070
8074
8091
8097
8106
8108
8109
8110
8112
8114
8115
8116
8118
8119
8121
8122
8123
8124
8125
8126
8127
8128
8130
8131
8132
8133
8134
8135
8136
8137
8138
8139
8140
8141
8142
8144
8146
8147
8148
8150
8152
8153
8154
8156
8158
8159
8160
8161
8162
8163
8168
8169
8170
8171
8172
8174
8175
8176
8179
8182
8184
8186
8187
8188
8189
8191
8192
8193
8196
8197
8198
8200
8201
8203
8206
8207
8208
8209
8210
8212
8213
8216
8217
8219
8220
8223
8224
8225
8226
8227
8232
8235
8240
8241
8242
8243
8244
8246
8247
8248
8249
8252
8255
8258
8259
8261
8263
8264
8265
8266
8269
8271
8272
8277
8279
8280
8286
8288
8289
8290
8291
8292
8293
8301
8303
8305
8309
8312
8315
8316
8318
8320
8323
8326
8327
8328
8329
8331
8332
8333
8334
8337
8341
8345
8346
8347
8349
8350
8351
8356
8357
8359
8360
8361
8366
8367
8368
8370
8373
8379
8381
8382
8383
8384
8385
8386
8389
8393
8394
8401
8402
8405
8407
8413
8415
8416
8417
8418
8422
8423
8424
8425
8427
8429
8430
8433
8435
8437
8438
8439
8440
8441
8444
8445
8447
8450
8454
8460
8462
8465
8466
8469
8472
8473
8474
8478
8480
8481
8484
8489
8490
8491
8492
8495
8496
8498
8499
8500
8503
8505
8506
8507
8509
8510
8511
8512
8513
8515
8519
8521
8524
8525
8526
8529
8530
8532
8535
8536
8539
8544
8545
8547
8551
8552
8556
8559
8562
8564
8566
8567
8568
8571
8572
8573
8576
8577
8580
8581
8584
8585
8586
8587
8590
8592
8596
8605
8606
8612
8624
8627
8628
8630
8633
8635
8637
8644
8645
8647
8649
8650
8652
8656
8663
8664
8677
8680
8681
8685
8689
8690
8692
8696
8702
8705
8706
8708
8709
8710
8711
8713
8714
8716
8719
8720
8722
8723
8724
8726
8727
8728
8737
8738
8739
8740
8741
8749
8753
8755
8757
8758
8759
8760
8763
8766
8767
8775
8776
8777
8780
8781
8782
8789
8792
8793
8796
8801
8802
8803
8804
8813
8814
8815
8821
8825
8826
8827
8829
8831
8835
8837
8841
8844
8857
8861
8863
8864
8865
8867
8869
8876
8879
8880
8884
8885
8890
8901
8905
8906
8907
8908
8914
8915
8917
8922
8925
8927
8928
8935
8940
8941
8948
8952
8953
8954
8957
8959
8960
8961
8963
8964
8968
8976
8978
8980
8982
8983
8989
8990
8991
8994
8995
8997
8998
9000
9002
9008
9011
9013
9018
9020
9021
9022
9027
9029
9034
9037
9041
9044
9051
9052
9054
9055
9058
9060
9063
9065
9066
9068
9070
9073
9074
9079
9081
9085
9087
9092
9093
9101
9103
9104
9110
9111
9114
9120
9123
9124
9126
9137
9140
9143
9144
9150
9151
9152
9154
9157
9160
9165
9180
9184
9186
9187
9189
9190
9191
9193
9194
9195
9198
9201
9210
9211
9220
9223
9224
9225
9233
9234
9235
9241
9243
9245
9248
9249
9252
9254
9260
9268
9269
9270
9278
9290
9294
9296
9306
9315
9318
9324
9328
9333
9334
9335
9336
9338
9344
9345
9348
9350
9352
9355
9356
9361
9365
9368
9370
9372
9374
9378
9382
9384
9389
9394
9395
9400
9401
9403
9406
9408
9414
9420
9421
9423
9425
9426
9438
9440
9444
9449
9453
9456
9461
9465
9466
9471
9475
9482
9483
9492
9495
9498
9501
9502
9505
9507
9510
9512
9513
9517
9522
9523
9524
9527
9529
9536
9537
9540
9541
9552
9553
9558
9563
9577
9589
9593
9594
9597
9599
9600
9602
9608
9614
9615
9619
9636
9644
9651
9659
9666
9667
9668
9672
9676
9683
9684
9689
9692
9704
9710
9720
9726
9736
9746
9748
9751
9753
9755
9759
9764
9769
9774
9776
9778
9779
9781
9785
9786
9787
9789
9797
9798
9806
9809
9810
9815
9816
9818
9819
9821
9824
9825
9829
9834
9836
9837
9838
9842
9843
9844
9846
9850
9851
9856
9858
9860
9863
9872
9876
9883
9888
9889
9890
9901
9908
9912
9914
9915
9916
9917
9919
9920
9921
9922
9923
9924
9925
9926
9927
9928
9929
9930
9931
9932
9933
9934
9937
9938
9939
9940
9941
9942
9943
9944
9945
9946
9947
9948
9950
9951
9952
9953
9954
9955
9956
9957
9958
9959
9960
9961
9963
9964
9965
9966
9968
9969
9970
9971
9972
9973
9974
9975
9976
9978
9979
9980
9981
9982
9984
9985
9986
9987
9989
9990
9991
9992
9996
9997
9998
9999
10001
10002
10003
10004
10005
10009
10010
10011
10012
10013
10014
10016
10017
10019
10020
10023
10024
10025
10026
10027
10029
10030
10032
10034
10035
10036
10037
10038
10040
10041
10042
10043
10045
10046
10048
10051
10052
10054
10055
10056
10058
10059
10061
10063
10064
10065
10066
10069
10071
10073
10074
10076
10077
10078
10079
10081
10082
10084
10086
10088
10089
10092
10096
10097
10098
10099
10100
10102
10103
10104
10105
10107
10109
10111
10113
10114
10116
10117
10118
10119
10120
10121
10123
10124
10125
10126
10128
10129
10131
10134
10137
10139
10140
10144
10145
10146
10147
10148
10150
10151
10152
10153
10154
10156
10157
10158
10160
10161
10162
10166
10168
10169
10170
10172
10173
10174
10175
10177
10181
10183
10187
10188
10191
10195
10196
10197
10198
10201
10202
10204
10205
10207
10208
10212
10214
10218
10223
10225
10228
10229
10231
10235
10236
10237
10239
10241
10243
10246
10247
10249
10250
10252
10253
10254
10255
10257
10258
10260
10261
10263
10264
10265
10266
10270
10274
10275
10276
10279
10280
10281
10283
10284
10285
10286
10287
10292
10293
10295
10296
10298
10299
10301
10308
10311
10312
10313
10314
10315
10316
10318
10320
10321
10322
10323
10324
10325
10326
10330
10331
10332
10335
10339
10342
10343
10344
10345
10346
10347
10348
10351
10353
10356
10357
10361
10363
10366
10368
10369
10370
10371
10373
10375
10377
10378
10383
10384
10385
10386
10387
10389
10390
10393
10394
10401
10402
10403
10408
10410
10412
10414
10417
10420
10421
10422
10426
10427
10429
10431
10433
10436
10439
10441
10444
10445
10446
10448
10449
10450
10451
10452
10458
10463
10464
10466
10468
10470
10471
10472
10475
10476
10478
10481
10483
10484
10488
10489
10491
10492
10495
10496
10499
10504
10506
10508
10511
10512
10513
10515
10516
10520
10522
10523
10527
10528
10529
10532
10535
10536
10538
10547
10549
10551
10553
10554
10555
10556
10557
10559
10560
10562
10566
10567
10571
10572
10573
10576
10578
10582
10590
10592
10593
10595
10596
10600
10601
10602
10605
10608
10611
10613
10618
10619
10620
10621
10623
10627
10628
10629
10630
10633
10636
10640
10641
10645
10647
10648
10649
10651
10658
10660
10661
10662
10667
10670
10672
10674
10675
10680
10681
10682
10683
10684
10685
10686
10689
10692
10693
10695
10699
10701
10705
10706
10708
10710
10712
10713
10714
10715
10716
10717
10719
10720
10721
10725
10727
10730
10732
10733
10735
10736
10740
10743
10744
10745
10747
10751
10752
10753
10756
10757
10760
10761
10765
10768
10769
10771
10772
10777
10779
10780
10784
10792
10793
10798
10800
10804
10805
10806
10807
10808
10812
10813
10816
10818
10820
10826
10834
10835
10836
10840
10841
10842
10846
10849
10850
10851
10852
10853
10854
10855
10857
10858
10859
10863
10864
10866
10874
10876
10878
10882
10885
10887
10888
10889
10890
10891
10894
10895
10898
10899
10901
10902
10905
10909
10911
10912
10913
10914
10916
10917
10920
10922
10924
10925
10930
10931
10934
10936
10938
10940
10945
10947
10949
10951
10952
10954
10958
10959
10960
10961
10963
10965
10966
10968
10970
10971
10972
10977
10978
10981
10983
10985
10986
10987
10988
10989
10991
10992
10993
10994
10995
10997
10998
11000
11002
11006
11009
11011
11012
11014
11016
11017
11020
11021
11025
11027
11028
11030
11032
11033
11035
11036
11037
11038
11040
11041
11042
11045
11046
11047
11051
11057
11059
11062
11063
11065
11068
11070
11071
11073
11075
11078
11080
11081
11083
11084
11085
11086
11087
11088
11089
11090
11091
11093
11094
11096
11097
11098
11099
11100
11101
11102
11103
11104
11105
11106
11107
11110
11111
11116
11118
11119
11122
11124
11127
11128
11130
11131
11133
11134
11136
11137
11139
11141
11179
11186
11193
11195
11196
11200
11206
11215
11217
11221
11224
11230
11232
11233
11236
11237
11239
11247
11249
11250
11253
11254
11255
11256
11257
11258
11259
11268
11276
11277
11279
11283
11284
11285
11286
11288
11289
11290
11299
11300
11301
11304
11320
11321
11325
11327
11334
11344
11348
11349
11358
11360
11368
11372
11382
11383
11392
11404
11406
11407
11411
11414
11422
11426
11432
11433
11438
11442
11448
11461
11467
11478
11501
11504
11514
11516
11522
11524
11525
11527
11530
11534
11535
11545
11560
11563
11567
11569
11571
11573
11576
11577
11584
11586
11606
11607
11608
11612
11618
11625
11627
11630
11633
11640
11648
11652
11655
11656
11659
11660
11661
11662
11663
11668
11677
11690
11694
11715
11721
11741
11743
11744
11754
11758
11760
11765
11770
11771
11778
11785
11801
11812
11813
11814
11816
11818
11819
11821
11822
11823
11824
11825
11826
11827
11828
11829
11830
11832
11833
11834
11835
11836
11837
11838
11840
11841
11842
11844
11846
11847
11848
11851
11852
11853
11854
11855
11856
11857
11861
11862
11864
11865
11866
11867
11868
11869
11870
11871
11872
11873
11874
11877
11878
11879
11880
11881
11883
11884
11885
11887
11890
11892
11894
11895
11898
11899
11900
11901
11902
11908
11912
11915
11916
11918
11920
11921
11922
11924
11925
11926
11928
11929
11930
11931
11934
11937
11939
11940
11941
11942
11943
11944
11945
11946
11947
11948
11949
11950
11951
11953
11954
11956
11957
11958
11959
11961
11963
11965
11966
11968
11969
11970
11971
11972
11973
11974
11975
11976
11978
11981
11983
11985
11986
11987
11988
11989
11990
11991
11992
11997
11999
12000
12003
12004
12005
12007
12008
12009
12010
12011
12014
12017
12018
12019
12021
12022
12023
12024
12025
12026
12027
12028
12029
12030
12031
12032
12033
12034
12035
12036
12037
12040
12042
12043
12044
12045
12047
12048
12049
12053
12056
12058
12061
12062
12064
12065
12068
12069
12070
12077
12078
12080
12081
12082
12086
12087
12091
12092
12098
12099
12101
12102
12104
12105
12106
12107
12108
12113
12116
12119
12120
12121
12123
12125
12126
12127
12129
12131
12133
12136
12138
12141
12142
12144
12149
12150
12151
12152
12153
12155
12158
12160
12162
12165
12169
12171
12174
12175
12178
12182
12185
12186
12187
12192
12193
12195
12198
12199
12200
12202
12203
12204
12207
12208
12209
12210
12211
12213
12214
12215
12216
12219
12220
12222
12225
12226
12228
12229
12230
12231
12235
12239
12241
12242
12243
12244
12247
12248
12250
12251
12253
12255
12256
12257
12260
12262
12263
12265
12266
12267
12269
12270
12271
12273
12274
12275
12276
12281
12282
12285
12287
12288
12290
12299
12304
12305
12306
12307
12309
12311
12314
12315
12316
12319
12320
12323
12324
12325
12326
12327
12331
12335
12336
12338
12343
12344
12345
12347
12349
12351
12353
12354
12358
12359
12361
12363
12364
12365
12367
12368
12370
12372
12373
12376
12378
12379
12380
12381
12383
12387
12392
12394
12395
12399
12400
12403
12404
12406
12407
12408
12409
12416
12424
12429
12431
12433
12436
12437
12438
12439
12440
12441
12442
12445
12450
12452
12453
12454
12455
12456
12460
12463
12467
12469
12470
12472
12473
12475
12476
12478
12480
12485
12487
12490
12491
12492
12494
12496
12497
12498
12500
12501
12506
12507
12508
12511
12512
12514
12517
12518
12520
12522
12523
12525
12527
12528
12530
12533
12536
12537
12540
12545
12548
12552
12553
12556
12558
12563
12566
12569
12570
12571
12572
12575
12578
12581
12583
12585
12587
12588
12590
12597
12598
12599
12600
12603
12604
12609
12612
12614
12619
12620
12621
12625
12627
12629
12630
12633
12634
12636
12637
12639
12641
12642
12643
12644
12645
12649
12653
12655
12657
12660
12661
12663
12666
12668
12669
12671
12675
12677
12678
12679
12682
12683
12685
12688
12692
12697
12698
12701
12702
12704
12705
12709
12711
12712
12714
12715
12716
12718
12719
12722
12727
12728
12729
12731
12732
12735
12736
12737
12740
12745
12746
12752
12755
12756
12757
12759
12762
12763
12768
12769
12780
12781
12782
12784
12786
12787
12788
12790
12795
12798
12799
12801
12803
12804
12806
12807
12809
12815
12820
12821
12822
12824
12827
12828
12829
12831
12832
12835
12837
12839
12840
12841
12843
12845
12848
12851
12852
12855
12858
12859
12864
12867
12868
12869
12871
12872
12873
12876
12878
12885
12887
12888
12889
12893
12895
12897
12898
12901
12902
12905
12908
12909
12912
12917
12918
12925
12928
12929
12930
12933
12937
12938
12943
12949
12951
12953
12955
12958
12962
12963
12964
12966
12981
12984
12985
12997
13000
13003
13004
13008
13010
13020
13024
13031
13032
13033
13034
13036
13047
13048
13050
13054
13058
13060
13070
13071
13073
13075
13076
13079
13086
13088
13092
13093
13096
13098
13099
13103
13104
13106
13107
13109
13110
13112
13113
13114
13117
13118
13120
13125
13129
13139
13146
13148
13149
13154
13160
13163
13165
13166
13167
13168
13169
13171
13179
13180
13187
13188
13189
13192
13202
13216
13221
13225
13230
13232
13241
13243
13244
13250
13254
13255
13258
13259
13262
13284
13288
13292
13302
13303
13304
13305
13307
13308
13311
13312
13313
13314
13323
13327
13331
13332
13333
13335
13344
13348
13352
13353
13357
13360
13365
13367
13370
13371
13372
13375
13381
13386
13397
13410
13415
13416
13417
13421
13424
13429
13430
13440
13444
13451
13455
13458
13459
13461
13465
13467
13470
13471
13472
13473
13483
13488
13489
13492
13493
13494
13495
13498
13503
13505
13507
13513
13516
13519
13523
13524
13526
13529
13530
13533
13535
13536
13537
13538
13539
13541
13542
13543
13545
13548
13550
13556
13557
13560
13562
13563
13567
13570
13571
13574
13575
13577
13580
13583
13585
13586
13587
13589
13590
13591
13592
13593
13595
13597
13599
13601
13603
13612
13616
13618
13619
13621
13622
13626
13629
13630
13631
13632
13633
13634
13635
13636
13637
13638
13640
13641
13642
13646
13647
13648
13649
13651
13652
13653
13654
13655
13657
13660
13661
13662
13663
13664
13665
13666
13667
13668
13670
13671
13672
13673
13675
13676
13677
13678
13679
13680
13681
13682
13683
13684
13685
13686
13687
13688
13689
13691
13692
13693
13694
13695
13696
13698
13699
13700
13701
13702
13703
13705
13707
13708
13709
13710
13711
13712
13713
13715
13716
13717
13719
13720
13721
13722
13723
13724
13725
13726
13727
13728
13730
13731
13733
13736
13737
13738
13739
13740
13741
13742
13743
13746
13747
13749
13750
13751
13752
13753
13754
13755
13756
13757
13758
13759
13760
13761
13762
13763
13766
13768
13769
13770
13771
13772
13773
13775
13777
13778
13779
13781
13782
13783
13784
13785
13786
13787
13789
13790
13792
13793
13794
13795
13797
13798
13800
13803
13806
13807
13808
13809
13810
13812
13814
13816
13817
13818
13819
13820
13821
13824
13825
13826
13827
13831
13832
13833
13834
13835
13836
13837
13838
13839
13840
13841
13842
13843
13844
13846
13847
13851
13852
13853
13854
13858
13859
13860
13862
13863
13864
13865
13866
13867
13868
13870
13873
13875
13876
13877
13879
13880
13882
13884
13886
13888
13889
13890
13891
13894
13897
13898
13900
13901
13902
13903
13904
13906
13908
13909
13910
13911
13912
13913
13914
13915
13916
13917
13918
13925
13926
13928
13930
13932
13933
13937
13938
13941
13942
13946
13948
13949
13953
13954
13955
13958
13959
13960
13961
13963
13964
13966
13967
13968
13969
13971
13972
13973
13975
13976
13978
13979
13980
13983
13987
13988
13989
13990
13991
13994
13995
13996
13997
13998
14000
14004
14005
14008
14009
14010
14012
14013
14015
14016
14018
14023
14025
14026
14027
14029
14032
14033
14034
14036
14037
14039
14040
14041
14044
14046
14048
14049
14050
14052
14053
14055
14057
14059
14060
14061
14062
14065
14066
14067
14069
14070
14073
14081
14082
14085
14086
14091
14092
14093
14094
14096
14099
14101
14102
14103
14104
14107
14108
14110
14114
14115
14117
14121
14122
14123
14124
14126
14128
14132
14133
14134
14135
14136
14141
14143
14144
14145
14146
14147
14149
14150
14152
14153
14158
14159
14160
14161
14164
14167
14169
14172
14173
14174
14177
14178
14179
14180
14182
14184
14187
14190
14191
14195
14203
14205
14208
14209
14210
14212
14213
14218
14220
14224
14225
14226
14228
14229
14230
14231
14233
14234
14236
14237
14243
14248
14250
14252
14253
14255
14262
14263
14265
14268
14269
14270
14273
14276
14277
14280
14285
14286
14287
14288
14290
14291
14292
14293
14294
14296
14297
14298
14301
14304
14306
14307
14308
14309
14315
14316
14318
14319
14321
14322
14324
14327
14329
14330
14331
14337
14338
14339
14341
14342
14346
14348
14351
14354
14355
14360
14361
14362
14369
14371
14374
14377
14381
14382
14385
14392
14394
14395
14398
14399
14400
14401
14402
14403
14406
14408
14410
14412
14413
14414
14416
14418
14419
14420
14424
14428
14429
14430
14437
14440
14441
14443
14449
14454
14457
14458
14459
14461
14463
14466
14467
14475
14477
14479
14484
14485
14486
14487
14489
14491
14493
14495
14496
14499
14500
14503
14504
14505
14507
14509
14512
14513
14514
14517
14522
14523
14524
14525
14526
14527
14530
14531
14534
14535
14536
14537
14538
14539
14540
14541
14545
14546
14548
14552
14553
14554
14555
14556
14558
14563
14564
14566
14567
14568
14569
14570
14571
14572
14577
14578
14584
14587
14588
14589
14591
14592
14598
14599
14601
14602
14604
14605
14606
14608
14609
14610
14612
14613
14614
14615
14617
14620
14622
14624
14625
14626
14627
14629
14630
14632
14633
14634
14636
14637
14638
14642
14643
14644
14645
14648
14651
14652
14654
14656
14657
14659
14661
14663
14672
14673
14674
14676
14677
14678
14679
14680
14681
14682
14684
14685
14686
14690
14692
14695
14697
14698
14699
14700
14701
14703
14704
14707
14708
14711
14712
14715
14716
14719
14720
14723
14724
14725
14726
14727
14730
14731
14734
14735
14737
14738
14742
14743
14744
14745
14746
14748
14749
14751
14752
14754
14755
14756
14759
14760
14763
14766
14767
14771
14773
14776
14777
14778
14779
14780
14782
14784
14785
14786
14788
14789
14792
14793
14794
14795
14797
14799
14800
14802
14804
14807
14808
14812
14814
14815
14816
14817
14818
14819
14821
14823
14824
14829
14830
14832
14835
14838
14840
14841
14844
14847
14848
14849
14850
14853
14855
14858
14860
14861
14875
14879
14893
14908
14910
14913
14914
14918
14921
14928
14947
14953
14958
14968
14980
14981
14985
14991
14997
15001
15010
15011
15014
15025
15026
15039
15041
15042
15053
15065
15066
15067
15087
15088
15147
15150
15161
15164
15182
15188
15195
15197
15202
15209
15215
15229
15236
15248
15258
15266
15274
15283
15298
15299
15311
15321
15325
15341
15344
15364
15380
15393
15394
15436
15439
15487
15496
15499
15519
15530
15531
15537
15538
15540
15541
15542
15544
15547
15548
15549
15550
15552
15554
15555
15556
15557
15558
15559
15560
15561
15564
15565
15566
15567
15568
15569
15570
15572
15575
15576
15577
15578
15580
15581
15582
15583
15584
15585
15587
15588
15590
15591
15594
15595
15597
15598
15600
15602
15603
15604
15605
15608
15612
15613
15614
15615
15617
15620
15622
15624
15625
15628
15629
15631
15634
15635
15636
15638
15639
15643
15644
15645
15647
15648
15649
15651
15654
15655
15656
15657
15659
15660
15661
15663
15665
15667
15668
15672
15673
15674
15675
15676
15677
15683
15686
15688
15691
15692
15693
15696
15697
15698
15700
15702
15704
15705
15706
15707
15708
15710
15711
15712
15714
15718
15719
15721
15723
15724
15729
15734
15735
15736
15737
15742
15744
15746
15748
15750
15751
15752
15753
15756
15757
15759
15760
15762
15770
15775
15778
15779
15783
15784
15786
15787
15794
15798
15799
15800
15801
15808
15810
15811
15813
15818
15821
15822
15825
15826
15827
15829
15830
15839
15841
15843
15844
15847
15850
15851
15852
15856
15857
15858
15864
15865
15866
15867
15869
15870
15871
15873
15875
15882
15883
15884
15887
15888
15891
15894
15897
15902
15904
15906
15907
15908
15910
15911
15912
15917
15918
15922
15927
15928
15929
15931
15939
15940
15941
15944
15949
15953
15954
15957
15958
15960
15962
15964
15967
15969
15974
15977
15979
15982
15983
15985
15986
15988
15990
15991
15992
15995
15996
15999
16000
16005
16006
16007
16008
16012
16013
16015
16016
16020
16021
16023
16024
16030
16032
16033
16036
16039
16040
16043
16047
16048
16054
16055
16057
16063
16065
16067
16070
16073
16075
16076
16077
16080
16083
16084
16086
16091
16092
16095
16097
16105
16106
16107
16109
16112
16113
16117
16123
16124
16126
16127
16128
16130
16133
16136
16138
16140
16144
16145
16147
16148
16151
16153
16154
16156
16159
16162
16165
16168
16170
16172
16174
16175
16177
16180
16182
16183
16186
16187
16188
16190
16191
16194
16199
16201
16203
16204
16207
16208
16209
16211
16213
16217
16218
16219
16220
16221
16222
16224
16225
16226
16228
16231
16236
16241
16242
16248
16252
16254
16258
16259
16263
16266
16270
16272
16275
16283
16284
16285
16287
16292
16293
16297
16300
16301
16302
16304
16312
16313
16314
16315
16317
16321
16324
16328
16334
16337
16342
16343
16344
16346
16348
16351
16353
16356
16357
16359
16360
16362
16363
16368
16369
16372
16373
16380
16382
16384
16391
16392
16399
16400
16403
16406
16411
16412
16416
16417
16418
16419
16420
16423
16425
16431
16432
16433
16437
16440
16441
16445
16446
16449
16450
16454
16455
16460
16462
16465
16473
16479
16480
16482
16484
16485
16489
16490
16493
16494
16498
16502
16515
16524
16526
16529
16538
16546
16552
16554
16559
16560
16565
16571
16576
16579
16582
16583
16584
16585
16588
16589
16593
16598
16601
16603
16607
16610
16615
16617
16618
16619
16621
16623
16626
16627
16629
16633
16643
16644
16652
16660
16665
16666
16673
16674
16675
16677
16685
16687
16695
16697
16698
16700
16702
16705
16718
16721
16737
16739
16740
16749
16752
16753
16764
16766
16769
16771
16772
16774
16776
16780
16781
16789
16796
16800
16804
16806
16811
16814
16822
16823
16829
16831
16834
16836
16837
16849
16853
16856
16858
16866
16868
16871
16879
16881
16882
16884
16885
16887
16889
16891
16902
16903
16906
16919
16922
16927
16929
16932
16935
16939
16940
16943
16949
16952
16955
16969
16970
16971
16972
16979
16981
16997
16998
17000
17002
17003
17010
17019
17022
17025
17028
17034
17041
17046
17047
17048
17059
17064
17068
17079
17084
17085
17090
17091
17092
17095
17100
17109
17111
17116
17117
17119
17120
17128
17135
17138
17142
17147
17151
17155
17158
17173
17181
17183
17193
17195
17197
17200
17202
17203
17205
17206
17207
17211
17212
17213
17215
17217
17220
17224
17233
17237
17238
17239
17240
17243
17244
17249
17250
17251
17253
17259
17264
17266
17268
17271
17272
17274
17276
17278
17279
17281
17283
17285
17286
17288
17291
17294
17298
17299
17300
17303
17305
17310
17313
17317
17318
17319
17325
17330
17331
17335
17337
17343
17344
17345
17346
17347
17348
17349
17350
17351
17353
17356
17357
17359
17361
17362
17365
17366
17367
17368
17369
17370
17371
17373
17374
17375
17378
17379
17380
17381
17382
17383
17384
17385
17386
17387
17388
17389
17390
17391
17392
17394
17395
17398
17399
17401
17402
17404
17408
17409
17411
17412
17413
17414
17415
17416
17417
17418
17419
17420
17421
17422
17424
17425
17426
17427
17429
17431
17432
17433
17435
17437
17438
17440
17441
17442
17443
17444
17445
17446
17449
17450
17451
17452
17453
17454
17455
17456
17457
17458
17459
17460
17461
17463
17464
17466
17467
17468
17469
17471
17472
17473
17475
17476
17477
17479
17480
17482
17484
17485
17486
17487
17489
17490
17491
17493
17495
17496
17497
17499
17501
17504
17505
17507
17508
17509
17510
17511
17514
17515
17516
17519
17521
17522
17523
17524
17526
17527
17528
17530
17532
17533
17534
17535
17536
17537
17538
17539
17540
17541
17542
17543
17545
17546
17547
17549
17551
17552
17553
17554
17556
17557
17558
17561
17562
17564
17567
17568
17569
17571
17572
17574
17575
17576
17577
17578
17579
17582
17584
17587
17589
17592
17594
17595
17596
17597
17600
17603
17604
17605
17606
17607
17608
17609
17611
17614
17615
17616
17618
17620
17621
17623
17629
17630
17631
17632
17633
17635
17637
17640
17642
17643
17647
17648
17650
17651
17654
17656
17657
17658
17662
17665
17670
17671
17672
17674
17675
17676
17677
17678
17680
17681
17682
17683
17685
17686
17687
17688
17690
17691
17693
17695
17696
17698
17701
17702
17703
17704
17705
17707
17708
17709
17711
17715
17717
17718
17721
17722
17723
17724
17729
17730
17736
17737
17743
17744
17747
17748
17750
17751
17753
17754
17756
17757
17758
17759
17760
17762
17763
17765
17768
17769
17771
17772
17773
17774
17775
17776
17779
17784
17785
17786
17789
17794
17795
17796
17797
17801
17802
17805
17809
17810
17812
17814
17815
17817
17818
17819
17820
17824
17829
17831
17832
17836
17837
17839
17840
17842
17844
17845
17848
17849
17850
17855
17857
17858
17859
17861
17862
17867
17869
17872
17874
17875
17876
17877
17878
17885
17886
17889
17891
17892
17893
17894
17898
17901
17903
17904
17906
17908
17911
17913
17914
17917
17919
17921
17925
17927
17928
17939
17941
17944
17948
17950
17954
17955
17957
17964
17966
17967
17975
17976
17979
17982
17983
17984
17988
17990
17994
18003
18006
18007
18009
18010
18011
18012
18018
18021
18022
18023
18024
18025
18029
18030
18032
18033
18041
18042
18043
18048
18049
18051
18052
18054
18056
18058
18059
18060
18061
18062
18064
18066
18071
18075
18076
18078
18079
18088
18090
18092
18097
18099
18101
18104
18108
18110
18112
18113
18116
18117
18121
18122
18124
18126
18132
18134
18138
18142
18143
18144
18145
18146
18149
18152
18154
18157
18161
18162
18166
18171
18173
18175
18176
18179
18180
18181
18184
18185
18189
18190
18193
18196
18202
18203
18204
18205
18206
18207
18210
18212
18214
18215
18218
18221
18227
18229
18231
18234
18235
18236
18237
18240
18241
18242
18243
18244
18245
18251
18254
18256
18257
18258
18260
18261
18262
18266
18267
18269
18271
18275
18277
18278
18281
18282
18283
18284
18285
18286
18287
18292
18294
18295
18300
18302
18303
18305
18306
18308
18309
18313
18315
18319
18320
18321
18322
18323
18324
18326
18327
18328
18329
18333
18338
18339
18340
18341
18344
18345
18346
18348
18349
18351
18356
18357
18358
18362
18364
18366
18368
18370
18371
18373
18374
18375
18376
18377
18380
18386
18387
18388
18391
18392
18393
18394
18397
18398
18400
18401
18404
18405
18406
18410
18411
18412
18414
18415
18416
18417
18418
18419
18420
18422
18429
18430
18431
18433
18437
18438
18445
18448
18451
18453
18456
18458
18465
18466
18468
18469
18473
18474
18478
18479
18482
18484
18485
18486
18487
18490
18491
18492
18495
18496
18497
18498
18499
18500
18501
18502
18503
18505
18506
18508
18509
18511
18512
18513
18514
18516
18517
18519
18521
18523
18528
18529
18530
18531
18532
18533
18540
18543
18544
18546
18547
18549
18550
18552
18554
18555
18558
18559
18561
18562
18563
18565
18567
18568
18573
18577
18581
18582
18587
18591
18592
18595
18597
18606
18607
18609
18616
18625
18626
18628
18632
18635
18639
18642
18645
18648
18653
18670
18671
18672
18680
18686
18690
18696
18700
18704
18705
18706
18707
18712
18713
18714
18715
18718
18719
18722
18730
18736
18746
18748
18753
18759
18762
18776
18788
18797
18817
18823
18828
18830
18832
18836
18844
18848
18854
18860
18866
18889
18893
18907
18910
18913
18915
18949
18950
18954
18956
18959
18965
18968
18972
18973
18974
18982
18986
18997
19012
19023
19028
19032
19036
19040
19050
19052
19055
19069
19078
19088
19126
19129
19135
19138
19139
19143
19153
19154
19164
19171
19172
19196
19199
19203
19213
19215
19224
19227
19233
19237
19244
19245
19246
19247
19249
19250
19251
19252
19253
19254
19256
19257
19258
19260
19261
19262
19263
19264
19265
19266
19267
19268
19270
19272
19274
19275
19276
19277
19278
19279
19280
19281
19283
19284
19286
19290
19292
19293
19294
19295
19296
19297
19298
19300
19301
19303
19305
19310
19311
19312
19316
19317
19318
19319
19320
19322
19323
19324
19326
19327
19328
19329
19331
19333
19334
19336
19338
19342
19343
19345
19348
19349
19350
19351
19355
19358
19359
19362
19368
19369
19371
19375
19377
19378
19381
19382
19383
19384
19386
19388
19390
19393
19394
19397
19398
19400
19402
19403
19405
19406
19407
19409
19411
19413
19414
19415
19416
19418
19420
19421
19422
19423
19424
19428
19431
19432
19433
19434
19435
19436
19438
19439
19443
19446
19447
19449
19450
19451
19454
19459
19460
19462
19463
19464
19468
19471
19474
19475
19477
19479
19481
19485
19487
19489
19492
19493
19494
19497
19498
19500
19501
19505
19506
19508
19509
19510
19512
19513
19514
19520
19521
19522
19523
19526
19527
19532
19533
19534
19535
19536
19538
19539
19541
19550
19552
19554
19555
19556
19557
19558
19559
19560
19561
19564
19567
19568
19569
19570
19571
19572
19573
19577
19579
19580
19583
19585
19586
19587
19588
19589
19591
19597
19599
19602
19603
19607
19608
19609
19610
19613
19614
19615
19620
19621
19623
19625
19626
19630
19631
19633
19642
19643
19644
19646
19651
19653
19654
19656
19657
19658
19659
19662
19663
19664
19665
19668
19670
19671
19672
19675
19677
19678
19679
19680
19681
19682
19686
19688
19689
19691
19692
19693
19695
19699
19700
19701
19702
19704
19709
19714
19715
19716
19718
19719
19722
19726
19727
19729
19734
19741
19742
19747
19748
19752
19758
19761
19769
19770
19772
19775
19776
19777
19781
19782
19786
19787
19789
19790
19791
19793
19796
19798
19799
19804
19805
19806
19807
19808
19810
19818
19822
19823
19825
19827
19828
19830
19832
19836
19837
19841
19842
19843
19844
19847
19848
19855
19856
19857
19860
19861
19863
19864
19865
19867
19868
19870
19877
19878
19879
19880
19881
19884
19886
19887
19888
19889
19891
19892
19894
19896
19897
19898
19900
19901
19902
19904
19905
19906
19908
19922
19923
19924
19927
19928
19932
19934
19935
19936
19938
19939
19943
19944
19945
19946
19947
19948
19950
19951
19952
19953
19954
19956
19960
19964
19973
19975
19978
19984
19986
19988
19991
19995
19997
19998
20000
20003
20006
20007
20008
20009
20013
20015
20016
20018
20019
20022
20025
20026
20028
20029
20031
20035
20036
20042
20044
20045
20046
20047
20048
20049
20055
20057
20058
20059
20067
20069
20070
20073
20077
20079
20081
20082
20083
20085
20086
20089
20090
20091
20093
20094
20095
20096
20097
20098
20100
20102
20105
20106
20107
20110
20111
20114
20115
20117
20121
20122
20129
20131
20132
20133
20136
20137
20138
20139
20142
20143
20146
20147
20149
20153
20155
20159
20160
20162
20163
20165
20166
20167
20169
20171
20176
20179
20185
20187
20190
20191
20193
20196
20205
20207
20210
20211
20212
20215
20216
20218
20219
20229
20232
20233
20234
20235
20243
20245
20250
20252
20253
20254
20257
20260
20263
20264
20265
20269
20275
20277
20280
20281
20284
20285
20286
20287
20290
20293
20294
20296
20299
20300
20301
20307
20315
20316
20317
20321
20322
20323
20324
20325
20327
20329
20330
20331
20334
20335
20337
20338
20340
20345
20346
20350
20352
20353
20355
20356
20357
20358
20368
20369
20371
20377
20379
20381
20383
20384
20386
20391
20394
20396
20398
20400
20404
20414
20416
20418
20420
20421
20427
20430
20436
20441
20452
20453
20460
20467
20474
20475
20476
20478
20480
20488
20494
20501
20504
20507
20515
20516
20518
20523
20524
20525
20527
20530
20532
20533
20536
20537
20541
20542
20544
20545
20548
20554
20558
20561
20562
20563
20564
20566
20567
20570
20571
20572
20579
20582
20586
20589
20591
20593
20594
20595
20601
20608
20614
20615
20616
20620
20621
20622
20624
20625
20627
20630
20638
20639
20643
20656
20657
20658
20660
20663
20666
20667
20672
20678
20679
20683
20686
20688
20690
20691
20692
20699
20707
20711
20716
20723
20731
20733
20736
20737
20738
20739
20740
20741
20742
20744
20748
20755
20771
20774
20775
20776
20777
20782
20783
20793
20798
20799
20800
20803
20809
20811
20814
20818
20827
20828
20831
20834
20835
20845
20847
20849
20851
20852
20854
20856
20857
20864
20866
20867
20868
20872
20877
20885
20890
20893
20895
20901
20904
20911
20916
20917
20920
20921
20922
20926
20927
20930
20931
20933
20936
20941
20945
20947
20950
20951
20952
20957
20958
20961
20962
20964
20965
20970
20971
20972
20977
20978
20981
20982
20985
20988
20989
20990
20991
20993
20996
20998
20999
21000
21002
21005
21006
21008
21009
21010
21013
21014
21016
21017
21019
21021
21025
21027
21029
21030
21031
21041
21044
21049
21050
21057
21058
21059
21060
21061
21062
21063
21064
21065
21067
21068
21071
21072
21073
21074
21075
21076
21078
21079
21081
21082
21083
21084
21085
21087
21088
21089
21090
21091
21092
21093
21094
21095
21096
21097
21098
21099
21100
21101
21102
21103
21104
21106
21107
21108
21109
21111
21112
21113
21115
21116
21117
21120
21121
21122
21123
21124
21125
21127
21128
21129
21130
21131
21132
21133
21135
21137
21138
21139
21140
21141
21143
21144
21147
21148
21149
21150
21151
21153
21155
21156
21158
21160
21161
21163
21164
21165
21166
21167
21168
21169
21171
21172
21173
21174
21175
21177
21178
21179
21180
21182
21184
21185
21186
21188
21189
21190
21191
21192
21193
21194
21196
21197
21198
21199
21200
21201
21202
21203
21205
21206
21207
21209
21210
21211
21212
21214
21215
21218
21220
21222
21223
21224
21225
21227
21228
21229
21230
21231
21234
21238
21239
21240
21241
21242
21244
21245
21246
21247
21248
21249
21251
21252
21253
21254
21255
21257
21259
21261
21262
21263
21267
21268
21270
21271
21272
21273
21274
21276
21277
21278
21279
21280
21281
21282
21283
21285
21286
21287
21288
21290
21293
21294
21295
21298
21299
21300
21301
21302
21303
21304
21305
21306
21308
21309
21310
21311
21314
21316
21317
21318
21319
21324
21325
21328
21329
21330
21332
21333
21334
21335
21337
21338
21342
21343
21344
21345
21346
21348
21349
21353
21354
21356
21357
21358
21360
21361
21364
21365
21366
21369
21370
21372
21373
21375
21376
21378
21379
21381
21382
21383
21384
21387
21389
21391
21392
21395
21396
21399
21400
21402
21403
21406
21407
21409
21411
21412
21413
21414
21415
21416
21418
21421
21422
21425
21426
21427
21428
21429
21431
21433
21436
21437
21438
21440
21441
21442
21443
21446
21447
21451
21452
21453
21455
21456
21458
21460
21461
21467
21470
21472
21473
21474
21475
21476
21477
21478
21479
21481
21483
21484
21485
21486
21487
21488
21489
21490
21493
21495
21497
21498
21500
21501
21503
21504
21507
21512
21513
21515
21516
21517
21519
21520
21526
21527
21529
21530
21532
21537
21540
21541
21542
21543
21546
21547
21549
21550
21551
21552
21553
21554
21556
21557
21563
21564
21565
21568
21571
21572
21573
21575
21580
21581
21586
21588
21589
21591
21592
21595
21599
21600
21602
21603
21604
21606
21607
21608
21612
21616
21617
21618
21619
21620
21621
21622
21623
21624
21625
21631
21633
21637
21638
21639
21640
21642
21651
21653
21657
21658
21659
21661
21664
21665
21668
21669
21670
21671
21672
21673
21674
21676
21678
21680
21681
21683
21685
21686
21687
21689
21690
21691
21693
21694
21696
21697
21698
21700
21701
21702
21704
21706
21708
21709
21714
21718
21719
21724
21725
21726
21727
21728
21729
21732
21735
21739
21743
21746
21747
21749
21750
21754
21757
21765
21766
21769
21770
21774
21775
21776
21778
21779
21780
21781
21782
21783
21785
21788
21789
21790
21797
21803
21804
21806
21808
21809
21810
21813
21815
21816
21818
21823
21824
21826
21827
21828
21830
21831
21832
21834
21836
21839
21841
21845
21846
21848
21849
21852
21854
21856
21857
21858
21859
21860
21861
21864
21867
21869
21871
21872
21874
21878
21882
21885
21887
21891
21892
21894
21895
21896
21898
21900
21905
21907
21909
21911
21912
21913
21914
21916
21917
21919
21920
21921
21923
21925
21929
21933
21934
21935
21940
21942
21945
21948
21951
21952
21954
21955
21958
21959
21961
21962
21963
21965
21966
21967
21971
21972
21973
21975
21976
21979
21983
21984
21986
21987
21988
21989
21991
21993
21995
21996
21998
21999
22004
22005
22006
22007
22009
22012
22014
22016
22020
22024
22025
22026
22027
22029
22032
22035
22036
22037
22038
22040
22041
22047
22048
22051
22053
22055
22058
22060
22061
22062
22063
22064
22066
22067
22072
22074
22076
22080
22085
22086
22087
22089
22090
22091
22094
22097
22099
22100
22101
22102
22103
22104
22105
22106
22107
22108
22110
22113
22114
22115
22118
22123
22125
22126
22127
22128
22129
22131
22132
22139
22140
22142
22144
22146
22150
22151
22154
22158
22159
22162
22163
22164
22166
22167
22169
22170
22171
22172
22180
22181
22184
22187
22188
22189
22192
22199
22200
22201
22204
22205
22207
22210
22212
22213
22214
22215
22217
22220
22221
22222
22223
22224
22225
22227
22228
22230
22235
22236
22237
22239
22241
22242
22243
22244
22245
22247
22249
22252
22257
22258
22261
22262
22263
22264
22266
22267
22268
22270
22273
22274
22275
22276
22278
22281
22283
22284
22286
22289
22295
22301
22305
22310
22316
22322
22323
22326
22332
22337
22338
22346
22347
22350
22368
22386
22396
22397
22400
22404
22408
22409
22410
22414
22420
22429
22430
22436
22439
22441
22445
22446
22460
22469
22482
22494
22499
22519
22524
22538
22539
22542
22543
22544
22549
22553
22567
22571
22578
22588
22611
22620
22630
22637
22639
22653
22658
22678
22679
22692
22694
22702
22703
22705
22707
22727
22737
22739
22749
22764
22765
22769
22772
22792
22801
22805
22812
22834
22839
22844
22878
22879
22913
22915
22927
22933
22937
22952
22956
22958
22960
22965
22966
22967
22968
22969
22970
22971
22972
22973
22974
22975
22976
22977
22978
22979
22980
22981
22982
22983
22984
22985
22986
22987
22988
22990
22991
22992
22993
22994
22995
22996
22998
22999
23000
23001
23002
23003
23004
23006
23007
23008
23009
23011
23012
23013
23014
23015
23018
23019
23025
23026
23028
23030
23031
23032
23033
23034
23036
23037
23040
23041
23042
23043
23046
23048
23050
23051
23052
23053
23055
23056
23057
23063
23065
23069
23070
23071
23072
23075
23077
23078
23080
23081
23082
23083
23084
23085
23086
23087
23088
23092
23093
23095
23097
23100
23103
23104
23105
23108
23110
23114
23115
23116
23117
23119
23120
23121
23125
23127
23128
23129
23130
23133
23135
23136
23139
23141
23142
23146
23147
23148
23151
23152
23153
23154
23155
23159
23162
23163
23164
23165
23167
23168
23172
23173
23174
23176
23178
23179
23181
23182
23183
23185
23187
23188
23190
23193
23194
23196
23197
23198
23199
23203
23205
23206
23207
23209
23212
23214
23215
23216
23217
23219
23221
23222
23223
23224
23225
23226
23227
23228
23229
23232
23235
23237
23238
23240
23241
23243
23244
23245
23246
23249
23250
23253
23254
23255
23257
23258
23261
23269
23271
23273
23274
23275
23278
23279
23282
23284
23285
23286
23287
23288
23291
23292
23293
23294
23296
23298
23299
23300
23303
23310
23311
23312
23315
23317
23318
23319
23322
23328
23330
23339
23340
23341
23344
23345
23346
23347
23348
23350
23351
23352
23353
23355
23356
23357
23362
23364
23367
23369
23371
23372
23375
23376
23377
23378
23379
23381
23382
23384
23385
23386
23390
23392
23393
23395
23396
23397
23398
23400
23403
23407
23412
23413
23415
23416
23418
23419
23420
23421
23422
23425
23427
23431
23432
23433
23434
23436
23438
23440
23441
23443
23444
23446
23448
23451
23452
23456
23459
23462
23463
23466
23467
23468
23469
23471
23475
23476
23478
23479
23484
23491
23492
23495
23496
23498
23503
23504
23507
23511
23512
23519
23520
23522
23525
23526
23528
23532
23534
23536
23537
23541
23543
23546
23549
23552
23557
23558
23561
23562
23563
23572
23573
23575
23580
23581
23582
23583
23584
23585
23587
23589
23591
23597
23598
23600
23603
23605
23606
23608
23609
23614
23615
23622
23627
23630
23633
23634
23635
23638
23639
23641
23642
23644
23645
23648
23649
23650
23652
23653
23654
23656
23657
23658
23659
23670
23672
23673
23676
23677
23680
23682
23683
23684
23685
23687
23690
23700
23702
23703
23711
23714
23717
23720
23723
23726
23729
23731
23732
23734
23739
23741
23742
23743
23744
23748
23756
23761
23762
23764
23770
23771
23772
23775
23776
23778
23779
23783
23785
23786
23792
23796
23804
23805
23809
23811
23812
23816
23817
23819
23820
23821
23823
23825
23826
23840
23843
23844
23846
23847
23848
23851
23854
23856
23858
23860
23861
23863
23864
23867
23869
23873
23875
23877
23879
23882
23888
23894
23896
23897
23898
23900
23904
23905
23907
23912
23921
23922
23923
23924
23926
23928
23931
23939
23943
23944
23948
23949
23953
23954
23955
23957
23960
23963
23966
23967
23971
23974
23975
23977
23978
23982
23987
23992
23993
23998
23999
24000
24006
24007
24011
24012
24013
24015
24018
24020
24021
24030
24031
24035
24037
24038
24042
24044
24045
24046
24047
24048
24050
24051
24052
24054
24055
24058
24059
24064
24068
24069
24071
24075
24079
24080
24082
24083
24085
24088
24091
24093
24097
24101
24105
24106
24121
24123
24125
24131
24133
24150
24155
24159
24166
24170
24173
24174
24175
24181
24183
24184
24187
24189
24190
24192
24194
24195
24196
24200
24203
24218
24220
24228
24232
24234
24235
24236
24237
24239
24240
24242
24243
24245
24250
24251
24252
24255
24257
24262
24264
24265
24279
24282
24285
24296
24299
24300
24302
24305
24309
24312
24315
24317
24322
24323
24326
24328
24329
24330
24331
24355
24360
24362
24363
24367
24369
24371
24372
24373
24381
24382
24387
24388
24397
24409
24422
24431
24437
24444
24450
24452
24456
24464
24468
24469
24479
24485
24487
24490
24491
24496
24507
24508
24514
24517
24538
24542
24544
24551
24554
24566
24567
24577
24581
24585
24586
24593
24596
24600
24601
24603
24607
24609
24617
24622
24625
24630
24631
24633
24634
24635
24638
24639
24640
24641
24642
24643
24649
24651
24654
24659
24660
24661
24666
24667
24668
24672
24675
24676
24677
24678
24681
24685
24687
24688
24689
24692
24693
24694
24699
24701
24704
24705
24706
24713
24714
24716
24717
24719
24720
24722
24727
24728
24733
24737
24739
24740
24743
24745
24746
24749
24752
24753
24757
24758
24759
24761
24762
24766
24770
24771
24772
24773
24774
24775
24776
24777
24778
24779
24781
24782
24783
24785
24787
24789
24790
24793
24794
24795
24796
24797
24798
24799
24800
24802
24803
24804
24805
24807
24808
24809
24810
24811
24812
24813
24814
24815
24818
24819
24820
24821
24822
24823
24824
24825
24826
24827
24828
24829
24831
24833
24835
24836
24837
24838
24840
24841
24842
24843
24845
24846
24848
24849
24850
24852
24853
24854
24855
24856
24857
24858
24859
24861
24864
24865
24866
24868
24869
24870
24872
24873
24874
24875
24876
24880
24881
24882
24883
24885
24886
24888
24889
24890
24891
24892
24894
24895
24896
24898
24899
24900
24901
24902
24903
24904
24905
24906
24907
24908
24910
24911
24913
24915
24917
24918
24920
24921
24923
24926
24927
24928
24929
24932
24935
24937
24938
24939
24940
24943
24944
24945
24946
24947
24948
24949
24950
24951
24952
24953
24954
24955
24956
24959
24960
24961
24962
24963
24964
24966
24967
24968
24969
24970
24971
24972
24973
24974
24975
24981
24982
24983
24984
24985
24986
24989
24990
24991
24993
24995
24996
24998
24999
25000
25001
25004
25005
25006
25007
25008
25011
25012
25013
25014
25015
25016
25017
25018
25020
25021
25022
25024
25025
25028
25030
25031
25032
25033
25034
25035
25039
25042
25043
25044
25047
25048
25050
25051
25054
25056
25057
25058
25059
25060
25061
25064
25067
25068
25070
25072
25074
25077
25078
25081
25083
25084
25085
25086
25087
25088
25090
25091
25092
25097
25098
25099
25102
25105
25106
25107
25109
25110
25112
25114
25117
25119
25120
25121
25122
25125
25126
25128
25129
25133
25134
25136
25139
25144
25146
25147
25149
25151
25155
25157
25158
25161
25162
25164
25165
25166
25167
25169
25170
25171
25172
25174
25175
25176
25179
25180
25182
25184
25186
25187
25188
25190
25191
25195
25196
25197
25198
25199
25201
25202
25203
25204
25207
25210
25212
25214
25220
25221
25222
25223
25224
25225
25227
25228
25230
25231
25233
25234
25238
25241
25242
25243
25245
25246
25251
25252
25257
25258
25262
25264
25265
25268
25274
25276
25277
25278
25280
25281
25282
25285
25287
25294
25295
25296
25299
25300
25301
25302
25304
25305
25307
25317
25318
25320
25322
25326
25330
25332
25333
25334
25338
25339
25343
25345
25351
25352
25353
25357
25362
25367
25369
25372
25373
25375
25376
25385
25392
25397
25404
25405
25406
25407
25409
25411
25412
25415
25417
25418
25422
25433
25435
25438
25440
25442
25445
25446
25447
25448
25449
25451
25455
25456
25457
25458
25459
25460
25461
25463
25464
25467
25469
25471
25474
25476
25477
25479
25480
25484
25490
25492
25493
25497
25503
25504
25505
25506
25510
25511
25516
25517
25518
25520
25524
25527
25528
25531
25534
25537
25538
25539
25541
25545
25546
25548
25549
25551
25552
25555
25558
25559
25560
25561
25562
25563
25564
25566
25569
25570
25572
25578
25580
25583
25585
25586
25589
25590
25591
25592
25594
25595
25596
25601
25603
25607
25609
25610
25612
25616
25617
25618
25619
25621
25623
25624
25629
25630
25631
25633
25635
25642
25646
25648
25649
25652
25654
25655
25658
25661
25663
25666
25668
25673
25676
25677
25679
25682
25683
25686
25697
25698
25700
25702
25705
25706
25708
25710
25712
25713
25714
25718
25720
25721
25723
25725
25726
25728
25730
25733
25734
25735
25736
25741
25743
25745
25746
25747
25749
25750
25751
25756
25757
25758
25761
25764
25765
25766
25767
25769
25771
25772
25773
25774
25776
25777
25778
25780
25781
25784
25787
25788
25792
25793
25794
25795
25796
25798
25799
25800
25801
25803
25804
25808
25810
25813
25814
25815
25818
25819
25820
25821
25823
25824
25826
25827
25828
25829
25831
25832
25834
25837
25839
25840
25843
25844
25845
25846
25850
25852
25853
25854
25855
25858
25862
25864
25865
25866
25872
25876
25879
25881
25882
25883
25884
25886
25887
25888
25890
25892
25894
25896
25898
25899
25901
25902
25906
25907
25909
25910
25913
25915
25916
25918
25921
25922
25924
25926
25927
25931
25933
25934
25935
25937
25939
25940
25941
25942
25943
25944
25945
25947
25948
25949
25950
25953
25955
25956
25957
25958
25959
25960
25961
25962
25964
25965
25966
25968
25971
25972
25974
25975
25976
25980
25982
25983
25984
25986
25987
25989
25991
25993
25996
25997
25998
25999
26001
26006
26008
26013
26016
26017
26024
26026
26027
26030
26035
26036
26042
26051
26060
26062
26065
26070
26073
26082
26087
26088
26107
26110
26114
26116
26119
26122
26126
26128
26133
26135
26137
26142
26156
26157
26158
26160
26161
26165
26181
26183
26187
26196
26203
26205
26212
26225
26256
26258
26273
26283
26313
26335
26344
26356
26357
26368
26399
26405
26440
26453
26463
26464
26478
26481
26483
26486
26491
26503
26507
26517
26521
26531
26533
26537
26540
26547
26554
26570
26577
26590
26592
26593
26596
26600
26627
26634
26666
26672
26673
26674
26677
26678
26679
26680
26681
26682
26683
26684
26685
26686
26687
26689
26690
26691
26693
26694
26695
26696
26697
26698
26700
26701
26702
26703
26704
26705
26708
26709
26710
26711
26712
26713
26714
26715
26716
26718
26720
26722
26723
26724
26725
26726
26728
26729
26730
26731
26733
26734
26736
26738
26739
26740
26743
26744
26745
26746
26750
26751
26753
26754
26755
26756
26757
26759
26760
26761
26764
26765
26766
26767
26769
26771
26775
26776
26777
26778
26779
26780
26782
26784
26785
26786
26787
26789
26790
26793
26796
26797
26799
26802
26803
26805
26806
26808
26809
26810
26811
26812
26813
26815
26818
26821
26822
26825
26826
26830
26831
26832
26833
26834
26835
26837
26839
26840
26842
26847
26848
26849
26850
26851
26853
26855
26856
26858
26859
26860
26861
26863
26864
26866
26867
26871
26873
26874
26875
26876
26877
26878
26879
26884
26885
26887
26888
26890
26892
26893
26894
26896
26897
26898
26899
26901
26902
26904
26909
26911
26913
26914
26918
26920
26921
26923
26928
26935
26936
26937
26938
26940
26942
26945
26947
26949
26951
26954
26956
26957
26960
26961
26962
26964
26965
26966
26967
26969
26970
26975
26976
26980
26981
26983
26986
26987
26988
26989
26990
26992
26993
26994
26995
26997
26999
27001
27002
27003
27004
27007
27008
27009
27010
27011
27014
27015
27016
27017
27018
27020
27023
27024
27025
27029
27033
27036
27037
27042
27044
27047
27048
27050
27051
27058
27059
27060
27061
27063
27064
27066
27069
27070
27071
27072
27073
27074
27076
27077
27079
27081
27082
27083
27084
27085
27086
27087
27088
27091
27093
27094
27095
27096
27098
27100
27103
27105
27107
27109
27111
27112
27113
27114
27116
27119
27121
27122
27124
27126
27128
27129
27136
27137
27140
27141
27142
27143
27145
27146
27148
27150
27154
27157
27158
27159
27160
27161
27162
27169
27170
27172
27173
27174
27177
27178
27179
27180
27184
27188
27189
27197
27198
27200
27202
27203
27206
27208
27210
27211
27215
27216
27217
27218
27219
27221
27222
27226
27228
27230
27232
27234
27235
27240
27244
27246
27249
27250
27257
27260
27264
27265
27266
27269
27270
27272
27274
27277
27280
27281
27282
27284
27287
27288
27289
27290
27292
27293
27294
27295
27298
27299
27302
27303
27304
27306
27307
27308
27309
27311
27316
27317
27319
27320
27322
27325
27328
27329
27330
27332
27333
27334
27336
27337
27338
27339
27340
27342
27346
27347
27350
27352
27353
27356
27357
27362
27366
27371
27373
27374
27376
27377
27378
27379
27381
27384
27385
27386
27387
27389
27392
27394
27395
27396
27399
27401
27405
27407
27416
27420
27422
27424
27429
27430
27431
27434
27435
27437
27439
27441
27443
27444
27445
27447
27448
27449
27450
27456
27459
27460
27463
27465
27466
27473
27475
27476
27477
27485
27486
27487
27488
27491
27492
27493
27497
27498
27499
27500
27503
27505
27507
27508
27509
27510
27512
27517
27518
27520
27522
27527
27533
27534
27535
27537
27538
27539
27543
27546
27547
27548
27549
27553
27554
27557
27558
27559
27560
27561
27562
27565
27566
27567
27569
27570
27571
27573
27575
27577
27578
27580
27581
27582
27583
27588
27591
27593
27595
27597
27599
27604
27606
27608
27611
27614
27615
27618
27619
27621
27622
27624
27628
27631
27632
27637
27639
27640
27641
27645
27646
27649
27655
27659
27660
27662
27665
27673
27674
27676
27677
27678
27680
27682
27684
27685
27688
27689
27690
27692
27694
27695
27696
27698
27699
27705
27706
27708
27709
27713
27718
27719
27720
27721
27723
27725
27728
27730
27731
27732
27733
27738
27743
27748
27749
27751
27763
27764
27766
27768
27771
27773
27774
27777
27778
27781
27782
27784
27785
27786
27788
27789
27793
27796
27802
27804
27805
27807
27809
27810
27811
27813
27816
27818
27819
27820
27826
27828
27830
27840
27842
27843
27846
27851
27857
27860
27881
27887
27888
27889
27893
27895
27898
27902
27904
27906
27908
27909
27911
27916
27921
27923
27924
27932
27933
27935
27939
27942
27943
27946
27950
27952
27954
27955
27958
27959
27961
27965
27969
27971
27972
27973
27974
27976
27978
27995
28001
28002
28005
28007
28008
28010
28013
28014
28017
28022
28025
28026
28029
28030
28031
28032
28036
28037
28041
28044
28045
28053
28054
28055
28061
28066
28069
28071
28077
28082
28083
28085
28087
28095
28096
28100
28106
28107
28108
28111
28114
28116
28121
28123
28124
28126
28127
28131
28132
28135
28142
28144
28145
28154
28159
28161
28164
28166
28167
28168
28169
28170
28172
28173
28183
28189
28193
28199
28201
28205
28208
28211
28213
28233
28237
28239
28242
28245
28246
28247
28253
28255
28260
28262
28264
28265
28266
28271
28273
28274
28280
28281
28284
28287
28292
28294
28295
28298
28300
28305
28309
28313
28315
28316
28323
28325
28326
28328
28329
28338
28339
28340
28345
28347
28348
28349
28350
28351
28355
28359
28363
28368
28371
28373
28375
28376
28379
28380
28382
28385
28386
28389
28392
28395
28399
28401
28404
28405
28408
28409
28412
28416
28417
28418
28419
28420
28421
28424
28426
28427
28430
28431
28432
28433
28434
28439
28440
28442
28443
28445
28446
28447
28448
28449
28452
28453
28455
28457
28459
28461
28463
28464
28466
28467
28470
28472
28475
28476
28477
28479
28483
28485
28487
28488
28489
28490
28491
28492
28493
28495
28496
28497
28498
28501
28502
28503
28504
28506
28507
28509
28511
28512
28513
28516
28517
28518
28519
28520
28521
28522
28523
28524
28526
28527
28528
28529
28530
28532
28533
28534
28535
28536
28537
28538
28539
28540
28541
28542
28543
28544
28545
28546
28548
28549
28550
28552
28553
28556
28557
28558
28559
28563
28564
28566
28567
28568
28569
28571
28572
28573
28574
28575
28576
28577
28578
28579
28580
28583
28584
28586
28587
28588
28590
28592
28593
28594
28595
28596
28597
28599
28602
28603
28604
28605
28606
28608
28609
28610
28611
28612
28613
28614
28615
28616
28617
28618
28619
28621
28622
28624
28625
28628
28629
28630
28631
28632
28633
28634
28635
28639
28641
28642
28646
28647
28648
28649
28650
28651
28652
28653
28654
28657
28659
28661
28663
28664
28666
28667
28669
28670
28671
28672
28673
28674
28675
28676
28677
28679
28680
28681
28683
28684
28688
28689
28690
28691
28693
28694
28695
28698
28699
28701
28702
28703
28704
28705
28709
28710
28714
28715
28716
28719
28721
28722
28723
28724
28725
28726
28727
28728
28729
28731
28733
28736
28738
28740
28741
28742
28745
28746
28747
28753
28755
28757
28761
28762
28765
28766
28768
28771
28774
28778
28781
28782
28784
28786
28788
28790
28791
28794
28795
28798
28800
28801
28802
28803
28804
28805
28807
28808
28810
28811
28813
28814
28815
28818
28819
28822
28823
28825
28827
28828
28829
28831
28834
28835
28836
28837
28839
28842
28846
28847
28848
28850
28853
28855
28858
28859
28860
28861
28863
28865
28866
28868
28869
28870
28874
28876
28878
28879
28881
28884
28886
28887
28888
28889
28890
28894
28895
28896
28897
28898
28900
28901
28902
28904
28905
28906
28907
28911
28912
28913
28914
28915
28916
28918
28920
28923
28924
28926
28928
28933
28934
28935
28936
28939
28940
28941
28942
28943
28945
28948
28952
28955
28957
28958
28960
28962
28967
28968
28972
28973
28976
28977
28978
28979
28982
28984
28986
28987
28988
28990
28992
28993
28997
28998
28999
29001
29004
29005
29009
29011
29012
29016
29017
29019
29020
29021
29022
29023
29025
29026
29028
29030
29034
29035
29036
29038
29046
29047
29048
29053
29055
29058
29059
29061
29065
29066
29069
29073
29081
29082
29085
29086
29087
29088
29090
29092
29093
29097
29102
29104
29106
29108
29109
29113
29118
29121
29122
29124
29125
29128
29129
29132
29133
29136
29140
29147
29148
29152
29154
29159
29160
29162
29163
29165
29166
29169
29171
29172
29175
29178
29181
29182
29183
29184
29185
29186
29187
29188
29189
29193
29194
29196
29198
29202
29203
29206
29210
29211
29213
29216
29217
29218
29222
29226
29227
29228
29232
29233
29236
29237
29238
29241
29244
29246
29247
29250
29251
29252
29253
29254
29255
29256
29259
29260
29264
29266
29268
29274
29275
29276
29277
29280
29284
29286
29288
29289
29291
29293
29295
29297
29299
29303
29305
29307
29310
29313
29315
29318
29321
29327
29329
29332
29333
29335
29336
29338
29341
29342
29343
29349
29352
29359
29361
29362
29363
29368
29371
29372
29373
29374
29375
29376
29377
29378
29380
29382
29383
29386
29387
29390
29391
29392
29395
29396
29400
29401
29405
29406
29407
29411
29414
29416
29419
29421
29423
29424
29425
29427
29428
29430
29431
29432
29433
29434
29436
29439
29440
29444
29448
29455
29456
29457
29458
29459
29460
29461
29462
29463
29464
29465
29466
29467
29468
29469
29470
29473
29475
29476
29478
29479
29483
29486
29487
29488
29490
29491
29492
29493
29495
29498
29500
29504
29505
29506
29508
29510
29515
29517
29518
29519
29526
29527
29530
29532
29533
29535
29537
29538
29540
29541
29542
29543
29546
29547
29551
29552
29553
29554
29555
29556
29557
29558
29559
29560
29561
29562
29563
29567
29568
29571
29572
29574
29575
29576
29579
29580
29584
29588
29591
29593
29595
29596
29597
29598
29599
29600
29602
29603
29604
29605
29606
29607
29610
29611
29615
29616
29619
29620
29621
29622
29623
29627
29629
29630
29631
29632
29633
29634
29635
29637
29638
29640
29641
29642
29643
29645
29647
29648
29649
29652
29653
29654
29655
29656
29658
29659
29660
29663
29664
29665
29667
29668
29669
29670
29671
29672
29673
29674
29675
29677
29679
29680
29682
29686
29689
29690
29691
29692
29696
29697
29698
29699
29700
29701
29703
29704
29705
29707
29708
29709
29710
29711
29716
29718
29722
29728
29731
29732
29736
29739
29747
29748
29749
29750
29751
29752
29765
29766
29768
29771
29774
29775
29781
29782
29791
29801
29802
29810
29812
29823
29824
29825
29829
29835
29836
29838
29840
29842
29850
29854
29859
29864
29870
29873
29874
29877
29897
29900
29910
29914
29919
29923
29926
29928
29941
29950
29952
29957
29970
29988
30003
30025
30039
30044
30054
30058
30065
30068
30086
30104
30108
30113
30125
30133
30141
30142
30167
30179
30196
30205
30223
30247
30267
30289
30302
30314
30329
30339
30341
30348
30353
30366
30369
30377
30380
30382
30386
30393
30394
30395
30396
30398
30399
30400
30401
30403
30404
30405
30406
30407
30410
30411
30412
30413
30414
30416
30417
30418
30420
30421
30422
30423
30424
30425
30426
30428
30429
30430
30431
30432
30433
30434
30435
30436
30437
30438
30439
30440
30442
30443
30444
30445
30446
30447
30449
30450
30451
30452
30453
30454
30456
30458
30459
30460
30462
30464
30465
30466
30469
30470
30471
30473
30475
30476
30477
30478
30479
30480
30482
30483
30484
30485
30487
30488
30490
30491
30492
30494
30495
30497
30498
30500
30503
30504
30509
30510
30512
30514
30515
30516
30517
30518
30519
30523
30524
30525
30527
30528
30529
30530
30531
30532
30533
30535
30536
30538
30539
30542
30544
30545
30547
30548
30549
30552
30554
30555
30556
30558
30559
30561
30564
30565
30567
30569
30570
30573
30574
30575
30576
30577
30578
30579
30580
30581
30583
30584
30586
30587
30588
30589
30590
30591
30592
30593
30594
30595
30599
30600
30601
30602
30603
30604
30605
30606
30607
30610
30611
30612
30613
30616
30617
30618
30622
30625
30627
30628
30630
30631
30634
30635
30637
30638
30639
30642
30643
30645
30646
30648
30649
30650
30652
30654
30655
30657
30658
30662
30665
30666
30669
30670
30673
30674
30675
30676
30677
30678
30679
30680
30682
30683
30685
30686
30694
30697
30698
30699
30700
30701
30702
30703
30704
30706
30707
30708
30709
30710
30711
30712
30714
30715
30718
30719
30720
30721
30722
30723
30724
30725
30728
30729
30732
30733
30734
30736
30738
30739
30740
30741
30743
30744
30746
30747
30750
30752
30753
30754
30755
30756
30757
30758
30763
30764
30766
30767
30769
30771
30773
30774
30775
30776
30777
30779
30780
30781
30782
30784
30785
30786
30787
30788
30789
30790
30791
30792
30793
30795
30796
30797
30798
30799
30803
30805
30806
30807
30809
30810
30811
30812
30813
30814
30816
30817
30819
30820
30821
30823
30824
30825
30826
30827
30828
30831
30832
30833
30834
30835
30842
30843
30844
30846
30848
30852
30854
30855
30856
30858
30859
30860
30861
30863
30865
30868
30869
30871
30873
30874
30875
30876
30877
30880
30881
30886
30889
30890
30891
30894
30895
30896
30897
30898
30900
30902
30903
30905
30907
30908
30909
30911
30912
30913
30914
30915
30917
30919
30920
30922
30923
30926
30927
30928
30929
30930
30931
30932
30933
30934
30935
30937
30940
30942
30946
30948
30949
30950
30952
30953
30954
30958
30959
30960
30962
30963
30967
30969
30971
30973
30974
30977
30978
30980
30983
30985
30986
30988
30989
30992
30994
30997
30998
31000
31001
31005
31006
31007
31009
31010
31011
31018
31019
31020
31021
31023
31025
31027
31029
31033
31034
31035
31036
31038
31039
31041
31042
31043
31046
31048
31050
31052
31053
31054
31055
31057
31059
31060
31063
31064
31067
31070
31072
31075
31076
31077
31078
31080
31082
31084
31085
31086
31087
31088
31090
31093
31094
31095
31098
31099
31101
31102
31103
31104
31105
31106
31108
31111
31112
31115
31116
31117
31118
31120
31122
31125
31126
31127
31128
31129
31130
31135
31136
31137
31138
31139
31140
31142
31143
31144
31149
31150
31151
31153
31154
31157
31158
31159
31163
31168
31170
31173
31175
31179
31181
31182
31184
31186
31189
31190
31195
31197
31198
31199
31200
31202
31203
31204
31205
31206
31208
31209
31211
31212
31213
31216
31217
31219
31223
31224
31225
31226
31232
31234
31235
31236
31241
31243
31245
31247
31248
31249
31252
31257
31261
31262
31267
31269
31271
31273
31274
31275
31278
31279
31280
31281
31283
31284
31286
31287
31288
31290
31291
31292
31293
31295
31297
31299
31302
31303
31304
31305
31306
31315
31316
31317
31319
31320
31322
31325
31329
31330
31332
31333
31336
31341
31342
31343
31344
31345
31347
31349
31350
31351
31353
31354
31356
31359
31360
31362
31363
31364
31368
31371
31373
31374
31376
31377
31380
31381
31382
31383
31385
31386
31392
31393
31394
31398
31399
31402
31405
31406
31409
31410
31415
31419
31421
31423
31427
31428
31431
31434
31435
31437
31438
31440
31441
31443
31444
31446
31449
31455
31457
31458
31463
31465
31468
31470
31471
31474
31475
31477
31479
31480
31482
31483
31484
31486
31492
31494
31497
31498
31499
31502
31503
31507
31514
31519
31521
31522
31523
31524
31525
31529
31531
31533
31536
31538
31539
31541
31544
31548
31549
31551
31554
31557
31559
31560
31561
31567
31570
31571
31574
31577
31578
31579
31583
31587
31589
31590
31592
31593
31594
31599
31601
31602
31603
31608
31609
31616
31620
31622
31623
31628
31629
31630
31636
31641
31645
31646
31652
31656
31658
31664
31667
31668
31669
31670
31673
31675
31678
31679
31680
31683
31685
31686
31687
31690
31692
31706
31707
31708
31713
31716
31717
31722
31723
31724
31726
31727
31733
31737
31738
31739
31741
31743
31745
31750
31751
31758
31759
31762
31763
31766
31767
31768
31770
31775
31778
31779
31781
31783
31785
31791
31795
31796
31808
31809
31810
31821
31824
31825
31826
31828
31831
31835
31837
31838
31839
31845
31846
31851
31857
31860
31862
31864
31873
31875
31878
31879
31880
31881
31882
31883
31884
31897
31900
31909
31913
31915
31918
31920
31924
31926
31927
31934
31935
31941
31943
31944
31945
31946
31948
31951
31952
31953
31956
31958
31959
31961
31964
31970
31975
31976
31977
31986
31987
31988
31991
31992
31994
31998
32000
32001
32002
32003
32005
32006
32007
32009
32010
32011
32014
32025
32029
32030
32031
32032
32034
32035
32038
32039
32040
32041
32042
32045
32050
32053
32056
32058
32059
32062
32066
32069
32070
32072
32073
32075
32083
32087
32091
32093
32095
32096
32100
32103
32104
32105
32106
32107
32109
32110
32113
32115
32116
32118
32119
32120
32126
32127
32130
32132
32134
32143
32144
32147
32148
32149
32150
32152
32154
32155
32156
32159
32161
32163
32167
32168
32169
32171
32172
32173
32174
32175
32177
32180
32186
32188
32189
32190
32191
32194
32197
32199
32200
32201
32202
32204
32205
32207
32209
32210
32211
32212
32213
32214
32215
32216
32217
32218
32219
32220
32221
32222
32223
32224
32225
32226
32227
32230
32231
32232
32233
32234
32235
32236
32237
32238
32239
32240
32241
32242
32243
32244
32245
32246
32248
32249
32250
32251
32253
32254
32255
32256
32258
32259
32260
32261
32262
32263
32264
32265
32267
32268
32271
32272
32273
32275
32276
32277
32278
32279
32280
32281
32282
32283
32285
32286
32287
32288
32289
32292
32293
32294
32295
32297
32298
32300
32303
32304
32306
32308
32309
32310
32311
32313
32314
32315
32316
32317
32318
32319
32320
32321
32322
32324
32326
32327
32328
32329
32330
32331
32332
32333
32334
32335
32336
32338
32339
32340
32341
32342
32343
32344
32345
32346
32347
32348
32349
32350
32351
32353
32354
32355
32356
32357
32358
32360
32362
32363
32365
32366
32367
32368
32369
32370
32371
32372
32373
32374
32375
32376
32378
32379
32380
32381
32382
32384
32386
32387
32388
32389
32390
32391
32392
32393
32395
32396
32397
32398
32400
32401
32402
32403
32404
32405
32406
32409
32410
32411
32412
32413
32415
32416
32418
32420
32422
32423
32424
32428
32429
32430
32431
32433
32434
32435
32436
32437
32438
32439
32440
32441
32442
32443
32445
32449
32450
32453
32454
32456
32457
32459
32460
32461
32463
32464
32465
32469
32470
32472
32474
32475
32478
32479
32480
32483
32484
32485
32486
32488
32489
32491
32495
32496
32500
32501
32503
32505
32507
32511
32512
32513
32514
32515
32516
32518
32519
32522
32523
32525
32526
32527
32528
32529
32530
32531
32533
32534
32535
32536
32537
32538
32539
32541
32542
32543
32544
32547
32548
32549
32550
32553
32555
32556
32558
32561
32562
32564
32566
32568
32569
32572
32573
32574
32577
32578
32582
32583
32584
32585
32586
32588
32589
32590
32593
32594
32595
32598
32599
32602
32603
32605
32606
32607
32608
32609
32610
32612
32614
32615
32616
32618
32619
32620
32621
32622
32623
32624
32625
32627
32629
32630
32631
32632
32635
32637
32640
32641
32643
32645
32646
32647
32650
32651
32652
32653
32655
32657
32658
32659
32660
32661
32662
32663
32665
32666
32668
32669
32671
32672
32673
32674
32677
32679
32681
32682
32683
32684
32685
32687
32689
32690
32692
32693
32696
32698
32699
32700
32702
32704
32705
32707
32710
32713
32715
32718
32720
32721
32722
32723
32724
32725
32726
32727
32728
32729
32730
32733
32734
32735
32737
32740
32741
32742
32745
32747
32748
32750
32752
32753
32756
32759
32760
32762
32764
32765
32767
32768
32770
32772
32773
32774
32775
32777
32780
32782
32785
32789
32792
32795
32796
32797
32799
32800
32801
32803
32804
32805
32810
32811
32813
32814
32815
32819
32820
32821
32822
32823
32826
32832
32833
32834
32835
32836
32838
32839
32840
32841
32842
32843
32844
32846
32848
32850
32851
32853
32856
32858
32859
32861
32862
32863
32864
32866
32867
32868
32869
32874
32877
32881
32883
32885
32886
32889
32891
32895
32897
32904
32906
32907
32908
32909
32911
32913
32919
32922
32924
32930
32931
32932
32933
32938
32940
32941
32942
32944
32946
32950
32951
32952
32953
32955
32959
32960
32965
32966
32969
32970
32973
32974
32976
32978
32981
32982
32983
32985
32986
32987
32988
32990
32991
32992
32996
32998
33000
33002
33004
33006
33008
33010
33011
33013
33014
33020
33021
33022
33024
33027
33029
33030
33031
33035
33036
33037
33038
33039
33041
33042
33044
33045
33048
33049
33050
33051
33052
33054
33055
33057
33058
33060
33061
33063
33065
33066
33069
33070
33074
33075
33076
33077
33080
33081
33082
33083
33085
33087
33088
33090
33091
33092
33094
33096
33097
33098
33101
33104
33105
33106
33107
33108
33109
33110
33111
33112
33118
33119
33122
33124
33125
33126
33128
33129
33130
33131
33132
33133
33134
33135
33137
33138
33141
33142
33144
33146
33148
33149
33150
33151
33154
33158
33162
33163
33165
33168
33169
33170
33171
33172
33176
33177
33178
33179
33180
33183
33185
33187
33188
33189
33191
33193
33194
33195
33198
33199
33200
33202
33204
33206
33207
33208
33209
33211
33212
33214
33215
33216
33217
33218
33219
33222
33224
33226
33229
33230
33231
33232
33233
33235
33236
33237
33238
33239
33242
33243
33246
33247
33248
33251
33252
33254
33255
33256
33257
33260
33261
33265
33266
33267
33268
33269
33270
33271
33272
33273
33274
33275
33277
33282
33283
33286
33289
33290
33293
33294
33295
33296
33297
33300
33301
33303
33304
33305
33306
33307
33311
33312
33314
33315
33316
33317
33318
33319
33320
33321
33322
33324
33326
33329
33330
33331
33332
33333
33334
33335
33337
33338
33340
33341
33343
33344
33346
33347
33348
33349
33350
33352
33354
33355
33356
33359
33360
33362
33365
33366
33367
33368
33369
33370
33372
33373
33374
33375
33377
33378
33379
33380
33381
33383
33384
33386
33387
33388
33389
33390
33391
33394
33396
33397
33398
33399
33400
33402
33403
33404
33406
33407
33408
33409
33410
33411
33412
33413
33414
33415
33417
33419
33420
33421
33422
33423
33425
33427
33428
33430
33431
33432
33433
33439
33442
33443
33448
33449
33450
33451
33452
33455
33457
33458
33461
33462
33463
33464
33466
33467
33469
33496
33498
33506
33510
33511
33513
33516
33517
33519
33522
33528
33532
33534
33538
33539
33546
33549
33550
33551
33555
33563
33566
33567
33569
33571
33572
33574
33576
33581
33584
33585
33587
33588
33594
33596
33605
33609
33611
33614
33618
33635
33640
33660
33661
33671
33673
33687
33688
33691
33698
33712
33722
33731
33733
33744
33747
33748
33766
33772
33796
33797
33799
33805
33806
33812
33814
33818
33851
33853
33868
33869
33877
33884
33888
33892
33893
33906
33913
33914
33918
33921
33924
33925
33928
33947
33955
33976
33978
33982
33983
33989
33991
33999
34001
34006
34016
34018
34021
34024
34028
34044
34053
34055
34057
34059
34060
34071
34091
34092
34101
34105
34106
34107
34108
34109
34110
34112
34113
34115
34116
34117
34118
34119
34120
34121
34123
34124
34126
34127
34128
34131
34132
34133
34134
34136
34137
34139
34140
34141
34142
34143
34145
34146
34147
34148
34149
34150
34151
34152
34153
34155
34156
34157
34159
34161
34163
34164
34166
34167
34168
34170
34171
34172
34173
34174
34175
34176
34178
34179
34183
34184
34185
34186
34187
34188
34190
34191
34192
34193
34194
34195
34196
34197
34198
34199
34201
34204
34205
34207
34208
34209
34210
34211
34213
34214
34215
34217
34220
34221
34222
34223
34224
34225
34227
34228
34231
34232
34233
34234
34235
34237
34238
34239
34240
34242
34243
34244
34245
34247
34248
34249
34250
34251
34252
34254
34256
34257
34258
34259
34260
34261
34262
34263
34265
34266
34267
34269
34270
34271
34272
34274
34275
34276
34278
34279
34281
34282
34283
34284
34285
34286
34287
34288
34289
34290
34291
34292
34293
34294
34301
34302
34303
34305
34306
34307
34308
34309
34310
34311
34313
34314
34315
34316
34317
34318
34320
34321
34323
34324
34325
34326
34327
34328
34329
34330
34331
34333
34334
34335
34337
34339
34341
34343
34344
34345
34348
34349
34351
34354
34356
34357
34360
34361
34362
34364
34365
34366
34367
34369
34370
34375
34377
34378
34379
34381
34382
34383
34384
34385
34387
34388
34391
34392
34394
34395
34397
34399
34400
34403
34405
34406
34407
34408
34409
34410
34411
34412
34413
34414
34415
34416
34417
34419
34420
34422
34423
34424
34426
34427
34428
34430
34431
34432
34433
34436
34437
34438
34439
34441
34443
34444
34445
34448
34450
34451
34452
34453
34455
34459
34462
34464
34466
34467
34469
34470
34471
34472
34476
34478
34479
34480
34481
34482
34483
34485
34486
34487
34488
34489
34490
34491
34492
34494
34495
34496
34497
34499
34500
34501
34502
34503
34504
34505
34507
34509
34510
34512
34513
34514
34517
34518
34519
34523
34524
34528
34529
34531
34533
34534
34535
34536
34537
34538
34539
34540
34541
34542
34544
34546
34547
34548
34549
34550
34551
34554
34555
34556
34558
34562
34563
34565
34566
34569
34570
34574
34578
34582
34583
34584
34585
34586
34588
34589
34590
34594
34596
34598
34599
34600
34602
34603
34604
34605
34608
34611
34616
34617
34622
34624
34628
34629
34631
34632
34633
34635
34636
34637
34641
34643
34646
34647
34648
34649
34651
34653
34654
34655
34656
34658
34660
34661
34667
34668
34670
34672
34673
34674
34677
34678
34679
34684
34686
34688
34689
34691
34692
34693
34694
34695
34696
34698
34700
34701
34705
34708
34710
34711
34715
34716
34717
34718
34719
34720
34721
34723
34724
34725
34726
34728
34729
34730
34733
34735
34736
34737
34738
34740
34741
34742
34745
34747
34748
34749
34750
34751
34752
34753
34754
34755
34756
34758
34759
34760
34762
34764
34766
34767
34768
34770
34771
34774
34775
34777
34778
34781
34784
34785
34786
34792
34794
34796
34797
34799
34800
34801
34802
34803
34806
34807
34808
34809
34810
34812
34813
34815
34818
34819
34821
34822
34824
34826
34827
34828
34831
34834
34835
34836
34837
34841
34844
34846
34847
34849
34850
34851
34852
34855
34862
34863
34865
34867
34870
34871
34873
34874
34875
34877
34880
34881
34882
34883
34884
34887
34888
34889
34890
34891
34895
34900
34903
34904
34905
34906
34907
34908
34912
34913
34914
34917
34919
34923
34925
34926
34928
34929
34930
34933
34934
34936
34938
34939
34940
34942
34943
34945
34946
34950
34953
34955
34956
34958
34961
34964
34967
34968
34969
34975
34977
34978
34981
34986
34988
34989
34990
34993
34994
34995
34997
35002
35003
35005
35006
35011
35014
35015
35017
35019
35020
35021
35022
35024
35025
35027
35029
35032
35036
35037
35038
35040
35043
35045
35047
35049
35050
35051
35052
35055
35059
35060
35062
35063
35064
35067
35068
35069
35071
35073
35074
35076
35077
35078
35082
35083
35085
35088
35089
35090
35091
35094
35095
35096
35097
35100
35105
35107
35108
35112
35116
35118
35119
35120
35121
35122
35124
35125
35126
35129
35130
35132
35133
35135
35137
35141
35142
35143
35144
35145
35148
35149
35150
35152
35153
35155
35157
35160
35165
35168
35169
35170
35171
35172
35173
35174
35176
35177
35179
35184
35185
35187
35188
35194
35199
35201
35202
35204
35205
35206
35212
35216
35217
35222
35223
35226
35227
35228
35230
35231
35233
35235
35237
35238
35239
35243
35244
35247
35248
35250
35251
35252
35256
35257
35260
35262
35265
35270
35272
35274
35277
35280
35281
35284
35285
35286
35288
35290
35291
35295
35297
35304
35309
35311
35316
35317
35319
35322
35323
35325
35326
35330
35335
35336
35339
35342
35344
35346
35348
35351
35353
35354
35356
35357
35358
35360
35361
35363
35366
35370
35371
35373
35374
35376
35379
35381
35387
35388
35389
35391
35392
35393
35394
35395
35397
35399
35400
35401
35404
35405
35406
35409
35410
35413
35416
35417
35418
35419
35421
35423
35427
35428
35429
35430
35433
35436
35438
35445
35446
35447
35449
35451
35454
35457
35458
35465
35470
35472
35473
35477
35479
35482
35483
35485
35487
35489
35490
35494
35496
35499
35504
35505
35509
35511
35512
35513
35515
35516
35520
35522
35534
35537
35538
35539
35544
35545
35546
35548
35549
35550
35551
35553
35559
35563
35572
35573
35576
35577
35578
35587
35589
35591
35594
35595
35596
35598
35604
35608
35609
35611
35612
35615
35617
35618
35625
35627
35631
35633
35640
35641
35642
35644
35645
35649
35650
35654
35655
35658
35660
35661
35663
35665
35666
35667
35669
35670
35673
35675
35678
35680
35683
35684
35686
35687
35690
35691
35692
35698
35701
35702
35705
35710
35713
35714
35717
35720
35723
35725
35727
35728
35729
35733
35740
35741
35743
35746
35752
35753
35759
35763
35764
35766
35767
35771
35772
35773
35775
35776
35777
35781
35782
35783
35784
35787
35790
35791
35800
35801
35802
35803
35806
35807
35808
35810
35812
35813
35814
35817
35819
35820
35821
35823
35824
35826
35827
35830
35831
35832
35833
35834
35836
35837
35839
35840
35841
35844
35846
35847
35852
35853
35855
35858
35861
35862
35864
35865
35866
35868
35869
35871
35872
35873
35874
35875
35876
35877
35881
35883
35885
35887
35888
35890
35892
35893
35895
35896
35898
35899
35900
35901
35902
35903
35904
35905
35908
35910
35911
35912
35913
35914
35915
35916
35917
35918
35919
35920
35921
35922
35923
35924
35925
35926
35927
35929
35930
35931
35932
35933
35934
35935
35937
35938
35940
35941
35943
35944
35945
35946
35947
35948
35949
35950
35951
35952
35953
35954
35955
35956
35957
35958
35959
35960
35962
35963
35964
35965
35967
35968
35969
35970
35971
35972
35973
35974
35976
35977
35978
35979
35980
35983
35984
35985
35986
35987
35988
35990
35991
35992
35995
35997
35999
36001
36002
36003
36005
36006
36008
36010
36011
36012
36014
36015
36016
36017
36019
36021
36022
36023
36024
36025
36026
36027
36028
36030
36031
36032
36033
36034
36035
36036
36037
36039
36040
36041
36042
36043
36045
36046
36047
36049
36050
36052
36053
36055
36056
36057
36059
36060
36062
36063
36064
36065
36067
36070
36071
36072
36074
36075
36078
36079
36080
36081
36083
36084
36085
36086
36089
36090
36091
36092
36094
36095
36096
36097
36098
36101
36102
36104
36106
36107
36108
36109
36110
36111
36113
36114
36115
36116
36117
36118
36119
36121
36123
36124
36125
36126
36127
36128
36129
36132
36134
36135
36137
36138
36143
36144
36146
36147
36149
36150
36151
36152
36154
36155
36157
36159
36160
36161
36163
36164
36165
36166
36167
36168
36170
36171
36172
36173
36174
36175
36176
36180
36181
36184
36185
36186
36187
36190
36191
36193
36194
36195
36197
36198
36199
36200
36201
36202
36203
36205
36206
36210
36212
36214
36215
36216
36218
36220
36222
36223
36225
36226
36227
36228
36229
36230
36231
36233
36235
36236
36237
36238
36239
36240
36241
36242
36243
36244
36245
36251
36252
36254
36255
36256
36257
36258
36259
36263
36264
36268
36269
36271
36272
36273
36274
36275
36276
36278
36279
36281
36282
36283
36284
36285
36286
36287
36289
36291
36292
36293
36294
36296
36297
36298
36300
36302
36304
36305
36307
36308
36309
36311
36312
36314
36315
36317
36318
36319
36321
36323
36324
36325
36326
36327
36328
36329
36330
36332
36333
36334
36335
36336
36337
36338
36339
36341
36343
36345
36346
36347
36354
36355
36356
36359
36360
36361
36363
36364
36365
36366
36369
36370
36371
36373
36374
36375
36376
36379
36380
36382
36384
36386
36388
36391
36392
36393
36394
36395
36397
36398
36399
36400
36401
36402
36405
36406
36407
36409
36410
36412
36413
36414
36415
36416
36418
36419
36420
36421
36424
36425
36426
36427
36429
36431
36432
36434
36435
36437
36439
36440
36442
36444
36446
36447
36448
36449
36451
36453
36455
36456
36458
36459
36460
36461
36462
36463
36464
36465
36468
36471
36473
36474
36477
36478
36479
36480
36481
36482
36483
36486
36487
36489
36490
36493
36494
36495
36497
36501
36502
36504
36506
36508
36509
36510
36513
36514
36515
36518
36520
36521
36528
36530
36532
36533
36534
36535
36536
36537
36539
36543
36546
36547
36548
36549
36550
36551
36552
36553
36554
36556
36557
36558
36560
36564
36565
36569
36574
36575
36576
36577
36580
36581
36582
36583
36587
36588
36589
36590
36591
36593
36594
36598
36599
36600
36601
36603
36605
36606
36607
36608
36609
36611
36612
36614
36616
36618
36622
36624
36625
36628
36629
36630
36634
36637
36638
36639
36645
36646
36652
36654
36656
36657
36660
36661
36664
36666
36667
36672
36674
36677
36678
36679
36680
36681
36682
36683
36684
36687
36688
36690
36691
36692
36694
36698
36699
36700
36701
36702
36703
36704
36706
36707
36708
36710
36712
36713
36716
36718
36720
36721
36725
36726
36727
36728
36730
36732
36733
36734
36738
36741
36742
36743
36747
36749
36750
36755
36756
36758
36762
36763
36765
36766
36769
36770
36772
36775
36777
36778
36779
36780
36782
36783
36784
36785
36787
36788
36789
36791
36794
36796
36797
36798
36799
36800
36802
36805
36806
36810
36811
36813
36814
36815
36817
36818
36820
36821
36824
36828
36829
36830
36832
36836
36837
36838
36839
36840
36841
36842
36843
36844
36845
36846
36848
36849
36850
36851
36852
36853
36854
36855
36856
36858
36859
36860
36862
36864
36865
36866
36870
36871
36872
36876
36880
36881
36883
36884
36885
36886
36887
36888
36890
36891
36892
36893
36894
36897
36899
36903
36905
36906
36908
36909
36911
36913
36914
36915
36918
36919
36920
36923
36924
36926
36928
36929
36930
36934
36935
36936
36938
36939
36940
36941
36942
36943
36944
36945
36947
36949
36952
36955
36956
36958
36959
36960
36961
36962
36965
36966
36967
36968
36969
36970
36972
36974
36975
36976
36977
36979
36982
36983
36984
36985
36986
36987
36988
36989
36991
36992
36994
36995
36996
36998
37000
37001
37002
37003
37007
37008
37009
37010
37011
37013
37014
37015
37016
37017
37019
37020
37021
37022
37026
37027
37028
37030
37032
37033
37036
37038
37039
37040
37041
37042
37044
37045
37046
37047
37048
37050
37051
37052
37055
37056
37057
37058
37060
37061
37065
37066
37068
37069
37070
37071
37073
37077
37079
37080
37081
37082
37083
37084
37086
37087
37088
37089
37092
37093
37095
37097
37098
37099
37100
37101
37102
37103
37104
37107
37108
37110
37111
37112
37113
37114
37115
37117
37118
37119
37120
37121
37122
37124
37126
37127
37128
37129
37130
37131
37132
37134
37135
37138
