2
13
20
33
36
42
45
48
64
65
66
67
72
79
89
90
97
98
111
113
114
125
126
135
136
137
138
139
143
146
148
151
159
161
162
164
165
168
172
179
190
206
216
246
261
265
272
275
279
294
303
308
310
319
321
326
327
339
340
346
355
366
370
373
383
386
396
401
410
415
426
427
434
435
499
504
505
508
528
535
546
556
562
584
592
608
620
623
628
645
658
674
675
677
679
681
682
683
684
685
686
687
688
689
690
691
692
693
696
698
700
701
702
703
704
705
706
707
708
709
710
711
712
713
714
715
716
718
719
720
721
722
724
725
726
727
728
730
731
732
733
734
735
738
739
740
741
742
744
746
747
749
751
753
754
755
757
758
759
760
761
762
764
766
767
768
769
770
773
774
775
777
779
780
782
784
785
788
790
792
793
800
801
802
805
807
812
813
814
815
816
818
819
820
821
824
826
828
829
830
833
834
835
836
837
838
840
842
843
846
848
850
858
862
863
864
865
866
867
868
870
871
872
875
876
886
888
889
891
892
893
894
895
898
899
901
902
904
905
906
907
909
912
919
920
922
923
925
926
929
930
932
934
938
939
942
945
952
954
956
957
959
962
965
966
968
971
974
975
976
977
978
979
985
986
987
988
989
994
995
996
1000
1002
1003
1006
1007
1008
1009
1011
1012
1013
1014
1015
1016
1017
1018
1019
1020
1021
1022
1023
1032
1037
1038
1039
1044
1045
1051
1052
1053
1054
1056
1059
1061
1062
1066
1067
1071
1072
1073
1078
1079
1081
1083
1084
1086
1088
1091
1093
1095
1097
1098
1099
1100
1101
1102
1103
1105
1108
1109
1110
1111
1113
1114
1116
1118
1121
1123
1125
1126
1129
1131
1134
1135
1139
1143
1146
1150
1152
1157
1161
1162
1164
1169
1171
1174
1177
1178
1180
1183
1185
1191
1192
1196
1197
1202
1203
1207
1209
1210
1211
1212
1216
1217
1219
1220
1221
1222
1223
1224
1228
1233
1235
1236
1237
1239
1241
1244
1246
1247
1249
1252
1253
1257
1258
1259
1260
1262
1268
1271
1272
1273
1283
1287
1290
1295
1297
1300
1302
1307
1310
1311
1316
1319
1324
1325
1326
1327
1330
1333
1334
1335
1336
1338
1342
1346
1348
1352
1356
1357
1358
1359
1365
1368
1369
1373
1375
1376
1377
1378
1380
1381
1382
1386
1389
1390
1391
1395
1398
1402
1403
1407
1410
1411
1416
1420
1425
1429
1432
1433
1436
1437
1441
1442
1443
1445
1446
1447
1448
1455
1458
1461
1465
1467
1473
1476
1478
1480
1481
1483
1487
1488
1489
1490
1495
1496
1497
1500
1501
1504
1507
1510
1514
1516
1517
1519
1520
1524
1525
1527
1533
1535
1544
1548
1558
1559
1560
1562
1563
1564
1568
1572
1575
1577
1578
1579
1580
1582
1583
1585
1587
1590
1593
1595
1598
1599
1605
1606
1607
1610
1613
1615
1617
1618
1621
1623
1625
1628
1629
1630
1634
1635
1637
1638
1641
1642
1644
1648
1651
1661
1662
1665
1666
1667
1673
1678
1680
1682
1683
1686
1687
1692
1693
1695
1698
1700
1703
1705
1706
1707
1709
1719
1720
1723
1725
1726
1728
1729
1731
1733
1735
1743
1745
1747
1749
1751
1752
1759
1760
1761
1767
1768
1770
1782
1789
1791
1795
1797
1798
1813
1820
1822
1824
1827
1833
1846
1847
1849
1852
1853
1855
1856
1865
1886
1892
1894
1896
1904
1905
1908
1909
1910
1911
1916
1918
1921
1923
1930
1934
1935
1937
1946
1948
1951
1958
1965
1966
1967
1969
1971
1973
1974
1975
1978
1979
1980
1981
1989
1991
1995
1997
2004
2006
2007
2012
2013
2016
2018
2021
2023
2024
2025
2029
2031
2038
2042
2046
2047
2049
2054
2057
2061
2063
2064
2066
2067
2071
2074
2079
2082
2084
2085
2086
2088
2097
2101
2102
2108
2111
2112
2113
2116
2120
2123
2127
2129
2133
2135
2137
2146
2150
2152
2156
2161
2162
2165
2166
2168
2169
2170
2171
2172
2183
2184
2188
2190
2206
2211
2212
2213
2225
2233
2237
2238
2239
2240
2246
2248
2249
2252
2253
2254
2256
2258
2261
2264
2267
2273
2278
2279
2283
2285
2286
2290
2291
2298
2306
2307
2312
2315
2317
2318
2319
2320
2323
2325
2327
2328
2341
2347
2348
2351
2354
2356
2357
2362
2364
2365
2372
2373
2375
2376
2381
2386
2387
2388
2391
2392
2394
2397
2400
2401
2403
2404
2407
2408
2410
2411
2412
2413
2415
2420
2421
2422
2427
2428
2429
2430
2432
2433
2438
2442
2443
2444
2446
2447
2451
2453
2455
2457
2459
2463
2481
2486
2487
2488
2489
2490
2491
2492
2493
2495
2498
2499
2500
2501
2503
2505
2506
2510
2512
2513
2514
2515
2518
2519
2520
2521
2522
2524
2525
2526
2527
2528
2529
2530
2531
2532
2533
2534
2536
2537
2538
2540
2541
2542
2543
2544
2545
2546
2547
2548
2550
2551
2552
2553
2554
2555
2556
2557
2558
2559
2560
2561
2562
2563
2564
2565
2566
2568
2569
2571
2573
2574
2575
2576
2579
2580
2581
2582
2584
2585
2586
2588
2589
2590
2591
2593
2596
2597
2598
2599
2600
2601
2602
2603
2604
2605
2607
2608
2610
2611
2612
2613
2614
2615
2617
2618
2619
2620
2621
2622
2623
2624
2626
2627
2628
2629
2631
2632
2633
2635
2636
2637
2639
2641
2642
2643
2644
2645
2646
2647
2648
2650
2651
2653
2654
2655
2656
2657
2658
2659
2661
2662
2664
2666
2668
2669
2670
2672
2673
2674
2676
2677
2678
2679
2681
2684
2685
2687
2688
2689
2690
2691
2694
2695
2696
2697
2698
2699
2700
2701
2702
2703
2704
2708
2711
2712
2715
2716
2717
2718
2721
2722
2723
2724
2725
2726
2728
2729
2730
2731
2733
2737
2738
2740
2741
2742
2744
2746
2748
2749
2755
2756
2758
2760
2762
2764
2765
2766
2767
2768
2769
2773
2774
2775
2776
2777
2778
2779
2781
2782
2784
2786
2787
2790
2791
2792
2793
2794
2795
2797
2799
2800
2802
2805
2806
2807
2809
2812
2813
2815
2816
2817
2820
2821
2822
2824
2825
2826
2829
2830
2831
2833
2836
2839
2842
2843
2844
2845
2846
2848
2849
2850
2852
2853
2854
2855
2857
2858
2859
2861
2865
2867
2868
2870
2871
2872
2873
2875
2879
2883
2886
2888
2890
2891
2892
2894
2895
2897
2898
2899
2901
2903
2904
2905
2906
2907
2910
2911
2912
2913
2914
2915
2917
2918
2919
2920
2922
2923
2924
2927
2928
2930
2931
2934
2938
2941
2942
2943
2944
2945
2949
2950
2951
2953
2954
2955
2957
2959
2969
2970
2974
2978
2980
2981
2983
2984
2986
2987
2988
2990
2992
2993
2996
2998
3000
3001
3002
3003
3007
3008
3010
3011
3014
3016
3017
3018
3021
3022
3025
3029
3032
3033
3034
3035
3036
3037
3038
3040
3042
3044
3045
3046
3047
3048
3050
3055
3056
3061
3067
3068
3071
3074
3076
3082
3083
3087
3088
3089
3094
3095
3097
3099
3101
3102
3104
3106
3108
3110
3111
3113
3115
3117
3120
3121
3122
3123
3126
3127
3128
3134
3140
3149
3151
3153
3154
3155
3156
3162
3165
3167
3168
3171
3173
3175
3177
3178
3179
3183
3185
3187
3190
3191
3192
3195
3196
3197
3199
3204
3205
3208
3210
3212
3213
3215
3216
3219
3220
3221
3223
3225
3228
3230
3231
3232
3239
3240
3241
3243
3244
3245
3246
3250
3251
3252
3253
3254
3256
3257
3258
3259
3260
3261
3262
3264
3265
3266
3267
3268
3273
3275
3276
3277
3278
3281
3282
3285
3286
3287
3288
3289
3293
3294
3295
3296
3298
3299
3300
3301
3302
3305
3309
3310
3311
3315
3316
3317
3318
3322
3323
3325
3327
3328
3332
3337
3338
3340
3344
3345
3346
3347
3349
3351
3353
3356
3360
3361
3364
3368
3370
3371
3372
3377
3380
3382
3383
3384
3385
3388
3389
3392
3393
3394
3395
3396
3397
3398
3404
3405
3407
3413
3414
3415
3416
3417
3418
3422
3423
3424
3425
3426
3427
3429
3430
3432
3433
3434
3435
3436
3438
3439
3441
3442
3446
3448
3449
3450
3454
3456
3457
3458
3459
3460
3461
3463
3464
3466
3467
3468
3472
3473
3477
3483
3484
3485
3486
3488
3490
3492
3493
3496
3501
3502
3506
3509
3511
3512
3514
3515
3517
3519
3520
3521
3526
3529
3530
3531
3532
3534
3535
3536
3537
3539
3540
3542
3543
3544
3545
3548
3552
3554
3555
3559
3561
3562
3564
3565
3567
3568
3569
3570
3572
3573
3574
3578
3581
3584
3585
3593
3596
3599
3600
3604
3605
3606
3607
3609
3610
3612
3614
3617
3618
3621
3622
3623
3625
3626
3629
3631
3632
3634
3636
3640
3642
3643
3644
3649
3650
3652
3653
3655
3657
3658
3661
3662
3666
3669
3670
3671
3673
3674
3675
3676
3677
3678
3679
3680
3682
3683
3687
3688
3690
3694
3697
3698
3699
3700
3703
3705
3706
3707
3709
3710
3711
3712
3713
3717
3722
3732
3747
3751
3756
3758
3766
3767
3768
3769
3771
3772
3776
3777
3778
3784
3785
3789
3798
3799
3800
3802
3803
3804
3806
3807
3814
3815
3820
3824
3827
3828
3829
3837
3838
3840
3844
3847
3849
3850
3852
3853
3856
3857
3858
3859
3863
3865
3866
3867
3872
3876
3882
3890
3893
3899
3900
3904
3921
3923
3928
3930
3944
3946
3948
3956
3961
3964
3969
3970
3974
3975
3976
3987
3992
3995
3998
4000
4005
4007
4021
4033
4036
4058
4060
4069
4070
4083
4088
4089
4094
4114
4119
4124
4129
4139
4140
4141
4156
4157
4163
4165
4173
4183
4190
4191
4211
4213
4218
4220
4222
4224
4227
4228
4242
4243
4249
4259
4266
4269
4273
4279
4287
4290
4297
4311
4322
4341
4346
4347
4350
4352
4354
4358
4359
4364
4376
4379
4382
4384
4388
4389
4390
4391
4393
4394
4395
4397
4398
4399
4400
4401
4402
4404
4405
4406
4407
4408
4409
4410
4411
4412
4415
4416
4417
4418
4419
4420
4422
4423
4424
4425
4426
4427
4428
4429
4430
4431
4432
4433
4434
4436
4437
4438
4439
4440
4441
4442
4443
4444
4447
4448
4449
4451
4453
4455
4456
4457
4458
4460
4461
4462
4463
4464
4465
4471
4472
4473
4476
4477
4478
4481
4482
4483
4486
4487
4489
4492
4493
4496
4497
4498
4499
4502
4503
4505
4506
4507
4509
4511
4512
4514
4516
4518
4519
4520
4521
4525
4527
4528
4529
4530
4533
4534
4536
4538
4541
4544
4546
4547
4549
4550
4551
4553
4554
4559
4560
4561
4563
4565
4567
4568
4570
4572
4574
4575
4576
4577
4578
4581
4583
4589
4591
4593
4594
4597
4598
4602
4604
4605
4606
4608
4609
4610
4611
4612
4613
4614
4615
4618
4620
4623
4628
4631
4633
4637
4638
4639
4641
4645
4647
4648
4650
4652
4653
4656
4659
4667
4668
4670
4671
4672
4676
4679
4680
4683
4685
4686
4688
4691
4692
4698
4699
4701
4702
4703
4704
4706
4708
4709
4710
4711
4713
4714
4715
4716
4717
4719
4720
4721
4722
4723
4724
4726
4727
4730
4731
4733
4734
4740
4743
4744
4745
4747
4750
4751
4752
4754
4757
4758
4764
4765
4767
4769
4770
4775
4776
4780
4781
4783
4785
4786
4787
4788
4792
4793
4794
4795
4796
4797
4800
4802
4803
4807
4809
4811
4812
4814
4816
4817
4819
4820
4822
4823
4825
4826
4827
4828
4830
4831
4834
4837
4839
4843
4845
4848
4849
4851
4856
4857
4858
4859
4860
4861
4862
4863
4864
4865
4866
4867
4871
4874
4875
4878
4880
4881
4883
4886
4887
4888
4891
4894
4895
4897
4898
4899
4902
4905
4907
4910
4913
4915
4921
4928
4930
4931
4933
4935
4937
4938
4944
4946
4948
4949
4950
4951
4955
4958
4961
4966
4967
4970
4971
4972
4974
4975
4976
4977
4978
4979
4980
4982
4984
4985
4988
4993
4996
4998
5000
5002
5005
5008
5010
5011
5012
5013
5014
5022
5023
5024
5025
5026
5027
5033
5035
5038
5039
5041
5043
5044
5046
5047
5048
5050
5052
5054
5062
5066
5071
5072
5073
5075
5077
5082
5083
5089
5094
5095
5097
5099
5100
5101
5102
5106
5109
5113
5114
5115
5117
5118
5119
5121
5122
5123
5124
5130
5131
5133
5138
5140
5143
5144
5147
5149
5150
5151
5153
5159
5160
5162
5164
5169
5172
5174
5176
5177
5180
5181
5186
5189
5192
5193
5200
5201
5202
5203
5205
5208
5209
5211
5212
5213
5214
5215
5216
5217
5218
5220
5221
5226
5227
5230
5231
5232
5234
5238
5241
5242
5243
5244
5246
5247
5249
5250
5252
5253
5256
5257
5258
5260
5265
5266
5267
5269
5273
5274
5275
5276
5278
5279
5281
5282
5283
5284
5286
5288
5289
5290
5291
5293
5294
5296
5297
5298
5299
5300
5301
5303
5304
5306
5307
5309
5311
5313
5318
5320
5321
5322
5323
5327
5329
5330
5334
5337
5339
5343
5344
5348
5350
5351
5352
5354
5355
5358
5360
5362
5363
5367
5371
5376
5379
5380
5383
5384
5385
5387
5389
5392
5393
5394
5396
5397
5398
5399
5400
5401
5402
5404
5407
5408
5409
5410
5411
5412
5415
5417
5418
5420
5421
5423
5424
5430
5434
5437
5439
5440
5442
5443
5445
5449
5450
5451
5452
5459
5463
5464
5465
5470
5471
5473
5474
5475
5476
5477
5479
5481
5482
5496
5499
5502
5509
5510
5511
5518
5519
5520
5523
5526
5535
5540
5546
5553
5556
5563
5565
5567
5572
5575
5582
5587
5592
5594
5599
5601
5607
5608
5611
5616
5619
5622
5624
5628
5630
5632
5637
5638
5644
5647
5648
5649
5650
5653
5658
5659
5662
5663
5668
5669
5670
5672
5673
5675
5677
5679
5680
5685
5686
5687
5689
5691
5692
5694
5695
5718
5723
5726
5730
5734
5735
5737
5739
5742
5743
5746
5747
5748
5752
5753
5754
5755
5758
5760
5761
5764
5768
5770
5771
5781
5783
5788
5790
5794
5802
5804
5805
5806
5808
5810
5811
5815
5816
5820
5821
5822
5823
5825
5826
5829
5831
5843
5845
5851
5860
5861
5867
5870
5876
5879
5880
5882
5883
5885
5886
5888
5891
5892
5897
5899
5900
5905
5912
5920
5923
5928
5945
5953
5954
5955
5956
5960
5961
5963
5964
5972
5974
5978
5979
5989
5994
5996
5998
6000
6004
6009
6015
6016
6021
6025
6028
6029
6031
6034
6037
6041
6054
6055
6061
6063
6065
6069
6072
6077
6078
6079
6084
6087
6089
6090
6091
6095
6096
6097
6101
6105
6107
6108
6111
6114
6115
6119
6120
6121
6122
6124
6126
6128
6129
6131
6132
6134
6136
6140
6141
6142
6144
6146
6149
6151
6152
6153
6156
6157
6158
6159
6162
6165
6168
6169
6170
6171
6173
6175
6177
6178
6188
6190
6194
6195
6198
6199
6200
6201
6202
6203
6204
6205
6206
6207
6208
6209
6210
6212
6213
6215
6217
6218
6219
6220
6223
6224
6227
6228
6229
6232
6233
6234
6235
6237
6238
6239
6240
6241
6242
6243
6246
6247
6249
6250
6251
6252
6254
6255
6256
6257
6258
6259
6260
6261
6262
6263
6264
6265
6266
6267
6268
6269
6270
6272
6273
6274
6275
6276
6277
6279
6280
6282
6283
6285
6286
6287
6288
6289
6290
6291
6292
6293
6294
6295
6296
6297
6298
6299
6300
6302
6303
6304
6305
6306
6308
6309
6310
6311
6312
6313
6314
6315
6316
6317
6318
6319
6320
6321
6322
6323
6325
6326
6327
6328
6329
6330
6331
6333
6334
6335
6337
6338
6340
6341
6342
6344
6345
6347
6348
6350
6351
6352
6353
6354
6355
6356
6358
6359
6360
6361
6362
6364
6365
6366
6367
6368
6369
6372
6374
6375
6378
6379
6381
6382
6384
6386
6387
6388
6389
6390
6391
6392
6393
6396
6397
6398
6399
6401
6402
6403
6404
6405
6406
6407
6408
6411
6412
6413
6414
6415
6416
6417
6418
6423
6425
6426
6429
6430
6431
6432
6433
6434
6435
6438
6440
6442
6443
6444
6445
6447
6448
6450
6451
6452
6453
6454
6455
6456
6457
6458
6459
6460
6461
6462
6463
6467
6468
6469
6472
6473
6474
6475
6476
6478
6479
6480
6481
6487
6488
6489
6490
6493
6498
6499
6502
6505
6509
6511
6512
6513
6514
6515
6516
6520
6521
6523
6526
6527
6529
6531
6533
6536
6537
6538
6539
6540
6543
6544
6545
6546
6547
6549
6550
6551
6552
6553
6555
6556
6558
6559
6560
6562
6563
6565
6566
6567
6568
6569
6572
6573
6579
6580
6582
6584
6585
6586
6587
6588
6590
6591
6593
6595
6596
6597
6601
6602
6604
6605
6607
6608
6609
6611
6612
6613
6616
6617
6618
6620
6621
6622
6623
6624
6625
6627
6628
6629
6631
6632
6633
6634
6636
6639
6640
6642
6644
6647
6648
6651
6652
6654
6655
6656
6657
6658
6661
6663
6664
6665
6666
6668
6671
6673
6677
6678
6680
6682
6683
6684
6685
6688
6690
6691
6694
6697
6698
6700
6701
6702
6703
6704
6705
6706
6707
6708
6710
6712
6714
6715
6716
6717
6718
6720
6722
6725
6730
6731
6732
6733
6734
6736
6737
6739
6740
6741
6743
6744
6747
6749
6751
6752
6753
6754
6755
6756
6759
6760
6762
6767
6768
6769
6770
6774
6775
6777
6779
6781
6782
6783
6784
6788
6790
6792
6794
6796
6802
6805
6807
6808
6810
6813
6816
6820
6824
6825
6831
6834
6835
6836
6837
6838
6841
6842
6845
6852
6855
6862
6863
6864
6867
6869
6871
6872
6876
6878
6879
6881
6882
6883
6885
6887
6888
6891
6893
6895
6896
6899
6900
6902
6906
6908
6909
6910
6911
6914
6919
6922
6923
6924
6927
6928
6933
6934
6937
6939
6943
6946
6947
6950
6953
6955
6956
6957
6958
6959
6963
6964
6965
6967
6968
6972
6975
6977
6978
6979
6980
6981
6982
6983
6986
6990
6991
6992
6994
6996
6999
7000
7001
7002
7004
7005
7007
7008
7010
7011
7012
7013
7015
7019
7020
7021
7023
7026
7029
7030
7031
7032
7033
7035
7037
7038
7040
7043
7046
7048
7051
7053
7054
7056
7057
7058
7059
7060
7061
7063
7065
7070
7073
7074
7075
7079
7082
7083
7084
7085
7089
7091
7093
7094
7096
7097
7098
7099
7101
7102
7103
7106
7107
7108
7111
7119
7121
7127
7128
7129
7130
7131
7135
7136
7138
7139
7141
7142
7143
7144
7147
7148
7149
7150
7151
7153
7154
7156
7159
7160
7161
7164
7171
7172
7175
7178
7179
7180
7181
7182
7184
7186
7187
7188
7189
7191
7197
7198
7199
7200
7201
7203
7204
7205
7206
7207
7209
7210
7211
7213
7215
7216
7220
7223
7226
7228
7229
7231
7233
7234
7235
7238
7243
7244
7245
7246
7247
7249
7250
7253
7254
7256
7257
7258
7262
7264
7269
7270
7271
7272
7274
7275
7276
7277
7281
7282
7284
7285
7286
7288
7292
7296
7297
7300
7302
7306
7307
7314
7316
7320
7322
7324
7327
7328
7330
7331
7332
7333
7334
7335
7336
7337
7338
7343
7345
7348
7349
7350
7351
7352
7356
7357
7364
7366
7367
7371
7372
7374
7375
7376
7377
7380
7381
7382
7383
7384
7385
7386
7387
7388
7389
7390
7391
7392
7393
7394
7395
7396
7398
7401
7402
7403
7404
7405
7406
7408
7410
7412
7413
7416
7417
7419
7426
7430
7448
7454
7459
7499
7502
7507
7508
7509
7511
7515
7518
7527
7530
7533
7540
7542
7552
7554
7555
7563
7568
7571
7574
7576
7581
7583
7587
7593
7596
7614
7618
7634
7644
7647
7651
7673
7686
7687
7689
7699
7702
7714
7719
7724
7777
7783
7785
7802
7807
7820
7824
7839
7841
7853
7855
7870
7881
7882
7892
7913
7927
7936
7952
7988
8013
8055
8057
8074
8077
8082
8102
8103
8104
8107
8108
8109
8111
8112
8113
8114
8115
8116
8118
8119
8120
8121
8122
8128
8130
8131
8132
8133
8134
8135
8136
8137
8138
8139
8140
8141
8142
8144
8146
8147
8148
8149
8150
8152
8153
8154
8155
8156
8157
8158
8159
8160
8161
8163
8167
8170
8174
8175
8176
8179
8180
8182
8184
8185
8186
8187
8188
8190
8194
8196
8197
8198
8201
8202
8203
8207
8210
8213
8214
8215
8216
8219
8220
8221
8223
8224
8226
8229
8233
8234
8235
8237
8239
8240
8241
8242
8244
8246
8247
8248
8249
8252
8259
8260
8261
8263
8264
8265
8270
8272
8273
8274
8277
8279
8280
8286
8289
8290
8291
8296
8299
8300
8302
8303
8308
8310
8311
8316
8318
8319
8320
8326
8327
8328
8329
8331
8332
8334
8337
8345
8347
8351
8353
8358
8359
8360
8361
8366
8369
8371
8373
8383
8384
8390
8393
8394
8395
8398
8402
8404
8405
8407
8410
8413
8415
8417
8418
8422
8423
8430
8436
8438
8439
8440
8444
8445
8446
8447
8451
8454
8455
8457
8458
8459
8462
8465
8466
8467
8471
8472
8473
8478
8479
8481
8484
8485
8488
8491
8495
8497
8500
8501
8502
8504
8506
8508
8510
8511
8512
8514
8515
8517
8519
8521
8522
8523
8525
8526
8529
8530
8531
8537
8538
8540
8541
8544
8549
8550
8551
8553
8556
8562
8563
8577
8578
8580
8581
8590
8592
8594
8598
8602
8605
8606
8608
8611
8615
8619
8624
8625
8627
8633
8635
8636
8640
8644
8645
8649
8663
8665
8666
8667
8668
8677
8678
8679
8680
8681
8682
8684
8685
8689
8690
8692
8693
8701
8707
8709
8710
8716
8720
8722
8723
8725
8728
8740
8741
8747
8752
8753
8755
8758
8760
8762
8763
8764
8766
8767
8773
8774
8776
8777
8781
8786
8787
8789
8792
8794
8796
8797
8802
8803
8804
8805
8813
8814
8815
8817
8821
8826
8828
8831
8833
8835
8838
8844
8849
8850
8851
8855
8863
8864
8867
8868
8873
8876
8877
8885
8889
8892
8893
8894
8895
8902
8906
8907
8910
8911
8915
8916
8917
8922
8923
8925
8927
8929
8932
8934
8935
8939
8940
8943
8944
8947
8948
8952
8956
8957
8960
8961
8963
8964
8966
8968
8979
8985
8989
8990
8992
8997
9002
9007
9009
9013
9017
9018
9021
9027
9035
9039
9043
9045
9051
9054
9061
9069
9071
9072
9076
9079
9080
9081
9085
9086
9090
9092
9099
9101
9106
9110
9114
9115
9121
9125
9126
9137
9144
9150
9151
9154
9156
9157
9159
9161
9162
9164
9176
9178
9181
9187
9189
9193
9195
9196
9206
9214
9216
9235
9237
9238
9241
9247
9248
9249
9250
9255
9270
9273
9274
9276
9277
9283
9292
9294
9297
9299
9300
9311
9318
9319
9325
9328
9332
9333
9335
9336
9338
9339
9340
9344
9351
9352
9354
9362
9365
9368
9372
9376
9378
9379
9380
9381
9383
9385
9389
9393
9394
9395
9398
9399
9402
9403
9406
9408
9415
9419
9440
9444
9449
9451
9453
9456
9474
9493
9494
9495
9507
9513
9524
9530
9540
9569
9574
9584
9585
9589
9591
9592
9593
9594
9596
9597
9600
9610
9615
9619
9636
9657
9667
9675
9688
9704
9714
9717
9724
9725
9726
9728
9730
9734
9735
9743
9745
9747
9751
9753
9756
9757
9762
9769
9772
9779
9780
9782
9784
9785
9786
9789
9792
9794
9802
9807
9810
9811
9812
9813
9815
9816
9819
9821
9822
9825
9826
9833
9834
9835
9838
9842
9843
9846
9848
9849
9850
9856
9859
9860
9863
9870
9871
9872
9880
9883
9885
9887
9889
9890
9891
9902
9905
9911
9915
9916
9917
9918
9919
9920
9921
9923
9924
9925
9926
9927
9928
9929
9931
9932
9933
9934
9935
9937
9938
9939
9940
9941
9942
9943
9945
9946
9947
9948
9949
9950
9952
9953
9954
9955
9956
9957
9958
9959
9960
9961
9962
9966
9968
9969
9970
9971
9972
9973
9974
9977
9978
9980
9981
9983
9984
9985
9986
9987
9988
9989
9990
9991
9992
9993
9994
9995
9996
9997
9998
9999
10001
10002
10003
10005
10006
10009
10010
10011
10012
10013
10014
10015
10016
10020
10023
10024
10025
10026
10029
10030
10032
10033
10034
10035
10036
10037
10038
10040
10041
10042
10043
10044
10045
10046
10047
10048
10049
10050
10051
10052
10054
10055
10056
10059
10060
10061
10062
10063
10064
10065
10069
10072
10073
10074
10075
10076
10077
10078
10079
10081
10082
10083
10084
10086
10087
10088
10089
10090
10091
10094
10096
10097
10098
10099
10100
10102
10103
10104
10105
10106
10107
10109
10110
10111
10112
10114
10115
10117
10119
10120
10121
10124
10126
10127
10128
10129
10130
10131
10132
10133
10134
10135
10137
10139
10140
10141
10144
10145
10146
10148
10149
10150
10151
10152
10153
10156
10157
10158
10159
10161
10162
10163
10164
10165
10166
10168
10170
10172
10174
10175
10177
10179
10181
10183
10185
10188
10192
10194
10199
10200
10201
10202
10203
10204
10205
10207
10209
10210
10212
10213
10216
10217
10222
10223
10228
10229
10230
10231
10233
10234
10235
10238
10240
10243
10245
10246
10247
10248
10249
10250
10254
10256
10257
10258
10264
10265
10266
10270
10272
10273
10278
10280
10282
10283
10286
10287
10291
10293
10295
10298
10300
10301
10302
10304
10305
10309
10311
10314
10315
10318
10319
10320
10322
10325
10326
10329
10330
10332
10334
10335
10337
10338
10339
10341
10342
10343
10345
10346
10347
10348
10353
10356
10358
10362
10363
10365
10366
10367
10369
10370
10371
10373
10376
10378
10379
10382
10385
10386
10387
10389
10390
10391
10392
10395
10396
10401
10402
10403
10406
10407
10408
10409
10411
10412
10414
10416
10417
10419
10421
10422
10424
10426
10429
10431
10435
10438
10439
10441
10442
10444
10445
10447
10448
10449
10450
10453
10457
10458
10461
10463
10464
10465
10466
10468
10470
10473
10474
10476
10477
10480
10483
10488
10489
10491
10494
10495
10496
10498
10500
10501
10502
10511
10512
10513
10515
10516
10520
10523
10527
10529
10532
10536
10548
10549
10550
10551
10554
10555
10556
10562
10572
10573
10576
10577
10578
10582
10583
10590
10600
10601
10602
10608
10610
10613
10614
10620
10623
10624
10628
10630
10632
10636
10640
10641
10643
10646
10647
10648
10650
10651
10656
10659
10660
10662
10663
10665
10666
10667
10669
10670
10676
10681
10682
10683
10684
10685
10686
10689
10690
10692
10693
10694
10696
10704
10705
10706
10710
10713
10714
10715
10716
10717
10721
10724
10725
10726
10727
10729
10730
10735
10740
10743
10745
10746
10749
10754
10755
10757
10758
10760
10762
10765
10775
10777
10779
10784
10785
10788
10793
10798
10799
10803
10806
10807
10808
10810
10813
10816
10817
10819
10821
10822
10826
10827
10833
10835
10836
10838
10839
10840
10841
10842
10844
10845
10847
10849
10853
10854
10855
10856
10857
10858
10859
10862
10863
10864
10866
10867
10868
10874
10875
10876
10877
10878
10882
10885
10886
10887
10890
10891
10892
10894
10895
10896
10901
10902
10904
10905
10908
10909
10911
10913
10914
10916
10917
10918
10922
10924
10925
10927
10928
10930
10931
10933
10934
10936
10937
10938
10942
10943
10945
10947
10949
10954
10957
10958
10960
10963
10964
10965
10966
10967
10970
10971
10972
10973
10976
10983
10984
10985
10987
10989
10990
10994
10995
10996
10998
11002
11005
11006
11013
11016
11018
11021
11023
11025
11027
11028
11029
11030
11031
11033
11035
11036
11037
11038
11040
11041
11042
11045
11046
11048
11049
11053
11057
11059
11062
11064
11065
11068
11070
11071
11073
11078
11080
11081
11085
11086
11088
11090
11091
11093
11095
11097
11100
11101
11102
11103
11104
11106
11110
11115
11116
11119
11120
11121
11122
11124
11126
11127
11133
11135
11136
11137
11138
11141
11170
11171
11177
11178
11180
11183
11194
11195
11197
11199
11201
11204
11210
11212
11221
11222
11230
11232
11240
11241
11242
11243
11247
11250
11256
11257
11260
11265
11266
11268
11270
11271
11272
11275
11277
11279
11284
11286
11293
11300
11301
11304
11310
11312
11321
11349
11356
11358
11361
11368
11374
11390
11400
11411
11419
11424
11429
11442
11443
11445
11461
11463
11468
11476
11482
11491
11493
11496
11498
11528
11529
11530
11557
11564
11567
11569
11576
11612
11622
11626
11630
11633
11635
11639
11641
11648
11658
11662
11663
11670
11671
11678
11681
11694
11704
11714
11725
11732
11736
11744
11761
11765
11773
11784
11796
11806
11807
11816
11818
11820
11822
11823
11824
11825
11826
11828
11829
11830
11832
11833
11834
11835
11836
11837
11838
11839
11840
11842
11845
11846
11847
11848
11849
11850
11851
11852
11853
11854
11855
11856
11857
11860
11861
11862
11863
11864
11866
11867
11869
11870
11871
11872
11873
11875
11876
11877
11880
11882
11883
11884
11888
11889
11890
11891
11892
11893
11899
11900
11901
11902
11903
11904
11907
11908
11909
11911
11912
11913
11914
11915
11917
11921
11923
11924
11926
11927
11929
11930
11931
11933
11934
11936
11938
11940
11941
11943
11944
11945
11947
11948
11949
11953
11954
11956
11957
11958
11961
11963
11966
11972
11973
11974
11975
11977
11978
11979
11981
11982
11983
11985
11986
11987
11989
11991
11992
11993
11994
11998
12000
12003
12004
12005
12007
12008
12010
12015
12016
12024
12026
12030
12032
12034
12035
12037
12040
12041
12042
12043
12044
12046
12051
12052
12053
12058
12059
12061
12063
12064
12065
12066
12067
12070
12072
12073
12074
12076
12080
12082
12084
12086
12087
12088
12090
12093
12095
12098
12099
12100
12101
12104
12107
12108
12111
12114
12116
12119
12120
12123
12127
12129
12130
12132
12133
12134
12135
12136
12137
12139
12141
12142
12143
12144
12145
12148
12150
12151
12153
12154
12155
12156
12158
12162
12169
12171
12174
12176
12179
12180
12186
12187
12190
12192
12195
12198
12199
12203
12204
12205
12208
12211
12213
12215
12216
12217
12219
12220
12221
12222
12224
12225
12226
12228
12229
12230
12233
12235
12239
12240
12241
12242
12244
12247
12249
12250
12253
12254
12255
12256
12263
12264
12265
12266
12268
12270
12271
12276
12277
12289
12292
12293
12294
12295
12299
12302
12304
12305
12306
12307
12310
12311
12313
12314
12316
12317
12319
12320
12323
12327
12333
12334
12335
12338
12340
12341
12342
12345
12347
12349
12350
12351
12353
12358
12359
12361
12363
12364
12365
12370
12372
12374
12375
12376
12377
12378
12379
12380
12381
12382
12383
12386
12391
12394
12395
12396
12398
12399
12401
12402
12408
12410
12412
12413
12415
12418
12419
12422
12427
12437
12440
12441
12447
12452
12453
12455
12461
12466
12467
12469
12472
12473
12474
12475
12476
12477
12480
12481
12482
12484
12485
12487
12490
12491
12496
12498
12499
12505
12506
12512
12516
12517
12518
12519
12521
12525
12528
12529
12530
12532
12536
12538
12540
12542
12544
12545
12550
12552
12553
12558
12560
12563
12566
12569
12571
12574
12576
12578
12579
12581
12593
12598
12599
12600
12601
12603
12605
12606
12607
12610
12614
12615
12620
12621
12622
12629
12630
12637
12639
12644
12646
12649
12653
12655
12660
12662
12666
12667
12670
12671
12674
12677
12681
12685
12686
12689
12693
12697
12698
12699
12701
12703
12704
12705
12706
12709
12711
12714
12716
12718
12719
12721
12726
12727
12730
12731
12732
12740
12741
12746
12749
12752
12755
12756
12757
12758
12760
12761
12762
12767
12768
12771
12780
12786
12790
12793
12794
12801
12803
12804
12811
12812
12820
12821
12822
12829
12832
12835
12839
12840
12843
12844
12847
12851
12852
12857
12861
12862
12865
12868
12870
12874
12876
12879
12888
12889
12891
12893
12898
12901
12902
12903
12904
12909
12912
12915
12917
12924
12929
12932
12938
12940
12944
12947
12949
12951
12955
12960
12963
12964
12966
12970
12973
12977
12984
12986
12987
12993
13000
13002
13008
13009
13017
13019
13020
13024
13028
13034
13036
13038
13039
13042
13044
13046
13047
13049
13050
13052
13053
13054
13056
13060
13068
13070
13075
13079
13080
13086
13087
13090
13092
13096
13097
13098
13099
13100
13102
13103
13104
13105
13107
13113
13114
13116
13117
13123
13128
13133
13144
13150
13154
13156
13160
13163
13166
13167
13170
13171
13173
13175
13176
13183
13185
13189
13196
13197
13199
13208
13210
13213
13220
13223
13226
13228
13230
13236
13243
13244
13248
13250
13254
13265
13269
13271
13275
13279
13283
13287
13288
13292
13296
13303
13305
13307
13308
13310
13311
13313
13316
13320
13325
13332
13345
13347
13348
13349
13357
13358
13365
13370
13372
13379
13381
13387
13390
13394
13402
13410
13413
13417
13418
13421
13424
13426
13429
13431
13433
13437
13440
13442
13444
13445
13448
13449
13457
13461
13462
13466
13467
13469
13473
13475
13483
13486
13488
13493
13497
13498
13499
13500
13505
13507
13510
13512
13516
13517
13518
13519
13521
13524
13526
13527
13529
13530
13531
13532
13533
13535
13536
13537
13541
13542
13549
13552
13557
13560
13562
13563
13564
13565
13567
13568
13570
13571
13572
13574
13577
13580
13581
13585
13586
13587
13592
13593
13594
13597
13599
13600
13603
13605
13610
13611
13616
13618
13619
13627
13628
13629
13630
13631
13632
13633
13634
13635
13636
13637
13638
13640
13641
13642
13645
13646
13647
13648
13651
13652
13653
13654
13655
13656
13657
13658
13659
13660
13662
13663
13666
13667
13668
13669
13670
13671
13672
13673
13674
13675
13676
13678
13679
13680
13681
13682
13683
13684
13685
13686
13687
13688
13691
13692
13693
13694
13695
13699
13701
13702
13703
13704
13705
13707
13708
13709
13710
13711
13713
13714
13715
13716
13717
13718
13719
13720
13721
13722
13723
13724
13726
13727
13728
13730
13732
13734
13738
13739
13740
13743
13744
13746
13747
13749
13750
13753
13754
13756
13757
13759
13760
13761
13762
13763
13764
13765
13766
13768
13769
13770
13771
13772
13773
13775
13776
13777
13778
13779
13781
13782
13783
13784
13785
13787
13789
13790
13792
13793
13795
13796
13797
13800
13802
13803
13805
13806
13808
13810
13811
13812
13814
13817
13818
13819
13820
13821
13822
13823
13826
13827
13828
13831
13832
13833
13834
13835
13836
13837
13838
13839
13840
13841
13842
13843
13845
13846
13848
13850
13851
13853
13854
13856
13857
13858
13859
13860
13861
13862
13863
13864
13865
13867
13868
13872
13873
13874
13876
13878
13882
13883
13884
13885
13886
13889
13891
13894
13896
13897
13901
13902
13903
13904
13906
13907
13908
13909
13913
13915
13916
13918
13919
13921
13923
13924
13926
13927
13931
13932
13933
13934
13937
13939
13941
13942
13944
13947
13951
13952
13953
13955
13957
13958
13959
13960
13961
13963
13964
13966
13967
13968
13970
13971
13972
13973
13975
13977
13979
13981
13983
13986
13987
13988
13990
13991
13994
13995
13996
13997
13999
14000
14001
14007
14009
14010
14011
14012
14013
14016
14019
14024
14025
14026
14028
14029
14030
14032
14033
14034
14036
14037
14039
14040
14043
14044
14046
14048
14052
14053
14054
14055
14056
14057
14058
14059
14060
14061
14062
14065
14066
14067
14068
14070
14071
14072
14073
14077
14079
14080
14081
14082
14083
14084
14086
14087
14090
14091
14094
14095
14101
14108
14110
14111
14112
14113
14115
14118
14122
14123
14125
14126
14128
14129
14130
14132
14134
14135
14136
14138
14140
14142
14143
14144
14145
14148
14150
14152
14153
14155
14156
14158
14159
14160
14161
14164
14165
14166
14169
14174
14175
14176
14177
14178
14179
14180
14182
14183
14184
14185
14186
14187
14189
14190
14191
14192
14193
14201
14202
14203
14205
14208
14209
14215
14216
14217
14218
14221
14225
14227
14228
14230
14231
14232
14233
14234
14240
14241
14243
14249
14250
14252
14253
14257
14262
14266
14269
14270
14272
14273
14276
14280
14288
14290
14291
14296
14298
14304
14306
14307
14308
14309
14313
14315
14316
14321
14324
14325
14327
14329
14332
14334
14336
14337
14341
14342
14347
14350
14355
14357
14359
14361
14364
14365
14367
14370
14372
14374
14381
14382
14383
14385
14387
14392
14393
14395
14397
14398
14399
14400
14403
14405
14406
14408
14409
14414
14418
14419
14420
14423
14424
14425
14429
14430
14431
14433
14435
14439
14440
14443
14444
14446
14447
14448
14449
14453
14454
14457
14458
14460
14461
14464
14474
14476
14479
14482
14485
14486
14487
14491
14493
14496
14498
14499
14500
14502
14507
14509
14513
14520
14521
14522
14523
14526
14527
14528
14530
14531
14534
14536
14537
14538
14540
14548
14549
14553
14554
14555
14556
14563
14564
14569
14570
14572
14573
14577
14578
14581
14584
14590
14591
14592
14595
14596
14600
14601
14602
14605
14608
14609
14610
14613
14614
14615
14619
14620
14624
14625
14626
14627
14628
14630
14631
14634
14636
14637
14639
14640
14642
14643
14651
14655
14656
14659
14660
14662
14663
14666
14668
14671
14672
14673
14674
14675
14676
14677
14678
14679
14681
14682
14684
14686
14687
14689
14690
14691
14696
14697
14699
14703
14704
14705
14706
14708
14710
14711
14712
14715
14716
14717
14720
14722
14723
14725
14727
14730
14734
14737
14740
14741
14742
14744
14745
14746
14750
14752
14754
14756
14759
14762
14764
14765
14767
14770
14771
14772
14773
14774
14775
14779
14780
14782
14783
14784
14785
14786
14789
14791
14794
14795
14796
14797
14799
14800
14801
14802
14803
14804
14807
14809
14811
14814
14815
14816
14817
14818
14819
14821
14824
14829
14830
14836
14838
14840
14841
14843
14844
14847
14848
14849
14850
14852
14853
14854
14855
14858
14866
14889
14891
14892
14895
14923
14935
14945
14946
14965
14970
14981
14983
14993
14994
14995
14996
15000
15004
15005
15017
15020
15039
15041
15046
15062
15092
15114
15120
15152
15183
15188
15189
15198
15202
15233
15252
15253
15291
15306
15312
15314
15336
15355
15373
15375
15389
15391
15407
15428
15429
15431
15450
15453
15487
15490
15492
15526
15533
15535
15536
15537
15538
15539
15540
15541
15542
15543
15544
15545
15546
15547
15548
15549
15550
15551
15552
15556
15557
15560
15561
15562
15563
15564
15565
15566
15567
15568
15569
15570
15571
15572
15574
15575
15576
15578
15579
15580
15581
15582
15583
15584
15588
15589
15591
15594
15595
15597
15600
15602
15603
15604
15606
15608
15609
15613
15614
15615
15616
15618
15620
15624
15626
15628
15629
15630
15631
15633
15634
15635
15638
15644
15645
15647
15648
15652
15657
15660
15661
15667
15668
15669
15670
15672
15674
15677
15679
15683
15686
15689
15693
15696
15697
15698
15703
15706
15707
15708
15712
15714
15718
15719
15720
15723
15724
15737
15738
15740
15743
15744
15746
15756
15757
15758
15759
15760
15762
15763
15768
15769
15770
15774
15775
15778
15779
15781
15784
15787
15790
15791
15793
15794
15798
15801
15803
15805
15807
15809
15818
15819
15821
15822
15825
15828
15829
15830
15835
15838
15841
15842
15843
15844
15851
15858
15862
15863
15866
15868
15869
15870
15876
15878
15879
15882
15883
15885
15888
15890
15893
15894
15899
15900
15901
15903
15906
15907
15909
15910
15911
15912
15917
15922
15923
15925
15927
15928
15929
15934
15936
15937
15939
15940
15941
15942
15943
15944
15946
15947
15949
15953
15954
15956
15957
15958
15962
15963
15964
15965
15966
15967
15968
15969
15970
15973
15977
15986
15987
15989
15991
15997
16001
16002
16006
16008
16009
16017
16018
16020
16034
16036
16037
16041
16042
16046
16047
16049
16052
16054
16057
16061
16064
16069
16072
16073
16075
16077
16091
16093
16095
16104
16108
16109
16112
16114
16118
16121
16122
16124
16125
16126
16128
16131
16135
16143
16144
16151
16152
16153
16154
16155
16157
16158
16159
16165
16167
16177
16180
16183
16186
16188
16191
16192
16194
16195
16196
16198
16206
16207
16208
16209
16214
16215
16219
16220
16221
16224
16225
16226
16227
16228
16229
16231
16232
16233
16234
16235
16242
16243
16247
16251
16252
16254
16255
16259
16262
16267
16269
16272
16283
16284
16286
16292
16294
16295
16301
16302
16303
16304
16312
16313
16316
16317
16321
16327
16328
16330
16331
16334
16335
16339
16341
16344
16348
16350
16351
16353
16356
16366
16367
16369
16372
16376
16380
16385
16389
16391
16392
16411
16412
16418
16422
16423
16424
16425
16427
16435
16436
16443
16445
16446
16448
16449
16456
16459
16471
16479
16484
16493
16498
16500
16501
16504
16510
16511
16515
16518
16521
16524
16527
16528
16529
16532
16534
16536
16538
16549
16551
16553
16554
16555
16556
16557
16560
16565
16566
16572
16574
16576
16578
16579
16581
16585
16588
16609
16616
16618
16622
16623
16624
16626
16637
16642
16643
16651
16654
16661
16663
16665
16666
16669
16677
16684
16698
16701
16702
16704
16710
16711
16719
16725
16739
16743
16745
16746
16748
16753
16754
16758
16760
16762
16763
16764
16766
16767
16768
16774
16778
16780
16787
16790
16792
16793
16796
16800
16803
16810
16813
16816
16817
16823
16827
16831
16834
16847
16850
16853
16868
16872
16873
16879
16884
16887
16889
16894
16895
16901
16906
16914
16919
16922
16929
16940
16945
16954
16968
16969
16972
16979
16981
16982
16983
16989
16993
17000
17009
17012
17015
17017
17018
17019
17022
17024
17027
17028
17030
17039
17041
17044
17045
17050
17060
17062
17063
17066
17074
17079
17087
17095
17100
17104
17108
17114
17119
17132
17138
17144
17150
17158
17162
17163
17168
17171
17172
17174
17175
17179
17184
17187
17192
17197
17202
17205
17207
17210
17211
17212
17213
17216
17218
17220
17225
17226
17228
17231
17234
17236
17237
17239
17243
17247
17249
17250
17251
17252
17253
17256
17257
17259
17260
17262
17266
17271
17272
17276
17277
17278
17279
17285
17287
17290
17291
17292
17299
17300
17301
17303
17305
17313
17315
17319
17320
17321
17328
17330
17331
17333
17334
17335
17342
17343
17344
17345
17346
17347
17348
17349
17350
17352
17357
17359
17360
17361
17362
17366
17367
17368
17369
17370
17371
17374
17375
17376
17380
17382
17383
17384
17385
17386
17387
17388
17389
17390
17391
17392
17393
17394
17396
17398
17399
17400
17401
17402
17403
17404
17406
17408
17409
17410
17412
17414
17416
17417
17418
17419
17420
17424
17425
17426
17427
17429
17430
17432
17434
17436
17437
17438
17439
17440
17441
17442
17445
17446
17447
17450
17452
17453
17454
17455
17457
17460
17461
17463
17465
17467
17468
17470
17472
17473
17474
17475
17476
17477
17482
17483
17484
17486
17487
17488
17489
17490
17492
17493
17495
17497
17498
17499
17500
17502
17503
17504
17507
17508
17511
17512
17513
17514
17516
17517
17518
17519
17520
17522
17523
17524
17525
17528
17532
17534
17535
17536
17537
17540
17541
17542
17544
17545
17548
17549
17551
17553
17555
17556
17557
17559
17562
17563
17566
17568
17570
17571
17572
17574
17576
17578
17580
17581
17582
17584
17585
17587
17589
17592
17594
17596
17597
17600
17603
17604
17605
17608
17611
17613
17614
17615
17617
17618
17619
17620
17623
17625
17629
17630
17632
17633
17636
17640
17643
17644
17646
17648
17649
17650
17651
17652
17653
17655
17656
17657
17658
17660
17668
17669
17670
17671
17672
17674
17677
17681
17682
17685
17686
17687
17693
17696
17697
17698
17699
17700
17701
17702
17704
17705
17708
17710
17711
17715
17717
17721
17722
17723
17724
17725
17726
17727
17732
17737
17738
17739
17740
17741
17742
17744
17746
17748
17751
17753
17754
17755
17757
17758
17759
17760
17762
17763
17765
17767
17768
17769
17770
17771
17773
17774
17775
17777
17784
17785
17786
17789
17791
17793
17794
17795
17798
17799
17800
17801
17802
17803
17805
17808
17809
17810
17812
17813
17815
17825
17827
17828
17829
17831
17836
17837
17839
17840
17842
17844
17845
17846
17847
17848
17849
17850
17851
17852
17854
17856
17857
17859
17862
17866
17867
17869
17871
17872
17874
17875
17877
17880
17886
17887
17889
17890
17891
17892
17893
17894
17895
17896
17898
17901
17902
17903
17904
17905
17908
17911
17917
17921
17923
17926
17927
17929
17930
17932
17934
17938
17941
17942
17943
17955
17958
17963
17964
17966
17967
17969
17976
17977
17979
17981
17982
17983
17984
17987
17988
17990
17994
17995
17996
17997
18000
18002
18005
18006
18007
18010
18011
18012
18015
18023
18027
18028
18029
18030
18035
18036
18039
18040
18041
18046
18047
18049
18051
18052
18053
18054
18056
18057
18060
18061
18063
18064
18067
18069
18071
18072
18074
18075
18076
18077
18079
18081
18086
18089
18094
18095
18096
18098
18099
18104
18106
18108
18109
18112
18113
18114
18117
18123
18124
18125
18132
18134
18135
18136
18138
18142
18144
18146
18149
18153
18154
18157
18158
18159
18161
18167
18171
18173
18174
18177
18180
18181
18185
18193
18194
18196
18197
18199
18201
18202
18203
18204
18205
18206
18207
18214
18216
18218
18220
18221
18223
18224
18225
18226
18231
18234
18235
18236
18239
18240
18241
18244
18245
18246
18248
18249
18250
18251
18252
18254
18260
18262
18263
18264
18265
18266
18269
18270
18272
18278
18279
18281
18282
18286
18289
18290
18292
18295
18296
18298
18302
18304
18305
18306
18311
18312
18313
18315
18322
18323
18328
18336
18338
18339
18341
18342
18344
18346
18348
18349
18352
18353
18355
18356
18357
18362
18363
18365
18368
18370
18371
18372
18373
18375
18376
18377
18379
18385
18388
18390
18391
18395
18396
18398
18400
18401
18402
18404
18405
18408
18409
18417
18418
18423
18424
18426
18428
18429
18430
18431
18434
18436
18437
18441
18442
18444
18446
18448
18456
18458
18460
18464
18465
18468
18469
18470
18474
18475
18478
18482
18485
18487
18488
18490
18491
18492
18494
18496
18498
18499
18500
18501
18506
18508
18509
18513
18514
18516
18517
18519
18521
18527
18528
18529
18530
18532
18538
18543
18544
18547
18548
18549
18550
18551
18553
18554
18555
18556
18558
18559
18561
18562
18563
18564
18565
18566
18568
18569
18570
18572
18573
18578
18579
18583
18594
18596
18602
18607
18608
18610
18611
18626
18628
18631
18632
18639
18640
18659
18660
18664
18666
18667
18670
18671
18683
18686
18690
18691
18695
18697
18699
18700
18703
18707
18710
18714
18728
18732
18760
18764
18776
18785
18791
18797
18816
18822
18827
18847
18854
18860
18861
18866
18878
18906
18909
18916
18939
18942
18944
18953
18959
18985
18987
18990
19026
19032
19033
19036
19039
19047
19050
19058
19064
19073
19078
19084
19087
19099
19132
19134
19143
19149
19156
19178
19202
19214
19223
19235
19244
19245
19248
19249
19250
19251
19252
19253
19254
19256
19257
19258
19259
19261
19262
19263
19264
19270
19271
19272
19273
19274
19275
19277
19280
19281
19283
19284
19285
19286
19287
19289
19290
19291
19292
19293
19294
19295
19297
19298
19299
19300
19304
19305
19308
19312
19316
19317
19318
19320
19323
19324
19327
19328
19329
19330
19332
19333
19338
19339
19340
19343
19349
19350
19351
19352
19355
19356
19358
19359
19361
19364
19366
19367
19368
19369
19371
19372
19373
19374
19375
19376
19377
19381
19382
19383
19386
19388
19389
19391
19392
19394
19402
19403
19404
19405
19406
19407
19411
19412
19414
19416
19417
19418
19419
19420
19421
19422
19423
19428
19431
19432
19433
19435
19437
19438
19443
19445
19447
19448
19449
19450
19451
19454
19455
19456
19458
19462
19463
19464
19466
19468
19469
19470
19471
19473
19474
19475
19476
19479
19480
19481
19490
19492
19493
19495
19497
19498
19500
19501
19503
19505
19506
19508
19509
19510
19515
19517
19518
19519
19527
19528
19529
19530
19532
19535
19536
19537
19540
19542
19544
19547
19549
19550
19554
19555
19556
19557
19558
19559
19560
19561
19562
19564
19565
19566
19568
19569
19572
19573
19576
19577
19578
19579
19581
19582
19583
19586
19587
19592
19593
19594
19595
19598
19599
19601
19603
19605
19607
19610
19611
19612
19614
19615
19616
19620
19621
19622
19625
19626
19628
19632
19633
19634
19637
19638
19641
19643
19644
19646
19648
19651
19652
19653
19654
19655
19656
19657
19658
19659
19661
19663
19667
19668
19670
19671
19676
19677
19678
19679
19680
19681
19683
19684
19686
19690
19691
19693
19694
19695
19696
19701
19704
19705
19707
19708
19709
19710
19712
19713
19715
19718
19719
19720
19722
19723
19727
19729
19732
19734
19735
19741
19747
19748
19753
19754
19755
19761
19766
19769
19770
19776
19777
19779
19781
19784
19785
19786
19787
19788
19789
19791
19793
19794
19798
19799
19803
19804
19805
19806
19807
19809
19811
19816
19821
19822
19823
19826
19829
19830
19831
19832
19836
19838
19840
19842
19843
19844
19846
19848
19849
19857
19861
19864
19869
19870
19873
19875
19879
19880
19881
19883
19891
19893
19894
19895
19896
19897
19898
19899
19900
19902
19904
19906
19907
19909
19911
19913
19918
19919
19922
19925
19927
19928
19929
19936
19938
19939
19940
19941
19944
19945
19946
19950
19951
19952
19956
19957
19958
19961
19966
19968
19970
19971
19973
19974
19978
19980
19981
19983
19986
19991
19995
19999
20000
20006
20009
20010
20011
20015
20016
20021
20026
20028
20031
20032
20034
20036
20045
20047
20048
20049
20052
20055
20058
20059
20060
20064
20067
20069
20070
20071
20075
20076
20077
20083
20085
20090
20091
20092
20095
20098
20099
20100
20102
20103
20104
20105
20106
20107
20110
20111
20112
20114
20117
20126
20127
20128
20130
20132
20133
20134
20136
20137
20138
20139
20142
20144
20146
20147
20149
20150
20156
20163
20164
20165
20169
20170
20173
20177
20182
20187
20190
20191
20193
20198
20203
20205
20206
20208
20212
20218
20230
20232
20235
20240
20242
20243
20244
20246
20248
20255
20260
20263
20264
20267
20268
20269
20271
20279
20280
20282
20284
20285
20286
20292
20296
20298
20299
20302
20315
20317
20319
20321
20323
20326
20328
20329
20330
20332
20336
20337
20338
20340
20343
20345
20346
20349
20350
20354
20355
20356
20357
20358
20366
20368
20369
20371
20372
20375
20379
20383
20385
20389
20392
20402
20403
20405
20412
20416
20417
20418
20424
20426
20427
20428
20429
20439
20441
20448
20449
20457
20461
20462
20469
20472
20474
20476
20479
20480
20482
20484
20492
20494
20504
20505
20514
20518
20523
20524
20525
20526
20531
20533
20535
20537
20538
20539
20541
20543
20544
20545
20549
20550
20551
20555
20557
20561
20562
20565
20574
20575
20577
20582
20593
20594
20595
20596
20599
20603
20606
20608
20611
20615
20616
20617
20624
20625
20627
20629
20633
20643
20644
20654
20666
20667
20672
20676
20678
20683
20686
20688
20694
20695
20706
20707
20709
20711
20715
20722
20723
20736
20738
20739
20742
20744
20746
20747
20753
20755
20756
20760
20771
20775
20776
20778
20781
20783
20786
20805
20807
20809
20811
20821
20828
20830
20832
20833
20834
20845
20846
20856
20864
20868
20869
20872
20873
20880
20882
20885
20886
20887
20889
20893
20897
20899
20903
20905
20907
20910
20911
20914
20916
20917
20919
20921
20925
20927
20928
20929
20930
20934
20935
20936
20941
20945
20947
20951
20952
20953
20954
20957
20959
20960
20961
20964
20965
20966
20967
20969
20976
20977
20978
20980
20981
20982
20984
20985
20988
20990
20991
20992
20993
20998
20999
21006
21007
21010
21013
21015
21017
21021
21024
21025
21027
21028
21031
21037
21042
21046
21048
21049
21050
21051
21056
21057
21058
21059
21060
21061
21062
21063
21064
21065
21069
21070
21073
21074
21075
21076
21078
21079
21080
21081
21082
21083
21084
21085
21087
21088
21090
21091
21092
21094
21095
21096
21097
21098
21100
21101
21102
21103
21104
21105
21107
21108
21109
21111
21112
21113
21114
21115
21116
21117
21119
21121
21122
21123
21124
21125
21127
21128
21129
21130
21131
21132
21134
21136
21137
21138
21139
21140
21141
21142
21143
21144
21145
21146
21147
21149
21150
21151
21152
21154
21156
21158
21160
21161
21162
21163
21164
21166
21167
21168
21171
21172
21174
21175
21177
21178
21180
21181
21182
21183
21184
21185
21186
21189
21190
21191
21192
21193
21194
21196
21197
21198
21200
21201
21202
21203
21204
21205
21206
21207
21209
21210
21211
21212
21213
21214
21216
21218
21220
21222
21223
21224
21225
21227
21233
21234
21236
21238
21239
21240
21241
21242
21243
21244
21246
21247
21248
21249
21252
21253
21254
21255
21258
21259
21261
21262
21263
21264
21266
21267
21269
21270
21271
21273
21276
21281
21282
21283
21285
21286
21287
21290
21292
21293
21294
21296
21298
21299
21300
21301
21303
21305
21306
21307
21308
21310
21311
21312
21313
21314
21315
21317
21319
21322
21323
21325
21328
21329
21330
21332
21334
21335
21336
21340
21343
21344
21346
21347
21349
21353
21354
21355
21356
21360
21362
21365
21366
21367
21368
21370
21371
21373
21374
21375
21376
21379
21382
21384
21388
21389
21392
21393
21394
21395
21396
21397
21399
21400
21403
21404
21407
21410
21411
21412
21414
21415
21416
21418
21419
21422
21423
21424
21425
21428
21429
21431
21434
21437
21440
21441
21442
21444
21446
21447
21451
21452
21453
21454
21456
21457
21458
21459
21460
21461
21464
21465
21467
21468
21469
21471
21472
21473
21474
21480
21481
21483
21485
21486
21487
21488
21489
21490
21493
21495
21496
21498
21500
21501
21504
21505
21506
21507
21508
21509
21510
21512
21514
21515
21521
21522
21523
21526
21527
21528
21529
21530
21532
21535
21536
21537
21538
21539
21541
21543
21545
21550
21551
21552
21553
21556
21557
21558
21559
21562
21563
21565
21571
21573
21575
21577
21578
21579
21581
21583
21584
21585
21588
21589
21592
21600
21601
21603
21604
21605
21606
21607
21608
21610
21612
21614
21615
21616
21617
21618
21619
21621
21622
21624
21625
21626
21630
21631
21633
21637
21638
21639
21643
21644
21645
21646
21648
21652
21653
21657
21658
21661
21662
21663
21665
21669
21670
21672
21674
21677
21678
21679
21680
21681
21683
21690
21692
21696
21697
21698
21701
21704
21705
21708
21709
21718
21719
21720
21721
21724
21725
21726
21727
21732
21734
21735
21737
21739
21740
21741
21742
21743
21747
21750
21753
21758
21759
21765
21769
21770
21771
21772
21773
21774
21775
21776
21778
21780
21782
21783
21784
21789
21790
21791
21793
21798
21800
21801
21802
21810
21811
21812
21818
21821
21822
21823
21824
21826
21831
21832
21833
21834
21835
21836
21838
21841
21843
21844
21846
21847
21848
21852
21853
21855
21856
21857
21858
21859
21860
21861
21864
21871
21874
21878
21881
21882
21883
21884
21885
21886
21887
21888
21889
21892
21893
21894
21900
21902
21903
21904
21905
21907
21909
21910
21912
21915
21918
21919
21921
21927
21928
21929
21931
21934
21935
21936
21939
21940
21944
21948
21950
21952
21954
21955
21958
21959
21960
21962
21963
21964
21965
21968
21971
21973
21974
21976
21981
21982
21983
21986
21988
21990
21991
21992
21993
21995
21996
21997
22000
22005
22006
22008
22009
22010
22012
22015
22017
22020
22027
22029
22030
22033
22034
22035
22036
22037
22038
22041
22042
22047
22050
22053
22054
22055
22057
22058
22059
22062
22064
22067
22071
22072
22073
22076
22079
22080
22082
22084
22085
22087
22089
22091
22094
22096
22100
22101
22102
22104
22105
22106
22107
22109
22110
22112
22113
22114
22115
22116
22120
22122
22123
22124
22125
22126
22127
22128
22130
22131
22140
22144
22145
22147
22150
22151
22154
22155
22156
22158
22159
22160
22162
22163
22165
22166
22170
22171
22172
22173
22174
22176
22179
22180
22183
22184
22187
22191
22192
22193
22195
22196
22199
22201
22202
22203
22204
22205
22206
22207
22209
22212
22213
22217
22219
22220
22223
22224
22225
22226
22227
22228
22231
22235
22236
22237
22239
22242
22245
22247
22249
22252
22254
22257
22258
22259
22261
22262
22264
22266
22269
22270
22271
22272
22273
22275
22276
22277
22278
22279
22282
22283
22284
22285
22286
22304
22314
22327
22338
22345
22353
22364
22365
22371
22373
22380
22382
22389
22391
22393
22398
22410
22411
22413
22421
22425
22426
22429
22432
22439
22443
22456
22460
22470
22473
22474
22498
22515
22527
22536
22542
22561
22565
22568
22575
22610
22620
22623
22630
22661
22667
22676
22677
22700
22704
22718
22723
22727
22737
22792
22798
22805
22808
22813
22823
22826
22859
22913
22915
22920
22925
22958
22961
22964
22966
22967
22968
22969
22971
22972
22975
22976
22977
22978
22980
22981
22982
22983
22984
22985
22986
22987
22988
22989
22993
22994
22995
22996
22997
22998
22999
23000
23002
23003
23004
23006
23007
23008
23009
23010
23011
23012
23013
23014
23016
23017
23026
23028
23030
23031
23036
23040
23041
23042
23043
23046
23052
23053
23054
23055
23056
23057
23059
23062
23063
23066
23068
23069
23072
23074
23075
23076
23077
23080
23082
23084
23085
23087
23088
23089
23091
23095
23098
23099
23101
23102
23107
23108
23114
23116
23119
23120
23121
23122
23123
23124
23125
23126
23128
23129
23131
23133
23134
23142
23145
23146
23147
23148
23150
23151
23152
23156
23157
23160
23163
23165
23166
23167
23168
23170
23174
23176
23177
23178
23179
23180
23182
23183
23185
23188
23190
23193
23194
23197
23201
23203
23206
23207
23209
23212
23215
23222
23223
23224
23226
23229
23231
23236
23240
23247
23252
23254
23256
23257
23258
23262
23263
23269
23271
23273
23274
23275
23276
23277
23278
23281
23283
23284
23286
23289
23294
23295
23296
23298
23300
23301
23303
23305
23310
23311
23312
23313
23316
23317
23319
23321
23322
23323
23328
23329
23335
23337
23339
23342
23348
23350
23357
23358
23362
23363
23364
23365
23366
23368
23370
23371
23372
23376
23377
23381
23382
23385
23386
23393
23395
23396
23397
23398
23400
23401
23402
23404
23405
23407
23409
23410
23411
23413
23415
23416
23419
23420
23427
23430
23432
23435
23436
23443
23444
23446
23448
23451
23452
23454
23457
23460
23462
23463
23464
23465
23466
23467
23469
23471
23473
23475
23476
23479
23480
23484
23489
23491
23492
23495
23496
23497
23498
23503
23505
23506
23507
23511
23512
23519
23520
23521
23522
23531
23533
23534
23536
23537
23542
23544
23545
23546
23547
23549
23550
23552
23555
23556
23557
23558
23560
23563
23572
23574
23579
23583
23584
23586
23587
23590
23591
23594
23595
23598
23599
23600
23603
23605
23606
23607
23608
23609
23611
23614
23615
23620
23622
23625
23626
23628
23629
23633
23635
23636
23641
23642
23647
23650
23652
23653
23654
23656
23657
23658
23659
23660
23665
23670
23673
23676
23677
23680
23682
23684
23687
23689
23695
23699
23700
23702
23704
23707
23711
23720
23722
23723
23725
23729
23730
23732
23733
23741
23742
23748
23749
23751
23752
23755
23756
23757
23760
23762
23763
23764
23766
23771
23772
23778
23779
23781
23791
23794
23797
23802
23804
23808
23810
23811
23817
23819
23824
23827
23833
23839
23840
23842
23843
23846
23847
23858
23861
23862
23864
23866
23868
23874
23875
23877
23878
23880
23883
23887
23908
23912
23913
23921
23922
23923
23924
23925
23926
23935
23939
23941
23943
23946
23949
23959
23962
23966
23969
23971
23977
23979
23981
23982
23983
23988
23993
23998
23999
24007
24009
24010
24013
24018
24027
24030
24031
24035
24037
24043
24044
24045
24046
24047
24051
24052
24053
24054
24059
24061
24069
24070
24075
24078
24079
24080
24081
24082
24087
24088
24091
24093
24094
24095
24097
24101
24105
24106
24108
24112
24118
24132
24139
24142
24146
24150
24157
24159
24174
24176
24177
24181
24189
24191
24192
24193
24196
24200
24201
24202
24206
24208
24217
24218
24219
24221
24228
24232
24236
24239
24240
24241
24242
24245
24249
24252
24255
24257
24258
24259
24262
24271
24281
24289
24294
24296
24300
24305
24309
24312
24315
24317
24324
24325
24327
24330
24331
24337
24338
24339
24340
24342
24347
24351
24358
24362
24363
24385
24386
24390
24397
24400
24409
24417
24421
24430
24445
24449
24450
24452
24453
24454
24456
24469
24475
24479
24483
24491
24492
24498
24499
24507
24508
24515
24520
24522
24524
24525
24528
24531
24532
24544
24547
24548
24554
24566
24568
24581
24583
24586
24599
24604
24607
24609
24613
24617
24625
24629
24630
24635
24641
24642
24654
24656
24659
24660
24662
24666
24668
24671
24672
24675
24676
24677
24678
24679
24681
24682
24683
24685
24689
24690
24691
24692
24694
24698
24699
24701
24702
24706
24707
24712
24713
24719
24720
24721
24722
24724
24725
24727
24728
24731
24733
24735
24736
24738
24740
24741
24745
24748
24757
24758
24759
24761
24771
24773
24775
24776
24777
24778
24782
24785
24787
24788
24789
24790
24794
24796
24797
24798
24799
24802
24804
24808
24809
24810
24811
24812
24813
24814
24815
24816
24818
24820
24821
24823
24824
24825
24826
24827
24828
24829
24830
24833
24834
24836
24838
24839
24841
24843
24845
24846
24847
24848
24849
24850
24851
24852
24853
24854
24855
24857
24859
24860
24861
24862
24863
24864
24865
24868
24869
24870
24872
24874
24875
24879
24880
24881
24882
24883
24885
24886
24887
24888
24889
24891
24892
24894
24896
24898
24899
24900
24901
24902
24903
24904
24905
24906
24907
24908
24910
24911
24912
24914
24915
24916
24917
24918
24919
24920
24921
24923
24924
24925
24926
24928
24929
24930
24932
24935
24936
24939
24944
24945
24948
24949
24950
24952
24953
24954
24955
24958
24959
24960
24961
24962
24963
24965
24966
24967
24968
24969
24970
24973
24975
24976
24978
24981
24982
24983
24984
24985
24987
24989
24990
24992
24993
24995
24996
24997
24998
24999
25000
25001
25002
25004
25005
25006
25007
25008
25012
25016
25018
25020
25021
25022
25024
25025
25026
25027
25028
25029
25030
25031
25036
25038
25039
25042
25043
25044
25045
25048
25050
25053
25056
25057
25060
25063
25067
25068
25071
25073
25076
25078
25079
25081
25084
25085
25087
25090
25091
25100
25101
25103
25106
25108
25109
25110
25113
25114
25117
25120
25121
25122
25126
25127
25128
25130
25133
25134
25136
25137
25139
25141
25143
25145
25150
25151
25154
25155
25160
25163
25165
25166
25167
25168
25170
25171
25173
25174
25175
25179
25184
25185
25186
25187
25188
25189
25190
25191
25193
25194
25195
25196
25197
25198
25199
25200
25201
25202
25203
25209
25212
25213
25214
25217
25218
25221
25226
25229
25230
25233
25234
25238
25240
25241
25242
25243
25244
25250
25252
25254
25259
25264
25266
25268
25270
25272
25273
25274
25275
25276
25277
25278
25279
25283
25285
25286
25290
25291
25292
25294
25295
25296
25298
25302
25303
25304
25306
25309
25313
25317
25320
25322
25323
25324
25325
25326
25327
25328
25329
25331
25332
25333
25334
25336
25337
25338
25339
25344
25345
25347
25351
25352
25355
25356
25358
25360
25362
25367
25369
25370
25371
25374
25376
25378
25383
25385
25386
25390
25391
25392
25395
25396
25404
25408
25410
25411
25416
25418
25422
25425
25427
25433
25438
25446
25449
25451
25453
25454
25456
25457
25458
25460
25463
25464
25467
25469
25470
25476
25479
25484
25486
25489
25492
25494
25495
25496
25497
25503
25504
25505
25509
25514
25516
25518
25520
25525
25527
25529
25534
25540
25541
25542
25545
25546
25550
25552
25555
25557
25560
25561
25562
25564
25565
25566
25571
25572
25573
25577
25583
25585
25587
25589
25590
25591
25592
25595
25596
25601
25602
25603
25606
25609
25610
25613
25614
25617
25621
25623
25627
25631
25632
25633
25635
25637
25642
25643
25644
25645
25646
25647
25648
25649
25650
25652
25654
25655
25656
25659
25663
25664
25665
25669
25672
25673
25676
25677
25678
25679
25683
25685
25689
25696
25697
25702
25703
25704
25705
25709
25710
25711
25713
25714
25715
25718
25720
25722
25723
25724
25725
25726
25727
25730
25732
25734
25737
25741
25743
25744
25747
25749
25750
25751
25752
25761
25764
25768
25769
25774
25776
25780
25781
25783
25784
25786
25788
25789
25790
25796
25798
25799
25800
25801
25803
25804
25805
25810
25814
25815
25816
25819
25820
25821
25826
25828
25830
25832
25834
25836
25837
25838
25839
25840
25841
25842
25843
25844
25845
25846
25848
25852
25853
25854
25855
25856
25858
25859
25862
25864
25865
25867
25868
25869
25870
25872
25873
25875
25876
25878
25879
25880
25885
25886
25887
25888
25891
25896
25898
25901
25902
25903
25907
25912
25913
25915
25916
25918
25920
25921
25924
25927
25928
25929
25931
25933
25934
25935
25936
25937
25940
25941
25942
25944
25945
25946
25948
25949
25950
25954
25957
25958
25959
25960
25961
25963
25966
25968
25971
25972
25975
25977
25978
25980
25981
25982
25983
25985
25986
25987
25989
25990
25992
25995
25996
26002
26005
26016
26018
26022
26024
26025
26030
26034
26041
26043
26045
26052
26057
26060
26062
26086
26091
26094
26116
26118
26120
26126
26130
26135
26139
26145
26150
26152
26154
26156
26159
26160
26163
26166
26177
26183
26188
26195
26200
26205
26209
26212
26217
26237
26253
26256
26259
26282
26288
26289
26291
26298
26304
26306
26342
26344
26368
26378
26390
26393
26406
26408
26409
26418
26423
26424
26441
26447
26464
26496
26501
26505
26517
26525
26530
26537
26546
26548
26552
26571
26574
26581
26592
26616
26622
26629
26648
26672
26673
26674
26677
26678
26680
26682
26685
26686
26687
26688
26689
26690
26691
26693
26694
26695
26696
26697
26699
26700
26702
26703
26704
26705
26706
26707
26708
26709
26710
26711
26712
26713
26714
26716
26717
26718
26719
26720
26721
26722
26723
26724
26725
26727
26729
26730
26731
26732
26733
26735
26736
26739
26742
26744
26745
26747
26748
26751
26754
26755
26756
26757
26758
26761
26762
26764
26766
26767
26768
26771
26773
26774
26776
26777
26778
26779
26780
26781
26785
26786
26788
26789
26790
26793
26794
26796
26798
26802
26804
26805
26809
26811
26812
26813
26814
26815
26816
26818
26819
26822
26824
26828
26830
26832
26834
26835
26838
26840
26842
26844
26846
26848
26850
26855
26856
26857
26858
26859
26860
26861
26862
26866
26869
26871
26872
26873
26874
26875
26878
26879
26880
26881
26882
26885
26886
26887
26888
26890
26891
26892
26894
26895
26897
26899
26900
26902
26904
26905
26906
26907
26908
26911
26912
26913
26914
26915
26917
26920
26921
26922
26923
26927
26929
26930
26931
26937
26938
26940
26946
26949
26951
26953
26955
26956
26957
26959
26960
26963
26964
26965
26970
26971
26972
26975
26976
26977
26980
26983
26984
26989
26990
26992
26993
26995
26996
26997
26998
26999
27003
27005
27006
27007
27010
27012
27014
27017
27021
27022
27024
27025
27026
27030
27035
27036
27039
27042
27043
27048
27049
27052
27054
27055
27059
27060
27061
27064
27068
27069
27072
27073
27075
27076
27079
27080
27081
27082
27084
27085
27087
27091
27092
27094
27095
27096
27099
27100
27102
27104
27107
27109
27110
27111
27113
27115
27118
27119
27121
27125
27128
27129
27132
27133
27134
27140
27141
27143
27144
27146
27154
27155
27159
27160
27162
27170
27172
27179
27181
27182
27185
27188
27189
27197
27198
27202
27205
27207
27208
27209
27211
27214
27220
27221
27222
27223
27225
27226
27228
27232
27233
27234
27237
27244
27246
27248
27250
27251
27257
27259
27260
27263
27264
27265
27266
27270
27274
27275
27277
27286
27287
27289
27293
27295
27296
27297
27299
27303
27305
27306
27308
27312
27317
27319
27321
27322
27324
27325
27328
27329
27330
27331
27332
27334
27336
27337
27338
27350
27351
27353
27356
27357
27358
27360
27361
27364
27366
27371
27372
27374
27379
27380
27381
27383
27384
27386
27388
27389
27391
27396
27398
27401
27404
27406
27409
27414
27419
27420
27423
27427
27429
27431
27433
27434
27435
27437
27439
27443
27444
27447
27453
27454
27456
27457
27460
27463
27468
27473
27475
27476
27477
27481
27483
27484
27485
27486
27492
27494
27495
27501
27502
27503
27505
27508
27510
27511
27513
27514
27515
27522
27523
27525
27526
27527
27530
27533
27534
27535
27536
27537
27542
27543
27544
27545
27547
27553
27554
27556
27558
27560
27561
27562
27563
27566
27567
27570
27572
27573
27574
27575
27577
27578
27583
27584
27587
27590
27591
27592
27597
27602
27605
27613
27615
27617
27618
27619
27622
27623
27626
27627
27628
27631
27632
27635
27636
27637
27638
27640
27645
27646
27649
27653
27661
27662
27663
27664
27665
27668
27671
27672
27674
27678
27681
27682
27684
27685
27692
27695
27696
27698
27707
27708
27709
27711
27713
27717
27720
27721
27722
27724
27730
27732
27733
27743
27744
27745
27747
27749
27754
27757
27758
27759
27760
27761
27768
27771
27774
27780
27782
27784
27786
27791
27793
27794
27797
27799
27802
27805
27808
27811
27819
27820
27822
27824
27837
27839
27845
27846
27853
27854
27859
27860
27864
27865
27875
27876
27886
27888
27892
27899
27900
27902
27903
27906
27907
27908
27909
27931
27932
27937
27942
27943
27948
27950
27952
27953
27958
27960
27961
27966
27968
27971
27973
27976
27983
27985
27987
27989
27995
28002
28010
28014
28019
28022
28023
28024
28026
28029
28031
28033
28036
28039
28044
28045
28048
28055
28061
28071
28072
28077
28080
28083
28089
28094
28096
28100
28104
28106
28110
28111
28115
28127
28129
28147
28161
28163
28164
28167
28168
28169
28170
28172
28178
28180
28181
28188
28191
28192
28193
28199
28201
28204
28206
28210
28212
28214
28220
28222
28227
28231
28235
28237
28240
28242
28243
28245
28246
28256
28258
28264
28267
28272
28273
28274
28280
28281
28282
28284
28289
28292
28300
28309
28313
28318
28325
28326
28327
28331
28339
28340
28342
28343
28344
28345
28348
28350
28351
28353
28354
28355
28358
28366
28367
28368
28372
28373
28378
28379
28381
28382
28385
28386
28387
28389
28392
28393
28394
28395
28399
28401
28412
28413
28415
28416
28418
28419
28420
28421
28422
28423
28425
28426
28427
28428
28431
28432
28433
28436
28440
28441
28445
28446
28449
28451
28453
28455
28457
28459
28461
28462
28465
28470
28473
28477
28480
28481
28482
28484
28485
28486
28487
28488
28489
28490
28491
28492
28493
28494
28496
28497
28498
28499
28501
28502
28503
28504
28506
28507
28508
28509
28512
28513
28515
28516
28517
28518
28519
28520
28521
28522
28523
28524
28527
28529
28530
28531
28534
28535
28537
28538
28539
28540
28541
28542
28543
28544
28545
28546
28548
28551
28552
28553
28554
28555
28556
28557
28558
28559
28560
28562
28564
28565
28566
28567
28568
28569
28571
28573
28574
28575
28577
28578
28579
28580
28582
28583
28584
28586
28587
28588
28589
28591
28594
28595
28596
28597
28599
28600
28601
28602
28603
28605
28606
28607
28608
28609
28610
28612
28613
28615
28617
28618
28621
28622
28624
28625
28628
28629
28630
28631
28632
28634
28636
28637
28639
28640
28642
28644
28645
28646
28650
28651
28652
28653
28654
28658
28662
28663
28664
28665
28666
28667
28668
28669
28670
28671
28672
28673
28674
28675
28676
28677
28679
28680
28681
28682
28683
28684
28687
28688
28689
28690
28691
28693
28694
28695
28696
28697
28698
28699
28700
28701
28704
28708
28709
28710
28712
28714
28715
28716
28719
28720
28721
28722
28723
28724
28726
28727
28728
28729
28732
28733
28735
28736
28738
28740
28741
28742
28743
28745
28746
28749
28751
28753
28755
28758
28760
28761
28763
28766
28767
28770
28771
28772
28773
28774
28777
28779
28781
28782
28784
28789
28790
28793
28795
28798
28800
28801
28802
28803
28804
28805
28806
28811
28812
28814
28816
28817
28820
28822
28823
28824
28827
28828
28830
28832
28834
28835
28839
28840
28842
28843
28844
28845
28847
28850
28851
28852
28853
28858
28859
28863
28866
28868
28869
28872
28875
28879
28880
28881
28882
28883
28884
28885
28886
28888
28889
28892
28893
28895
28896
28898
28901
28902
28904
28905
28906
28907
28909
28913
28915
28916
28917
28918
28921
28923
28924
28925
28926
28927
28928
28932
28933
28935
28936
28938
28941
28942
28944
28947
28949
28952
28954
28955
28957
28962
28964
28966
28967
28971
28974
28978
28979
28981
28982
28983
28984
28986
28987
28989
28990
28991
28992
28993
28997
28999
29001
29005
29006
29009
29011
29012
29014
29015
29016
29018
29020
29021
29022
29023
29031
29033
29034
29035
29036
29038
29040
29044
29045
29046
29048
29049
29050
29053
29058
29059
29061
29066
29067
29072
29073
29074
29076
29078
29080
29081
29082
29083
29086
29087
29088
29091
29094
29096
29098
29099
29102
29105
29106
29108
29109
29110
29111
29113
29117
29118
29121
29122
29124
29125
29126
29129
29130
29132
29133
29136
29147
29148
29153
29154
29155
29160
29163
29165
29166
29172
29177
29183
29190
29192
29193
29197
29198
29203
29208
29209
29210
29211
29215
29216
29218
29220
29223
29224
29226
29230
29238
29239
29241
29242
29248
29250
29251
29254
29256
29259
29260
29261
29264
29266
29267
29273
29274
29275
29276
29280
29282
29283
29284
29285
29286
29287
29288
29292
29295
29296
29297
29299
29300
29304
29308
29310
29312
29314
29315
29317
29321
29323
29324
29327
29330
29332
29335
29338
29343
29345
29347
29349
29355
29356
29359
29363
29368
29371
29372
29373
29374
29375
29376
29378
29380
29383
29386
29387
29391
29394
29396
29397
29400
29403
29404
29411
29412
29414
29415
29417
29418
29419
29420
29422
29423
29424
29427
29428
29429
29431
29432
29434
29436
29437
29440
29442
29443
29444
29445
29448
29455
29457
29458
29460
29462
29464
29465
29466
29470
29471
29473
29475
29476
29479
29481
29482
29483
29486
29488
29489
29490
29491
29492
29494
29495
29496
29498
29499
29500
29501
29503
29504
29510
29512
29513
29514
29515
29517
29518
29519
29521
29524
29526
29527
29529
29530
29531
29532
29533
29536
29537
29538
29540
29541
29542
29543
29546
29548
29550
29551
29552
29553
29554
29555
29556
29557
29558
29559
29562
29563
29566
29567
29568
29570
29572
29573
29576
29577
29579
29581
29582
29583
29587
29588
29590
29591
29592
29594
29597
29598
29600
29602
29604
29605
29607
29610
29611
29612
29615
29616
29618
29619
29620
29621
29627
29628
29629
29630
29632
29635
29638
29639
29640
29641
29642
29645
29651
29654
29656
29657
29660
29661
29663
29664
29665
29666
29667
29668
29669
29670
29672
29673
29674
29675
29676
29677
29682
29683
29685
29686
29687
29689
29690
29691
29694
29697
29699
29700
29701
29703
29704
29705
29706
29709
29711
29714
29718
29736
29768
29771
29774
29783
29787
29789
29791
29799
29802
29806
29807
29809
29818
29828
29835
29838
29840
29841
29849
29852
29853
29854
29856
29857
29859
29860
29862
29866
29868
29874
29895
29897
29902
29912
29917
29919
29931
29946
29957
29970
29976
29990
29993
29996
30001
30006
30008
30015
30025
30030
30034
30047
30049
30058
30067
30088
30089
30092
30106
30107
30121
30122
30132
30137
30160
30177
30200
30229
30231
30250
30254
30271
30278
30285
30289
30310
30311
30331
30345
30348
30363
30369
30370
30377
30386
30387
30388
30390
30391
30392
30393
30394
30395
30396
30397
30399
30400
30402
30403
30404
30405
30406
30407
30408
30409
30410
30412
30414
30416
30418
30419
30420
30421
30422
30423
30425
30426
30427
30428
30429
30430
30431
30432
30433
30434
30435
30436
30437
30438
30439
30440
30441
30443
30444
30445
30449
30450
30452
30454
30456
30458
30462
30464
30466
30468
30469
30470
30471
30474
30475
30476
30477
30478
30480
30481
30482
30483
30484
30485
30486
30488
30489
30492
30494
30495
30496
30498
30500
30501
30503
30504
30505
30507
30508
30509
30512
30513
30514
30515
30516
30517
30519
30523
30524
30525
30526
30527
30528
30531
30532
30535
30536
30538
30539
30540
30542
30544
30545
30547
30548
30549
30550
30551
30553
30556
30558
30559
30560
30561
30562
30564
30566
30567
30570
30572
30573
30575
30576
30577
30579
30581
30583
30585
30587
30588
30589
30590
30591
30592
30593
30595
30596
30598
30599
30600
30605
30611
30613
30614
30616
30618
30621
30624
30627
30629
30631
30634
30635
30636
30637
30639
30642
30643
30644
30645
30646
30649
30650
30652
30657
30663
30665
30666
30669
30670
30671
30673
30674
30675
30676
30677
30679
30681
30683
30685
30686
30687
30689
30690
30691
30698
30699
30700
30701
30702
30704
30706
30708
30709
30711
30712
30714
30715
30717
30718
30720
30721
30724
30728
30729
30731
30732
30737
30738
30739
30740
30741
30742
30744
30745
30747
30749
30750
30752
30755
30756
30757
30762
30764
30768
30769
30773
30776
30780
30783
30787
30789
30790
30791
30793
30794
30795
30796
30798
30799
30800
30801
30805
30807
30809
30810
30812
30814
30815
30817
30819
30820
30823
30824
30825
30827
30828
30832
30833
30835
30837
30839
30841
30842
30845
30854
30855
30856
30859
30860
30862
30863
30864
30865
30868
30869
30871
30873
30874
30876
30880
30883
30884
30885
30886
30887
30889
30890
30891
30892
30894
30896
30903
30905
30910
30911
30912
30914
30916
30919
30920
30922
30923
30928
30929
30931
30933
30935
30936
30937
30938
30939
30940
30944
30945
30946
30947
30948
30951
30953
30954
30956
30958
30960
30961
30962
30964
30965
30970
30971
30974
30977
30980
30990
30991
30995
30996
30998
30999
31001
31003
31004
31005
31006
31007
31008
31009
31010
31011
31015
31018
31019
31020
31023
31025
31028
31031
31032
31033
31034
31035
31036
31038
31039
31040
31042
31044
31045
31046
31047
31048
31050
31051
31053
31057
31058
31061
31063
31064
31065
31067
31070
31071
31073
31075
31076
31078
31079
31080
31081
31082
31084
31085
31086
31087
31088
31090
31093
31095
31096
31098
31101
31102
31103
31105
31107
31108
31109
31110
31112
31114
31117
31120
31122
31123
31125
31127
31128
31129
31134
31136
31138
31139
31140
31141
31142
31145
31148
31149
31151
31154
31157
31159
31161
31167
31173
31176
31179
31180
31184
31185
31186
31187
31189
31190
31193
31197
31198
31199
31200
31201
31203
31205
31207
31208
31209
31213
31215
31219
31221
31223
31224
31225
31226
31227
31228
31231
31232
31234
31235
31237
31240
31241
31244
31246
31247
31248
31253
31254
31255
31258
31261
31264
31267
31268
31269
31272
31273
31275
31278
31279
31280
31281
31282
31284
31286
31287
31288
31289
31290
31291
31292
31293
31294
31295
31297
31299
31303
31304
31305
31307
31310
31311
31315
31321
31322
31327
31329
31333
31335
31336
31341
31345
31346
31347
31349
31350
31352
31354
31356
31357
31359
31372
31374
31376
31377
31379
31382
31385
31387
31388
31389
31390
31391
31393
31394
31397
31403
31405
31408
31409
31410
31411
31412
31419
31422
31425
31427
31428
31429
31432
31435
31437
31438
31439
31440
31441
31443
31446
31447
31451
31452
31453
31459
31462
31463
31465
31471
31473
31477
31480
31483
31484
31491
31492
31499
31500
31503
31505
31507
31508
31510
31521
31522
31525
31531
31533
31534
31544
31551
31553
31554
31558
31559
31562
31569
31570
31571
31578
31579
31580
31583
31585
31586
31590
31595
31596
31601
31602
31603
31604
31606
31611
31616
31617
31618
31620
31622
31624
31628
31630
31634
31636
31638
31645
31646
31647
31648
31649
31650
31658
31660
31664
31668
31669
31670
31672
31673
31675
31678
31679
31683
31685
31690
31691
31692
31693
31701
31709
31717
31719
31722
31724
31727
31728
31729
31733
31736
31737
31740
31741
31744
31745
31746
31747
31750
31755
31758
31759
31765
31767
31768
31786
31790
31791
31796
31808
31810
31816
31820
31823
31824
31825
31828
31834
31835
31838
31845
31849
31852
31856
31858
31862
31865
31868
31873
31874
31876
31878
31880
31881
31882
31897
31898
31903
31916
31917
31920
31923
31924
31926
31927
31935
31936
31940
31941
31942
31946
31951
31953
31957
31960
31972
31974
31975
31980
31982
31986
31990
31991
31994
31997
32003
32004
32009
32019
32031
32035
32039
32040
32041
32042
32043
32045
32053
32058
32062
32064
32067
32068
32069
32072
32073
32075
32076
32082
32085
32087
32088
32089
32092
32094
32095
32098
32099
32100
32103
32105
32106
32109
32110
32111
32112
32113
32114
32115
32117
32118
32119
32120
32126
32127
32130
32132
32134
32138
32140
32141
32143
32144
32146
32147
32148
32150
32152
32153
32156
32159
32164
32165
32167
32168
32169
32171
32172
32173
32174
32175
32176
32177
32180
32184
32185
32186
32189
32190
32194
32197
32198
32199
32200
32201
32202
32203
32204
32205
32206
32207
32208
32209
32210
32212
32213
32215
32217
32218
32219
32221
32222
32223
32224
32226
32227
32229
32230
32231
32232
32234
32237
32238
32240
32241
32242
32243
32244
32245
32247
32248
32249
32250
32252
32253
32254
32255
32256
32257
32258
32259
32260
32262
32263
32264
32265
32266
32267
32268
32269
32270
32272
32273
32274
32275
32276
32277
32278
32279
32280
32281
32282
32283
32284
32285
32287
32288
32289
32290
32291
32294
32297
32298
32300
32301
32303
32304
32306
32307
32308
32309
32310
32311
32313
32314
32316
32317
32319
32320
32321
32322
32324
32325
32326
32328
32329
32330
32331
32333
32334
32335
32336
32338
32339
32340
32341
32342
32343
32345
32346
32347
32349
32351
32352
32353
32354
32355
32356
32358
32359
32360
32363
32364
32365
32367
32368
32369
32370
32372
32373
32374
32376
32377
32380
32381
32382
32384
32385
32387
32388
32389
32390
32391
32392
32394
32395
32396
32397
32398
32400
32401
32403
32404
32408
32409
32411
32412
32413
32415
32416
32418
32421
32422
32423
32424
32425
32426
32427
32428
32429
32430
32431
32432
32433
32434
32435
32436
32437
32438
32440
32441
32442
32443
32444
32446
32449
32450
32451
32452
32453
32454
32455
32456
32457
32459
32460
32461
32463
32465
32466
32467
32469
32470
32471
32472
32473
32476
32477
32482
32485
32486
32487
32488
32495
32496
32497
32498
32499
32500
32502
32503
32504
32505
32506
32507
32509
32511
32512
32513
32514
32515
32516
32517
32518
32519
32521
32523
32524
32525
32526
32527
32528
32529
32530
32531
32533
32534
32536
32537
32538
32539
32540
32541
32542
32543
32544
32546
32547
32548
32549
32550
32553
32554
32555
32556
32557
32559
32560
32561
32562
32563
32564
32565
32566
32567
32568
32571
32572
32573
32574
32576
32578
32582
32583
32584
32585
32586
32591
32593
32594
32595
32596
32597
32598
32599
32600
32602
32603
32605
32606
32607
32609
32610
32612
32613
32614
32616
32618
32619
32621
32623
32625
32627
32628
32629
32630
32631
32634
32635
32637
32638
32640
32642
32643
32644
32645
32647
32648
32650
32651
32652
32653
32654
32655
32656
32657
32658
32659
32660
32661
32662
32664
32665
32666
32668
32669
32670
32671
32672
32674
32676
32677
32678
32681
32682
32685
32687
32691
32692
32693
32695
32696
32698
32700
32703
32704
32705
32706
32707
32708
32710
32712
32713
32714
32716
32717
32720
32722
32723
32725
32727
32728
32729
32730
32731
32732
32733
32734
32737
32741
32742
32745
32747
32748
32749
32750
32751
32752
32753
32756
32757
32758
32759
32760
32761
32762
32764
32767
32772
32773
32775
32776
32779
32780
32781
32786
32787
32788
32790
32792
32794
32796
32797
32798
32799
32800
32801
32804
32806
32807
32808
32813
32814
32819
32820
32822
32823
32826
32828
32829
32831
32832
32835
32838
32839
32840
32841
32849
32850
32853
32854
32860
32861
32862
32863
32866
32868
32874
32876
32877
32879
32880
32882
32883
32884
32885
32886
32888
32891
32892
32897
32898
32899
32900
32902
32905
32906
32907
32908
32909
32910
32911
32912
32913
32914
32915
32917
32919
32920
32921
32922
32923
32924
32925
32927
32930
32931
32932
32933
32934
32938
32940
32941
32944
32950
32951
32952
32953
32954
32955
32958
32962
32963
32964
32967
32968
32969
32970
32973
32974
32976
32978
32980
32983
32985
32987
32988
32989
32990
32993
32994
32996
32999
33000
33001
33004
33005
33006
33008
33011
33013
33017
33019
33021
33023
33024
33027
33028
33029
33030
33031
33032
33033
33035
33036
33037
33038
33039
33041
33042
33043
33044
33048
33049
33051
33052
33055
33057
33059
33060
33061
33062
33063
33064
33065
33067
33068
33069
33070
33075
33077
33082
33083
33084
33085
33087
33089
33091
33092
33094
33095
33097
33099
33101
33102
33105
33108
33110
33111
33114
33115
33116
33117
33118
33120
33121
33123
33124
33125
33126
33129
33131
33133
33134
33136
33137
33138
33139
33141
33142
33145
33146
33147
33148
33150
33151
33154
33155
33158
33161
33162
33164
33166
33169
33171
33172
33175
33176
33177
33178
33179
33180
33185
33186
33189
33191
33192
33193
33194
33195
33196
33197
33199
33200
33203
33204
33206
33208
33209
33210
33211
33212
33214
33215
33216
33218
33220
33221
33222
33224
33226
33227
33230
33231
33236
33239
33241
33242
33243
33244
33245
33246
33247
33249
33252
33256
33261
33262
33264
33265
33266
33269
33270
33271
33273
33274
33275
33276
33277
33278
33279
33280
33281
33282
33284
33286
33287
33290
33291
33292
33293
33294
33296
33299
33300
33301
33302
33303
33304
33305
33306
33307
33308
33309
33310
33312
33313
33314
33316
33318
33321
33325
33330
33333
33334
33335
33336
33338
33339
33340
33341
33342
33344
33345
33346
33347
33348
33349
33352
33354
33355
33356
33357
33358
33359
33361
33362
33363
33364
33365
33366
33367
33368
33369
33370
33371
33372
33373
33375
33377
33378
33379
33380
33381
33383
33384
33386
33387
33388
33389
33391
33394
33395
33396
33399
33401
33403
33404
33405
33406
33408
33409
33410
33411
33412
33413
33414
33415
33417
33418
33419
33420
33421
33422
33423
33424
33425
33427
33435
33436
33440
33444
33446
33447
33448
33449
33450
33451
33452
33453
33455
33457
33460
33461
33462
33463
33464
33467
33472
33476
33478
33479
33480
33482
33485
33488
33491
33493
33498
33505
33510
33514
33515
33522
33525
33527
33541
33546
33547
33548
33549
33555
33558
33563
33566
33567
33569
33570
33571
33572
33574
33577
33578
33584
33592
33594
33596
33600
33609
33611
33620
33631
33640
33653
33661
33662
33671
33681
33689
33698
33706
33716
33729
33732
33741
33743
33745
33749
33762
33781
33785
33786
33812
33821
33827
33830
33835
33839
33843
33844
33851
33858
33887
33892
33893
33896
33917
33931
33934
33936
33937
33954
33960
33968
33975
33977
33984
33988
33991
34000
34001
34005
34007
34027
34051
34059
34068
34084
34091
34100
34101
34102
34105
34106
34107
34108
34110
34111
34112
34113
34114
34116
34117
34118
34119
34120
34121
34122
34124
34125
34126
34128
34130
34131
34133
34134
34135
34136
34137
34138
34139
34140
34141
34142
34144
34145
34146
34147
34148
34149
34150
34151
34152
34153
34154
34156
34157
34159
34160
34161
34163
34164
34165
34166
34167
34168
34172
34173
34174
34175
34176
34177
34178
34179
34182
34184
34185
34186
34187
34188
34189
34190
34191
34192
34193
34194
34195
34196
34197
34198
34199
34200
34201
34202
34204
34205
34206
34208
34212
34213
34214
34216
34218
34221
34223
34225
34226
34228
34229
34230
34231
34232
34233
34235
34237
34238
34240
34241
34242
34243
34244
34245
34246
34247
34250
34252
34256
34258
34259
34260
34263
34264
34266
34267
34268
34270
34271
34273
34274
34276
34277
34280
34281
34282
34283
34285
34287
34288
34289
34292
34293
34294
34296
34299
34301
34302
34303
34306
34309
34310
34311
34312
34313
34314
34315
34316
34318
34320
34321
34322
34323
34324
34325
34327
34328
34330
34332
34333
34334
34336
34339
34341
34343
34344
34345
34347
34348
34349
34351
34356
34359
34362
34366
34368
34369
34371
34373
34374
34376
34377
34381
34382
34384
34385
34387
34388
34389
34391
34392
34393
34394
34397
34398
34399
34400
34402
34403
34405
34408
34411
34412
34413
34414
34415
34416
34417
34418
34420
34421
34423
34424
34425
34426
34427
34428
34429
34430
34432
34435
34436
34437
34439
34441
34442
34444
34445
34446
34452
34453
34458
34460
34462
34463
34466
34467
34468
34469
34470
34471
34474
34476
34477
34480
34482
34487
34488
34492
34493
34494
34495
34498
34499
34501
34502
34503
34504
34505
34507
34508
34509
34511
34512
34513
34514
34517
34519
34521
34522
34524
34525
34526
34527
34528
34531
34534
34535
34536
34537
34538
34539
34540
34541
34542
34547
34548
34549
34551
34552
34554
34555
34556
34557
34560
34561
34563
34565
34568
34569
34570
34572
34574
34575
34576
34577
34579
34580
34582
34583
34585
34587
34588
34590
34594
34597
34598
34601
34603
34604
34605
34606
34607
34608
34609
34611
34612
34613
34616
34617
34621
34622
34624
34628
34630
34633
34634
34637
34639
34641
34643
34645
34647
34648
34649
34651
34654
34656
34657
34660
34661
34668
34670
34672
34673
34674
34675
34678
34679
34683
34684
34688
34691
34692
34693
34694
34695
34696
34697
34698
34699
34701
34702
34705
34706
34708
34710
34712
34713
34714
34715
34718
34719
34720
34721
34722
34723
34724
34728
34729
34731
34733
34734
34735
34740
34741
34745
34748
34749
34750
34751
34752
34753
34755
34756
34758
34760
34761
34762
34763
34765
34766
34767
34773
34776
34782
34783
34784
34785
34786
34787
34788
34792
34794
34795
34796
34799
34801
34803
34807
34809
34814
34815
34817
34819
34822
34823
34824
34827
34828
34829
34830
34832
34833
34834
34837
34838
34839
34842
34843
34844
34848
34849
34850
34853
34855
34856
34862
34865
34867
34868
34869
34871
34872
34874
34875
34881
34882
34884
34887
34890
34892
34894
34895
34896
34898
34900
34903
34905
34908
34909
34912
34913
34914
34915
34916
34920
34923
34925
34926
34928
34930
34933
34936
34937
34938
34939
34941
34942
34946
34948
34950
34953
34954
34958
34959
34961
34962
34964
34965
34966
34967
34969
34973
34975
34978
34981
34982
34983
34986
34987
34990
34992
34993
34994
34995
34996
34998
35000
35001
35003
35004
35005
35006
35008
35009
35010
35013
35017
35019
35020
35021
35022
35025
35030
35031
35032
35033
35034
35036
35038
35042
35043
35045
35046
35047
35049
35051
35052
35053
35054
35055
35056
35060
35061
35062
35064
35066
35067
35068
35070
35073
35074
35081
35083
35084
35085
35088
35091
35093
35095
35096
35098
35099
35102
35103
35107
35108
35109
35110
35113
35116
35119
35122
35123
35124
35125
35126
35127
35131
35135
35138
35141
35142
35145
35148
35149
35150
35151
35152
35154
35155
35158
35160
35161
35171
35172
35175
35177
35179
35180
35182
35185
35186
35187
35188
35192
35194
35195
35198
35202
35207
35212
35213
35215
35216
35219
35222
35223
35224
35225
35227
35230
35231
35233
35235
35237
35239
35243
35245
35248
35250
35251
35254
35255
35259
35262
35265
35267
35268
35280
35281
35283
35284
35287
35292
35299
35302
35306
35308
35312
35313
35315
35316
35317
35320
35321
35323
35325
35329
35330
35331
35336
35338
35344
35348
35350
35354
35356
35359
35360
35363
35364
35365
35370
35371
35374
35376
35377
35378
35380
35381
35387
35389
35390
35391
35398
35399
35400
35401
35404
35406
35407
35408
35413
35415
35417
35418
35419
35421
35423
35430
35433
35436
35437
35438
35441
35442
35444
35447
35450
35451
35452
35455
35456
35457
35459
35460
35461
35464
35466
35469
35470
35471
35472
35473
35476
35477
35482
35483
35484
35489
35493
35495
35500
35505
35506
35508
35520
35523
35524
35525
35527
35530
35534
35539
35540
35545
35549
35551
35552
35553
35559
35560
35562
35563
35565
35569
35570
35572
35573
35574
35578
35581
35582
35587
35588
35589
35591
35592
35594
35596
35597
35603
35604
35608
35611
35616
35617
35625
35626
35627
35629
35631
35632
35637
35638
35639
35641
35649
35653
35654
35655
35658
35660
35663
35665
35667
35668
35669
35670
35671
35673
35678
35684
35689
35690
35693
35696
35700
35703
35708
35709
35710
35715
35716
35717
35719
35721
35724
35728
35732
35733
35737
35744
35745
35746
35747
35749
35753
35754
35765
35766
35767
35770
35772
35773
35777
35778
35781
35782
35783
35788
35789
35793
35796
35798
35800
35801
35802
35803
35805
35806
35807
35808
35809
35810
35812
35813
35814
35817
35820
35821
35823
35824
35827
35828
35830
35832
35834
35837
35838
35840
35841
35843
35846
35847
35849
35850
35852
35854
35855
35858
35861
35862
35864
35865
35868
35869
35870
35877
35880
35881
35882
35883
35885
35887
35888
35889
35890
35900
35901
35903
35904
35905
35906
35907
35908
35910
35911
35912
35913
35914
35915
35916
35917
35918
35919
35920
35921
35922
35923
35927
35929
35930
35931
35932
35934
35935
35936
35937
35938
35939
35940
35941
35942
35944
35945
35946
35947
35948
35951
35952
35953
35954
35955
35957
35958
35960
35961
35962
35963
35964
35965
35967
35968
35969
35970
35971
35972
35973
35974
35975
35976
35977
35978
35979
35980
35981
35982
35984
35985
35986
35987
35988
35991
35992
35993
35994
35995
35996
35999
36000
36001
36002
36003
36004
36005
36006
36007
36008
36010
36012
36014
36015
36017
36020
36021
36022
36023
36024
36025
36027
36028
36030
36031
36033
36034
36035
36036
36038
36039
36040
36041
36043
36044
36045
36046
36048
36049
36050
36052
36053
36054
36057
36058
36059
36060
36065
36066
36067
36068
36070
36073
36074
36075
36076
36077
36078
36079
36080
36081
36082
36085
36086
36087
36089
36090
36092
36093
36094
36095
36098
36101
36102
36103
36104
36105
36106
36109
36110
36111
36112
36113
36114
36115
36116
36117
36118
36119
36121
36123
36125
36126
36127
36129
36133
36134
36136
36137
36138
36139
36140
36142
36143
36144
36149
36150
36151
36152
36154
36156
36157
36158
36159
36162
36163
36164
36166
36168
36169
36170
36173
36175
36177
36180
36181
36183
36184
36185
36186
36187
36188
36190
36192
36193
36195
36198
36199
36200
36201
36202
36203
36204
36205
36206
36207
36209
36210
36212
36213
36214
36215
36216
36218
36219
36221
36225
36226
36227
36228
36231
36232
36234
36238
36239
36240
36241
36242
36243
36244
36245
36247
36248
36249
36251
36252
36253
36255
36256
36259
36262
36266
36267
36268
36270
36272
36274
36275
36276
36277
36278
36279
36281
36282
36286
36287
36290
36291
36292
36293
36294
36297
36299
36300
36303
36307
36308
36312
36313
36314
36316
36317
36320
36322
36323
36324
36326
36327
36328
36329
36330
36332
36333
36337
36338
36339
36340
36341
36342
36343
36344
36345
36346
36348
36349
36351
36353
36354
36355
36356
36359
36360
36361
36362
36363
36364
36366
36369
36371
36372
36373
36375
36378
36379
36382
36383
36384
36385
36386
36389
36390
36392
36394
36395
36397
36399
36400
36402
36405
36406
36407
36409
36410
36411
36412
36413
36414
36415
36417
36418
36419
36420
36421
36422
36423
36424
36425
36426
36427
36428
36429
36430
36431
36432
36434
36439
36440
36441
36444
36445
36448
36449
36451
36455
36456
36459
36461
36462
36463
36464
36466
36467
36468
36471
36473
36474
36476
36478
36481
36482
36483
36484
36486
36487
36489
36493
36494
36495
36496
36497
36498
36500
36501
36502
36503
36504
36506
36509
36510
36512
36513
36515
36516
36517
36521
36523
36524
36525
36526
36527
36531
36532
36533
36534
36537
36539
36541
36542
36545
36546
36548
36549
36552
36553
36555
36556
36560
36564
36567
36570
36574
36575
36576
36577
36580
36583
36585
36588
36591
36593
36597
36598
36599
36600
36602
36605
36606
36607
36608
36610
36611
36616
36618
36619
36620
36624
36626
36630
36631
36633
36635
36637
36638
36639
36640
36641
36644
36645
36646
36651
36654
36655
36658
36659
36663
36664
36665
36666
36668
36669
36672
36673
36674
36675
36676
36677
36681
36682
36683
36684
36687
36688
36691
36692
36693
36694
36697
36701
36702
36707
36708
36711
36712
36713
36715
36716
36718
36720
36725
36727
36729
36730
36731
36732
36733
36735
36737
36738
36742
36743
36744
36745
36747
36749
36751
36754
36755
36756
36759
36760
36762
36763
36764
36766
36768
36769
36771
36775
36776
36777
36780
36788
36789
36791
36793
36795
36796
36797
36798
36800
36801
36802
36804
36805
36806
36807
36808
36809
36810
36811
36814
36815
36817
36819
36820
36822
36823
36829
36832
36834
36835
36836
36837
36838
36839
36841
36843
36845
36846
36847
36848
36849
36851
36852
36853
36854
36855
36856
36861
36862
36864
36865
36868
36870
36872
36873
36874
36876
36877
36880
36881
36882
36883
36885
36886
36888
36889
36890
36891
36892
36893
36894
36898
36899
36900
36901
36902
36906
36907
36908
36909
36910
36911
36914
36916
36917
36918
36920
36922
36923
36925
36926
36928
36930
36932
36934
36935
36938
36940
36941
36942
36943
36944
36945
36946
36947
36949
36950
36953
36954
36955
36957
36958
36960
36961
36962
36965
36966
36969
36970
36972
36973
36974
36975
36976
36978
36979
36980
36981
36982
36983
36985
36986
36987
36988
36994
36995
36996
36998
36999
37000
37001
37003
37004
37005
37007
37008
37009
37010
37011
37014
37015
37016
37017
37018
37019
37020
37021
37023
37024
37025
37026
37028
37030
37031
37033
37034
37035
37036
37038
37039
37040
37043
37044
37045
37047
37048
37049
37050
37051
37052
37054
37055
37056
37057
37058
37060
37063
37064
37066
37068
37069
37070
37072
37073
37076
37077
37078
37079
37080
37081
37082
37083
37084
37086
37087
37088
37089
37092
37093
37094
37095
37097
37098
37099
37100
37101
37102
37103
37105
37108
37111
37113
37114
37115
37116
37117
37118
37119
37120
37122
37125
37126
37127
37128
37129
37130
37132
37133
37134
37135
37138
