0
2
3
5
13
20
36
39
41
43
44
57
64
70
74
78
79
80
91
98
100
106
111
113
116
122
123
124
126
127
130
135
139
140
141
144
145
147
148
158
161
170
172
176
185
206
210
213
214
219
240
242
254
265
274
277
279
281
284
296
298
300
322
326
332
338
339
340
349
356
371
383
384
387
388
394
396
397
409
410
411
421
425
427
434
435
443
453
454
464
465
488
497
499
505
516
519
523
536
538
539
546
553
556
563
586
590
592
604
613
618
619
633
636
639
642
645
655
661
669
673
675
676
678
680
681
683
684
685
686
687
688
690
691
692
693
694
695
696
698
699
700
701
702
703
704
705
706
708
709
710
711
712
713
714
715
716
718
719
721
722
723
724
725
727
728
729
730
731
732
733
734
735
736
737
739
741
742
743
744
745
746
747
748
750
755
757
758
759
761
762
763
766
767
768
770
771
773
774
775
777
778
779
780
781
782
784
788
792
793
795
796
797
798
799
801
802
805
806
807
809
811
814
815
816
818
819
820
821
823
824
825
828
830
831
832
833
836
837
838
841
843
844
846
849
850
852
853
854
856
858
859
861
862
863
864
868
872
880
882
886
890
892
893
894
895
897
898
899
901
903
906
907
909
917
919
920
921
922
923
925
926
931
934
935
937
938
939
940
942
943
945
947
948
949
950
951
952
954
955
956
957
958
962
963
965
966
971
972
974
977
979
980
982
983
984
985
986
987
988
989
994
995
996
999
1000
1002
1003
1006
1007
1008
1010
1011
1014
1017
1021
1022
1023
1024
1026
1027
1028
1031
1032
1038
1039
1040
1042
1044
1045
1046
1048
1050
1051
1052
1055
1058
1060
1061
1062
1065
1066
1070
1072
1073
1078
1079
1081
1082
1083
1086
1087
1088
1089
1093
1094
1097
1098
1100
1101
1102
1103
1108
1111
1113
1114
1115
1116
1117
1118
1119
1120
1121
1122
1123
1124
1125
1129
1131
1133
1136
1138
1139
1140
1142
1144
1146
1148
1152
1157
1160
1162
1164
1165
1169
1174
1177
1178
1181
1182
1183
1185
1190
1193
1194
1197
1200
1207
1208
1209
1210
1211
1215
1216
1217
1219
1220
1221
1223
1228
1229
1230
1232
1233
1235
1236
1238
1239
1241
1244
1247
1248
1249
1250
1252
1253
1254
1255
1258
1261
1262
1263
1264
1265
1266
1268
1270
1272
1273
1274
1275
1284
1289
1291
1292
1294
1295
1297
1299
1300
1301
1309
1310
1311
1323
1324
1326
1327
1330
1331
1332
1333
1334
1335
1339
1340
1344
1345
1349
1351
1352
1355
1356
1358
1359
1360
1364
1366
1369
1370
1371
1373
1375
1376
1379
1380
1381
1384
1386
1388
1389
1390
1391
1396
1400
1403
1407
1409
1410
1416
1418
1422
1424
1428
1429
1433
1436
1437
1439
1441
1446
1448
1449
1451
1452
1455
1456
1457
1458
1461
1462
1463
1464
1466
1469
1470
1472
1478
1482
1484
1487
1488
1489
1490
1492
1494
1495
1497
1499
1500
1501
1502
1503
1507
1511
1512
1513
1516
1518
1521
1524
1525
1527
1530
1533
1535
1536
1540
1541
1543
1552
1554
1555
1556
1562
1563
1565
1567
1569
1570
1572
1574
1576
1577
1579
1580
1581
1584
1585
1589
1590
1593
1595
1599
1603
1604
1606
1610
1615
1618
1620
1621
1623
1624
1625
1626
1628
1629
1630
1633
1634
1640
1644
1646
1648
1653
1657
1659
1660
1663
1664
1665
1670
1673
1674
1675
1676
1682
1683
1686
1687
1692
1698
1699
1702
1703
1704
1708
1709
1719
1720
1723
1725
1726
1729
1732
1738
1749
1752
1762
1765
1766
1767
1768
1770
1771
1775
1776
1780
1783
1785
1786
1787
1790
1792
1793
1794
1795
1797
1798
1800
1801
1803
1806
1807
1809
1813
1820
1821
1822
1824
1828
1830
1834
1842
1848
1851
1852
1853
1854
1862
1863
1864
1871
1873
1876
1879
1883
1884
1887
1888
1891
1892
1894
1896
1897
1900
1905
1906
1908
1910
1911
1913
1915
1916
1918
1920
1924
1925
1926
1931
1933
1934
1937
1938
1939
1941
1942
1953
1957
1961
1962
1963
1966
1967
1975
1978
1980
1981
1995
1997
2002
2012
2014
2016
2017
2020
2021
2023
2026
2031
2037
2038
2045
2046
2050
2055
2060
2062
2063
2071
2074
2077
2079
2082
2085
2088
2096
2099
2101
2102
2104
2108
2109
2110
2112
2113
2115
2116
2123
2124
2127
2133
2136
2142
2144
2147
2150
2152
2161
2163
2167
2168
2169
2170
2171
2172
2176
2178
2180
2181
2183
2187
2201
2202
2203
2207
2208
2210
2211
2214
2215
2218
2220
2223
2225
2227
2228
2233
2237
2239
2244
2249
2252
2255
2258
2262
2264
2266
2267
2273
2275
2279
2280
2297
2298
2302
2303
2307
2313
2317
2319
2320
2327
2328
2329
2333
2341
2346
2347
2356
2357
2359
2361
2365
2367
2374
2375
2380
2381
2382
2383
2386
2387
2388
2390
2391
2393
2394
2396
2397
2398
2400
2401
2402
2403
2404
2406
2407
2408
2410
2414
2415
2418
2420
2422
2423
2424
2426
2427
2428
2430
2432
2433
2438
2442
2443
2444
2446
2447
2451
2453
2455
2456
2457
2458
2459
2461
2465
2471
2474
2475
2479
2487
2488
2489
2490
2491
2492
2493
2494
2495
2496
2497
2498
2499
2501
2502
2504
2505
2506
2508
2509
2510
2513
2514
2515
2518
2521
2522
2523
2524
2525
2526
2528
2529
2530
2531
2532
2533
2534
2535
2536
2537
2538
2539
2540
2541
2542
2543
2544
2545
2546
2547
2548
2549
2550
2551
2552
2553
2554
2555
2556
2558
2559
2560
2561
2562
2563
2564
2565
2566
2567
2568
2569
2570
2571
2573
2574
2575
2576
2577
2578
2580
2581
2582
2583
2584
2585
2586
2588
2589
2590
2591
2592
2593
2594
2595
2596
2597
2598
2599
2600
2601
2602
2603
2604
2605
2606
2607
2608
2610
2611
2612
2613
2614
2615
2616
2617
2618
2619
2620
2621
2622
2623
2624
2626
2629
2630
2631
2632
2633
2634
2635
2636
2637
2638
2639
2640
2641
2642
2643
2644
2647
2648
2649
2650
2651
2652
2653
2654
2655
2656
2658
2659
2660
2661
2662
2663
2664
2665
2666
2668
2669
2670
2671
2672
2673
2674
2675
2676
2677
2678
2679
2680
2681
2682
2684
2685
2686
2687
2688
2689
2690
2692
2693
2694
2695
2696
2697
2698
2699
2700
2701
2702
2703
2706
2709
2711
2712
2714
2716
2717
2720
2721
2722
2723
2724
2725
2726
2727
2728
2729
2730
2731
2733
2734
2735
2736
2737
2738
2739
2740
2741
2742
2743
2744
2750
2753
2754
2755
2756
2757
2758
2759
2760
2763
2764
2765
2766
2767
2768
2769
2770
2772
2773
2775
2776
2779
2780
2781
2782
2784
2786
2787
2790
2791
2794
2795
2797
2799
2800
2803
2809
2812
2813
2814
2816
2818
2819
2820
2821
2822
2824
2825
2826
2828
2829
2830
2831
2833
2834
2837
2838
2840
2841
2842
2844
2845
2846
2847
2850
2852
2853
2855
2862
2864
2866
2867
2868
2870
2871
2873
2874
2875
2876
2879
2882
2883
2887
2888
2891
2893
2896
2897
2898
2901
2902
2904
2907
2910
2911
2913
2914
2915
2916
2917
2918
2919
2920
2923
2925
2926
2928
2930
2933
2935
2938
2939
2940
2942
2944
2945
2946
2948
2949
2951
2954
2956
2957
2958
2959
2961
2962
2963
2965
2966
2967
2970
2971
2973
2976
2977
2980
2981
2982
2983
2984
2985
2986
2987
2988
2989
2990
2992
2993
2994
2996
3001
3002
3003
3006
3008
3010
3011
3013
3016
3017
3018
3019
3020
3022
3023
3030
3032
3033
3034
3035
3036
3038
3039
3040
3042
3043
3045
3047
3048
3050
3051
3052
3054
3055
3059
3061
3063
3064
3066
3067
3068
3069
3070
3076
3077
3078
3079
3081
3088
3089
3093
3094
3098
3099
3103
3106
3107
3108
3110
3111
3113
3115
3116
3120
3121
3122
3123
3124
3126
3128
3131
3132
3134
3138
3142
3147
3149
3150
3153
3154
3156
3160
3162
3163
3165
3167
3168
3173
3177
3179
3180
3181
3185
3186
3190
3192
3193
3194
3195
3197
3199
3200
3201
3204
3205
3206
3207
3210
3212
3213
3219
3220
3223
3224
3228
3230
3232
3234
3240
3241
3244
3245
3246
3248
3249
3250
3251
3252
3253
3254
3255
3256
3257
3258
3261
3262
3264
3265
3266
3268
3269
3271
3274
3275
3276
3277
3278
3279
3282
3283
3284
3285
3286
3287
3288
3291
3293
3296
3297
3299
3301
3303
3304
3305
3307
3308
3312
3315
3316
3317
3318
3319
3322
3325
3326
3329
3332
3334
3335
3336
3337
3339
3340
3343
3344
3345
3346
3347
3349
3351
3357
3360
3361
3363
3365
3366
3370
3371
3372
3373
3376
3377
3378
3380
3384
3385
3388
3389
3392
3393
3395
3396
3397
3398
3399
3400
3402
3403
3405
3409
3412
3413
3414
3416
3418
3419
3421
3422
3423
3424
3425
3426
3428
3430
3434
3435
3438
3439
3442
3444
3446
3448
3450
3451
3453
3454
3457
3458
3459
3460
3461
3462
3464
3466
3467
3468
3471
3472
3473
3474
3476
3480
3484
3486
3487
3492
3494
3496
3503
3506
3509
3510
3514
3517
3518
3519
3521
3523
3524
3526
3529
3530
3531
3532
3534
3535
3536
3538
3539
3542
3543
3544
3545
3546
3548
3550
3552
3553
3555
3556
3557
3558
3559
3560
3561
3566
3567
3568
3569
3570
3571
3574
3575
3578
3581
3583
3586
3588
3592
3593
3596
3597
3599
3600
3601
3602
3603
3604
3606
3609
3610
3613
3617
3618
3622
3623
3625
3626
3627
3628
3629
3634
3635
3637
3640
3642
3643
3644
3647
3650
3652
3653
3654
3656
3657
3658
3660
3661
3665
3666
3667
3669
3674
3675
3676
3677
3678
3682
3684
3687
3688
3691
3692
3694
3696
3697
3698
3699
3700
3701
3703
3706
3707
3708
3709
3710
3712
3713
3717
3726
3728
3731
3734
3740
3747
3751
3757
3761
3762
3768
3771
3780
3786
3788
3792
3793
3794
3795
3802
3803
3806
3809
3817
3821
3824
3827
3829
3830
3831
3832
3834
3837
3838
3839
3840
3842
3847
3850
3852
3854
3855
3857
3858
3859
3860
3861
3865
3876
3879
3884
3886
3893
3894
3897
3898
3903
3915
3921
3925
3932
3940
3944
3946
3950
3952
3961
3975
3979
3983
3985
3987
3998
4003
4004
4009
4012
4013
4023
4032
4033
4034
4035
4036
4040
4041
4042
4063
4076
4077
4079
4083
4084
4086
4093
4094
4102
4108
4112
4116
4117
4121
4130
4132
4135
4136
4140
4141
4147
4148
4149
4156
4165
4167
4169
4178
4183
4184
4191
4192
4198
4202
4208
4213
4214
4222
4224
4235
4240
4242
4243
4249
4250
4251
4253
4265
4276
4277
4286
4289
4291
4297
4298
4304
4314
4316
4318
4323
4333
4337
4341
4343
4347
4354
4355
4356
4357
4365
4370
4379
4383
4388
4390
4392
4394
4395
4396
4397
4398
4399
4400
4401
4402
4403
4404
4405
4406
4407
4408
4410
4411
4412
4413
4414
4415
4416
4417
4418
4419
4421
4422
4424
4425
4426
4427
4428
4430
4432
4433
4434
4436
4437
4438
4439
4440
4441
4442
4443
4444
4445
4446
4447
4448
4449
4450
4451
4452
4453
4455
4456
4457
4459
4460
4461
4462
4463
4464
4465
4466
4468
4469
4470
4471
4472
4473
4476
4480
4483
4486
4487
4488
4489
4491
4492
4493
4494
4498
4499
4500
4501
4502
4505
4506
4507
4511
4512
4513
4515
4516
4517
4519
4520
4521
4523
4524
4525
4526
4527
4528
4530
4531
4532
4533
4534
4535
4538
4539
4540
4541
4542
4545
4546
4547
4548
4549
4550
4551
4552
4553
4554
4556
4557
4558
4560
4563
4564
4566
4568
4569
4571
4572
4573
4574
4575
4576
4577
4580
4581
4582
4584
4587
4589
4590
4593
4594
4596
4598
4600
4602
4603
4604
4605
4606
4608
4609
4611
4612
4613
4615
4618
4619
4620
4625
4630
4631
4632
4633
4635
4637
4638
4640
4641
4643
4645
4646
4647
4649
4650
4652
4653
4656
4659
4662
4663
4664
4666
4667
4668
4669
4670
4672
4673
4675
4676
4678
4679
4680
4685
4686
4687
4688
4694
4696
4698
4699
4701
4703
4704
4705
4707
4708
4709
4710
4711
4714
4715
4716
4717
4719
4720
4721
4723
4724
4727
4730
4732
4733
4736
4738
4739
4741
4746
4749
4750
4751
4752
4754
4756
4758
4759
4760
4763
4765
4766
4767
4768
4769
4770
4772
4773
4776
4777
4779
4780
4782
4783
4787
4789
4790
4792
4793
4795
4796
4797
4798
4799
4800
4801
4802
4807
4808
4811
4812
4815
4816
4817
4818
4819
4822
4824
4825
4826
4827
4828
4830
4831
4833
4834
4836
4839
4841
4843
4845
4846
4847
4848
4849
4853
4859
4860
4863
4864
4866
4870
4871
4872
4873
4874
4875
4876
4878
4886
4888
4892
4895
4896
4897
4898
4899
4904
4905
4906
4907
4908
4910
4911
4913
4914
4916
4917
4921
4924
4925
4927
4930
4931
4932
4935
4936
4937
4938
4942
4944
4945
4946
4948
4950
4951
4955
4956
4959
4963
4964
4965
4966
4967
4970
4971
4972
4974
4975
4976
4977
4978
4979
4981
4982
4984
4985
4986
4987
4988
4994
4996
4997
5000
5001
5004
5005
5007
5008
5010
5011
5012
5013
5014
5015
5021
5022
5025
5030
5032
5033
5035
5039
5041
5042
5045
5046
5047
5049
5052
5055
5056
5060
5063
5064
5066
5069
5073
5075
5077
5078
5080
5081
5082
5083
5084
5085
5087
5088
5089
5091
5093
5094
5096
5097
5100
5101
5102
5103
5104
5105
5107
5109
5110
5112
5113
5114
5117
5119
5121
5124
5125
5130
5134
5136
5138
5139
5140
5142
5143
5147
5148
5149
5150
5151
5153
5154
5155
5157
5160
5162
5164
5165
5166
5167
5170
5174
5175
5179
5180
5182
5184
5186
5189
5190
5191
5192
5194
5195
5196
5200
5201
5202
5203
5204
5206
5208
5209
5211
5213
5214
5215
5218
5221
5225
5226
5227
5234
5236
5238
5239
5241
5247
5249
5254
5255
5257
5258
5259
5260
5261
5264
5265
5266
5267
5268
5269
5275
5276
5277
5281
5283
5288
5290
5291
5292
5293
5294
5295
5296
5299
5300
5301
5303
5304
5306
5307
5311
5312
5313
5321
5323
5326
5327
5329
5330
5331
5332
5333
5334
5335
5339
5340
5341
5343
5344
5350
5351
5354
5356
5362
5363
5364
5370
5373
5374
5375
5378
5379
5384
5387
5389
5394
5396
5397
5400
5401
5407
5412
5415
5417
5418
5420
5423
5426
5427
5429
5430
5432
5434
5435
5436
5437
5439
5440
5442
5446
5447
5450
5451
5457
5458
5459
5465
5466
5470
5473
5474
5475
5476
5477
5478
5479
5481
5482
5484
5489
5490
5494
5497
5502
5504
5505
5506
5508
5509
5512
5518
5519
5520
5521
5523
5533
5535
5536
5539
5547
5553
5556
5558
5562
5566
5567
5569
5570
5572
5576
5581
5586
5587
5589
5592
5597
5598
5601
5606
5608
5613
5614
5619
5622
5624
5626
5634
5637
5640
5642
5651
5652
5653
5654
5658
5662
5664
5666
5667
5668
5670
5671
5675
5676
5677
5678
5680
5681
5682
5685
5687
5688
5689
5692
5695
5698
5701
5702
5706
5709
5711
5714
5715
5717
5718
5722
5725
5726
5730
5735
5736
5737
5739
5743
5745
5747
5751
5752
5754
5758
5759
5760
5761
5764
5769
5771
5778
5785
5787
5792
5793
5796
5798
5799
5801
5802
5805
5810
5816
5820
5822
5826
5827
5829
5835
5839
5840
5841
5843
5847
5849
5851
5853
5855
5856
5858
5860
5867
5870
5873
5875
5876
5877
5882
5884
5885
5886
5888
5894
5899
5901
5903
5904
5905
5908
5918
5922
5925
5926
5928
5929
5932
5935
5942
5943
5945
5953
5961
5962
5963
5966
5968
5969
5970
5974
5975
5976
5978
5980
5987
5989
5992
5994
5995
5996
5997
6000
6003
6004
6012
6013
6016
6021
6022
6023
6025
6027
6031
6037
6042
6043
6044
6045
6050
6060
6061
6063
6064
6065
6066
6070
6071
6073
6075
6077
6084
6086
6088
6090
6095
6096
6097
6101
6102
6104
6105
6106
6107
6108
6110
6111
6116
6117
6121
6122
6124
6125
6128
6129
6130
6131
6134
6136
6139
6141
6142
6143
6144
6146
6147
6149
6152
6156
6157
6158
6161
6162
6165
6168
6169
6170
6171
6173
6174
6175
6177
6179
6190
6199
6201
6203
6204
6205
6206
6207
6208
6209
6210
6211
6213
6215
6217
6218
6219
6220
6221
6223
6224
6226
6228
6229
6230
6232
6233
6234
6235
6236
6238
6239
6240
6241
6242
6243
6244
6245
6246
6247
6248
6249
6250
6251
6252
6253
6254
6256
6257
6260
6261
6262
6263
6264
6265
6266
6267
6268
6269
6270
6272
6273
6274
6275
6276
6278
6279
6280
6281
6282
6283
6284
6285
6286
6287
6289
6290
6291
6292
6293
6295
6296
6297
6298
6299
6300
6302
6303
6305
6306
6307
6308
6310
6311
6312
6313
6315
6316
6317
6318
6319
6320
6321
6322
6324
6326
6327
6328
6329
6330
6333
6334
6335
6336
6337
6338
6339
6340
6341
6342
6343
6345
6347
6348
6349
6350
6351
6352
6353
6354
6355
6356
6357
6358
6359
6360
6361
6362
6363
6364
6365
6366
6367
6368
6369
6370
6371
6372
6375
6377
6378
6379
6380
6381
6382
6384
6386
6388
6389
6390
6392
6393
6395
6396
6397
6398
6399
6401
6402
6403
6404
6405
6406
6407
6408
6409
6410
6411
6412
6413
6414
6415
6416
6417
6420
6422
6423
6425
6426
6428
6430
6431
6432
6433
6434
6435
6436
6437
6438
6439
6441
6442
6443
6444
6445
6446
6449
6451
6452
6453
6454
6456
6458
6459
6460
6461
6462
6463
6466
6467
6469
6470
6472
6473
6474
6476
6478
6479
6480
6481
6482
6483
6487
6489
6490
6493
6495
6498
6499
6502
6503
6504
6508
6509
6510
6511
6513
6514
6515
6518
6521
6522
6524
6525
6527
6529
6530
6531
6532
6533
6535
6536
6537
6538
6539
6540
6541
6542
6543
6544
6546
6547
6549
6550
6551
6553
6554
6555
6556
6557
6558
6561
6562
6563
6564
6566
6567
6569
6571
6572
6573
6575
6579
6581
6582
6584
6585
6586
6587
6588
6590
6592
6593
6595
6596
6597
6598
6600
6602
6603
6604
6605
6608
6609
6610
6611
6612
6618
6621
6624
6627
6629
6631
6632
6633
6635
6636
6637
6638
6639
6642
6644
6645
6648
6649
6654
6656
6657
6658
6659
6660
6661
6663
6664
6666
6667
6670
6672
6673
6676
6678
6679
6680
6682
6687
6688
6689
6690
6691
6693
6694
6695
6697
6698
6700
6703
6704
6706
6707
6708
6710
6712
6713
6715
6716
6717
6718
6721
6724
6725
6726
6727
6728
6730
6731
6732
6733
6736
6737
6739
6740
6742
6744
6747
6749
6750
6751
6752
6754
6756
6757
6759
6760
6761
6762
6763
6764
6766
6767
6769
6775
6777
6780
6781
6782
6787
6795
6796
6797
6799
6801
6802
6808
6813
6814
6815
6816
6820
6822
6823
6825
6826
6832
6834
6835
6837
6840
6842
6845
6846
6848
6852
6855
6858
6859
6860
6862
6863
6864
6866
6867
6868
6869
6870
6872
6876
6877
6878
6879
6883
6885
6887
6888
6889
6893
6899
6900
6903
6904
6907
6909
6910
6913
6914
6915
6919
6920
6922
6927
6933
6934
6936
6937
6940
6941
6942
6944
6946
6950
6953
6956
6959
6960
6962
6965
6966
6968
6970
6971
6972
6974
6975
6976
6978
6980
6982
6985
6986
6987
6988
6991
6992
6994
6995
6996
6999
7000
7001
7002
7004
7005
7011
7012
7013
7014
7015
7016
7020
7021
7023
7026
7029
7030
7031
7032
7033
7039
7040
7043
7044
7046
7048
7051
7054
7055
7056
7057
7059
7060
7061
7063
7065
7066
7068
7069
7071
7072
7073
7074
7075
7076
7078
7080
7083
7084
7085
7088
7090
7092
7093
7094
7098
7099
7102
7103
7106
7108
7109
7110
7111
7112
7119
7120
7127
7128
7130
7133
7135
7136
7138
7139
7140
7141
7142
7144
7147
7151
7152
7155
7156
7158
7160
7164
7168
7171
7173
7175
7177
7180
7181
7185
7186
7187
7188
7189
7194
7195
7196
7197
7198
7200
7201
7202
7203
7204
7205
7206
7207
7210
7211
7214
7215
7220
7222
7223
7227
7228
7229
7230
7231
7233
7234
7235
7238
7243
7244
7245
7246
7248
7249
7250
7251
7253
7254
7258
7259
7260
7262
7264
7267
7268
7269
7270
7271
7273
7274
7275
7276
7277
7279
7281
7282
7283
7284
7285
7288
7289
7291
7292
7293
7295
7296
7297
7299
7302
7303
7306
7307
7309
7311
7313
7314
7317
7321
7322
7323
7324
7325
7326
7328
7331
7332
7335
7336
7337
7339
7342
7344
7345
7346
7348
7350
7351
7354
7356
7357
7361
7364
7366
7370
7371
7372
7373
7374
7375
7376
7381
7382
7383
7384
7385
7386
7387
7388
7389
7390
7392
7396
7398
7401
7402
7404
7405
7406
7407
7408
7409
7410
7411
7412
7413
7415
7416
7417
7419
7422
7423
7424
7427
7431
7434
7437
7438
7448
7449
7452
7458
7466
7467
7468
7473
7482
7484
7485
7490
7491
7504
7506
7507
7521
7540
7544
7548
7554
7558
7565
7568
7571
7575
7586
7588
7590
7591
7593
7596
7601
7604
7611
7617
7620
7626
7635
7642
7644
7662
7666
7668
7682
7685
7689
7690
7706
7722
7724
7726
7735
7744
7755
7759
7765
7783
7784
7789
7796
7797
7802
7811
7824
7831
7836
7843
7855
7858
7894
7908
7909
7912
7916
7927
7936
7939
7945
7947
7951
7952
7961
7972
7982
7985
7986
8000
8001
8002
8003
8005
8006
8011
8029
8038
8059
8084
8091
8097
8102
8103
8105
8107
8109
8111
8112
8113
8114
8115
8117
8118
8119
8120
8122
8124
8128
8130
8131
8132
8133
8134
8135
8136
8137
8139
8140
8141
8142
8143
8144
8146
8147
8148
8150
8151
8152
8153
8154
8155
8156
8157
8159
8162
8163
8165
8166
8167
8168
8169
8170
8172
8173
8174
8175
8176
8177
8179
8182
8184
8187
8189
8190
8196
8201
8202
8203
8206
8207
8208
8209
8210
8212
8213
8214
8216
8217
8218
8220
8225
8228
8229
8231
8233
8234
8235
8236
8240
8242
8243
8244
8246
8247
8249
8251
8252
8255
8258
8260
8261
8264
8265
8266
8269
8271
8272
8274
8275
8277
8278
8279
8280
8284
8286
8291
8292
8296
8297
8303
8304
8306
8307
8308
8310
8312
8313
8315
8316
8317
8318
8319
8320
8321
8323
8324
8326
8327
8328
8329
8330
8331
8334
8336
8337
8340
8342
8344
8347
8350
8351
8353
8354
8357
8359
8360
8361
8363
8366
8367
8370
8371
8372
8373
8374
8378
8380
8382
8383
8384
8385
8386
8389
8390
8393
8394
8397
8400
8401
8402
8405
8413
8415
8416
8418
8420
8422
8427
8428
8429
8430
8432
8433
8437
8438
8439
8442
8444
8445
8447
8449
8455
8456
8458
8460
8465
8466
8468
8470
8472
8473
8476
8479
8480
8483
8484
8485
8487
8488
8489
8490
8491
8494
8497
8500
8501
8506
8511
8512
8514
8515
8516
8521
8528
8530
8532
8536
8537
8538
8539
8541
8542
8543
8544
8547
8548
8551
8552
8556
8563
8570
8572
8574
8578
8581
8584
8585
8587
8588
8590
8592
8593
8597
8599
8602
8603
8604
8609
8610
8614
8622
8627
8629
8630
8635
8641
8645
8647
8648
8651
8656
8663
8664
8665
8670
8672
8675
8676
8678
8680
8681
8683
8685
8686
8687
8688
8689
8690
8693
8698
8704
8707
8711
8714
8715
8717
8719
8722
8725
8729
8731
8735
8738
8739
8741
8742
8743
8744
8747
8748
8749
8755
8758
8759
8760
8765
8766
8767
8768
8769
8771
8776
8777
8783
8784
8785
8786
8787
8789
8791
8794
8795
8797
8798
8799
8802
8803
8804
8806
8808
8810
8811
8812
8814
8815
8817
8821
8823
8826
8828
8831
8834
8838
8839
8843
8844
8849
8852
8854
8855
8857
8862
8864
8867
8870
8872
8873
8874
8876
8879
8885
8886
8888
8893
8905
8906
8915
8916
8917
8918
8922
8923
8926
8928
8929
8932
8935
8936
8940
8950
8952
8957
8958
8961
8963
8964
8966
8968
8978
8981
8983
8985
8987
8989
8990
8996
8997
9000
9002
9005
9007
9008
9011
9012
9018
9021
9025
9027
9029
9036
9041
9043
9044
9045
9048
9050
9053
9060
9061
9065
9068
9070
9072
9079
9080
9084
9085
9087
9091
9092
9098
9099
9101
9107
9110
9111
9113
9119
9121
9123
9126
9127
9131
9133
9137
9140
9143
9144
9146
9147
9151
9156
9157
9159
9160
9161
9175
9176
9179
9181
9190
9193
9194
9195
9196
9198
9200
9201
9206
9207
9211
9214
9215
9224
9233
9239
9241
9248
9249
9250
9252
9256
9258
9259
9262
9279
9283
9284
9286
9293
9294
9306
9309
9311
9315
9316
9325
9328
9332
9333
9335
9339
9352
9353
9356
9358
9361
9362
9364
9365
9367
9372
9376
9383
9384
9390
9395
9399
9402
9406
9411
9415
9423
9425
9435
9438
9440
9444
9446
9447
9449
9451
9452
9459
9474
9478
9483
9484
9489
9495
9501
9506
9510
9513
9515
9526
9529
9531
9540
9541
9544
9552
9553
9556
9558
9561
9575
9576
9593
9594
9596
9598
9600
9609
9613
9615
9616
9617
9618
9621
9623
9625
9629
9634
9635
9638
9640
9649
9657
9661
9663
9665
9667
9669
9674
9675
9683
9689
9692
9693
9703
9707
9719
9720
9722
9726
9730
9741
9743
9745
9747
9756
9757
9759
9764
9769
9773
9774
9780
9785
9789
9791
9794
9795
9803
9805
9810
9815
9816
9817
9822
9823
9825
9826
9829
9834
9835
9836
9838
9839
9843
9849
9850
9851
9857
9858
9860
9861
9863
9864
9865
9871
9872
9878
9879
9881
9887
9889
9894
9896
9901
9904
9905
9906
9914
9915
9916
9917
9918
9919
9920
9921
9922
9923
9925
9927
9928
9929
9931
9932
9933
9934
9937
9939
9940
9941
9942
9943
9946
9948
9949
9950
9951
9952
9953
9954
9955
9956
9957
9958
9960
9961
9962
9963
9964
9965
9966
9967
9968
9970
9971
9972
9973
9974
9975
9976
9978
9979
9980
9981
9983
9984
9986
9987
9988
9989
9990
9991
9992
9993
9994
9995
9996
9997
9998
9999
10000
10001
10002
10003
10005
10007
10009
10010
10011
10012
10013
10014
10016
10017
10018
10019
10020
10024
10025
10026
10027
10029
10030
10032
10035
10036
10038
10040
10043
10044
10045
10046
10047
10048
10050
10051
10052
10054
10055
10056
10057
10058
10059
10060
10061
10062
10063
10064
10065
10067
10069
10070
10071
10072
10074
10075
10076
10077
10079
10080
10081
10082
10083
10084
10086
10089
10091
10092
10094
10095
10096
10097
10098
10100
10101
10103
10104
10105
10106
10107
10109
10110
10111
10112
10113
10114
10117
10118
10119
10120
10121
10122
10123
10124
10125
10126
10127
10128
10129
10130
10131
10134
10135
10136
10137
10139
10140
10141
10144
10145
10146
10148
10149
10150
10151
10152
10154
10155
10156
10157
10161
10162
10163
10164
10166
10168
10170
10171
10172
10175
10177
10179
10181
10183
10184
10186
10187
10188
10189
10190
10191
10192
10193
10194
10195
10198
10199
10201
10203
10204
10206
10207
10208
10210
10211
10212
10214
10215
10216
10217
10218
10219
10222
10223
10225
10227
10228
10231
10234
10235
10236
10241
10244
10245
10246
10250
10252
10253
10254
10257
10258
10259
10261
10264
10265
10270
10271
10272
10276
10277
10280
10283
10285
10286
10287
10290
10291
10293
10294
10295
10296
10298
10299
10300
10301
10302
10307
10309
10310
10312
10313
10314
10315
10316
10318
10320
10322
10323
10325
10326
10332
10334
10335
10338
10339
10340
10341
10342
10343
10345
10346
10347
10348
10351
10353
10356
10357
10359
10360
10362
10365
10366
10367
10368
10369
10370
10373
10374
10376
10377
10380
10384
10385
10387
10390
10396
10397
10399
10401
10403
10408
10409
10410
10412
10414
10415
10416
10417
10418
10419
10420
10421
10422
10426
10427
10429
10431
10436
10438
10439
10445
10446
10448
10450
10451
10453
10455
10456
10457
10458
10459
10461
10462
10463
10464
10466
10470
10471
10473
10474
10475
10476
10477
10478
10480
10481
10483
10488
10491
10495
10496
10497
10498
10501
10511
10513
10516
10522
10527
10529
10534
10535
10536
10539
10541
10543
10545
10548
10549
10550
10551
10553
10555
10556
10560
10562
10566
10569
10577
10578
10579
10581
10582
10584
10586
10593
10595
10597
10598
10599
10602
10605
10610
10616
10619
10623
10624
10628
10636
10638
10640
10641
10643
10644
10645
10647
10648
10651
10653
10655
10658
10660
10662
10664
10667
10668
10669
10673
10677
10678
10680
10681
10682
10684
10685
10686
10689
10693
10699
10700
10704
10706
10707
10708
10710
10711
10714
10715
10716
10718
10719
10720
10721
10722
10723
10724
10726
10727
10729
10738
10743
10744
10745
10746
10751
10753
10757
10760
10765
10766
10768
10769
10771
10774
10775
10777
10779
10781
10787
10788
10789
10790
10793
10796
10798
10799
10806
10807
10808
10810
10812
10813
10816
10817
10822
10824
10826
10827
10834
10835
10840
10841
10842
10844
10845
10847
10848
10849
10850
10851
10853
10854
10855
10858
10863
10865
10867
10869
10872
10874
10878
10879
10882
10885
10886
10887
10888
10890
10892
10893
10894
10895
10899
10901
10905
10907
10908
10909
10910
10911
10915
10916
10917
10918
10919
10920
10922
10924
10925
10930
10931
10934
10940
10941
10942
10944
10945
10947
10948
10949
10951
10952
10956
10957
10958
10959
10960
10962
10963
10964
10965
10967
10968
10970
10972
10973
10976
10977
10978
10981
10983
10984
10985
10988
10989
10990
10994
10997
10998
11000
11002
11004
11005
11006
11009
11010
11012
11016
11017
11019
11020
11022
11023
11024
11027
11028
11030
11031
11034
11036
11038
11040
11042
11044
11045
11046
11050
11051
11053
11054
11057
11058
11059
11060
11062
11064
11068
11070
11071
11074
11075
11078
11081
11085
11086
11087
11088
11093
11094
11095
11097
11099
11100
11101
11102
11103
11104
11106
11107
11110
11112
11116
11118
11120
11121
11123
11124
11125
11126
11127
11128
11129
11131
11133
11136
11137
11138
11139
11140
11141
11147
11150
11152
11178
11179
11180
11182
11185
11188
11190
11195
11196
11201
11202
11204
11207
11214
11218
11219
11231
11232
11238
11240
11253
11254
11256
11262
11266
11268
11269
11274
11277
11285
11286
11287
11289
11300
11301
11303
11304
11305
11307
11314
11316
11319
11324
11325
11327
11331
11333
11340
11342
11344
11348
11350
11363
11367
11369
11374
11390
11399
11400
11403
11405
11414
11448
11454
11461
11463
11467
11469
11470
11478
11482
11485
11491
11493
11495
11503
11505
11511
11512
11514
11516
11519
11520
11522
11530
11534
11540
11543
11545
11557
11558
11566
11567
11569
11572
11575
11576
11577
11586
11589
11604
11606
11608
11612
11625
11635
11640
11641
11650
11651
11656
11660
11663
11665
11671
11673
11681
11692
11695
11697
11698
11700
11704
11705
11712
11715
11717
11720
11722
11733
11740
11744
11751
11762
11767
11768
11769
11775
11778
11783
11784
11789
11794
11801
11812
11815
11816
11817
11818
11819
11822
11823
11825
11826
11827
11828
11829
11830
11831
11832
11833
11836
11838
11839
11840
11842
11843
11844
11845
11846
11847
11849
11850
11851
11852
11853
11854
11855
11856
11857
11859
11860
11861
11862
11863
11864
11866
11867
11868
11869
11870
11871
11872
11873
11874
11875
11876
11877
11880
11883
11884
11885
11887
11889
11890
11894
11896
11897
11898
11899
11900
11901
11902
11903
11904
11905
11906
11908
11909
11910
11911
11915
11919
11921
11923
11924
11925
11927
11928
11930
11931
11932
11933
11934
11935
11940
11941
11943
11944
11946
11947
11949
11951
11952
11954
11956
11958
11959
11960
11961
11962
11963
11965
11966
11968
11972
11975
11977
11978
11979
11980
11982
11983
11984
11986
11987
11990
11991
11992
11994
12000
12001
12002
12003
12004
12005
12007
12009
12012
12014
12015
12017
12019
12020
12021
12022
12023
12024
12025
12026
12027
12029
12032
12034
12036
12038
12039
12040
12042
12043
12047
12048
12049
12051
12053
12056
12058
12061
12064
12065
12069
12072
12073
12075
12077
12080
12081
12082
12084
12085
12087
12092
12093
12094
12098
12100
12104
12106
12107
12108
12109
12111
12113
12116
12119
12121
12123
12127
12128
12129
12130
12131
12133
12136
12137
12138
12144
12145
12147
12148
12149
12150
12151
12152
12153
12154
12156
12159
12160
12161
12162
12164
12165
12167
12169
12174
12176
12181
12185
12186
12192
12193
12194
12196
12197
12198
12200
12202
12204
12205
12208
12212
12213
12214
12215
12218
12220
12224
12225
12226
12227
12228
12229
12233
12235
12237
12243
12244
12245
12247
12249
12250
12251
12253
12255
12256
12258
12260
12261
12263
12264
12265
12266
12267
12273
12274
12276
12277
12278
12280
12281
12282
12284
12285
12287
12288
12289
12293
12299
12300
12302
12303
12304
12311
12314
12316
12320
12323
12324
12325
12327
12332
12333
12335
12342
12343
12344
12345
12349
12351
12352
12353
12356
12358
12359
12361
12363
12365
12373
12374
12376
12377
12378
12379
12381
12384
12387
12389
12391
12392
12395
12399
12400
12402
12403
12404
12407
12410
12412
12413
12415
12416
12421
12423
12425
12433
12436
12437
12438
12442
12443
12452
12453
12454
12457
12459
12465
12466
12468
12469
12472
12474
12475
12476
12480
12484
12486
12490
12491
12495
12497
12499
12501
12503
12505
12512
12516
12517
12518
12520
12522
12527
12528
12531
12532
12533
12536
12540
12542
12546
12547
12549
12550
12552
12556
12558
12559
12563
12566
12568
12569
12570
12572
12577
12578
12580
12581
12583
12585
12588
12593
12595
12603
12604
12606
12607
12608
12616
12617
12619
12620
12628
12629
12630
12631
12632
12634
12639
12641
12642
12643
12647
12650
12654
12661
12662
12664
12666
12667
12669
12671
12677
12678
12680
12682
12696
12698
12699
12703
12704
12705
12706
12707
12710
12711
12712
12716
12718
12719
12721
12722
12723
12725
12726
12732
12734
12735
12737
12740
12741
12745
12748
12755
12757
12761
12762
12763
12765
12771
12776
12780
12782
12792
12793
12795
12796
12801
12806
12807
12808
12812
12817
12824
12825
12835
12840
12842
12843
12847
12851
12857
12858
12862
12865
12868
12871
12874
12876
12877
12878
12879
12883
12887
12888
12889
12893
12894
12902
12903
12907
12909
12910
12916
12917
12918
12919
12920
12924
12927
12928
12929
12932
12933
12934
12935
12937
12938
12939
12943
12949
12958
12959
12960
12963
12974
12988
12990
12991
12997
12998
13014
13020
13022
13024
13025
13031
13034
13039
13047
13050
13053
13057
13058
13060
13073
13075
13084
13086
13088
13091
13094
13097
13098
13099
13100
13102
13103
13104
13108
13109
13110
13111
13113
13115
13117
13120
13127
13131
13137
13142
13149
13154
13158
13161
13163
13165
13166
13168
13169
13171
13177
13180
13187
13188
13192
13193
13196
13197
13199
13204
13205
13208
13209
13219
13230
13246
13254
13255
13267
13269
13277
13279
13281
13286
13288
13292
13298
13305
13307
13314
13316
13327
13333
13348
13350
13352
13353
13357
13358
13362
13365
13366
13372
13378
13379
13381
13383
13388
13389
13390
13392
13393
13396
13400
13403
13405
13408
13427
13428
13439
13440
13444
13449
13453
13459
13461
13462
13467
13470
13472
13473
13483
13487
13488
13492
13498
13499
13507
13513
13516
13517
13519
13524
13525
13528
13529
13530
13532
13533
13534
13535
13536
13537
13539
13543
13548
13549
13550
13552
13554
13556
13557
13558
13562
13563
13568
13571
13572
13574
13575
13578
13585
13586
13587
13589
13593
13596
13597
13599
13603
13605
13616
13619
13620
13624
13628
13629
13630
13631
13632
13633
13634
13635
13636
13637
13639
13640
13643
13644
13647
13648
13650
13651
13653
13654
13656
13657
13660
13661
13662
13663
13664
13666
13667
13668
13669
13670
13672
13673
13674
13675
13676
13678
13679
13680
13681
13682
13683
13684
13685
13686
13688
13689
13690
13691
13692
13693
13694
13695
13696
13698
13700
13701
13703
13704
13706
13707
13709
13710
13711
13712
13713
13714
13715
13716
13717
13718
13719
13720
13722
13723
13724
13725
13726
13727
13728
13729
13730
13731
13732
13733
13737
13738
13739
13740
13741
13743
13744
13746
13747
13748
13749
13750
13752
13753
13754
13755
13756
13757
13758
13759
13760
13761
13762
13763
13765
13766
13767
13768
13769
13771
13773
13774
13775
13776
13777
13778
13781
13782
13783
13784
13785
13786
13787
13789
13790
13791
13792
13793
13794
13795
13796
13797
13798
13800
13801
13803
13805
13806
13807
13808
13809
13810
13811
13812
13814
13816
13817
13818
13819
13820
13821
13822
13823
13824
13825
13826
13827
13828
13831
13832
13833
13834
13835
13837
13839
13840
13841
13842
13843
13844
13845
13848
13850
13853
13854
13855
13856
13858
13859
13860
13862
13863
13864
13865
13866
13870
13873
13877
13878
13879
13880
13882
13884
13886
13888
13889
13890
13893
13894
13895
13896
13897
13898
13900
13901
13902
13906
13907
13909
13910
13911
13915
13916
13917
13918
13921
13922
13923
13925
13926
13928
13932
13933
13936
13937
13938
13939
13941
13942
13944
13945
13946
13947
13948
13949
13951
13952
13953
13954
13955
13957
13959
13960
13961
13963
13964
13967
13968
13969
13971
13972
13973
13975
13978
13979
13980
13981
13982
13983
13984
13986
13987
13990
13991
13993
13994
13997
14001
14002
14005
14007
14008
14010
14012
14013
14015
14016
14018
14021
14023
14024
14025
14026
14027
14028
14032
14034
14035
14036
14039
14040
14042
14044
14045
14046
14048
14049
14050
14051
14053
14055
14056
14057
14059
14060
14061
14062
14064
14065
14066
14068
14070
14071
14075
14079
14080
14081
14082
14083
14084
14085
14087
14088
14091
14092
14093
14094
14099
14102
14103
14104
14108
14110
14112
14115
14116
14117
14118
14122
14123
14125
14126
14128
14129
14131
14132
14134
14135
14136
14140
14141
14143
14144
14145
14146
14150
14152
14156
14158
14161
14164
14165
14171
14172
14175
14177
14178
14179
14180
14182
14184
14185
14187
14189
14190
14192
14196
14201
14205
14209
14210
14211
14212
14215
14219
14224
14225
14226
14230
14231
14233
14234
14236
14237
14241
14243
14244
14248
14249
14250
14253
14262
14265
14267
14268
14269
14270
14273
14274
14276
14280
14281
14291
14292
14294
14296
14297
14298
14304
14306
14307
14309
14312
14313
14314
14317
14321
14327
14328
14329
14333
14334
14337
14338
14339
14341
14342
14343
14346
14347
14348
14352
14354
14355
14361
14362
14368
14369
14371
14374
14378
14379
14381
14382
14383
14384
14385
14388
14390
14394
14395
14396
14397
14398
14400
14403
14413
14415
14416
14417
14418
14419
14420
14424
14426
14427
14429
14430
14432
14433
14434
14439
14441
14442
14443
14444
14445
14449
14450
14454
14456
14457
14458
14459
14460
14461
14464
14465
14468
14470
14471
14476
14479
14482
14483
14485
14486
14487
14488
14491
14493
14494
14496
14498
14499
14501
14507
14508
14511
14512
14515
14521
14522
14525
14526
14527
14528
14530
14531
14534
14537
14539
14541
14545
14547
14548
14553
14555
14557
14558
14562
14563
14564
14565
14566
14567
14568
14569
14570
14571
14572
14576
14577
14581
14582
14583
14586
14587
14588
14593
14596
14598
14599
14600
14601
14605
14606
14607
14609
14610
14612
14613
14615
14617
14618
14619
14622
14623
14624
14625
14628
14629
14631
14634
14635
14638
14639
14642
14643
14644
14650
14656
14657
14659
14661
14663
14664
14665
14668
14671
14672
14673
14674
14676
14677
14679
14681
14682
14684
14685
14686
14687
14690
14691
14695
14698
14699
14700
14701
14703
14704
14708
14712
14715
14716
14719
14720
14721
14723
14724
14725
14729
14730
14731
14734
14735
14741
14742
14743
14744
14748
14749
14751
14752
14754
14756
14759
14760
14761
14763
14764
14765
14767
14771
14773
14776
14779
14782
14784
14785
14786
14789
14794
14795
14798
14799
14800
14801
14802
14803
14807
14808
14809
14811
14813
14814
14815
14816
14817
14818
14819
14821
14822
14824
14825
14826
14827
14830
14833
14835
14836
14838
14840
14841
14842
14843
14847
14848
14849
14850
14853
14854
14855
14856
14859
14860
14874
14875
14876
14882
14886
14887
14888
14893
14918
14919
14924
14925
14936
14972
14973
14980
14982
14986
14998
14999
15001
15003
15008
15014
15015
15028
15032
15038
15063
15064
15070
15088
15096
15114
15118
15127
15130
15134
15139
15149
15152
15175
15182
15192
15194
15199
15207
15215
15232
15236
15240
15254
15259
15266
15281
15286
15290
15309
15324
15334
15339
15364
15375
15381
15384
15385
15390
15391
15411
15412
15418
15428
15444
15455
15460
15464
15479
15480
15485
15489
15498
15500
15506
15510
15514
15530
15531
15533
15535
15536
15537
15540
15541
15542
15543
15545
15548
15549
15551
15552
15553
15555
15558
15559
15560
15561
15562
15563
15564
15565
15566
15568
15569
15570
15571
15572
15574
15575
15576
15578
15580
15581
15583
15584
15585
15586
15587
15588
15589
15590
15591
15592
15593
15594
15597
15598
15599
15602
15603
15604
15606
15607
15608
15611
15612
15613
15614
15615
15619
15624
15625
15626
15628
15629
15630
15631
15634
15635
15637
15638
15639
15641
15642
15644
15645
15648
15649
15650
15654
15655
15657
15659
15660
15661
15662
15663
15665
15666
15667
15669
15670
15672
15673
15674
15675
15677
15680
15681
15687
15689
15691
15692
15693
15694
15697
15702
15705
15709
15710
15712
15714
15717
15718
15719
15720
15723
15724
15731
15735
15736
15746
15747
15749
15750
15751
15753
15755
15756
15757
15760
15761
15762
15765
15766
15770
15775
15778
15780
15781
15783
15786
15787
15788
15789
15790
15792
15794
15795
15799
15801
15811
15812
15815
15818
15819
15822
15825
15827
15829
15830
15833
15835
15837
15840
15841
15843
15844
15845
15846
15847
15854
15855
15856
15858
15859
15860
15861
15862
15863
15864
15866
15867
15869
15872
15873
15874
15878
15879
15880
15888
15890
15892
15893
15894
15899
15900
15901
15907
15908
15911
15912
15916
15917
15922
15923
15924
15925
15927
15928
15929
15931
15932
15934
15937
15938
15939
15942
15943
15947
15949
15950
15951
15953
15956
15957
15958
15963
15964
15966
15967
15969
15970
15972
15973
15974
15976
15980
15988
15989
15991
15994
15998
15999
16000
16003
16006
16013
16017
16018
16020
16024
16027
16028
16030
16033
16036
16037
16038
16039
16040
16043
16045
16047
16050
16058
16060
16061
16063
16066
16068
16069
16073
16075
16076
16078
16079
16084
16088
16092
16100
16102
16108
16113
16117
16118
16119
16121
16122
16123
16124
16126
16130
16131
16132
16137
16138
16139
16145
16147
16149
16151
16154
16155
16156
16165
16167
16169
16172
16180
16181
16183
16186
16188
16190
16191
16194
16204
16205
16211
16220
16222
16225
16229
16231
16232
16235
16239
16242
16249
16250
16252
16253
16254
16256
16257
16258
16259
16261
16262
16266
16272
16279
16281
16284
16286
16290
16295
16301
16302
16304
16305
16308
16310
16311
16313
16314
16317
16320
16323
16325
16328
16332
16334
16339
16343
16344
16351
16353
16354
16355
16356
16358
16372
16375
16376
16380
16381
16383
16390
16391
16392
16393
16396
16406
16407
16411
16412
16413
16418
16419
16422
16425
16426
16432
16433
16435
16436
16438
16439
16442
16444
16445
16446
16448
16449
16451
16452
16455
16460
16463
16464
16469
16473
16475
16481
16483
16485
16490
16493
16494
16496
16497
16498
16499
16502
16504
16507
16508
16515
16518
16522
16523
16532
16535
16536
16538
16539
16542
16546
16547
16549
16550
16554
16566
16567
16571
16572
16577
16579
16582
16584
16585
16587
16588
16590
16591
16593
16595
16600
16601
16602
16605
16607
16617
16618
16619
16621
16622
16623
16625
16626
16631
16638
16642
16643
16653
16654
16667
16668
16675
16677
16678
16679
16683
16684
16690
16691
16694
16698
16704
16705
16710
16711
16714
16721
16740
16744
16746
16747
16748
16752
16753
16760
16768
16770
16772
16775
16777
16779
16783
16790
16793
16796
16800
16809
16811
16812
16814
16817
16818
16820
16822
16823
16827
16828
16829
16830
16833
16834
16836
16838
16839
16840
16842
16845
16851
16853
16854
16857
16858
16859
16860
16863
16868
16872
16873
16881
16882
16902
16903
16911
16912
16913
16916
16921
16922
16923
16926
16929
16934
16935
16937
16943
16944
16945
16946
16958
16960
16962
16964
16968
16969
16971
16973
16981
16985
16991
17006
17016
17018
17019
17022
17024
17025
17028
17034
17041
17042
17043
17044
17047
17048
17057
17059
17062
17079
17084
17089
17095
17100
17107
17108
17109
17114
17123
17126
17131
17138
17144
17149
17154
17158
17163
17166
17169
17171
17174
17176
17181
17183
17186
17187
17197
17202
17206
17207
17209
17210
17212
17213
17217
17222
17226
17228
17230
17231
17238
17239
17240
17243
17244
17249
17250
17253
17255
17262
17263
17264
17266
17267
17270
17271
17274
17276
17277
17279
17283
17285
17286
17288
17291
17292
17294
17298
17299
17300
17307
17309
17311
17315
17317
17318
17320
17321
17330
17341
17343
17344
17345
17346
17348
17349
17351
17352
17353
17354
17355
17356
17357
17359
17360
17361
17362
17363
17365
17367
17368
17370
17371
17374
17375
17376
17377
17379
17380
17381
17382
17384
17385
17386
17387
17388
17390
17391
17392
17393
17394
17397
17398
17399
17400
17402
17403
17405
17406
17407
17408
17409
17410
17412
17413
17414
17415
17416
17417
17418
17419
17420
17421
17422
17424
17425
17427
17429
17430
17431
17432
17433
17434
17437
17438
17441
17442
17446
17447
17450
17451
17452
17453
17454
17455
17457
17458
17460
17461
17463
17464
17466
17467
17468
17469
17470
17473
17474
17475
17476
17477
17478
17479
17480
17481
17482
17483
17484
17487
17488
17489
17490
17491
17492
17493
17495
17497
17499
17500
17503
17504
17507
17508
17509
17511
17513
17515
17516
17517
17519
17520
17521
17522
17524
17525
17528
17531
17532
17533
17534
17541
17542
17544
17545
17547
17548
17551
17553
17554
17555
17556
17557
17559
17560
17561
17562
17564
17565
17567
17569
17572
17573
17574
17576
17577
17578
17579
17580
17581
17582
17584
17585
17589
17592
17593
17594
17596
17597
17598
17600
17603
17604
17605
17609
17611
17614
17616
17617
17619
17620
17622
17625
17627
17629
17631
17632
17633
17635
17640
17641
17642
17644
17645
17646
17647
17649
17650
17651
17653
17656
17658
17659
17661
17665
17668
17669
17671
17674
17675
17677
17678
17681
17682
17685
17686
17687
17691
17693
17694
17695
17697
17698
17699
17701
17702
17704
17705
17708
17709
17711
17715
17719
17721
17722
17724
17725
17726
17727
17728
17729
17733
17734
17735
17738
17739
17740
17744
17746
17749
17750
17753
17754
17756
17757
17758
17760
17762
17763
17765
17766
17767
17769
17770
17771
17773
17775
17776
17780
17784
17786
17787
17789
17793
17794
17795
17798
17799
17800
17803
17804
17805
17806
17807
17812
17813
17815
17817
17823
17825
17826
17829
17831
17832
17835
17836
17837
17839
17840
17842
17844
17845
17846
17848
17849
17850
17851
17854
17855
17856
17857
17858
17859
17864
17870
17872
17874
17875
17878
17881
17883
17889
17890
17891
17892
17893
17894
17896
17898
17902
17903
17904
17909
17911
17912
17913
17914
17917
17919
17920
17924
17925
17929
17931
17932
17934
17939
17940
17941
17942
17943
17944
17946
17948
17949
17951
17955
17957
17959
17963
17964
17968
17971
17972
17976
17977
17979
17981
17982
17983
17985
17990
17994
17995
17996
18006
18010
18013
18014
18018
18020
18021
18022
18023
18027
18029
18030
18032
18033
18036
18038
18041
18043
18045
18047
18048
18051
18058
18062
18063
18068
18075
18076
18078
18079
18082
18084
18085
18086
18088
18091
18092
18095
18096
18097
18100
18104
18105
18106
18108
18109
18111
18112
18113
18116
18117
18118
18121
18122
18124
18125
18129
18132
18133
18134
18135
18136
18138
18139
18141
18143
18144
18146
18147
18149
18153
18155
18157
18164
18165
18166
18168
18171
18173
18174
18175
18180
18185
18187
18188
18193
18196
18199
18200
18205
18207
18212
18213
18215
18217
18218
18221
18222
18234
18235
18236
18238
18240
18241
18245
18246
18249
18250
18251
18252
18253
18254
18255
18260
18262
18263
18265
18268
18269
18270
18272
18273
18274
18276
18277
18278
18279
18281
18282
18283
18285
18286
18291
18292
18295
18298
18302
18304
18305
18306
18315
18319
18320
18321
18322
18323
18324
18326
18329
18333
18335
18336
18338
18339
18340
18341
18342
18343
18344
18348
18349
18353
18358
18359
18362
18364
18368
18370
18373
18375
18376
18377
18385
18386
18387
18388
18390
18391
18392
18393
18395
18396
18400
18404
18407
18408
18409
18411
18412
18413
18414
18415
18416
18417
18418
18421
18422
18423
18425
18427
18428
18430
18434
18437
18438
18439
18443
18444
18445
18447
18453
18455
18456
18458
18459
18465
18469
18470
18473
18474
18477
18478
18484
18485
18486
18487
18489
18490
18491
18493
18496
18498
18499
18503
18504
18509
18510
18513
18514
18516
18522
18523
18524
18525
18526
18527
18528
18530
18531
18532
18533
18535
18538
18540
18544
18546
18547
18549
18550
18551
18554
18555
18557
18559
18561
18563
18564
18565
18566
18568
18569
18570
18574
18575
18577
18578
18579
18581
18586
18597
18599
18601
18607
18608
18609
18611
18612
18624
18628
18629
18630
18636
18645
18650
18654
18658
18660
18661
18675
18686
18688
18690
18693
18694
18695
18696
18700
18703
18706
18707
18713
18715
18716
18721
18722
18723
18725
18728
18730
18732
18735
18736
18738
18740
18741
18745
18753
18755
18776
18781
18792
18801
18812
18815
18831
18832
18843
18863
18870
18877
18888
18889
18897
18898
18906
18908
18925
18929
18968
18971
18994
19020
19023
19024
19035
19040
19050
19053
19064
19074
19076
19078
19079
19081
19090
19097
19109
19110
19143
19147
19153
19161
19167
19174
19179
19190
19205
19206
19219
19226
19238
19244
19245
19246
19247
19249
19251
19252
19253
19254
19256
19257
19258
19260
19261
19262
19263
19264
19265
19266
19268
19270
19272
19273
19274
19276
19277
19278
19279
19280
19281
19282
19283
19284
19285
19286
19287
19288
19289
19290
19291
19292
19293
19294
19295
19296
19297
19298
19299
19300
19301
19302
19303
19304
19305
19308
19310
19311
19312
19313
19314
19315
19316
19317
19320
19325
19326
19327
19328
19329
19331
19332
19333
19334
19340
19341
19343
19344
19345
19347
19348
19349
19351
19352
19354
19358
19360
19361
19365
19366
19367
19368
19369
19370
19372
19375
19379
19380
19382
19384
19386
19387
19388
19389
19390
19391
19392
19393
19394
19399
19400
19401
19402
19403
19404
19405
19406
19407
19408
19410
19411
19413
19414
19415
19417
19419
19420
19423
19428
19429
19432
19433
19438
19439
19443
19445
19447
19449
19450
19452
19457
19458
19460
19461
19462
19464
19465
19466
19467
19468
19471
19472
19474
19475
19476
19477
19478
19480
19481
19487
19488
19489
19490
19492
19494
19497
19498
19500
19501
19502
19506
19508
19509
19510
19512
19514
19515
19517
19520
19522
19524
19525
19527
19528
19529
19530
19532
19535
19536
19538
19539
19543
19544
19545
19546
19550
19554
19555
19557
19558
19559
19560
19563
19564
19565
19566
19570
19571
19572
19573
19576
19577
19578
19579
19580
19581
19583
19587
19588
19591
19597
19598
19599
19600
19602
19604
19606
19607
19608
19610
19615
19616
19619
19620
19621
19623
19625
19626
19630
19632
19633
19636
19637
19638
19641
19642
19643
19644
19645
19648
19649
19651
19653
19657
19658
19662
19663
19664
19666
19667
19668
19669
19670
19671
19672
19673
19675
19678
19679
19681
19682
19683
19684
19686
19688
19690
19691
19693
19695
19696
19699
19701
19702
19703
19704
19705
19708
19709
19710
19712
19713
19714
19715
19716
19718
19720
19721
19722
19727
19728
19730
19732
19734
19735
19738
19739
19740
19742
19744
19747
19748
19751
19752
19755
19758
19764
19769
19770
19771
19772
19773
19774
19775
19781
19785
19787
19789
19791
19793
19794
19798
19800
19804
19806
19807
19809
19810
19811
19812
19814
19815
19817
19820
19822
19827
19828
19829
19830
19832
19833
19838
19841
19842
19844
19845
19853
19855
19856
19863
19865
19866
19869
19870
19877
19881
19889
19896
19897
19899
19900
19903
19904
19909
19913
19915
19919
19920
19924
19925
19927
19929
19934
19936
19937
19938
19939
19942
19944
19945
19946
19951
19952
19953
19954
19956
19958
19959
19960
19967
19968
19969
19975
19976
19977
19980
19981
19986
19990
19991
19993
19994
19996
19997
19999
20000
20002
20004
20006
20007
20009
20014
20016
20022
20024
20031
20035
20042
20045
20047
20048
20053
20057
20058
20060
20061
20062
20064
20065
20069
20073
20075
20076
20077
20085
20086
20089
20090
20092
20094
20103
20105
20106
20109
20110
20111
20117
20121
20124
20126
20129
20131
20132
20133
20137
20138
20139
20140
20142
20144
20145
20146
20147
20149
20153
20154
20155
20156
20160
20163
20166
20168
20169
20175
20176
20177
20178
20180
20183
20184
20185
20187
20190
20191
20192
20193
20196
20199
20203
20204
20205
20207
20208
20217
20218
20221
20232
20234
20235
20242
20243
20248
20252
20253
20254
20261
20262
20264
20267
20269
20270
20278
20279
20280
20281
20282
20285
20286
20290
20291
20292
20293
20295
20296
20297
20302
20304
20309
20310
20317
20318
20329
20330
20331
20335
20336
20337
20338
20341
20344
20353
20355
20357
20358
20361
20365
20366
20367
20368
20369
20374
20375
20377
20379
20380
20381
20382
20383
20385
20386
20391
20394
20395
20399
20419
20436
20447
20452
20458
20459
20460
20461
20470
20474
20478
20479
20482
20484
20488
20492
20500
20502
20503
20505
20508
20510
20511
20517
20518
20522
20526
20527
20531
20533
20536
20537
20541
20543
20545
20548
20550
20551
20559
20563
20565
20567
20573
20581
20582
20586
20588
20589
20591
20593
20595
20596
20599
20603
20607
20608
20610
20615
20616
20617
20620
20624
20625
20626
20630
20636
20643
20648
20649
20652
20653
20654
20655
20658
20661
20665
20668
20672
20678
20683
20686
20692
20695
20696
20698
20704
20720
20732
20733
20735
20737
20738
20739
20740
20741
20742
20748
20751
20755
20756
20770
20772
20773
20774
20778
20781
20784
20788
20789
20790
20791
20793
20796
20798
20803
20804
20808
20814
20815
20818
20821
20822
20824
20828
20830
20834
20836
20846
20852
20855
20856
20867
20868
20870
20872
20874
20883
20888
20889
20893
20898
20901
20909
20911
20916
20917
20921
20924
20926
20927
20929
20934
20937
20944
20947
20949
20950
20952
20953
20954
20955
20956
20957
20958
20960
20961
20964
20966
20967
20968
20970
20971
20974
20976
20978
20980
20985
20991
20992
20993
20997
20998
20999
21000
21005
21008
21013
21014
21015
21020
21023
21029
21031
21032
21042
21047
21049
21050
21051
21052
21057
21058
21059
21060
21061
21062
21063
21064
21065
21068
21069
21073
21075
21076
21078
21079
21081
21082
21083
21084
21085
21088
21089
21090
21091
21092
21093
21094
21095
21096
21097
21098
21099
21100
21101
21102
21103
21104
21105
21106
21107
21108
21109
21110
21111
21112
21113
21114
21115
21116
21117
21118
21119
21120
21121
21122
21123
21124
21126
21128
21130
21131
21132
21133
21134
21135
21136
21138
21139
21140
21141
21143
21144
21145
21146
21147
21148
21149
21150
21151
21152
21153
21154
21155
21156
21160
21161
21162
21165
21166
21167
21168
21169
21170
21171
21172
21174
21175
21177
21178
21181
21182
21183
21184
21185
21187
21188
21190
21191
21193
21194
21196
21197
21198
21199
21200
21201
21203
21205
21206
21207
21209
21211
21213
21214
21218
21220
21221
21223
21224
21225
21226
21228
21229
21230
21231
21233
21234
21236
21237
21238
21239
21240
21242
21246
21247
21248
21249
21250
21251
21252
21253
21255
21257
21258
21259
21261
21262
21263
21265
21266
21267
21268
21270
21271
21272
21276
21277
21278
21279
21281
21282
21283
21286
21287
21288
21289
21290
21291
21292
21293
21294
21297
21298
21299
21301
21304
21305
21306
21307
21308
21309
21310
21312
21314
21315
21316
21317
21318
21319
21321
21323
21325
21328
21329
21330
21331
21333
21334
21343
21344
21346
21349
21351
21352
21354
21357
21358
21359
21360
21361
21365
21367
21370
21381
21383
21384
21385
21386
21388
21389
21391
21392
21395
21396
21400
21401
21403
21407
21408
21411
21412
21413
21414
21415
21417
21419
21420
21422
21423
21425
21426
21427
21428
21429
21430
21435
21436
21437
21438
21440
21441
21443
21444
21446
21447
21449
21451
21452
21453
21455
21456
21458
21460
21463
21464
21465
21467
21468
21470
21472
21473
21474
21476
21477
21478
21479
21480
21481
21482
21485
21487
21488
21489
21490
21493
21496
21497
21498
21499
21500
21501
21503
21504
21505
21507
21508
21509
21511
21512
21513
21515
21517
21518
21520
21521
21524
21532
21533
21536
21537
21538
21539
21540
21545
21546
21547
21550
21551
21553
21554
21556
21558
21559
21563
21565
21566
21568
21571
21573
21577
21578
21580
21583
21584
21586
21587
21588
21589
21590
21592
21593
21595
21599
21602
21603
21606
21608
21612
21613
21615
21616
21617
21618
21620
21622
21623
21625
21631
21633
21637
21638
21639
21640
21643
21644
21653
21658
21659
21660
21664
21665
21669
21672
21674
21676
21678
21681
21682
21684
21686
21690
21693
21695
21696
21697
21698
21699
21701
21704
21706
21708
21715
21719
21720
21721
21724
21726
21727
21728
21730
21732
21737
21741
21744
21749
21755
21765
21769
21770
21771
21776
21782
21783
21789
21790
21794
21795
21798
21802
21806
21808
21812
21813
21814
21815
21818
21819
21823
21825
21826
21830
21831
21834
21836
21838
21841
21842
21846
21847
21848
21857
21858
21859
21861
21864
21868
21869
21871
21872
21876
21877
21878
21881
21882
21887
21888
21889
21891
21895
21899
21903
21904
21905
21906
21907
21915
21916
21918
21919
21921
21923
21927
21928
21929
21931
21932
21935
21936
21939
21940
21941
21945
21950
21952
21954
21955
21959
21961
21962
21963
21964
21966
21967
21970
21971
21973
21974
21975
21976
21982
21983
21984
21985
21987
21988
21989
21990
21992
21994
21998
22000
22003
22004
22006
22009
22012
22016
22018
22020
22021
22022
22024
22025
22026
22027
22028
22029
22030
22031
22032
22035
22036
22037
22042
22043
22046
22047
22049
22050
22051
22053
22054
22056
22057
22058
22062
22063
22067
22068
22070
22071
22072
22073
22074
22078
22079
22080
22081
22084
22085
22087
22089
22090
22091
22096
22099
22100
22101
22102
22104
22105
22106
22107
22109
22110
22112
22113
22114
22115
22117
22118
22119
22120
22123
22125
22127
22128
22129
22130
22131
22132
22135
22136
22139
22140
22142
22144
22148
22151
22152
22154
22156
22157
22158
22159
22161
22162
22167
22169
22170
22171
22172
22173
22174
22180
22183
22184
22185
22188
22191
22192
22193
22199
22200
22201
22202
22204
22207
22208
22209
22210
22212
22213
22214
22217
22220
22221
22222
22223
22226
22228
22230
22231
22232
22233
22236
22237
22238
22239
22241
22242
22244
22245
22246
22248
22249
22253
22254
22256
22257
22258
22262
22264
22266
22268
22269
22270
22271
22273
22275
22276
22277
22278
22281
22282
22283
22293
22302
22305
22308
22312
22320
22323
22325
22341
22343
22346
22351
22353
22361
22367
22373
22374
22393
22394
22397
22399
22400
22410
22419
22426
22427
22428
22429
22430
22433
22435
22442
22449
22461
22469
22478
22481
22500
22520
22542
22544
22547
22559
22560
22563
22582
22588
22603
22610
22620
22622
22633
22666
22667
22670
22682
22692
22699
22709
22718
22719
22724
22736
22749
22750
22764
22765
22775
22797
22804
22820
22822
22823
22834
22846
22886
22893
22908
22913
22917
22918
22920
22938
22959
22964
22966
22967
22968
22969
22970
22971
22972
22973
22974
22975
22976
22978
22979
22980
22983
22984
22985
22986
22987
22988
22989
22990
22991
22992
22993
22994
22995
22997
22998
22999
23000
23002
23003
23004
23006
23007
23008
23009
23010
23011
23012
23013
23014
23015
23016
23017
23018
23019
23022
23024
23025
23026
23027
23030
23031
23032
23036
23040
23041
23042
23043
23044
23045
23046
23050
23052
23053
23054
23057
23059
23062
23064
23065
23066
23071
23076
23080
23081
23082
23085
23087
23088
23089
23091
23094
23095
23096
23097
23098
23100
23102
23103
23105
23108
23110
23112
23114
23116
23117
23119
23120
23121
23126
23128
23129
23130
23131
23133
23140
23141
23142
23146
23147
23149
23153
23157
23158
23159
23160
23162
23163
23164
23165
23167
23168
23170
23171
23172
23176
23178
23179
23181
23185
23186
23187
23189
23190
23191
23192
23193
23196
23200
23203
23206
23207
23209
23210
23211
23213
23214
23215
23217
23219
23220
23222
23224
23226
23228
23229
23233
23235
23236
23238
23240
23241
23246
23247
23249
23250
23251
23252
23254
23257
23258
23269
23271
23272
23278
23279
23280
23281
23286
23287
23290
23291
23293
23297
23300
23301
23303
23304
23307
23310
23312
23313
23315
23316
23318
23325
23327
23328
23329
23332
23335
23336
23338
23339
23340
23343
23344
23345
23349
23351
23357
23358
23359
23360
23363
23367
23368
23370
23372
23374
23377
23381
23384
23385
23386
23389
23391
23392
23393
23394
23395
23396
23397
23398
23401
23405
23407
23408
23409
23418
23421
23424
23429
23430
23432
23433
23434
23437
23440
23441
23442
23443
23444
23446
23448
23449
23452
23455
23456
23458
23459
23461
23463
23464
23466
23467
23469
23472
23474
23475
23477
23486
23494
23495
23496
23497
23498
23500
23501
23503
23506
23512
23517
23519
23520
23521
23523
23524
23528
23531
23534
23536
23537
23538
23539
23545
23546
23549
23550
23554
23560
23562
23563
23565
23567
23570
23573
23575
23576
23578
23579
23581
23582
23584
23590
23593
23595
23597
23598
23599
23600
23603
23604
23605
23606
23607
23608
23609
23610
23611
23612
23616
23620
23622
23623
23627
23632
23633
23636
23648
23653
23654
23657
23658
23659
23663
23664
23666
23670
23671
23675
23677
23682
23683
23684
23685
23686
23687
23690
23691
23692
23699
23700
23704
23705
23707
23708
23713
23714
23716
23717
23719
23723
23725
23727
23729
23730
23732
23733
23734
23735
23740
23741
23742
23745
23746
23749
23751
23752
23757
23762
23763
23766
23767
23769
23772
23775
23777
23779
23781
23783
23784
23787
23791
23797
23799
23804
23808
23811
23813
23817
23819
23836
23839
23841
23843
23844
23847
23848
23850
23851
23855
23856
23862
23864
23867
23869
23871
23873
23874
23877
23880
23882
23886
23897
23899
23900
23901
23904
23910
23916
23918
23921
23922
23924
23925
23926
23928
23930
23934
23940
23943
23946
23948
23950
23955
23957
23966
23967
23975
23978
23979
23981
23982
23983
23984
23985
23986
23987
23995
23999
24000
24004
24007
24011
24012
24015
24016
24017
24030
24031
24034
24037
24039
24043
24045
24046
24048
24049
24052
24053
24054
24071
24075
24076
24077
24078
24079
24080
24081
24082
24091
24097
24104
24105
24110
24111
24128
24136
24139
24143
24145
24149
24150
24151
24155
24164
24165
24167
24173
24178
24184
24189
24190
24194
24200
24201
24202
24208
24211
24215
24217
24218
24228
24234
24239
24241
24250
24251
24252
24255
24257
24264
24268
24269
24272
24279
24281
24284
24290
24295
24296
24300
24303
24309
24311
24313
24319
24323
24330
24331
24334
24339
24340
24347
24354
24355
24357
24362
24368
24372
24373
24382
24384
24385
24386
24396
24397
24406
24417
24423
24426
24430
24432
24444
24453
24455
24456
24469
24470
24471
24472
24481
24490
24491
24492
24496
24507
24512
24514
24517
24523
24525
24528
24534
24535
24543
24545
24566
24567
24569
24585
24589
24591
24593
24601
24602
24603
24612
24617
24622
24623
24625
24630
24633
24635
24637
24640
24641
24645
24651
24656
24657
24659
24661
24665
24666
24667
24669
24670
24671
24672
24677
24678
24679
24681
24685
24688
24690
24695
24697
24699
24702
24704
24705
24706
24711
24712
24713
24714
24716
24719
24720
24722
24724
24727
24728
24733
24735
24738
24739
24741
24745
24749
24757
24758
24762
24765
24767
24769
24770
24771
24772
24773
24774
24775
24776
24777
24778
24779
24781
24782
24784
24786
24787
24788
24789
24790
24792
24793
24794
24795
24796
24798
24799
24800
24802
24803
24804
24805
24807
24808
24809
24810
24811
24812
24814
24815
24816
24817
24819
24820
24821
24822
24824
24825
24826
24830
24831
24833
24835
24836
24837
24838
24839
24840
24842
24843
24845
24846
24848
24849
24850
24851
24852
24853
24854
24855
24857
24858
24860
24861
24863
24864
24865
24866
24867
24868
24869
24870
24872
24874
24877
24878
24880
24881
24882
24883
24885
24886
24887
24888
24889
24890
24891
24892
24895
24896
24897
24898
24902
24903
24904
24905
24906
24907
24908
24910
24911
24913
24914
24915
24917
24918
24920
24921
24923
24924
24927
24928
24931
24932
24934
24936
24937
24938
24939
24940
24942
24944
24945
24947
24948
24949
24950
24951
24952
24953
24954
24956
24959
24960
24961
24962
24963
24964
24965
24966
24969
24971
24973
24974
24975
24977
24978
24981
24982
24984
24985
24986
24987
24990
24992
24995
24996
25003
25004
25005
25006
25007
25008
25009
25012
25013
25014
25016
25019
25020
25022
25023
25024
25026
25028
25031
25032
25035
25036
25039
25041
25042
25043
25044
25046
25048
25049
25051
25052
25053
25055
25057
25058
25059
25060
25061
25062
25066
25067
25068
25069
25070
25072
25073
25075
25079
25081
25083
25084
25086
25087
25089
25093
25095
25096
25097
25098
25101
25102
25103
25105
25106
25109
25110
25111
25112
25113
25114
25115
25121
25130
25133
25135
25136
25138
25139
25140
25141
25143
25145
25146
25147
25148
25149
25150
25151
25154
25155
25161
25164
25165
25166
25167
25169
25170
25171
25173
25174
25175
25176
25178
25179
25181
25182
25185
25186
25188
25190
25191
25194
25195
25197
25199
25200
25201
25203
25204
25206
25207
25210
25212
25214
25216
25218
25221
25224
25225
25226
25227
25229
25230
25232
25233
25235
25236
25237
25241
25243
25246
25250
25251
25253
25256
25257
25260
25262
25263
25264
25267
25268
25269
25270
25273
25274
25276
25277
25278
25282
25287
25291
25295
25298
25302
25303
25304
25305
25306
25307
25309
25312
25313
25314
25315
25316
25317
25320
25322
25325
25330
25331
25332
25333
25334
25336
25337
25339
25341
25345
25347
25351
25352
25353
25354
25358
25360
25362
25363
25364
25367
25368
25373
25377
25378
25379
25380
25383
25385
25386
25389
25390
25392
25397
25398
25403
25404
25405
25406
25407
25410
25411
25415
25416
25418
25421
25422
25429
25432
25433
25434
25438
25440
25442
25449
25451
25458
25462
25463
25464
25468
25469
25471
25477
25479
25481
25482
25483
25484
25488
25491
25492
25495
25499
25500
25503
25504
25505
25507
25510
25516
25517
25520
25527
25530
25531
25536
25537
25538
25540
25541
25542
25545
25550
25559
25560
25561
25562
25563
25565
25566
25567
25570
25572
25580
25582
25583
25585
25586
25588
25589
25591
25592
25593
25595
25596
25599
25601
25603
25608
25609
25613
25616
25617
25618
25621
25623
25624
25627
25630
25631
25633
25635
25637
25640
25641
25642
25644
25646
25648
25649
25652
25655
25656
25659
25662
25663
25664
25666
25668
25669
25672
25673
25677
25679
25682
25683
25688
25689
25690
25691
25695
25696
25697
25698
25699
25702
25704
25705
25708
25709
25711
25713
25714
25719
25723
25725
25726
25730
25732
25734
25738
25741
25742
25743
25744
25745
25746
25748
25750
25751
25756
25757
25758
25761
25765
25766
25767
25768
25769
25770
25771
25772
25774
25775
25776
25778
25779
25781
25786
25792
25793
25794
25796
25798
25799
25800
25801
25802
25803
25805
25807
25808
25816
25817
25818
25819
25820
25821
25823
25824
25826
25828
25829
25832
25834
25837
25839
25841
25842
25843
25844
25845
25846
25853
25854
25856
25857
25862
25863
25865
25868
25869
25871
25872
25873
25877
25879
25883
25884
25886
25887
25888
25893
25896
25899
25900
25901
25902
25904
25905
25906
25909
25910
25913
25915
25918
25919
25921
25924
25925
25926
25927
25928
25929
25931
25933
25934
25935
25938
25939
25940
25941
25942
25946
25949
25950
25951
25952
25953
25955
25956
25957
25958
25959
25961
25966
25968
25971
25974
25975
25976
25978
25979
25980
25982
25983
25987
25989
25990
25992
25993
25997
26001
26003
26005
26015
26017
26018
26019
26023
26035
26038
26039
26041
26052
26061
26066
26067
26088
26094
26109
26113
26114
26118
26124
26125
26134
26140
26141
26149
26159
26160
26180
26198
26204
26209
26217
26234
26240
26243
26245
26247
26252
26254
26255
26259
26266
26270
26291
26304
26313
26317
26320
26323
26324
26326
26331
26341
26342
26344
26354
26355
26365
26368
26378
26381
26396
26399
26403
26408
26415
26416
26441
26451
26452
26460
26464
26467
26483
26486
26489
26497
26499
26500
26504
26507
26517
26522
26531
26537
26548
26555
26564
26571
26572
26595
26597
26625
26634
26641
26642
26655
26658
26664
26671
26672
26674
26675
26676
26678
26679
26680
26681
26682
26683
26684
26685
26686
26687
26690
26691
26693
26694
26695
26696
26697
26698
26699
26700
26701
26702
26704
26705
26706
26707
26708
26709
26711
26712
26713
26714
26715
26717
26718
26719
26721
26722
26723
26724
26725
26726
26727
26728
26729
26730
26731
26732
26733
26736
26738
26739
26740
26742
26743
26744
26745
26746
26748
26750
26751
26754
26756
26757
26759
26760
26761
26762
26763
26764
26765
26766
26767
26768
26771
26775
26776
26777
26778
26779
26782
26783
26786
26787
26788
26789
26790
26793
26797
26799
26801
26803
26804
26805
26809
26810
26811
26812
26813
26817
26818
26819
26822
26824
26828
26829
26830
26831
26832
26834
26835
26838
26839
26840
26841
26842
26843
26845
26846
26848
26850
26851
26856
26857
26859
26860
26861
26863
26864
26866
26872
26873
26874
26875
26877
26878
26879
26880
26881
26885
26886
26888
26890
26891
26892
26894
26895
26896
26897
26898
26899
26902
26904
26905
26909
26911
26912
26917
26920
26921
26925
26929
26931
26932
26933
26936
26937
26938
26942
26945
26946
26947
26948
26949
26950
26957
26960
26961
26962
26963
26964
26965
26966
26967
26970
26971
26972
26975
26977
26978
26979
26980
26982
26983
26984
26985
26986
26987
26988
26989
26991
26992
26993
26994
26995
26996
26997
26999
27000
27001
27004
27006
27007
27008
27010
27011
27014
27015
27016
27017
27019
27021
27023
27024
27026
27029
27030
27032
27034
27035
27036
27037
27042
27044
27046
27047
27050
27053
27059
27061
27064
27065
27070
27071
27072
27077
27079
27081
27082
27083
27085
27086
27091
27093
27095
27096
27097
27098
27099
27100
27101
27103
27105
27106
27107
27108
27109
27110
27111
27112
27114
27115
27119
27121
27123
27124
27127
27129
27130
27131
27132
27133
27134
27135
27136
27137
27140
27141
27144
27145
27146
27150
27152
27154
27155
27156
27157
27159
27160
27162
27164
27169
27170
27172
27173
27174
27175
27176
27178
27179
27180
27181
27183
27184
27188
27189
27191
27192
27193
27194
27197
27198
27205
27206
27208
27211
27212
27213
27214
27215
27218
27219
27220
27221
27222
27226
27228
27231
27232
27234
27236
27237
27240
27242
27244
27246
27247
27248
27251
27255
27256
27257
27258
27259
27260
27261
27264
27266
27268
27271
27277
27281
27284
27287
27289
27290
27293
27295
27296
27298
27303
27305
27308
27309
27311
27312
27314
27317
27319
27320
27322
27323
27324
27325
27327
27328
27330
27331
27334
27335
27336
27339
27344
27345
27346
27347
27348
27350
27351
27353
27355
27356
27357
27358
27361
27362
27363
27364
27366
27367
27371
27372
27373
27374
27376
27379
27380
27381
27382
27384
27387
27388
27394
27396
27397
27398
27400
27401
27403
27404
27406
27409
27410
27416
27423
27425
27426
27428
27430
27433
27434
27439
27441
27442
27443
27444
27445
27448
27450
27452
27454
27455
27456
27457
27459
27460
27463
27464
27467
27470
27474
27475
27476
27477
27478
27479
27485
27486
27487
27492
27495
27498
27499
27501
27503
27505
27510
27511
27513
27515
27517
27522
27524
27533
27534
27536
27537
27538
27539
27540
27542
27550
27552
27553
27558
27559
27560
27562
27564
27566
27567
27570
27572
27574
27575
27576
27577
27581
27583
27587
27588
27591
27594
27601
27605
27606
27608
27611
27613
27614
27615
27621
27624
27628
27631
27635
27636
27639
27640
27641
27645
27646
27649
27650
27656
27657
27663
27665
27671
27674
27676
27677
27680
27684
27685
27688
27689
27692
27693
27694
27696
27697
27698
27699
27707
27709
27713
27715
27719
27720
27721
27724
27725
27726
27727
27730
27735
27739
27741
27745
27751
27757
27758
27759
27760
27761
27762
27764
27765
27766
27768
27769
27773
27774
27777
27778
27779
27781
27786
27788
27789
27794
27796
27797
27802
27805
27807
27818
27819
27826
27828
27829
27832
27834
27837
27843
27847
27850
27852
27853
27857
27865
27866
27868
27880
27881
27886
27893
27894
27895
27896
27897
27898
27901
27904
27906
27907
27910
27913
27922
27931
27932
27940
27943
27945
27946
27950
27952
27953
27955
27959
27964
27965
27969
27970
27971
27976
27978
27979
27986
27990
27991
27992
27993
27995
27996
28002
28009
28010
28013
28014
28016
28017
28019
28023
28024
28026
28029
28031
28033
28035
28036
28038
28041
28042
28043
28044
28045
28048
28049
28053
28054
28058
28062
28063
28067
28071
28072
28082
28083
28084
28085
28086
28088
28096
28100
28105
28107
28109
28110
28111
28114
28117
28120
28123
28126
28131
28135
28136
28137
28144
28145
28148
28159
28160
28161
28162
28163
28164
28166
28167
28168
28170
28172
28173
28181
28182
28183
28184
28194
28195
28198
28199
28204
28206
28218
28223
28227
28232
28234
28240
28245
28246
28250
28251
28262
28264
28265
28274
28280
28284
28286
28287
28289
28290
28293
28295
28299
28300
28305
28315
28316
28317
28333
28339
28340
28342
28344
28349
28350
28351
28352
28354
28355
28362
28366
28368
28370
28373
28374
28376
28379
28380
28381
28382
28385
28386
28392
28394
28395
28401
28404
28407
28408
28413
28416
28418
28419
28420
28425
28426
28427
28434
28436
28437
28441
28442
28443
28445
28446
28448
28451
28452
28453
28457
28459
28461
28462
28464
28470
28472
28475
28478
28479
28482
28484
28485
28486
28487
28489
28490
28491
28499
28501
28502
28503
28505
28506
28507
28508
28509
28510
28511
28512
28513
28516
28517
28518
28519
28520
28521
28522
28523
28524
28525
28526
28527
28528
28529
28530
28531
28532
28534
28535
28536
28537
28538
28539
28540
28541
28542
28544
28545
28546
28548
28549
28551
28553
28554
28556
28557
28558
28560
28562
28563
28564
28566
28567
28569
28571
28572
28573
28574
28575
28576
28577
28578
28579
28580
28581
28582
28583
28584
28586
28587
28592
28593
28594
28595
28596
28597
28598
28599
28600
28602
28603
28605
28608
28609
28612
28613
28614
28615
28616
28617
28618
28619
28621
28622
28624
28625
28626
28628
28629
28630
28631
28633
28634
28635
28637
28639
28640
28642
28643
28645
28646
28647
28648
28649
28650
28651
28652
28653
28654
28657
28658
28659
28661
28662
28664
28666
28667
28668
28670
28672
28673
28674
28675
28676
28677
28678
28679
28680
28681
28682
28683
28684
28685
28686
28687
28688
28689
28690
28691
28693
28694
28695
28696
28698
28699
28701
28703
28706
28709
28710
28711
28713
28714
28715
28716
28717
28718
28719
28720
28721
28722
28724
28726
28727
28728
28729
28731
28732
28734
28736
28737
28738
28739
28741
28742
28744
28746
28747
28748
28749
28751
28753
28754
28757
28758
28761
28763
28764
28765
28766
28769
28771
28773
28774
28777
28780
28781
28782
28784
28786
28790
28793
28795
28796
28797
28798
28800
28802
28803
28804
28805
28807
28808
28809
28810
28811
28813
28814
28815
28816
28820
28823
28827
28828
28831
28832
28834
28835
28836
28837
28839
28841
28842
28846
28847
28848
28849
28850
28851
28853
28855
28856
28857
28861
28864
28866
28868
28869
28870
28872
28876
28878
28880
28881
28883
28884
28885
28886
28887
28888
28889
28892
28893
28894
28895
28896
28902
28905
28907
28908
28909
28910
28911
28912
28913
28915
28916
28917
28918
28924
28926
28927
28928
28929
28931
28932
28933
28935
28936
28938
28939
28940
28941
28942
28945
28949
28951
28955
28956
28957
28958
28959
28960
28962
28968
28971
28972
28978
28979
28981
28982
28984
28985
28986
28990
28991
28992
28993
28997
28998
28999
29001
29006
29008
29009
29011
29012
29017
29018
29020
29021
29025
29027
29028
29030
29031
29033
29034
29035
29036
29038
29040
29043
29044
29045
29047
29048
29051
29053
29055
29057
29058
29059
29061
29065
29066
29067
29068
29071
29072
29074
29078
29080
29081
29082
29084
29085
29086
29087
29088
29089
29092
29095
29096
29097
29098
29099
29100
29102
29104
29105
29106
29108
29109
29112
29114
29118
29119
29120
29121
29122
29124
29125
29126
29129
29130
29131
29132
29136
29143
29146
29147
29148
29152
29154
29155
29160
29163
29164
29165
29168
29169
29170
29171
29175
29177
29178
29180
29182
29183
29184
29185
29190
29191
29193
29197
29198
29199
29202
29203
29205
29206
29208
29209
29211
29212
29213
29218
29219
29220
29221
29222
29223
29226
29227
29228
29233
29234
29238
29240
29241
29245
29246
29252
29253
29254
29255
29256
29257
29258
29261
29262
29264
29268
29271
29272
29274
29275
29276
29280
29284
29285
29286
29287
29288
29291
29292
29297
29299
29302
29303
29304
29306
29307
29308
29310
29313
29314
29317
29319
29321
29323
29326
29327
29328
29329
29332
29335
29336
29338
29343
29344
29345
29347
29349
29351
29352
29355
29359
29363
29365
29368
29372
29374
29376
29378
29380
29381
29382
29383
29384
29386
29387
29390
29391
29396
29397
29400
29404
29406
29407
29408
29409
29410
29411
29415
29416
29417
29419
29420
29421
29423
29424
29425
29426
29428
29431
29432
29434
29435
29436
29437
29440
29442
29444
29446
29448
29452
29453
29454
29455
29456
29457
29458
29459
29460
29461
29463
29464
29465
29467
29468
29471
29474
29475
29479
29481
29482
29483
29485
29486
29490
29492
29495
29496
29499
29504
29505
29508
29510
29512
29515
29516
29517
29519
29521
29522
29523
29528
29529
29530
29532
29533
29534
29535
29537
29538
29542
29543
29546
29551
29553
29554
29555
29556
29557
29559
29564
29566
29569
29570
29571
29572
29574
29575
29576
29579
29581
29586
29587
29588
29589
29590
29595
29597
29598
29599
29600
29602
29603
29605
29607
29608
29611
29612
29615
29616
29619
29624
29626
29627
29628
29629
29635
29636
29638
29640
29641
29642
29643
29645
29647
29650
29651
29652
29653
29656
29658
29659
29660
29664
29667
29668
29669
29670
29671
29673
29677
29678
29679
29682
29683
29686
29688
29689
29690
29692
29693
29694
29696
29697
29699
29701
29702
29703
29704
29705
29706
29710
29711
29712
29713
29714
29716
29720
29738
29741
29749
29750
29751
29752
29754
29764
29765
29770
29775
29780
29789
29794
29796
29797
29800
29801
29807
29814
29821
29824
29827
29836
29844
29845
29847
29848
29850
29852
29853
29854
29855
29856
29857
29859
29873
29874
29877
29891
29898
29902
29909
29910
29914
29918
29926
29931
29939
29969
29970
29977
29988
30008
30016
30022
30033
30051
30052
30056
30061
30068
30069
30075
30081
30082
30086
30106
30110
30113
30127
30129
30155
30161
30163
30174
30176
30179
30192
30193
30205
30221
30231
30233
30235
30238
30241
30244
30250
30262
30268
30273
30279
30282
30286
30290
30300
30302
30311
30332
30334
30335
30341
30348
30363
30366
30380
30381
30382
30386
30391
30392
30394
30396
30397
30398
30399
30400
30401
30402
30403
30404
30405
30406
30407
30408
30409
30410
30411
30412
30413
30414
30415
30416
30417
30419
30421
30422
30423
30425
30426
30427
30428
30430
30431
30432
30433
30434
30435
30436
30437
30438
30439
30440
30441
30442
30443
30444
30445
30446
30447
30449
30452
30453
30454
30456
30458
30459
30460
30462
30466
30468
30469
30470
30471
30472
30473
30474
30476
30477
30480
30481
30483
30484
30485
30486
30488
30490
30491
30492
30493
30494
30495
30496
30497
30498
30501
30502
30503
30504
30505
30508
30509
30510
30512
30514
30515
30516
30517
30518
30519
30522
30524
30525
30527
30529
30530
30531
30532
30533
30534
30535
30536
30537
30538
30542
30544
30545
30546
30547
30548
30549
30550
30551
30553
30554
30556
30558
30559
30561
30563
30565
30570
30573
30575
30576
30577
30578
30580
30583
30585
30587
30588
30591
30592
30593
30594
30595
30596
30597
30598
30599
30600
30601
30602
30604
30606
30607
30608
30609
30610
30611
30612
30613
30614
30615
30618
30619
30621
30623
30624
30625
30627
30629
30630
30631
30633
30634
30636
30637
30639
30643
30646
30648
30650
30651
30652
30653
30654
30657
30658
30659
30661
30662
30664
30667
30670
30671
30674
30677
30678
30679
30680
30681
30683
30684
30686
30687
30689
30690
30695
30696
30697
30699
30701
30702
30705
30706
30707
30708
30711
30712
30713
30714
30715
30717
30719
30720
30721
30722
30723
30725
30726
30730
30731
30738
30740
30741
30742
30743
30744
30746
30747
30749
30750
30755
30756
30757
30758
30760
30763
30764
30775
30778
30779
30780
30781
30783
30784
30785
30786
30787
30788
30790
30793
30795
30796
30797
30798
30799
30800
30802
30803
30804
30805
30807
30808
30809
30812
30813
30814
30817
30819
30820
30821
30823
30825
30826
30831
30832
30833
30834
30835
30837
30838
30841
30843
30853
30856
30858
30860
30861
30862
30863
30864
30868
30870
30873
30874
30876
30880
30881
30886
30887
30888
30890
30891
30892
30895
30897
30898
30900
30901
30902
30906
30907
30908
30912
30914
30916
30917
30919
30921
30922
30927
30928
30929
30932
30933
30935
30938
30940
30941
30942
30945
30947
30949
30950
30951
30953
30957
30958
30959
30961
30962
30964
30965
30969
30970
30974
30977
30978
30983
30985
30988
30991
30993
30995
30997
30999
31006
31007
31008
31009
31011
31012
31015
31019
31023
31025
31026
31028
31029
31031
31033
31035
31036
31037
31038
31039
31041
31044
31045
31046
31049
31050
31052
31053
31054
31057
31058
31059
31060
31061
31064
31065
31070
31071
31073
31074
31075
31076
31077
31078
31080
31081
31082
31083
31085
31086
31087
31090
31091
31093
31094
31095
31098
31099
31101
31104
31105
31107
31108
31109
31110
31112
31114
31115
31118
31120
31121
31124
31128
31129
31130
31133
31135
31137
31139
31141
31142
31143
31147
31148
31149
31150
31153
31157
31158
31160
31161
31162
31163
31165
31166
31167
31170
31171
31172
31173
31175
31176
31177
31178
31179
31180
31181
31182
31183
31184
31186
31188
31189
31190
31191
31192
31197
31198
31199
31200
31201
31202
31204
31205
31207
31209
31214
31215
31216
31219
31222
31224
31227
31230
31231
31232
31234
31235
31236
31238
31239
31243
31245
31247
31248
31251
31253
31258
31261
31264
31273
31274
31276
31278
31279
31280
31281
31282
31284
31286
31287
31289
31290
31291
31292
31293
31294
31296
31297
31298
31299
31301
31304
31305
31306
31307
31318
31319
31322
31332
31335
31341
31344
31345
31346
31349
31350
31351
31354
31356
31358
31359
31364
31366
31367
31369
31371
31373
31377
31382
31388
31390
31391
31394
31396
31398
31405
31406
31408
31410
31411
31415
31419
31420
31427
31428
31431
31432
31435
31438
31439
31443
31444
31447
31448
31449
31455
31457
31463
31464
31469
31471
31472
31474
31476
31478
31479
31480
31482
31486
31487
31492
31493
31498
31499
31500
31503
31510
31511
31519
31521
31524
31525
31528
31529
31530
31532
31533
31534
31536
31548
31551
31557
31564
31565
31566
31567
31569
31570
31573
31574
31578
31579
31585
31590
31593
31594
31595
31597
31600
31602
31603
31609
31610
31614
31615
31616
31617
31618
31620
31622
31628
31630
31632
31634
31636
31640
31641
31642
31644
31645
31646
31652
31656
31660
31664
31667
31668
31673
31677
31679
31680
31683
31685
31687
31690
31692
31697
31700
31707
31718
31719
31724
31726
31728
31733
31737
31738
31739
31743
31746
31750
31751
31753
31758
31759
31762
31765
31766
31767
31770
31773
31775
31779
31784
31791
31794
31796
31799
31800
31807
31808
31810
31813
31814
31815
31820
31822
31823
31825
31830
31832
31835
31841
31849
31851
31856
31860
31862
31865
31866
31870
31873
31874
31877
31878
31879
31880
31881
31882
31883
31884
31887
31889
31895
31897
31904
31908
31910
31915
31918
31920
31922
31923
31924
31929
31930
31934
31935
31937
31941
31947
31948
31951
31956
31976
31994
31995
31996
31998
32009
32010
32012
32015
32029
32031
32032
32039
32040
32041
32043
32045
32051
32052
32053
32054
32058
32061
32063
32064
32066
32068
32069
32073
32074
32076
32077
32078
32080
32088
32092
32093
32094
32095
32098
32099
32100
32102
32103
32105
32106
32107
32109
32113
32117
32119
32126
32127
32129
32130
32132
32134
32136
32137
32138
32140
32141
32142
32144
32145
32147
32148
32150
32155
32156
32158
32159
32160
32161
32163
32164
32167
32170
32171
32173
32176
32182
32184
32186
32188
32189
32190
32191
32193
32194
32196
32198
32199
32200
32201
32202
32203
32204
32205
32207
32210
32211
32212
32213
32215
32216
32217
32218
32221
32222
32223
32224
32225
32226
32227
32228
32229
32230
32231
32232
32233
32234
32235
32236
32237
32238
32240
32242
32244
32245
32246
32247
32248
32249
32250
32252
32253
32254
32255
32256
32258
32259
32260
32261
32262
32263
32264
32265
32266
32267
32268
32270
32271
32272
32273
32274
32275
32276
32277
32278
32280
32281
32282
32283
32285
32286
32287
32288
32289
32290
32291
32292
32293
32294
32295
32296
32297
32298
32302
32303
32304
32305
32306
32307
32308
32309
32310
32311
32312
32313
32314
32316
32317
32318
32319
32320
32322
32324
32326
32327
32328
32329
32330
32331
32332
32333
32334
32335
32336
32338
32339
32340
32341
32342
32343
32345
32346
32347
32348
32349
32350
32351
32352
32355
32356
32358
32360
32362
32364
32365
32367
32368
32371
32373
32375
32376
32378
32380
32381
32384
32385
32387
32388
32389
32390
32391
32392
32394
32395
32397
32399
32401
32402
32403
32404
32407
32408
32409
32410
32411
32412
32413
32414
32415
32416
32418
32420
32422
32423
32424
32425
32428
32430
32431
32432
32433
32434
32436
32438
32439
32440
32441
32442
32443
32444
32445
32446
32448
32449
32450
32451
32452
32455
32456
32457
32459
32460
32461
32464
32467
32470
32471
32472
32476
32478
32480
32481
32482
32483
32484
32485
32487
32488
32489
32491
32496
32497
32498
32500
32501
32502
32503
32506
32507
32509
32511
32512
32514
32515
32516
32517
32521
32522
32523
32524
32525
32527
32529
32530
32531
32534
32535
32537
32538
32540
32541
32542
32543
32545
32547
32548
32549
32554
32555
32561
32562
32564
32566
32567
32568
32569
32570
32571
32573
32574
32577
32582
32583
32586
32588
32591
32593
32594
32595
32597
32598
32601
32602
32603
32604
32607
32609
32610
32613
32614
32615
32616
32618
32619
32621
32622
32623
32624
32625
32626
32627
32629
32631
32632
32637
32638
32639
32640
32642
32643
32645
32646
32647
32649
32651
32652
32653
32655
32658
32660
32661
32662
32663
32665
32671
32672
32673
32674
32678
32679
32680
32683
32685
32687
32688
32691
32692
32693
32696
32698
32699
32701
32702
32703
32704
32705
32707
32708
32710
32711
32713
32714
32715
32720
32722
32723
32726
32727
32728
32730
32732
32734
32741
32742
32743
32745
32748
32750
32752
32754
32757
32758
32759
32760
32761
32762
32764
32765
32767
32768
32769
32773
32775
32778
32779
32780
32782
32783
32786
32788
32791
32795
32796
32798
32799
32801
32804
32806
32810
32811
32813
32814
32816
32818
32819
32820
32822
32827
32831
32832
32833
32835
32837
32839
32841
32843
32846
32850
32860
32861
32862
32863
32868
32873
32874
32876
32877
32879
32886
32892
32898
32900
32904
32906
32907
32912
32914
32916
32918
32920
32921
32922
32931
32932
32934
32935
32937
32938
32940
32942
32943
32944
32949
32950
32952
32954
32955
32956
32960
32961
32964
32965
32967
32968
32969
32970
32972
32973
32974
32975
32976
32978
32981
32982
32986
32987
32988
32989
32990
32991
32992
32994
32996
32997
32998
32999
33000
33002
33003
33004
33005
33006
33008
33011
33012
33013
33014
33016
33018
33021
33023
33024
33027
33028
33029
33030
33031
33032
33035
33037
33041
33042
33044
33045
33046
33047
33049
33051
33052
33055
33057
33059
33061
33063
33064
33066
33068
33069
33070
33072
33074
33075
33076
33077
33082
33086
33087
33088
33090
33091
33092
33096
33097
33100
33101
33104
33106
33108
33109
33110
33111
33117
33118
33119
33121
33125
33126
33129
33133
33134
33135
33137
33138
33139
33141
33142
33143
33144
33145
33146
33147
33151
33152
33156
33158
33160
33162
33169
33171
33172
33173
33174
33175
33178
33179
33180
33185
33189
33191
33192
33195
33196
33198
33199
33200
33201
33203
33204
33206
33209
33212
33213
33214
33215
33216
33220
33221
33224
33226
33228
33230
33231
33232
33233
33235
33236
33237
33241
33242
33243
33246
33247
33248
33249
33251
33252
33253
33254
33255
33256
33257
33259
33260
33261
33262
33265
33267
33268
33269
33270
33271
33272
33273
33274
33275
33276
33277
33281
33282
33284
33285
33286
33289
33290
33293
33295
33297
33300
33301
33304
33306
33307
33309
33312
33313
33314
33315
33316
33318
33319
33321
33322
33325
33326
33327
33329
33330
33331
33334
33335
33336
33339
33341
33342
33343
33344
33346
33347
33349
33352
33354
33355
33356
33357
33359
33362
33365
33366
33367
33368
33369
33370
33371
33372
33373
33374
33375
33378
33381
33383
33384
33385
33386
33387
33389
33390
33394
33396
33399
33400
33401
33402
33403
33404
33405
33407
33408
33410
33411
33412
33413
33414
33415
33416
33417
33418
33419
33420
33421
33423
33424
33425
33428
33431
33434
33435
33438
33441
33445
33446
33447
33452
33455
33456
33457
33458
33462
33463
33464
33465
33469
33470
33480
33484
33488
33492
33497
33505
33507
33517
33523
33535
33539
33544
33546
33551
33552
33554
33559
33562
33563
33567
33568
33569
33571
33572
33577
33583
33584
33587
33588
33592
33595
33596
33598
33599
33605
33625
33631
33632
33633
33635
33637
33653
33656
33679
33698
33710
33717
33719
33722
33730
33731
33732
33737
33738
33745
33747
33753
33761
33763
33766
33775
33782
33784
33805
33806
33812
33814
33824
33832
33836
33837
33843
33851
33854
33861
33869
33886
33892
33912
33914
33915
33917
33925
33931
33939
33945
33946
33950
33951
33955
33960
33961
33962
33977
33984
33987
33992
34003
34004
34020
34050
34057
34064
34065
34068
34080
34085
34100
34101
34102
34103
34104
34105
34106
34107
34108
34109
34110
34111
34112
34113
34114
34115
34116
34117
34118
34119
34120
34121
34122
34123
34125
34126
34127
34128
34130
34132
34133
34134
34135
34136
34137
34140
34141
34142
34143
34145
34146
34147
34148
34149
34150
34151
34152
34153
34154
34155
34156
34157
34158
34159
34160
34161
34162
34163
34164
34166
34167
34168
34169
34171
34172
34173
34174
34175
34179
34181
34183
34184
34185
34186
34188
34189
34192
34193
34194
34197
34199
34200
34202
34204
34205
34206
34207
34208
34209
34210
34211
34213
34214
34215
34216
34217
34218
34221
34222
34223
34225
34226
34227
34228
34230
34231
34233
34234
34236
34237
34238
34239
34241
34243
34244
34245
34246
34247
34249
34250
34251
34252
34253
34254
34255
34257
34258
34259
34260
34261
34262
34263
34267
34268
34269
34270
34271
34272
34275
34276
34277
34278
34281
34282
34283
34284
34286
34287
34288
34289
34291
34293
34295
34296
34297
34299
34300
34301
34303
34306
34307
34309
34310
34312
34313
34314
34315
34316
34317
34318
34322
34323
34324
34325
34326
34327
34330
34331
34332
34335
34337
34340
34343
34345
34346
34348
34349
34350
34351
34352
34354
34355
34356
34357
34359
34360
34363
34364
34365
34366
34367
34368
34369
34371
34373
34374
34375
34376
34377
34378
34379
34380
34381
34383
34384
34385
34387
34388
34391
34392
34393
34394
34399
34400
34403
34405
34406
34408
34409
34410
34411
34412
34413
34414
34415
34416
34417
34418
34420
34421
34422
34424
34425
34427
34428
34430
34432
34433
34434
34436
34437
34438
34439
34442
34443
34444
34445
34447
34448
34450
34452
34453
34455
34456
34458
34459
34461
34463
34464
34465
34466
34470
34471
34473
34474
34475
34476
34477
34478
34479
34480
34481
34482
34483
34484
34485
34486
34487
34488
34490
34492
34495
34497
34499
34500
34501
34502
34503
34505
34506
34507
34509
34510
34513
34514
34515
34517
34519
34520
34524
34527
34528
34533
34534
34535
34536
34537
34539
34540
34542
34544
34545
34547
34548
34549
34551
34553
34554
34556
34557
34558
34560
34561
34563
34564
34566
34568
34569
34570
34571
34572
34573
34575
34579
34580
34584
34585
34587
34588
34589
34590
34592
34594
34595
34598
34600
34602
34603
34604
34605
34606
34608
34609
34611
34612
34613
34616
34617
34619
34620
34621
34624
34625
34629
34635
34636
34637
34639
34642
34643
34644
34645
34646
34647
34649
34650
34651
34653
34654
34656
34658
34660
34662
34663
34664
34665
34666
34668
34670
34672
34673
34674
34676
34677
34678
34679
34682
34684
34685
34687
34688
34689
34691
34692
34694
34696
34697
34698
34699
34701
34702
34703
34704
34705
34709
34711
34712
34715
34716
34717
34718
34721
34723
34724
34726
34728
34729
34730
34731
34732
34736
34737
34738
34739
34740
34741
34745
34749
34750
34751
34752
34756
34757
34758
34759
34760
34762
34763
34764
34767
34768
34771
34772
34774
34775
34778
34779
34781
34782
34783
34784
34785
34790
34792
34793
34795
34796
34798
34799
34800
34801
34802
34804
34805
34806
34807
34808
34810
34812
34813
34815
34817
34819
34820
34822
34824
34825
34826
34828
34829
34830
34831
34832
34834
34840
34842
34843
34845
34848
34849
34850
34851
34853
34854
34855
34856
34860
34861
34862
34863
34865
34866
34867
34868
34870
34871
34872
34875
34876
34880
34881
34882
34883
34884
34886
34887
34888
34891
34892
34893
34894
34895
34898
34900
34901
34904
34905
34913
34914
34918
34919
34920
34921
34922
34923
34925
34926
34929
34930
34932
34933
34934
34935
34936
34937
34939
34940
34943
34946
34949
34950
34951
34953
34955
34956
34958
34961
34962
34964
34967
34971
34978
34980
34986
34987
34988
34989
34990
34992
34994
34995
34996
34998
34999
35000
35001
35003
35005
35006
35008
35012
35015
35016
35017
35019
35020
35021
35024
35025
35029
35032
35037
35038
35039
35041
35042
35043
35044
35045
35046
35047
35048
35049
35052
35056
35059
35062
35063
35064
35066
35067
35068
35071
35073
35074
35078
35082
35083
35084
35085
35086
35089
35090
35091
35096
35105
35107
35108
35109
35110
35112
35116
35117
35120
35124
35125
35126
35133
35134
35135
35136
35137
35139
35141
35142
35147
35148
35149
35150
35151
35153
35154
35155
35159
35160
35161
35162
35167
35170
35172
35173
35176
35177
35179
35183
35184
35185
35186
35188
35191
35192
35193
35196
35198
35201
35211
35213
35216
35217
35221
35222
35224
35225
35227
35232
35234
35235
35237
35238
35239
35242
35243
35245
35246
35247
35248
35249
35250
35256
35259
35265
35269
35272
35284
35287
35288
35289
35292
35293
35295
35298
35302
35304
35305
35306
35315
35316
35320
35323
35326
35328
35329
35331
35333
35334
35335
35336
35338
35339
35340
35341
35342
35343
35347
35349
35351
35355
35357
35361
35363
35365
35369
35370
35373
35374
35376
35378
35380
35381
35382
35383
35386
35387
35389
35392
35397
35399
35401
35403
35404
35406
35407
35412
35417
35421
35423
35427
35429
35430
35433
35438
35440
35445
35447
35451
35458
35459
35460
35463
35464
35465
35468
35470
35471
35472
35473
35474
35476
35477
35480
35481
35482
35483
35486
35487
35489
35490
35495
35500
35506
35513
35514
35515
35516
35519
35523
35524
35527
35528
35529
35534
35537
35538
35539
35541
35542
35544
35547
35551
35553
35559
35560
35561
35563
35566
35572
35575
35576
35579
35583
35587
35589
35591
35592
35593
35594
35595
35596
35597
35598
35601
35602
35603
35604
35607
35611
35613
35617
35618
35619
35621
35622
35626
35627
35628
35629
35632
35634
35638
35640
35643
35644
35646
35647
35649
35655
35656
35661
35665
35667
35670
35672
35673
35674
35678
35680
35684
35686
35689
35690
35692
35695
35700
35701
35702
35705
35708
35709
35710
35714
35718
35720
35723
35724
35725
35729
35737
35739
35740
35742
35743
35744
35745
35749
35753
35756
35757
35761
35762
35767
35769
35770
35771
35772
35774
35776
35777
35778
35780
35781
35782
35783
35785
35787
35789
35790
35797
35798
35799
35802
35803
35806
35807
35808
35809
35810
35811
35813
35814
35815
35817
35818
35820
35821
35823
35824
35827
35830
35832
35833
35836
35837
35839
35840
35841
35842
35843
35844
35846
35848
35850
35853
35854
35855
35858
35861
35862
35864
35868
35869
35870
35871
35873
35874
35877
35878
35879
35880
35882
35888
35889
35890
35900
35901
35903
35904
35905
35907
35910
35911
35912
35913
35914
35915
35916
35917
35918
35919
35920
35922
35924
35925
35926
35927
35929
35930
35931
35933
35935
35936
35937
35938
35939
35940
35941
35942
35943
35944
35945
35946
35947
35948
35950
35951
35952
35953
35954
35955
35956
35957
35958
35959
35960
35961
35962
35963
35964
35967
35968
35969
35970
35971
35972
35973
35976
35979
35980
35981
35982
35985
35986
35987
35988
35989
35990
35991
35992
35993
35994
35995
35996
35999
36000
36001
36002
36003
36004
36005
36006
36007
36008
36009
36011
36012
36014
36015
36018
36019
36021
36022
36023
36024
36025
36027
36028
36029
36030
36031
36032
36033
36034
36036
36038
36039
36040
36041
36042
36043
36044
36045
36046
36047
36049
36050
36052
36053
36056
36057
36058
36059
36060
36062
36063
36064
36065
36066
36067
36068
36069
36070
36071
36073
36074
36076
36077
36078
36079
36080
36081
36082
36086
36089
36090
36091
36092
36093
36094
36095
36097
36098
36099
36101
36102
36103
36104
36106
36107
36108
36109
36110
36111
36112
36113
36115
36116
36117
36119
36120
36123
36124
36125
36126
36127
36128
36129
36130
36132
36134
36136
36137
36138
36139
36140
36141
36142
36143
36144
36145
36146
36147
36149
36150
36152
36153
36154
36155
36156
36157
36159
36160
36164
36165
36166
36167
36170
36171
36174
36175
36177
36179
36181
36182
36184
36185
36186
36188
36191
36192
36193
36194
36198
36199
36200
36201
36202
36203
36206
36207
36208
36209
36210
36211
36212
36214
36217
36218
36219
36221
36222
36223
36226
36227
36231
36232
36235
36236
36237
36239
36241
36242
36244
36246
36248
36251
36252
36253
36254
36255
36256
36257
36258
36259
36260
36262
36263
36264
36267
36268
36269
36270
36271
36272
36275
36276
36277
36279
36280
36281
36282
36285
36287
36288
36289
36293
36294
36296
36297
36298
36299
36300
36302
36304
36306
36307
36308
36309
36310
36311
36312
36314
36315
36316
36317
36318
36319
36321
36323
36324
36327
36328
36329
36330
36332
36333
36334
36335
36337
36338
36339
36340
36341
36343
36344
36346
36347
36351
36352
36354
36355
36356
36357
36358
36361
36363
36364
36365
36367
36368
36369
36371
36373
36374
36376
36377
36378
36379
36380
36382
36383
36384
36385
36386
36387
36389
36391
36393
36394
36395
36396
36398
36399
36400
36401
36402
36406
36407
36408
36409
36410
36411
36412
36416
36417
36419
36420
36421
36423
36424
36426
36427
36428
36429
36431
36434
36435
36436
36437
36439
36440
36442
36444
36446
36447
36448
36449
36451
36452
36455
36456
36458
36459
36463
36464
36465
36466
36468
36469
36471
36472
36473
36474
36475
36476
36479
36481
36482
36485
36486
36487
36489
36490
36491
36492
36493
36494
36496
36498
36499
36501
36502
36506
36508
36509
36510
36512
36513
36514
36515
36517
36518
36519
36520
36524
36525
36527
36528
36532
36534
36536
36537
36544
36545
36546
36549
36551
36552
36553
36555
36557
36558
36560
36564
36567
36574
36576
36577
36579
36580
36582
36583
36587
36588
36589
36590
36592
36593
36595
36596
36597
36598
36599
36600
36601
36602
36603
36605
36606
36610
36611
36612
36614
36616
36618
36619
36620
36621
36622
36625
36626
36627
36628
36634
36637
36639
36640
36641
36644
36645
36646
36648
36650
36651
36652
36655
36657
36658
36661
36664
36666
36668
36669
36671
36672
36674
36675
36677
36678
36679
36680
36681
36682
36683
36685
36686
36687
36688
36689
36691
36692
36693
36697
36698
36700
36701
36702
36703
36704
36705
36708
36709
36710
36712
36713
36714
36715
36717
36718
36720
36721
36723
36725
36726
36727
36729
36730
36731
36732
36733
36734
36738
36739
36741
36743
36747
36748
36751
36755
36758
36759
36763
36765
36766
36767
36768
36769
36770
36771
36773
36774
36775
36777
36779
36780
36782
36783
36784
36786
36787
36788
36789
36790
36791
36792
36794
36796
36797
36798
36799
36801
36803
36804
36805
36806
36808
36809
36810
36811
36814
36815
36818
36819
36820
36821
36824
36825
36828
36829
36831
36832
36833
36835
36837
36839
36840
36841
36843
36847
36848
36849
36850
36851
36852
36853
36854
36855
36856
36857
36858
36862
36863
36864
36865
36868
36870
36871
36872
36874
36876
36878
36880
36881
36883
36885
36886
36887
36888
36889
36890
36891
36892
36893
36894
36897
36899
36900
36902
36903
36907
36908
36909
36910
36912
36914
36916
36917
36918
36919
36920
36921
36922
36923
36926
36928
36929
36932
36935
36936
36938
36941
36942
36945
36947
36949
36950
36952
36954
36955
36957
36958
36960
36961
36963
36965
36966
36967
36968
36969
36970
36972
36974
36975
36976
36979
36980
36981
36982
36984
36985
36986
36987
36989
36990
36991
36992
36994
36995
36996
36998
36999
37000
37001
37004
37005
37006
37007
37011
37013
37014
37015
37016
37018
37019
37020
37022
37023
37024
37025
37026
37027
37028
37030
37033
37035
37036
37038
37040
37042
37043
37044
37045
37047
37048
37049
37050
37051
37053
37054
37055
37056
37057
37058
37060
37061
37063
37064
37066
37068
37069
37070
37071
37073
37074
37075
37076
37078
37079
37081
37082
37083
37084
37086
37087
37088
37092
37093
37094
37095
37096
37097
37098
37099
37101
37102
37103
37105
37106
37110
37111
37114
37115
37116
37117
37118
37119
37120
37122
37123
37124
37125
37126
37127
37128
37130
37131
37132
37134
37135
37138
37139
