0
2
8
10
21
27
28
29
31
32
36
37
38
40
42
50
57
58
61
62
64
67
77
79
90
105
110
114
115
118
120
125
126
134
135
144
146
158
168
172
179
180
188
213
214
219
227
240
247
262
279
290
299
301
314
316
319
340
346
365
366
369
372
380
382
386
394
396
401
402
405
406
410
415
420
446
449
451
464
465
468
480
488
491
499
506
508
509
517
524
539
555
575
580
602
604
623
627
629
631
633
634
646
656
668
674
675
676
677
680
681
682
683
684
685
686
687
688
689
690
691
692
694
695
696
698
699
700
703
704
705
706
707
708
709
710
711
712
713
714
715
716
717
718
722
724
725
726
727
728
730
731
732
733
734
735
737
741
742
743
744
745
746
747
749
752
758
759
761
762
763
765
766
767
768
769
770
773
774
775
776
777
778
779
781
782
784
785
788
792
794
798
800
801
802
803
804
806
807
809
811
812
813
814
815
816
818
819
820
821
823
824
825
827
828
829
830
832
833
834
835
836
837
838
839
840
844
846
847
849
851
852
853
856
857
858
860
861
862
863
865
868
869
872
875
876
878
879
880
881
884
886
890
892
894
895
898
899
900
901
903
904
905
906
908
909
911
912
914
915
917
919
921
930
931
932
933
936
938
939
942
943
944
947
951
953
956
957
958
962
965
966
968
969
970
973
974
979
982
983
985
987
988
989
990
992
994
995
998
999
1000
1001
1003
1004
1007
1008
1009
1010
1011
1016
1017
1019
1020
1022
1023
1026
1027
1028
1032
1035
1036
1037
1038
1040
1044
1045
1046
1048
1050
1052
1055
1060
1062
1063
1064
1066
1068
1071
1073
1074
1075
1078
1081
1082
1083
1084
1086
1087
1088
1093
1095
1097
1098
1100
1101
1102
1103
1106
1108
1110
1111
1113
1118
1119
1120
1121
1123
1127
1129
1133
1134
1135
1136
1137
1140
1143
1146
1147
1148
1149
1150
1151
1152
1156
1159
1160
1161
1162
1164
1166
1169
1174
1178
1182
1183
1184
1185
1186
1187
1194
1195
1196
1205
1207
1213
1216
1217
1219
1221
1223
1230
1235
1236
1241
1244
1247
1250
1252
1253
1254
1257
1260
1261
1262
1263
1264
1265
1266
1268
1270
1271
1273
1274
1276
1278
1279
1280
1281
1283
1286
1287
1288
1290
1291
1295
1296
1297
1298
1299
1300
1303
1305
1307
1308
1311
1319
1321
1323
1324
1326
1327
1328
1330
1332
1333
1334
1335
1337
1339
1340
1342
1348
1352
1353
1355
1356
1362
1364
1365
1368
1369
1370
1373
1375
1379
1380
1381
1382
1383
1385
1386
1392
1394
1396
1397
1398
1399
1403
1404
1405
1406
1407
1408
1410
1411
1416
1422
1427
1428
1429
1434
1437
1439
1441
1446
1448
1450
1452
1455
1456
1457
1458
1461
1464
1472
1475
1477
1478
1480
1482
1486
1487
1488
1490
1495
1500
1504
1506
1510
1512
1513
1516
1517
1520
1526
1527
1530
1533
1535
1536
1539
1540
1544
1546
1548
1551
1552
1553
1554
1555
1556
1557
1559
1569
1570
1572
1574
1576
1577
1579
1580
1583
1586
1590
1593
1604
1606
1608
1612
1615
1617
1618
1622
1624
1626
1627
1628
1633
1636
1637
1638
1639
1640
1642
1644
1651
1653
1658
1662
1665
1666
1670
1672
1673
1674
1675
1679
1680
1681
1682
1683
1684
1686
1687
1688
1690
1691
1698
1699
1700
1703
1706
1709
1723
1725
1728
1729
1736
1737
1745
1746
1747
1748
1751
1752
1757
1759
1761
1762
1764
1766
1767
1770
1773
1774
1775
1776
1783
1787
1789
1790
1791
1795
1796
1799
1801
1804
1807
1808
1811
1813
1817
1819
1820
1830
1831
1835
1839
1848
1849
1855
1858
1864
1870
1872
1875
1878
1883
1886
1887
1890
1902
1904
1905
1906
1907
1908
1910
1911
1918
1919
1922
1925
1930
1932
1933
1934
1935
1939
1942
1944
1946
1948
1954
1955
1956
1958
1960
1961
1968
1970
1973
1974
1975
1978
1979
1980
1981
1983
1984
1989
1990
1991
1995
1997
2000
2003
2009
2012
2013
2016
2018
2021
2023
2025
2030
2031
2032
2033
2046
2047
2054
2057
2062
2063
2067
2073
2079
2080
2083
2084
2085
2086
2093
2101
2103
2104
2107
2108
2112
2113
2116
2134
2136
2144
2145
2146
2150
2151
2156
2158
2159
2161
2163
2166
2168
2169
2170
2171
2172
2174
2175
2182
2185
2193
2194
2199
2205
2208
2211
2213
2218
2221
2224
2227
2230
2233
2239
2240
2247
2253
2261
2264
2266
2267
2273
2282
2285
2288
2295
2297
2302
2304
2307
2311
2318
2319
2320
2323
2326
2329
2333
2339
2340
2341
2346
2350
2351
2353
2355
2361
2365
2367
2372
2374
2379
2380
2382
2384
2387
2388
2390
2391
2393
2394
2396
2397
2399
2400
2401
2403
2406
2411
2417
2418
2422
2427
2428
2430
2432
2435
2438
2442
2443
2444
2447
2448
2449
2454
2455
2457
2461
2462
2465
2475
2476
2479
2484
2486
2487
2488
2489
2490
2491
2492
2493
2494
2495
2496
2498
2499
2500
2501
2503
2504
2505
2506
2510
2511
2512
2514
2515
2516
2517
2518
2519
2520
2521
2522
2524
2525
2526
2527
2528
2529
2530
2532
2533
2534
2535
2536
2537
2538
2540
2541
2542
2544
2545
2546
2547
2548
2549
2550
2552
2553
2554
2555
2556
2558
2559
2560
2561
2562
2563
2564
2565
2566
2567
2569
2570
2571
2573
2574
2575
2576
2577
2579
2580
2581
2582
2583
2586
2587
2588
2589
2590
2591
2592
2595
2596
2597
2598
2599
2601
2602
2604
2605
2606
2607
2608
2610
2611
2613
2614
2615
2616
2617
2618
2619
2620
2621
2623
2624
2626
2627
2628
2629
2630
2631
2633
2635
2636
2637
2639
2640
2641
2642
2643
2644
2645
2646
2647
2648
2651
2652
2653
2654
2655
2656
2658
2659
2660
2661
2663
2666
2667
2668
2669
2670
2672
2674
2675
2676
2677
2678
2679
2683
2684
2685
2686
2689
2690
2691
2692
2693
2695
2700
2701
2702
2704
2708
2710
2711
2712
2714
2716
2717
2718
2720
2721
2722
2723
2724
2725
2727
2728
2729
2730
2731
2735
2736
2737
2738
2740
2741
2744
2746
2747
2749
2750
2751
2753
2754
2755
2756
2757
2758
2760
2761
2762
2764
2765
2766
2767
2768
2769
2773
2774
2775
2776
2779
2780
2782
2784
2785
2786
2787
2792
2793
2794
2795
2799
2800
2806
2807
2810
2812
2814
2818
2819
2821
2822
2823
2824
2825
2826
2829
2830
2832
2836
2837
2838
2839
2841
2844
2846
2848
2849
2852
2853
2854
2855
2858
2859
2861
2863
2865
2867
2868
2870
2871
2873
2874
2876
2881
2882
2883
2886
2888
2890
2892
2894
2895
2897
2898
2901
2902
2904
2907
2910
2911
2913
2914
2915
2916
2917
2919
2920
2928
2930
2932
2933
2938
2939
2940
2941
2942
2943
2944
2945
2947
2948
2949
2950
2951
2954
2958
2959
2961
2968
2969
2971
2973
2974
2975
2976
2980
2982
2984
2986
2987
2989
2990
2991
2992
2993
2996
3001
3002
3003
3009
3011
3016
3017
3018
3019
3020
3021
3022
3023
3024
3025
3032
3033
3034
3036
3037
3038
3040
3045
3046
3048
3049
3050
3054
3055
3062
3063
3068
3070
3073
3076
3077
3078
3082
3085
3087
3088
3089
3092
3094
3095
3099
3100
3101
3102
3105
3108
3110
3111
3115
3120
3123
3125
3126
3128
3129
3132
3134
3138
3147
3153
3154
3156
3159
3161
3162
3163
3164
3165
3171
3172
3173
3174
3175
3177
3179
3180
3181
3185
3186
3187
3188
3189
3190
3193
3194
3195
3196
3199
3200
3204
3206
3208
3212
3213
3219
3220
3222
3225
3227
3230
3232
3234
3235
3236
3238
3240
3241
3242
3248
3252
3253
3254
3256
3257
3258
3261
3266
3267
3273
3277
3278
3280
3281
3282
3285
3286
3287
3288
3292
3293
3295
3299
3301
3304
3306
3307
3310
3314
3315
3316
3319
3322
3325
3328
3332
3334
3337
3340
3341
3344
3349
3351
3360
3365
3368
3370
3371
3373
3376
3378
3379
3380
3382
3385
3387
3388
3389
3392
3394
3395
3397
3398
3405
3406
3411
3413
3414
3416
3418
3421
3422
3425
3426
3427
3429
3434
3435
3436
3439
3442
3446
3447
3448
3450
3454
3460
3461
3462
3463
3464
3465
3466
3467
3469
3473
3483
3485
3486
3487
3488
3490
3492
3497
3501
3502
3503
3506
3509
3510
3514
3515
3516
3517
3518
3519
3520
3521
3523
3524
3529
3530
3531
3532
3535
3536
3537
3539
3540
3542
3543
3544
3545
3548
3553
3555
3556
3557
3559
3561
3562
3563
3569
3570
3571
3572
3573
3577
3578
3581
3583
3586
3588
3600
3602
3603
3604
3606
3610
3612
3613
3614
3617
3618
3622
3623
3624
3625
3629
3631
3634
3637
3638
3640
3642
3643
3647
3650
3652
3653
3654
3657
3658
3659
3660
3661
3662
3666
3667
3668
3669
3671
3672
3673
3674
3675
3676
3677
3679
3682
3688
3690
3691
3692
3694
3696
3698
3699
3703
3705
3707
3708
3711
3712
3713
3716
3723
3732
3733
3734
3740
3743
3753
3762
3763
3766
3767
3768
3777
3792
3793
3803
3806
3809
3822
3826
3829
3831
3832
3837
3839
3840
3849
3850
3852
3854
3855
3861
3865
3866
3870
3872
3873
3874
3876
3879
3886
3891
3893
3895
3897
3905
3906
3908
3913
3933
3943
3952
3955
3959
3961
3963
3977
3984
3986
3990
3993
4010
4015
4026
4031
4035
4038
4040
4050
4060
4068
4069
4074
4079
4084
4088
4091
4094
4096
4100
4101
4106
4112
4115
4117
4120
4122
4130
4132
4135
4137
4138
4141
4155
4167
4169
4173
4179
4191
4202
4207
4211
4213
4233
4243
4249
4265
4269
4296
4304
4307
4308
4316
4332
4334
4337
4339
4343
4345
4347
4357
4358
4359
4365
4378
4388
4389
4390
4394
4395
4396
4397
4398
4399
4401
4402
4403
4404
4405
4406
4407
4408
4412
4413
4414
4415
4416
4418
4419
4420
4421
4422
4423
4424
4425
4426
4427
4428
4430
4431
4432
4433
4434
4438
4439
4440
4441
4442
4444
4445
4448
4449
4450
4451
4452
4454
4455
4456
4459
4460
4461
4463
4468
4471
4472
4473
4476
4477
4478
4481
4484
4486
4487
4488
4489
4492
4493
4494
4495
4496
4497
4500
4501
4502
4503
4504
4505
4506
4509
4511
4512
4514
4515
4517
4520
4523
4524
4525
4526
4535
4536
4538
4542
4544
4547
4548
4549
4550
4551
4553
4555
4556
4559
4560
4561
4563
4564
4565
4566
4567
4569
4570
4571
4572
4574
4575
4576
4577
4580
4582
4583
4584
4585
4586
4587
4589
4592
4593
4598
4602
4603
4604
4606
4608
4609
4611
4612
4613
4614
4615
4619
4620
4623
4628
4629
4631
4633
4634
4636
4637
4639
4641
4644
4645
4647
4648
4650
4651
4652
4655
4656
4658
4659
4665
4668
4670
4671
4672
4673
4676
4680
4681
4683
4685
4686
4688
4693
4694
4695
4696
4698
4699
4700
4701
4702
4703
4704
4705
4706
4708
4709
4710
4715
4716
4717
4721
4722
4723
4724
4726
4730
4731
4734
4736
4740
4741
4742
4745
4746
4751
4752
4753
4755
4756
4757
4758
4762
4765
4767
4769
4770
4772
4775
4776
4778
4780
4781
4782
4783
4785
4786
4787
4788
4790
4792
4794
4795
4796
4797
4800
4801
4802
4803
4805
4810
4811
4812
4813
4814
4815
4816
4817
4819
4822
4825
4827
4830
4832
4833
4837
4838
4842
4843
4845
4848
4849
4850
4853
4854
4858
4860
4862
4863
4864
4866
4867
4868
4871
4872
4874
4875
4876
4878
4879
4880
4881
4884
4886
4887
4888
4889
4891
4892
4894
4895
4896
4900
4901
4905
4906
4908
4913
4914
4918
4921
4922
4931
4935
4937
4938
4942
4944
4945
4948
4950
4951
4954
4955
4959
4961
4964
4966
4967
4970
4971
4972
4973
4974
4975
4976
4981
4982
4986
4987
4994
4995
4996
4997
5003
5005
5008
5010
5013
5014
5017
5021
5023
5024
5025
5026
5027
5032
5033
5035
5038
5039
5040
5042
5044
5045
5047
5048
5049
5051
5052
5053
5054
5055
5063
5064
5065
5066
5069
5071
5072
5073
5074
5078
5080
5083
5085
5086
5088
5089
5090
5094
5095
5098
5100
5101
5103
5105
5107
5112
5121
5122
5124
5125
5130
5131
5138
5139
5141
5143
5148
5150
5151
5153
5160
5162
5163
5165
5167
5168
5172
5173
5179
5180
5186
5189
5191
5192
5194
5195
5202
5204
5209
5211
5213
5214
5217
5221
5226
5227
5228
5230
5231
5232
5233
5234
5238
5241
5242
5243
5247
5249
5250
5252
5253
5254
5259
5262
5264
5265
5267
5268
5269
5273
5274
5275
5276
5277
5278
5279
5280
5283
5286
5287
5288
5290
5291
5293
5294
5295
5296
5297
5299
5300
5301
5304
5307
5309
5310
5311
5313
5316
5324
5327
5329
5333
5334
5335
5340
5343
5345
5347
5349
5350
5351
5352
5355
5358
5363
5365
5366
5367
5371
5373
5376
5378
5379
5380
5383
5384
5386
5387
5388
5389
5390
5393
5394
5396
5398
5399
5400
5401
5403
5404
5405
5407
5408
5410
5411
5412
5417
5418
5419
5423
5425
5428
5429
5430
5434
5435
5437
5438
5439
5440
5441
5442
5443
5450
5459
5461
5462
5464
5466
5473
5474
5475
5476
5479
5481
5483
5490
5497
5499
5502
5505
5507
5508
5509
5511
5512
5518
5520
5521
5523
5525
5526
5527
5531
5533
5535
5538
5546
5561
5562
5563
5565
5569
5570
5572
5575
5579
5580
5581
5589
5592
5594
5596
5598
5600
5601
5605
5606
5607
5611
5615
5616
5618
5619
5621
5622
5623
5624
5625
5628
5630
5635
5637
5642
5645
5647
5651
5653
5654
5655
5658
5660
5662
5664
5669
5670
5675
5676
5679
5681
5682
5685
5687
5688
5689
5692
5695
5697
5700
5705
5706
5709
5711
5716
5718
5726
5730
5732
5735
5737
5739
5742
5743
5744
5751
5753
5761
5764
5768
5771
5772
5773
5775
5776
5777
5788
5793
5796
5798
5799
5801
5804
5811
5812
5816
5820
5822
5824
5826
5827
5828
5829
5835
5839
5840
5843
5847
5848
5849
5851
5855
5859
5863
5864
5866
5867
5870
5875
5877
5879
5880
5881
5882
5883
5884
5886
5888
5889
5897
5899
5901
5904
5911
5912
5915
5917
5920
5922
5926
5932
5937
5942
5944
5953
5955
5958
5961
5965
5968
5972
5980
5981
5983
5989
5990
5993
5996
5997
6005
6008
6012
6013
6016
6020
6021
6031
6033
6034
6039
6041
6042
6043
6047
6053
6055
6061
6064
6065
6069
6073
6079
6081
6084
6087
6088
6089
6091
6096
6097
6098
6100
6101
6102
6104
6105
6107
6108
6111
6114
6115
6118
6120
6122
6124
6129
6130
6132
6134
6136
6139
6141
6143
6144
6145
6146
6147
6148
6149
6150
6152
6157
6158
6159
6161
6162
6163
6166
6168
6169
6170
6171
6172
6176
6178
6179
6182
6190
6193
6195
6198
6199
6200
6201
6203
6204
6205
6206
6207
6208
6209
6210
6217
6218
6219
6220
6221
6223
6224
6226
6227
6228
6229
6232
6233
6234
6236
6237
6238
6239
6240
6241
6242
6243
6244
6245
6246
6248
6249
6250
6251
6252
6253
6255
6256
6257
6258
6260
6261
6263
6264
6265
6266
6267
6268
6269
6270
6272
6273
6274
6275
6276
6278
6279
6282
6283
6285
6286
6287
6288
6290
6291
6292
6293
6294
6295
6296
6297
6298
6299
6301
6302
6303
6304
6305
6306
6308
6309
6310
6311
6312
6313
6314
6315
6316
6318
6319
6320
6322
6324
6325
6326
6327
6328
6329
6330
6332
6333
6334
6335
6338
6340
6341
6342
6343
6344
6345
6346
6347
6348
6349
6350
6351
6352
6353
6355
6356
6357
6358
6360
6361
6362
6365
6366
6367
6368
6369
6370
6372
6373
6374
6375
6377
6378
6379
6380
6382
6383
6384
6385
6386
6388
6389
6390
6391
6392
6393
6395
6397
6398
6399
6400
6402
6403
6404
6405
6406
6407
6409
6411
6412
6413
6414
6415
6417
6418
6419
6422
6423
6424
6425
6426
6428
6429
6430
6431
6432
6433
6435
6436
6437
6438
6440
6441
6442
6443
6444
6445
6449
6450
6452
6453
6456
6457
6458
6461
6462
6463
6465
6469
6472
6473
6474
6478
6479
6480
6481
6482
6484
6487
6488
6489
6490
6491
6493
6497
6498
6499
6501
6504
6505
6509
6513
6514
6517
6519
6523
6526
6529
6530
6531
6532
6533
6536
6539
6540
6543
6544
6547
6548
6550
6555
6556
6558
6559
6560
6561
6562
6563
6565
6566
6568
6569
6573
6574
6575
6576
6578
6579
6582
6584
6585
6587
6588
6590
6592
6595
6596
6597
6598
6600
6601
6602
6604
6605
6608
6609
6611
6612
6616
6617
6618
6621
6623
6624
6625
6629
6631
6632
6633
6634
6635
6636
6637
6640
6642
6644
6647
6649
6652
6654
6656
6657
6658
6659
6662
6663
6665
6666
6668
6670
6673
6674
6675
6683
6684
6686
6687
6688
6689
6690
6694
6695
6697
6698
6700
6701
6703
6704
6706
6707
6708
6709
6710
6712
6715
6717
6719
6722
6726
6727
6728
6730
6732
6733
6734
6735
6736
6737
6742
6745
6747
6749
6750
6751
6752
6753
6754
6756
6757
6759
6760
6761
6762
6763
6765
6767
6769
6777
6778
6781
6782
6784
6786
6796
6797
6801
6802
6803
6805
6808
6811
6815
6816
6819
6820
6822
6824
6825
6827
6829
6833
6834
6835
6837
6840
6841
6842
6843
6844
6845
6846
6848
6849
6851
6852
6855
6856
6865
6868
6870
6872
6876
6878
6881
6882
6885
6887
6888
6893
6894
6896
6899
6900
6905
6906
6909
6910
6914
6915
6916
6919
6922
6925
6927
6929
6933
6934
6935
6936
6937
6939
6940
6941
6944
6946
6948
6949
6950
6954
6955
6956
6965
6967
6968
6969
6970
6971
6974
6975
6976
6977
6978
6980
6982
6985
6987
6990
6992
6994
6996
6999
7000
7001
7002
7003
7004
7008
7010
7012
7013
7015
7016
7018
7019
7021
7025
7026
7029
7031
7032
7035
7038
7039
7043
7044
7045
7046
7048
7051
7053
7054
7055
7056
7057
7059
7061
7063
7065
7068
7070
7071
7072
7074
7075
7076
7079
7083
7084
7086
7088
7090
7093
7094
7098
7099
7102
7103
7105
7106
7107
7108
7109
7111
7112
7118
7123
7127
7128
7129
7130
7131
7132
7134
7135
7136
7138
7139
7140
7141
7142
7144
7146
7148
7149
7150
7153
7156
7159
7160
7164
7165
7167
7168
7169
7170
7171
7172
7173
7174
7175
7177
7181
7182
7187
7191
7194
7197
7198
7200
7202
7203
7204
7206
7211
7214
7215
7216
7218
7220
7225
7226
7228
7229
7230
7231
7232
7233
7234
7235
7239
7243
7244
7245
7246
7247
7248
7249
7250
7251
7252
7253
7254
7257
7258
7259
7262
7263
7264
7267
7269
7270
7271
7272
7273
7275
7280
7282
7283
7284
7285
7286
7287
7288
7289
7292
7295
7298
7299
7300
7302
7303
7307
7308
7309
7313
7314
7316
7317
7318
7320
7321
7322
7323
7324
7326
7328
7330
7331
7332
7333
7336
7337
7339
7340
7345
7348
7350
7351
7354
7356
7357
7358
7361
7364
7366
7367
7368
7369
7370
7371
7372
7375
7377
7380
7381
7383
7385
7386
7387
7389
7390
7391
7393
7396
7398
7401
7402
7406
7407
7408
7410
7412
7413
7414
7415
7416
7417
7419
7420
7421
7423
7425
7426
7427
7447
7454
7457
7459
7465
7467
7476
7480
7482
7483
7489
7507
7518
7542
7544
7552
7554
7555
7561
7563
7565
7568
7571
7572
7573
7575
7586
7587
7600
7616
7639
7641
7642
7643
7663
7668
7675
7682
7689
7693
7719
7726
7727
7729
7755
7792
7802
7820
7826
7849
7855
7862
7863
7871
7880
7897
7908
7916
7927
7928
7936
7937
7941
7945
7947
7956
7957
7963
7966
7979
7984
7987
8018
8037
8047
8051
8061
8070
8097
8102
8103
8107
8109
8110
8112
8113
8114
8115
8116
8118
8120
8122
8124
8125
8127
8128
8130
8132
8136
8137
8138
8139
8140
8141
8142
8143
8145
8146
8147
8148
8150
8151
8152
8153
8154
8155
8156
8159
8161
8162
8163
8166
8168
8169
8171
8173
8175
8176
8182
8185
8186
8187
8190
8192
8193
8194
8196
8197
8198
8200
8202
8207
8210
8212
8213
8214
8216
8217
8219
8223
8226
8231
8234
8235
8237
8238
8240
8241
8243
8246
8247
8248
8249
8250
8251
8252
8253
8259
8260
8261
8264
8266
8270
8273
8276
8279
8283
8285
8286
8289
8290
8291
8292
8294
8295
8296
8300
8308
8309
8311
8312
8316
8318
8319
8320
8322
8323
8326
8327
8328
8329
8332
8333
8334
8335
8339
8340
8343
8347
8350
8351
8357
8358
8359
8361
8363
8367
8371
8373
8377
8379
8381
8383
8384
8386
8388
8390
8391
8394
8397
8399
8402
8413
8414
8415
8416
8417
8418
8419
8426
8430
8431
8436
8437
8438
8439
8443
8444
8445
8446
8447
8448
8449
8454
8455
8456
8457
8459
8460
8469
8470
8472
8479
8481
8483
8488
8490
8491
8495
8496
8499
8500
8501
8502
8511
8512
8515
8523
8525
8526
8528
8529
8530
8539
8541
8544
8548
8549
8554
8557
8558
8562
8564
8565
8568
8571
8572
8580
8586
8587
8589
8590
8591
8592
8594
8596
8602
8603
8606
8607
8609
8610
8617
8624
8632
8641
8645
8647
8649
8650
8653
8663
8664
8668
8669
8674
8675
8679
8685
8688
8690
8692
8693
8696
8698
8701
8704
8706
8707
8719
8722
8724
8726
8728
8733
8739
8741
8747
8748
8749
8752
8753
8754
8758
8759
8761
8765
8768
8769
8773
8776
8777
8779
8784
8786
8787
8792
8797
8803
8804
8807
8808
8809
8811
8814
8815
8818
8824
8826
8831
8834
8836
8840
8844
8846
8852
8864
8865
8869
8873
8874
8875
8876
8880
8889
8890
8893
8894
8905
8906
8909
8912
8915
8916
8920
8925
8928
8937
8939
8941
8948
8952
8955
8959
8960
8961
8963
8966
8968
8976
8979
8988
8989
8991
8992
8997
9002
9003
9005
9006
9007
9011
9014
9018
9021
9026
9029
9031
9034
9036
9037
9045
9049
9051
9058
9060
9061
9062
9066
9068
9070
9072
9075
9076
9081
9087
9101
9102
9104
9110
9115
9116
9118
9119
9120
9126
9129
9135
9137
9141
9142
9152
9156
9157
9160
9165
9174
9179
9183
9187
9188
9189
9190
9194
9195
9198
9211
9213
9221
9222
9225
9234
9235
9239
9241
9245
9246
9247
9255
9260
9281
9284
9295
9304
9305
9313
9315
9320
9328
9332
9333
9334
9335
9338
9341
9344
9346
9352
9360
9361
9362
9365
9367
9370
9385
9386
9389
9395
9397
9399
9400
9403
9406
9411
9423
9425
9430
9431
9440
9444
9449
9451
9454
9456
9459
9461
9466
9469
9472
9473
9474
9475
9484
9491
9492
9500
9507
9515
9516
9524
9525
9529
9530
9532
9536
9538
9540
9541
9566
9567
9589
9591
9595
9596
9599
9600
9606
9607
9612
9613
9615
9628
9630
9638
9659
9663
9667
9672
9675
9676
9684
9688
9689
9692
9701
9707
9709
9710
9726
9730
9745
9747
9748
9751
9755
9757
9769
9773
9774
9779
9780
9785
9790
9793
9800
9802
9809
9814
9816
9819
9821
9822
9823
9825
9832
9836
9838
9843
9846
9851
9856
9857
9858
9860
9863
9864
9871
9872
9873
9876
9879
9889
9891
9902
9903
9912
9913
9914
9915
9916
9917
9918
9919
9920
9921
9922
9923
9924
9926
9927
9931
9932
9933
9934
9935
9937
9938
9939
9940
9941
9942
9943
9946
9951
9952
9953
9954
9955
9956
9957
9958
9960
9961
9962
9963
9964
9966
9968
9970
9971
9972
9973
9974
9976
9977
9978
9980
9981
9984
9986
9987
9988
9989
9990
9992
9993
9994
9996
9997
9999
10001
10003
10005
10007
10009
10010
10012
10013
10014
10018
10024
10025
10026
10029
10030
10032
10033
10034
10035
10036
10038
10040
10042
10043
10044
10045
10046
10047
10048
10052
10053
10054
10055
10056
10057
10058
10059
10060
10061
10062
10063
10067
10070
10071
10072
10073
10074
10075
10076
10079
10080
10081
10082
10083
10084
10086
10087
10088
10089
10091
10092
10096
10098
10099
10100
10102
10103
10104
10105
10106
10107
10108
10109
10111
10112
10113
10115
10116
10117
10118
10120
10123
10124
10125
10128
10129
10134
10138
10139
10140
10141
10144
10146
10148
10149
10150
10152
10154
10156
10157
10158
10163
10164
10165
10166
10171
10172
10174
10175
10177
10179
10180
10181
10183
10186
10188
10190
10191
10192
10193
10194
10201
10203
10204
10207
10208
10212
10215
10223
10225
10228
10232
10233
10238
10241
10243
10246
10248
10252
10254
10257
10258
10261
10265
10266
10267
10269
10271
10272
10273
10275
10276
10277
10282
10283
10287
10291
10293
10295
10296
10298
10300
10301
10304
10309
10310
10314
10318
10322
10323
10325
10326
10332
10335
10336
10339
10341
10342
10343
10345
10346
10347
10348
10350
10354
10355
10356
10359
10361
10366
10368
10370
10371
10372
10374
10377
10381
10385
10392
10396
10398
10401
10402
10408
10411
10413
10414
10417
10418
10419
10420
10421
10424
10429
10431
10432
10433
10434
10441
10442
10444
10445
10446
10447
10450
10451
10453
10461
10463
10464
10465
10466
10468
10470
10472
10473
10474
10475
10476
10481
10482
10483
10489
10490
10495
10496
10498
10499
10506
10511
10516
10517
10518
10521
10522
10523
10528
10529
10532
10535
10536
10538
10539
10548
10551
10554
10555
10556
10560
10562
10579
10581
10582
10583
10590
10593
10595
10597
10599
10602
10607
10617
10618
10628
10632
10633
10636
10637
10638
10647
10650
10655
10656
10658
10660
10662
10668
10671
10672
10676
10680
10684
10685
10686
10687
10689
10692
10694
10697
10699
10702
10704
10706
10707
10708
10710
10711
10714
10715
10716
10717
10718
10719
10723
10724
10727
10729
10731
10733
10735
10736
10740
10742
10743
10744
10745
10746
10753
10760
10765
10768
10769
10770
10771
10777
10779
10781
10785
10788
10789
10790
10792
10793
10798
10801
10804
10805
10809
10810
10813
10814
10820
10821
10825
10826
10827
10831
10832
10833
10834
10836
10838
10841
10844
10845
10849
10852
10854
10855
10856
10864
10870
10871
10872
10874
10876
10878
10888
10889
10890
10892
10893
10894
10895
10896
10901
10902
10908
10910
10911
10914
10915
10916
10919
10920
10922
10924
10925
10928
10929
10930
10937
10938
10940
10942
10943
10945
10947
10949
10952
10954
10958
10959
10960
10962
10963
10965
10967
10971
10972
10973
10974
10976
10981
10983
10985
10988
10989
10990
10991
10996
10997
10998
11000
11002
11006
11009
11010
11012
11013
11016
11020
11025
11027
11030
11031
11032
11033
11037
11038
11040
11042
11044
11046
11049
11050
11053
11057
11058
11059
11061
11062
11065
11068
11070
11071
11072
11075
11078
11080
11082
11084
11085
11086
11088
11089
11094
11096
11099
11100
11101
11102
11103
11104
11105
11107
11110
11116
11117
11119
11122
11126
11127
11129
11131
11133
11135
11136
11137
11139
11140
11141
11145
11151
11153
11156
11178
11180
11183
11186
11193
11195
11196
11199
11200
11211
11226
11232
11235
11239
11244
11252
11258
11263
11265
11266
11267
11270
11285
11287
11288
11290
11293
11299
11304
11310
11321
11334
11348
11355
11356
11358
11361
11380
11381
11383
11403
11438
11441
11443
11448
11452
11463
11474
11497
11516
11522
11528
11529
11544
11545
11547
11552
11559
11566
11567
11569
11582
11592
11596
11597
11600
11601
11605
11607
11608
11636
11641
11651
11661
11666
11675
11681
11683
11697
11698
11700
11720
11722
11730
11733
11734
11745
11751
11761
11762
11769
11775
11779
11783
11798
11810
11811
11813
11818
11823
11825
11826
11827
11829
11830
11831
11832
11833
11835
11836
11837
11838
11839
11840
11841
11842
11844
11846
11847
11848
11849
11850
11852
11853
11854
11855
11856
11857
11858
11859
11860
11862
11864
11866
11867
11868
11869
11870
11871
11872
11873
11874
11875
11878
11879
11880
11882
11883
11884
11885
11888
11889
11890
11893
11898
11900
11901
11904
11905
11906
11908
11910
11911
11912
11913
11915
11916
11917
11918
11920
11921
11923
11924
11928
11930
11933
11934
11936
11937
11938
11941
11942
11944
11948
11949
11951
11952
11953
11954
11956
11958
11960
11961
11962
11963
11965
11970
11972
11975
11977
11978
11979
11982
11984
11985
11986
11987
11988
11990
11993
12000
12003
12004
12006
12007
12008
12009
12017
12023
12024
12025
12026
12029
12030
12032
12034
12036
12037
12039
12040
12041
12043
12047
12048
12050
12051
12054
12056
12061
12064
12065
12067
12069
12072
12073
12074
12076
12078
12080
12082
12084
12087
12093
12094
12098
12099
12100
12103
12104
12114
12118
12119
12121
12124
12127
12129
12130
12132
12142
12144
12145
12146
12147
12149
12150
12151
12152
12154
12155
12158
12159
12161
12167
12169
12174
12175
12178
12182
12186
12187
12190
12192
12193
12195
12198
12200
12202
12204
12205
12207
12214
12215
12217
12218
12220
12221
12226
12228
12229
12230
12231
12235
12236
12237
12239
12240
12241
12243
12244
12245
12246
12247
12253
12255
12261
12263
12264
12265
12267
12270
12275
12276
12286
12288
12291
12292
12298
12299
12300
12302
12304
12305
12306
12308
12311
12318
12319
12320
12323
12324
12325
12329
12330
12334
12335
12341
12344
12346
12349
12359
12362
12363
12365
12373
12374
12376
12378
12381
12389
12394
12395
12400
12404
12406
12411
12415
12417
12423
12428
12429
12433
12435
12437
12440
12442
12452
12453
12454
12455
12458
12461
12466
12467
12468
12471
12473
12474
12475
12479
12480
12482
12483
12486
12489
12490
12491
12492
12502
12503
12505
12509
12510
12511
12512
12517
12518
12523
12528
12532
12533
12535
12536
12538
12540
12542
12545
12546
12547
12551
12552
12558
12566
12569
12570
12571
12574
12579
12581
12583
12585
12588
12590
12591
12594
12596
12599
12600
12603
12605
12608
12612
12617
12618
12619
12620
12622
12625
12628
12629
12630
12631
12636
12643
12644
12648
12654
12656
12660
12661
12662
12664
12666
12669
12671
12672
12675
12678
12681
12682
12683
12693
12694
12696
12697
12701
12702
12704
12705
12709
12711
12714
12718
12719
12721
12722
12723
12728
12731
12734
12735
12741
12749
12757
12758
12762
12763
12765
12771
12772
12779
12780
12783
12785
12786
12788
12789
12795
12796
12799
12801
12806
12807
12812
12815
12818
12824
12829
12830
12832
12833
12834
12835
12837
12838
12841
12842
12843
12851
12858
12862
12865
12868
12870
12871
12877
12883
12887
12892
12895
12896
12902
12903
12907
12908
12909
12910
12925
12928
12930
12931
12932
12936
12937
12943
12947
12949
12951
12960
12963
12964
12972
12981
12984
12987
12989
12991
12993
13010
13017
13023
13024
13025
13031
13034
13037
13038
13049
13050
13055
13058
13059
13071
13072
13073
13075
13079
13086
13088
13096
13097
13098
13103
13105
13114
13117
13120
13123
13124
13125
13126
13139
13143
13146
13149
13154
13158
13165
13167
13170
13171
13174
13183
13187
13188
13189
13191
13194
13197
13199
13200
13205
13208
13213
13215
13221
13226
13229
13235
13238
13239
13240
13250
13254
13258
13262
13267
13271
13272
13277
13278
13279
13286
13288
13293
13303
13305
13311
13314
13317
13323
13325
13327
13332
13343
13348
13350
13354
13360
13369
13370
13377
13381
13386
13393
13399
13402
13406
13410
13411
13417
13421
13422
13425
13437
13439
13440
13444
13449
13453
13459
13462
13465
13467
13469
13483
13488
13492
13493
13494
13498
13499
13501
13503
13506
13508
13509
13512
13518
13522
13524
13529
13530
13532
13534
13535
13536
13538
13539
13543
13544
13551
13553
13554
13557
13560
13568
13569
13570
13571
13574
13580
13585
13586
13587
13590
13593
13595
13597
13599
13601
13615
13616
13617
13623
13627
13629
13630
13632
13633
13634
13635
13636
13637
13638
13640
13645
13646
13647
13648
13651
13654
13655
13656
13657
13660
13661
13662
13663
13664
13666
13667
13668
13669
13670
13671
13672
13673
13674
13675
13677
13678
13679
13680
13681
13682
13683
13684
13685
13686
13688
13690
13692
13694
13695
13697
13698
13699
13700
13701
13702
13704
13706
13707
13708
13710
13711
13713
13715
13716
13717
13718
13719
13721
13722
13723
13724
13725
13726
13727
13728
13730
13731
13732
13733
13734
13735
13737
13738
13739
13740
13741
13743
13744
13746
13747
13749
13750
13752
13754
13755
13756
13757
13758
13759
13760
13761
13762
13763
13765
13766
13768
13769
13770
13771
13773
13774
13775
13776
13777
13778
13779
13780
13781
13782
13783
13784
13785
13787
13788
13789
13790
13791
13794
13795
13796
13797
13800
13801
13802
13803
13806
13807
13808
13810
13811
13812
13813
13814
13816
13817
13818
13819
13820
13821
13823
13824
13825
13826
13827
13829
13831
13832
13833
13834
13835
13838
13841
13842
13843
13845
13846
13847
13848
13853
13858
13859
13860
13861
13862
13863
13864
13865
13866
13868
13869
13871
13877
13878
13879
13880
13881
13882
13886
13891
13892
13894
13897
13900
13901
13902
13906
13911
13912
13914
13915
13916
13917
13918
13919
13921
13924
13925
13926
13927
13928
13934
13937
13938
13941
13942
13944
13946
13947
13948
13951
13953
13955
13957
13959
13964
13967
13968
13969
13971
13972
13975
13976
13978
13979
13982
13983
13984
13987
13989
13990
13991
13992
13994
13997
14001
14005
14007
14009
14010
14012
14015
14018
14020
14022
14024
14025
14028
14031
14032
14033
14036
14037
14038
14039
14040
14041
14044
14046
14049
14052
14053
14054
14056
14057
14059
14060
14061
14062
14065
14067
14070
14073
14079
14080
14084
14087
14088
14089
14090
14091
14092
14093
14095
14096
14099
14101
14102
14103
14108
14109
14110
14112
14115
14116
14117
14118
14119
14122
14125
14126
14128
14132
14133
14134
14135
14137
14140
14145
14151
14153
14156
14158
14159
14160
14161
14162
14164
14165
14168
14169
14171
14172
14174
14177
14178
14179
14180
14182
14183
14184
14188
14189
14192
14194
14195
14199
14201
14202
14203
14205
14207
14210
14214
14215
14219
14220
14224
14225
14226
14229
14230
14234
14236
14241
14243
14248
14250
14252
14262
14263
14265
14266
14268
14269
14276
14279
14280
14283
14291
14293
14294
14295
14296
14297
14298
14303
14305
14307
14314
14315
14316
14318
14321
14322
14327
14332
14337
14338
14340
14341
14342
14347
14348
14352
14354
14355
14361
14364
14365
14367
14370
14371
14372
14374
14376
14378
14379
14382
14383
14385
14386
14387
14388
14390
14391
14393
14394
14395
14396
14398
14400
14401
14403
14405
14406
14415
14416
14419
14420
14425
14426
14427
14428
14429
14430
14431
14433
14435
14436
14440
14441
14443
14444
14449
14454
14458
14459
14464
14465
14467
14471
14472
14474
14476
14479
14480
14482
14484
14485
14491
14493
14496
14499
14504
14505
14507
14512
14513
14521
14522
14524
14525
14526
14527
14530
14531
14533
14534
14537
14539
14552
14553
14554
14555
14558
14559
14560
14563
14564
14566
14569
14570
14571
14572
14575
14577
14578
14580
14581
14588
14592
14593
14596
14597
14599
14601
14602
14603
14606
14607
14608
14609
14610
14615
14616
14619
14620
14624
14626
14628
14629
14630
14631
14632
14633
14634
14635
14639
14643
14644
14646
14650
14651
14656
14659
14660
14661
14662
14663
14668
14671
14672
14673
14674
14675
14676
14677
14678
14679
14680
14681
14682
14686
14687
14690
14692
14695
14696
14698
14699
14701
14702
14703
14704
14708
14710
14712
14713
14714
14715
14716
14717
14718
14720
14723
14728
14731
14734
14736
14739
14741
14742
14743
14744
14746
14748
14749
14751
14752
14754
14755
14756
14758
14759
14760
14761
14764
14765
14766
14767
14770
14771
14773
14776
14779
14780
14782
14784
14785
14789
14792
14794
14796
14799
14800
14802
14803
14808
14810
14811
14814
14815
14818
14821
14824
14826
14829
14830
14832
14833
14836
14838
14840
14841
14842
14845
14846
14847
14848
14853
14855
14860
14873
14882
14885
14896
14904
14907
14919
14934
14946
14952
14971
14973
14981
14982
14995
15000
15001
15014
15015
15021
15047
15062
15070
15088
15094
15098
15127
15140
15152
15187
15196
15201
15209
15211
15212
15233
15251
15283
15290
15309
15321
15336
15344
15351
15357
15364
15377
15385
15388
15391
15395
15411
15412
15434
15458
15460
15465
15485
15489
15498
15499
15502
15506
15514
15531
15535
15537
15540
15541
15542
15543
15544
15547
15548
15549
15550
15551
15555
15556
15558
15561
15563
15564
15565
15566
15567
15568
15569
15570
15571
15573
15576
15578
15580
15581
15583
15584
15585
15587
15588
15589
15590
15591
15594
15597
15600
15602
15603
15604
15605
15606
15607
15609
15610
15614
15615
15618
15622
15624
15625
15626
15629
15630
15634
15635
15637
15638
15644
15645
15647
15648
15651
15654
15655
15656
15657
15659
15660
15661
15662
15665
15668
15669
15670
15672
15674
15677
15679
15680
15685
15686
15687
15689
15690
15691
15692
15694
15699
15700
15702
15704
15705
15707
15712
15713
15714
15716
15717
15718
15719
15720
15723
15724
15727
15728
15729
15731
15734
15737
15738
15740
15742
15744
15745
15746
15748
15751
15754
15757
15760
15761
15762
15766
15767
15770
15775
15778
15780
15783
15787
15789
15790
15796
15798
15801
15809
15812
15813
15818
15820
15821
15822
15825
15829
15830
15833
15841
15842
15843
15844
15845
15846
15850
15851
15852
15855
15857
15858
15861
15868
15872
15875
15879
15887
15888
15890
15896
15904
15906
15907
15908
15909
15912
15916
15923
15924
15925
15927
15928
15929
15931
15934
15939
15941
15942
15943
15947
15948
15953
15954
15957
15958
15959
15965
15967
15968
15969
15972
15973
15975
15976
15977
15979
15982
15983
15987
15988
15990
15991
15995
15999
16000
16001
16002
16003
16004
16005
16008
16012
16013
16015
16016
16018
16019
16020
16021
16022
16023
16024
16030
16031
16034
16036
16037
16038
16039
16040
16046
16047
16049
16050
16053
16055
16062
16069
16070
16077
16079
16082
16084
16093
16098
16102
16106
16107
16108
16112
16113
16116
16118
16119
16121
16123
16133
16134
16135
16137
16143
16145
16151
16154
16156
16167
16170
16175
16176
16177
16181
16182
16183
16184
16186
16188
16190
16193
16196
16197
16200
16203
16204
16207
16209
16212
16214
16215
16216
16220
16222
16225
16229
16231
16232
16239
16242
16243
16247
16249
16252
16254
16258
16259
16272
16278
16281
16285
16292
16293
16300
16301
16302
16304
16306
16311
16314
16317
16320
16321
16323
16328
16331
16333
16334
16335
16336
16344
16350
16353
16363
16369
16380
16382
16383
16384
16389
16391
16392
16395
16396
16405
16406
16410
16411
16414
16418
16419
16420
16421
16428
16430
16431
16432
16433
16435
16439
16441
16449
16451
16464
16472
16473
16476
16478
16479
16481
16485
16486
16489
16498
16500
16504
16505
16509
16520
16529
16532
16535
16538
16539
16545
16546
16549
16554
16556
16559
16563
16565
16566
16568
16571
16573
16575
16579
16582
16584
16585
16587
16588
16593
16601
16602
16609
16612
16615
16620
16623
16624
16625
16631
16636
16639
16642
16644
16646
16649
16652
16653
16660
16669
16677
16678
16683
16692
16695
16709
16732
16734
16736
16753
16756
16761
16766
16772
16774
16789
16790
16793
16800
16810
16811
16817
16818
16819
16820
16822
16824
16829
16831
16834
16835
16836
16841
16845
16851
16854
16868
16871
16877
16884
16888
16891
16901
16902
16903
16919
16941
16943
16944
16945
16947
16951
16958
16967
16968
16969
16971
16976
16979
16981
16993
17008
17009
17017
17019
17021
17025
17026
17027
17028
17041
17044
17060
17079
17081
17084
17089
17090
17095
17118
17121
17122
17131
17138
17139
17143
17145
17154
17158
17159
17169
17171
17173
17174
17183
17187
17195
17196
17197
17202
17207
17212
17217
17219
17236
17237
17238
17243
17244
17247
17248
17249
17250
17253
17256
17268
17271
17274
17276
17278
17280
17286
17288
17289
17291
17292
17294
17297
17299
17300
17307
17313
17316
17317
17320
17323
17330
17333
17338
17340
17343
17345
17346
17347
17348
17349
17350
17351
17352
17354
17356
17357
17359
17360
17361
17362
17365
17369
17370
17371
17374
17375
17376
17377
17380
17381
17382
17384
17385
17386
17387
17389
17390
17391
17392
17393
17394
17397
17398
17399
17401
17402
17403
17406
17407
17408
17409
17410
17412
17414
17415
17416
17417
17418
17419
17420
17422
17423
17425
17426
17427
17429
17431
17432
17433
17437
17438
17440
17442
17444
17445
17446
17447
17450
17451
17452
17453
17454
17455
17457
17458
17460
17463
17464
17466
17467
17468
17470
17472
17473
17474
17476
17477
17479
17480
17482
17483
17484
17485
17486
17487
17489
17490
17491
17492
17493
17495
17498
17499
17500
17501
17503
17504
17507
17508
17509
17510
17511
17512
17514
17515
17516
17517
17518
17522
17523
17524
17528
17530
17531
17532
17533
17534
17535
17536
17537
17541
17542
17545
17546
17547
17549
17551
17553
17554
17556
17559
17562
17566
17567
17570
17571
17572
17574
17575
17576
17577
17578
17579
17580
17584
17585
17587
17589
17591
17592
17594
17596
17598
17603
17604
17605
17607
17614
17616
17617
17622
17623
17624
17629
17630
17632
17633
17635
17640
17641
17644
17647
17653
17656
17658
17659
17665
17670
17672
17673
17675
17677
17678
17679
17680
17682
17683
17686
17688
17689
17692
17693
17698
17699
17701
17705
17706
17708
17710
17711
17712
17715
17718
17721
17722
17724
17726
17727
17730
17737
17739
17742
17744
17746
17748
17751
17752
17753
17754
17755
17757
17758
17760
17762
17763
17766
17767
17769
17770
17771
17773
17775
17776
17779
17781
17783
17785
17790
17797
17798
17801
17805
17806
17807
17812
17813
17815
17816
17817
17822
17828
17829
17831
17835
17836
17837
17842
17844
17846
17848
17849
17852
17854
17856
17859
17860
17862
17864
17868
17872
17875
17876
17878
17879
17883
17886
17889
17892
17894
17898
17901
17902
17904
17906
17909
17911
17915
17917
17919
17922
17923
17924
17932
17934
17938
17944
17948
17951
17955
17957
17958
17962
17963
17973
17975
17976
17979
17982
17983
17984
17985
17988
17990
17991
17992
17994
18001
18006
18007
18009
18010
18011
18015
18018
18020
18021
18023
18026
18027
18028
18029
18033
18034
18036
18041
18042
18049
18051
18052
18061
18064
18066
18067
18069
18070
18075
18079
18081
18085
18088
18090
18094
18097
18098
18104
18105
18108
18109
18110
18112
18114
18116
18117
18120
18123
18125
18127
18131
18132
18133
18134
18135
18140
18141
18143
18144
18152
18154
18155
18158
18163
18168
18169
18172
18173
18174
18176
18177
18181
18182
18185
18189
18193
18194
18195
18196
18197
18199
18205
18210
18212
18213
18218
18220
18221
18225
18227
18228
18231
18234
18235
18236
18238
18240
18241
18244
18245
18248
18249
18250
18252
18261
18262
18269
18271
18272
18273
18274
18278
18280
18281
18282
18284
18285
18286
18290
18291
18292
18294
18295
18297
18298
18303
18304
18306
18313
18314
18315
18321
18322
18323
18324
18328
18329
18332
18333
18336
18337
18339
18342
18344
18346
18348
18350
18352
18353
18358
18359
18362
18365
18368
18370
18373
18375
18377
18385
18386
18387
18391
18392
18396
18399
18400
18401
18404
18405
18406
18409
18410
18411
18413
18414
18415
18416
18417
18422
18423
18425
18431
18433
18435
18437
18438
18441
18448
18453
18455
18456
18457
18458
18459
18460
18469
18470
18473
18478
18479
18485
18486
18487
18489
18490
18493
18496
18498
18499
18500
18503
18506
18508
18509
18510
18511
18512
18513
18514
18515
18516
18517
18521
18523
18525
18526
18527
18528
18529
18530
18531
18532
18538
18539
18540
18541
18546
18547
18548
18550
18552
18553
18554
18555
18556
18559
18561
18562
18563
18565
18567
18568
18569
18570
18571
18572
18579
18583
18586
18588
18590
18596
18597
18600
18602
18607
18611
18614
18622
18624
18633
18647
18658
18660
18681
18690
18693
18696
18701
18703
18705
18707
18708
18712
18714
18715
18716
18717
18720
18721
18728
18732
18733
18738
18753
18755
18776
18777
18780
18796
18802
18810
18813
18814
18817
18828
18831
18837
18861
18874
18876
18896
18906
18909
18913
18923
18939
18942
18946
18961
18962
18968
18971
18983
19004
19012
19024
19034
19036
19039
19052
19054
19055
19061
19068
19076
19078
19091
19096
19099
19106
19135
19140
19161
19174
19186
19198
19199
19204
19226
19227
19244
19246
19253
19254
19255
19256
19258
19259
19260
19261
19262
19263
19265
19266
19267
19268
19269
19270
19271
19272
19273
19274
19276
19277
19279
19280
19281
19282
19283
19284
19286
19288
19289
19290
19291
19292
19294
19295
19297
19298
19299
19301
19303
19304
19305
19308
19311
19312
19313
19314
19315
19316
19317
19320
19326
19327
19328
19329
19332
19333
19335
19338
19340
19343
19349
19350
19351
19352
19357
19358
19359
19360
19361
19362
19365
19369
19370
19371
19373
19374
19377
19381
19382
19385
19386
19388
19390
19393
19394
19395
19398
19400
19401
19402
19403
19404
19405
19406
19407
19409
19411
19412
19413
19414
19415
19416
19421
19422
19426
19428
19429
19431
19432
19433
19436
19437
19438
19442
19443
19445
19446
19447
19449
19451
19452
19454
19455
19458
19462
19464
19465
19466
19467
19468
19469
19471
19474
19476
19482
19489
19490
19492
19493
19495
19496
19497
19498
19501
19503
19506
19508
19510
19512
19513
19515
19517
19521
19522
19527
19528
19529
19532
19535
19536
19539
19544
19547
19548
19549
19552
19555
19557
19558
19559
19560
19561
19563
19565
19566
19567
19571
19572
19573
19574
19576
19577
19579
19581
19582
19586
19587
19590
19597
19598
19600
19602
19605
19606
19608
19609
19613
19614
19616
19618
19621
19626
19627
19628
19632
19633
19634
19636
19637
19642
19643
19644
19648
19651
19653
19656
19657
19658
19663
19664
19666
19667
19668
19671
19672
19673
19674
19675
19678
19681
19683
19686
19691
19693
19694
19701
19702
19704
19705
19706
19709
19712
19715
19716
19717
19718
19719
19722
19727
19732
19734
19735
19736
19741
19743
19744
19745
19747
19748
19753
19760
19766
19769
19772
19777
19779
19781
19784
19786
19787
19791
19793
19796
19798
19800
19804
19806
19807
19811
19816
19818
19820
19822
19823
19827
19831
19832
19833
19834
19835
19838
19841
19842
19844
19845
19846
19851
19855
19857
19860
19861
19862
19865
19867
19870
19873
19876
19879
19881
19883
19884
19885
19887
19888
19891
19893
19894
19895
19897
19899
19900
19905
19906
19907
19910
19916
19919
19921
19922
19928
19929
19931
19936
19938
19939
19940
19942
19943
19944
19945
19946
19951
19953
19954
19956
19957
19960
19961
19963
19964
19965
19968
19970
19973
19974
19978
19979
19980
19981
19982
19986
19987
19988
19994
19997
19998
19999
20001
20003
20004
20006
20007
20009
20011
20012
20015
20017
20018
20024
20028
20030
20031
20036
20039
20040
20041
20044
20045
20048
20058
20062
20063
20064
20066
20067
20073
20076
20084
20089
20091
20092
20094
20095
20097
20102
20105
20106
20107
20110
20114
20120
20121
20122
20123
20124
20125
20129
20131
20132
20133
20136
20138
20139
20144
20145
20146
20150
20154
20156
20159
20160
20163
20165
20169
20173
20176
20177
20178
20180
20181
20183
20186
20187
20190
20193
20195
20196
20199
20210
20212
20214
20216
20218
20219
20221
20223
20229
20232
20234
20235
20238
20242
20244
20246
20249
20251
20252
20256
20257
20260
20263
20265
20266
20268
20269
20270
20279
20284
20285
20286
20287
20290
20292
20293
20295
20296
20299
20302
20315
20320
20321
20322
20325
20330
20334
20337
20342
20344
20345
20350
20351
20353
20355
20357
20361
20364
20365
20368
20379
20381
20387
20389
20390
20396
20398
20400
20401
20414
20419
20428
20437
20438
20447
20450
20453
20459
20460
20461
20462
20464
20466
20467
20486
20488
20491
20494
20498
20500
20503
20504
20506
20507
20514
20516
20518
20525
20527
20530
20531
20533
20537
20539
20541
20542
20543
20548
20550
20551
20553
20558
20559
20560
20565
20579
20582
20584
20586
20591
20596
20597
20598
20601
20602
20607
20609
20611
20615
20616
20627
20631
20633
20634
20636
20643
20649
20650
20652
20667
20672
20673
20682
20686
20693
20695
20697
20700
20703
20704
20706
20714
20717
20719
20724
20732
20733
20734
20735
20736
20737
20738
20741
20742
20745
20755
20758
20770
20771
20772
20774
20776
20778
20779
20781
20784
20788
20791
20797
20799
20809
20811
20817
20818
20822
20824
20825
20830
20833
20834
20835
20836
20837
20844
20860
20861
20862
20864
20865
20868
20871
20872
20874
20877
20889
20893
20897
20901
20911
20916
20919
20926
20927
20929
20930
20931
20935
20937
20940
20943
20944
20945
20953
20957
20958
20963
20964
20965
20967
20971
20976
20977
20978
20979
20980
20982
20985
20986
20988
20992
20993
20996
20998
20999
21000
21002
21003
21005
21008
21012
21013
21019
21021
21023
21025
21027
21029
21031
21032
21035
21036
21042
21044
21054
21055
21057
21058
21059
21060
21061
21062
21063
21065
21068
21069
21073
21074
21075
21077
21079
21081
21082
21083
21085
21088
21089
21090
21092
21094
21095
21096
21097
21098
21100
21101
21102
21103
21104
21105
21107
21108
21112
21113
21114
21115
21118
21119
21120
21122
21123
21124
21126
21128
21130
21131
21132
21133
21134
21135
21136
21137
21138
21139
21140
21141
21142
21143
21144
21145
21146
21147
21149
21150
21151
21152
21154
21155
21156
21160
21161
21162
21164
21165
21166
21167
21168
21169
21171
21172
21174
21175
21177
21178
21180
21182
21183
21184
21185
21186
21187
21188
21189
21190
21191
21192
21193
21194
21196
21197
21198
21199
21201
21203
21204
21206
21207
21209
21211
21212
21214
21215
21216
21217
21218
21220
21221
21223
21224
21225
21226
21228
21231
21234
21236
21238
21239
21240
21242
21244
21245
21246
21247
21248
21249
21251
21253
21255
21257
21259
21260
21261
21263
21269
21270
21271
21273
21274
21279
21281
21282
21284
21286
21287
21290
21291
21292
21293
21294
21295
21296
21297
21298
21299
21300
21301
21304
21305
21306
21307
21308
21310
21312
21313
21314
21317
21318
21321
21323
21324
21328
21330
21334
21335
21336
21338
21343
21344
21346
21353
21354
21356
21358
21360
21361
21365
21366
21367
21370
21372
21373
21375
21376
21377
21379
21385
21386
21388
21391
21392
21394
21395
21396
21399
21400
21402
21403
21404
21406
21407
21408
21411
21412
21415
21418
21419
21420
21423
21425
21426
21429
21434
21435
21438
21440
21443
21444
21445
21449
21453
21456
21458
21460
21462
21465
21466
21467
21468
21469
21470
21474
21476
21477
21479
21480
21481
21482
21484
21485
21487
21488
21489
21490
21493
21495
21498
21499
21500
21503
21505
21506
21507
21508
21511
21512
21513
21515
21517
21518
21521
21528
21529
21531
21536
21540
21541
21542
21543
21545
21550
21551
21553
21556
21559
21560
21562
21564
21565
21566
21568
21571
21573
21578
21580
21581
21582
21583
21585
21586
21587
21590
21592
21593
21600
21602
21603
21608
21613
21616
21617
21618
21620
21623
21625
21630
21631
21633
21637
21638
21639
21640
21642
21643
21644
21648
21653
21659
21664
21669
21671
21672
21675
21676
21677
21678
21681
21690
21691
21697
21701
21704
21705
21708
21710
21714
21720
21721
21723
21724
21725
21726
21732
21733
21734
21735
21741
21743
21744
21747
21749
21752
21755
21756
21759
21760
21762
21765
21770
21771
21775
21776
21777
21778
21782
21783
21785
21790
21791
21793
21795
21798
21802
21805
21809
21810
21811
21812
21813
21815
21816
21817
21818
21820
21821
21826
21828
21831
21832
21833
21834
21835
21846
21847
21848
21849
21853
21856
21857
21858
21859
21860
21863
21864
21869
21871
21874
21876
21878
21879
21885
21886
21887
21893
21894
21895
21898
21902
21907
21911
21915
21919
21921
21924
21931
21933
21936
21938
21940
21941
21942
21944
21945
21946
21947
21948
21950
21951
21953
21954
21955
21958
21959
21961
21962
21964
21966
21968
21969
21973
21974
21975
21976
21979
21981
21982
21983
21984
21986
21989
21992
21993
21994
21995
21996
21999
22003
22004
22005
22008
22009
22012
22014
22016
22020
22023
22027
22028
22029
22032
22035
22036
22037
22038
22040
22041
22042
22043
22044
22045
22048
22051
22052
22053
22055
22056
22057
22058
22060
22061
22062
22063
22064
22065
22067
22071
22072
22073
22074
22078
22084
22085
22086
22088
22089
22090
22091
22094
22096
22099
22100
22101
22105
22106
22107
22109
22110
22112
22113
22114
22118
22120
22123
22125
22126
22127
22131
22132
22135
22138
22140
22143
22144
22146
22147
22148
22151
22153
22154
22158
22159
22161
22162
22165
22169
22172
22173
22174
22175
22176
22182
22184
22187
22188
22191
22192
22193
22194
22199
22201
22202
22204
22210
22212
22213
22214
22217
22218
22219
22220
22223
22224
22227
22228
22230
22231
22234
22235
22236
22239
22240
22241
22242
22243
22244
22245
22246
22247
22249
22251
22252
22254
22258
22259
22262
22263
22264
22266
22268
22269
22270
22275
22276
22278
22280
22282
22283
22284
22286
22301
22317
22321
22322
22325
22341
22379
22380
22396
22398
22400
22410
22429
22430
22438
22446
22449
22452
22481
22491
22546
22557
22577
22585
22589
22602
22606
22610
22618
22620
22624
22635
22639
22647
22656
22664
22676
22682
22693
22707
22711
22725
22743
22749
22764
22765
22778
22785
22792
22800
22808
22813
22819
22840
22842
22871
22879
22883
22885
22886
22893
22905
22906
22913
22915
22917
22923
22958
22960
22961
22964
22967
22968
22969
22970
22971
22972
22973
22974
22975
22976
22977
22982
22984
22985
22986
22988
22989
22990
22991
22992
22993
22994
22995
22996
22997
22998
23000
23002
23005
23006
23008
23009
23010
23012
23013
23014
23015
23016
23017
23018
23019
23021
23022
23026
23029
23030
23031
23032
23037
23042
23043
23050
23052
23053
23054
23056
23057
23058
23062
23063
23066
23067
23069
23071
23072
23075
23077
23078
23080
23081
23082
23084
23085
23087
23088
23089
23090
23091
23095
23096
23097
23098
23099
23100
23102
23106
23107
23108
23110
23114
23115
23117
23118
23119
23120
23121
23122
23125
23127
23128
23131
23133
23134
23135
23142
23145
23146
23147
23148
23152
23156
23160
23162
23165
23166
23167
23168
23170
23172
23173
23175
23176
23179
23181
23183
23184
23185
23188
23189
23191
23195
23196
23203
23206
23208
23211
23215
23217
23222
23223
23224
23225
23228
23230
23231
23232
23235
23240
23246
23250
23251
23256
23258
23259
23260
23261
23262
23269
23271
23273
23276
23278
23281
23283
23285
23286
23289
23290
23292
23293
23294
23295
23297
23300
23301
23303
23305
23308
23313
23316
23322
23325
23328
23329
23335
23336
23339
23346
23347
23348
23349
23350
23351
23352
23353
23356
23357
23358
23360
23362
23363
23365
23367
23369
23370
23371
23372
23373
23377
23379
23381
23382
23384
23385
23386
23389
23390
23391
23392
23393
23395
23396
23397
23398
23399
23400
23405
23407
23415
23418
23424
23427
23430
23437
23440
23441
23443
23444
23446
23448
23455
23458
23461
23462
23463
23464
23466
23467
23469
23473
23475
23476
23480
23483
23489
23491
23494
23496
23501
23503
23504
23505
23510
23512
23519
23521
23523
23526
23529
23533
23536
23537
23541
23542
23543
23545
23546
23548
23549
23565
23567
23568
23569
23572
23573
23576
23581
23584
23587
23595
23598
23600
23601
23603
23606
23609
23610
23611
23612
23614
23616
23617
23621
23622
23623
23624
23625
23626
23627
23629
23632
23633
23640
23648
23650
23651
23656
23657
23659
23660
23665
23667
23670
23675
23676
23677
23679
23680
23682
23684
23686
23687
23695
23697
23698
23700
23702
23705
23706
23708
23711
23716
23719
23720
23722
23725
23729
23732
23733
23735
23736
23741
23745
23749
23750
23756
23760
23762
23765
23766
23767
23771
23772
23774
23779
23784
23785
23790
23791
23796
23797
23799
23800
23803
23804
23808
23814
23819
23820
23821
23823
23827
23830
23833
23834
23836
23839
23840
23845
23846
23847
23848
23850
23851
23856
23859
23860
23861
23862
23863
23870
23873
23877
23879
23881
23882
23887
23888
23890
23895
23897
23907
23910
23918
23922
23924
23929
23930
23931
23933
23936
23940
23943
23946
23948
23949
23957
23965
23966
23967
23970
23974
23977
23978
23980
23982
23987
23991
23992
23993
23995
23999
24000
24003
24004
24006
24007
24009
24010
24012
24013
24016
24029
24031
24035
24046
24049
24050
24051
24054
24058
24059
24060
24064
24070
24072
24075
24078
24079
24082
24091
24097
24102
24103
24105
24110
24116
24128
24134
24152
24161
24164
24165
24168
24174
24175
24176
24181
24183
24184
24188
24190
24197
24198
24200
24202
24205
24209
24211
24217
24218
24219
24220
24221
24228
24229
24232
24236
24238
24239
24245
24257
24259
24262
24263
24264
24276
24281
24288
24293
24296
24305
24309
24315
24317
24322
24325
24329
24330
24331
24338
24340
24342
24351
24354
24361
24363
24366
24372
24373
24392
24393
24394
24396
24397
24399
24430
24437
24440
24445
24447
24449
24451
24454
24456
24469
24481
24493
24504
24507
24508
24512
24517
24522
24523
24536
24544
24545
24547
24557
24559
24563
24567
24570
24573
24575
24579
24582
24586
24591
24610
24613
24625
24628
24630
24634
24635
24636
24637
24640
24641
24653
24654
24660
24661
24666
24667
24670
24671
24672
24675
24677
24678
24681
24683
24684
24685
24688
24691
24692
24694
24699
24700
24702
24703
24706
24707
24712
24713
24718
24719
24720
24722
24726
24727
24728
24733
24739
24744
24745
24749
24758
24761
24762
24770
24771
24773
24774
24775
24776
24777
24779
24782
24784
24785
24787
24788
24789
24790
24793
24794
24795
24796
24797
24798
24799
24802
24803
24804
24806
24808
24809
24810
24812
24813
24814
24815
24817
24818
24820
24821
24822
24825
24826
24827
24828
24829
24830
24831
24832
24833
24834
24835
24836
24837
24838
24839
24840
24842
24843
24844
24846
24848
24849
24851
24852
24853
24854
24857
24858
24859
24860
24861
24863
24865
24866
24869
24872
24873
24874
24875
24879
24880
24881
24882
24883
24885
24886
24888
24889
24891
24892
24894
24895
24896
24898
24899
24900
24902
24904
24906
24907
24908
24910
24911
24915
24917
24920
24921
24923
24924
24925
24926
24928
24930
24932
24933
24934
24936
24937
24938
24939
24940
24944
24950
24951
24952
24953
24954
24956
24958
24959
24960
24961
24962
24963
24965
24966
24967
24969
24970
24972
24974
24975
24976
24977
24979
24981
24982
24984
24985
24986
24987
24994
24997
25000
25001
25003
25004
25005
25006
25007
25008
25010
25011
25012
25013
25014
25015
25017
25020
25022
25026
25027
25028
25030
25031
25033
25035
25036
25037
25039
25042
25043
25044
25045
25047
25048
25049
25052
25053
25055
25057
25058
25060
25061
25062
25063
25065
25066
25068
25070
25072
25079
25080
25082
25084
25086
25090
25095
25097
25099
25100
25102
25106
25108
25109
25110
25113
25114
25116
25120
25121
25125
25126
25127
25133
25136
25138
25139
25140
25142
25146
25147
25151
25152
25154
25155
25163
25165
25167
25168
25169
25170
25172
25179
25180
25181
25182
25184
25185
25186
25187
25188
25190
25193
25194
25195
25197
25199
25201
25203
25204
25209
25210
25212
25221
25222
25223
25226
25227
25228
25229
25238
25241
25242
25243
25244
25245
25246
25252
25253
25257
25263
25264
25265
25268
25270
25273
25274
25276
25277
25282
25287
25290
25292
25295
25297
25298
25300
25303
25307
25308
25314
25317
25320
25321
25322
25324
25326
25330
25331
25332
25333
25334
25336
25339
25341
25343
25344
25345
25347
25351
25352
25355
25357
25362
25369
25370
25371
25372
25377
25378
25379
25383
25384
25385
25386
25388
25391
25399
25402
25403
25404
25407
25411
25412
25414
25415
25418
25422
25428
25433
25434
25435
25436
25438
25439
25446
25449
25451
25456
25457
25458
25467
25469
25471
25474
25476
25480
25481
25483
25488
25490
25492
25497
25503
25504
25506
25509
25513
25516
25519
25523
25527
25534
25536
25537
25538
25541
25542
25543
25545
25546
25552
25553
25555
25560
25562
25563
25572
25574
25580
25582
25583
25585
25591
25592
25594
25597
25600
25601
25603
25607
25609
25614
25618
25620
25623
25628
25630
25633
25635
25642
25644
25649
25652
25655
25658
25664
25665
25666
25668
25669
25672
25673
25677
25679
25680
25683
25688
25690
25691
25695
25696
25697
25698
25700
25701
25702
25704
25707
25708
25710
25711
25714
25717
25720
25722
25723
25728
25730
25732
25734
25737
25738
25741
25746
25747
25748
25749
25750
25751
25752
25757
25758
25761
25768
25769
25770
25772
25774
25775
25776
25780
25781
25784
25786
25787
25790
25794
25796
25798
25799
25801
25803
25804
25805
25814
25815
25816
25818
25819
25821
25823
25826
25827
25828
25829
25832
25833
25837
25839
25841
25843
25844
25845
25846
25849
25851
25853
25855
25856
25858
25860
25861
25862
25864
25865
25866
25873
25876
25877
25883
25884
25885
25886
25887
25890
25893
25894
25896
25900
25902
25905
25907
25913
25915
25916
25917
25918
25921
25926
25927
25928
25934
25938
25939
25941
25945
25946
25947
25949
25950
25951
25953
25955
25956
25957
25958
25959
25960
25961
25962
25963
25966
25969
25970
25971
25972
25975
25976
25977
25978
25980
25981
25983
25984
25985
25987
25989
25990
25991
25992
25993
25995
25996
25998
26011
26023
26026
26027
26028
26030
26034
26036
26039
26047
26055
26067
26081
26082
26087
26089
26103
26108
26109
26111
26112
26114
26117
26120
26121
26127
26128
26130
26138
26141
26143
26144
26149
26150
26155
26159
26160
26161
26164
26166
26174
26177
26181
26188
26196
26209
26239
26249
26262
26277
26278
26296
26298
26299
26303
26312
26321
26324
26325
26326
26334
26336
26340
26344
26350
26353
26361
26362
26372
26378
26393
26396
26399
26402
26405
26409
26413
26416
26427
26445
26446
26447
26457
26481
26491
26497
26516
26522
26530
26548
26571
26573
26588
26590
26592
26600
26608
26609
26627
26631
26637
26640
26644
26654
26656
26668
26672
26676
26678
26680
26681
26682
26683
26684
26685
26686
26687
26688
26689
26690
26691
26692
26693
26694
26695
26696
26697
26698
26699
26700
26702
26703
26704
26705
26706
26707
26708
26709
26710
26711
26712
26713
26714
26715
26716
26717
26718
26719
26720
26721
26722
26723
26724
26725
26726
26729
26730
26731
26732
26736
26737
26739
26740
26744
26745
26746
26747
26748
26749
26750
26754
26755
26756
26757
26758
26760
26764
26765
26766
26767
26769
26770
26771
26773
26777
26779
26785
26786
26788
26790
26794
26795
26797
26798
26799
26801
26803
26804
26805
26807
26809
26810
26811
26813
26815
26816
26818
26819
26822
26830
26831
26832
26833
26834
26835
26839
26840
26841
26842
26845
26847
26848
26849
26850
26851
26856
26858
26859
26861
26864
26865
26866
26867
26871
26873
26875
26877
26878
26881
26884
26885
26886
26887
26890
26891
26892
26893
26895
26896
26897
26899
26902
26905
26907
26911
26916
26917
26920
26921
26923
26927
26931
26936
26937
26938
26940
26943
26947
26952
26953
26954
26955
26956
26957
26959
26960
26961
26963
26964
26966
26969
26970
26972
26973
26975
26976
26977
26980
26981
26983
26984
26985
26986
26987
26988
26989
26990
26991
26992
26993
26995
26996
26997
26999
27000
27001
27002
27003
27005
27006
27007
27008
27009
27010
27011
27014
27016
27017
27020
27021
27024
27025
27027
27030
27035
27036
27037
27043
27046
27048
27051
27052
27053
27054
27056
27059
27060
27061
27064
27065
27066
27069
27072
27073
27074
27076
27077
27078
27079
27081
27082
27084
27085
27086
27087
27088
27089
27090
27091
27092
27094
27095
27096
27099
27101
27102
27103
27104
27105
27107
27109
27110
27111
27112
27114
27116
27119
27121
27122
27123
27128
27129
27130
27131
27132
27133
27135
27139
27141
27143
27145
27146
27150
27151
27154
27155
27158
27159
27161
27162
27168
27170
27172
27173
27175
27176
27178
27181
27183
27184
27188
27191
27202
27205
27207
27209
27215
27219
27220
27221
27222
27223
27226
27228
27229
27230
27232
27234
27237
27243
27246
27247
27250
27257
27258
27259
27260
27262
27266
27269
27270
27271
27284
27285
27286
27287
27290
27292
27293
27298
27300
27303
27304
27305
27306
27309
27310
27312
27313
27314
27315
27316
27317
27319
27322
27323
27328
27329
27330
27331
27332
27334
27335
27336
27337
27338
27339
27341
27343
27344
27346
27347
27349
27353
27354
27361
27362
27363
27364
27366
27367
27369
27370
27372
27373
27375
27377
27380
27381
27383
27389
27391
27392
27395
27396
27398
27399
27401
27402
27408
27413
27414
27418
27420
27422
27428
27429
27432
27434
27435
27437
27439
27440
27442
27443
27446
27450
27453
27454
27455
27456
27459
27460
27463
27464
27470
27471
27473
27474
27475
27476
27477
27478
27485
27486
27492
27493
27495
27503
27504
27505
27509
27510
27511
27512
27513
27514
27518
27519
27522
27527
27528
27529
27531
27533
27534
27537
27540
27544
27546
27547
27549
27552
27553
27554
27557
27559
27560
27561
27566
27567
27574
27576
27580
27587
27593
27596
27597
27601
27602
27608
27613
27616
27619
27624
27625
27632
27634
27635
27636
27639
27640
27642
27645
27647
27651
27654
27655
27657
27660
27662
27668
27676
27677
27678
27680
27681
27684
27685
27686
27688
27692
27697
27698
27701
27707
27709
27711
27713
27721
27726
27727
27729
27730
27741
27750
27751
27753
27755
27761
27764
27765
27766
27771
27772
27774
27776
27777
27781
27785
27788
27789
27793
27794
27795
27796
27805
27807
27815
27816
27819
27820
27822
27823
27824
27825
27829
27832
27839
27840
27842
27846
27856
27874
27880
27883
27886
27887
27888
27890
27895
27898
27906
27909
27911
27912
27913
27915
27916
27920
27921
27926
27928
27930
27932
27935
27940
27941
27942
27944
27952
27954
27957
27959
27960
27961
27964
27966
27968
27972
27973
27976
27978
27979
27993
27994
28001
28002
28004
28006
28010
28013
28014
28018
28019
28026
28029
28030
28032
28037
28043
28044
28045
28054
28055
28059
28060
28061
28062
28064
28071
28074
28075
28077
28085
28086
28101
28106
28110
28111
28118
28120
28121
28123
28124
28125
28127
28128
28132
28133
28134
28135
28138
28140
28145
28147
28148
28156
28157
28158
28159
28160
28161
28163
28165
28167
28168
28170
28171
28176
28177
28183
28193
28196
28204
28206
28210
28211
28212
28219
28221
28222
28223
28225
28227
28231
28233
28237
28239
28241
28242
28246
28250
28252
28254
28256
28258
28259
28260
28262
28263
28264
28269
28270
28273
28274
28275
28277
28280
28284
28293
28296
28302
28309
28310
28317
28320
28321
28323
28325
28327
28339
28342
28345
28347
28348
28349
28354
28355
28356
28357
28358
28359
28370
28373
28386
28387
28392
28393
28395
28401
28404
28405
28408
28409
28413
28414
28416
28418
28419
28420
28421
28424
28426
28428
28430
28431
28433
28435
28441
28442
28443
28445
28446
28447
28449
28451
28453
28454
28455
28457
28459
28461
28464
28467
28470
28475
28476
28477
28479
28483
28484
28485
28486
28487
28488
28489
28490
28491
28492
28493
28494
28495
28499
28501
28502
28503
28505
28509
28510
28511
28512
28513
28514
28516
28517
28518
28519
28520
28522
28523
28524
28526
28528
28529
28530
28531
28532
28533
28534
28535
28536
28537
28538
28539
28540
28541
28542
28544
28545
28546
28547
28548
28549
28550
28551
28552
28553
28556
28557
28560
28562
28563
28564
28567
28568
28569
28570
28571
28572
28573
28574
28575
28577
28578
28580
28581
28582
28583
28584
28586
28587
28589
28590
28591
28593
28594
28595
28596
28597
28599
28601
28602
28603
28604
28605
28606
28608
28609
28610
28612
28614
28615
28616
28617
28618
28621
28622
28624
28625
28626
28628
28629
28631
28632
28634
28635
28637
28638
28640
28642
28645
28646
28649
28651
28652
28653
28654
28656
28657
28659
28662
28663
28664
28665
28666
28667
28670
28673
28675
28676
28677
28680
28681
28682
28683
28684
28685
28686
28687
28688
28689
28690
28691
28692
28694
28695
28696
28698
28699
28700
28701
28702
28704
28706
28708
28709
28710
28712
28713
28715
28718
28719
28721
28722
28724
28725
28726
28727
28729
28731
28733
28734
28735
28736
28738
28739
28742
28743
28744
28746
28747
28749
28752
28753
28756
28757
28758
28759
28762
28763
28764
28766
28767
28769
28770
28771
28772
28773
28774
28776
28781
28782
28784
28788
28789
28793
28795
28796
28798
28801
28802
28805
28806
28811
28812
28814
28819
28823
28824
28828
28829
28830
28831
28833
28834
28835
28836
28839
28840
28841
28846
28847
28850
28851
28853
28857
28859
28860
28862
28863
28868
28870
28872
28881
28883
28884
28885
28886
28888
28889
28891
28892
28894
28896
28900
28901
28902
28904
28905
28907
28909
28913
28915
28916
28917
28923
28924
28926
28932
28934
28936
28938
28939
28940
28941
28943
28945
28949
28951
28952
28955
28957
28958
28959
28960
28964
28967
28970
28971
28972
28973
28975
28976
28978
28979
28980
28984
28985
28987
28989
28990
28991
28992
28996
28997
28999
29001
29003
29006
29009
29014
29015
29018
29019
29020
29021
29023
29027
29028
29031
29034
29036
29038
29040
29041
29043
29044
29045
29046
29047
29048
29049
29051
29053
29054
29055
29056
29058
29059
29061
29065
29066
29067
29070
29071
29074
29080
29081
29082
29085
29086
29087
29088
29093
29097
29099
29100
29106
29108
29109
29113
29117
29118
29120
29121
29124
29125
29126
29128
29129
29132
29136
29138
29146
29148
29149
29151
29152
29153
29160
29162
29165
29168
29170
29171
29172
29175
29177
29178
29180
29183
29185
29186
29187
29188
29190
29193
29194
29196
29198
29200
29202
29204
29206
29208
29210
29211
29212
29213
29216
29217
29218
29219
29221
29223
29226
29229
29236
29241
29244
29246
29251
29252
29253
29254
29255
29257
29259
29261
29262
29263
29266
29267
29269
29270
29271
29272
29273
29274
29275
29276
29279
29280
29281
29282
29283
29284
29286
29290
29292
29295
29296
29297
29299
29303
29304
29305
29306
29310
29311
29313
29314
29317
29319
29323
29327
29328
29332
29335
29338
29339
29340
29342
29345
29349
29350
29352
29355
29356
29358
29359
29361
29363
29368
29371
29372
29376
29378
29379
29380
29381
29382
29383
29387
29388
29390
29391
29392
29395
29399
29401
29404
29407
29409
29411
29414
29415
29416
29419
29420
29421
29422
29424
29425
29428
29433
29434
29437
29444
29446
29448
29449
29452
29455
29460
29462
29463
29464
29465
29468
29469
29471
29472
29475
29478
29479
29481
29482
29483
29484
29485
29486
29487
29490
29493
29495
29498
29499
29500
29501
29504
29510
29512
29513
29515
29516
29517
29518
29519
29521
29522
29525
29526
29528
29530
29532
29533
29535
29537
29540
29541
29542
29546
29547
29550
29551
29553
29554
29555
29557
29558
29559
29561
29562
29563
29564
29566
29567
29570
29572
29576
29578
29582
29583
29591
29593
29594
29597
29599
29600
29601
29604
29608
29610
29612
29614
29615
29616
29619
29620
29622
29623
29627
29629
29632
29633
29634
29635
29638
29640
29641
29642
29645
29651
29653
29655
29656
29658
29659
29660
29663
29664
29666
29667
29668
29669
29670
29671
29672
29673
29675
29677
29679
29680
29682
29686
29688
29689
29690
29691
29694
29695
29697
29701
29703
29704
29705
29706
29709
29710
29720
29722
29724
29731
29738
29739
29751
29752
29754
29766
29768
29774
29775
29783
29799
29801
29806
29826
29836
29838
29840
29849
29854
29856
29857
29858
29860
29863
29874
29877
29891
29894
29896
29897
29918
29919
29923
29925
29926
29927
29943
29944
29945
29950
29951
29952
29954
29955
29959
29961
29976
29982
29984
29990
29996
30013
30016
30017
30025
30029
30034
30036
30038
30042
30048
30053
30067
30070
30076
30080
30081
30086
30091
30092
30093
30103
30104
30108
30110
30113
30114
30117
30122
30123
30129
30132
30133
30142
30143
30152
30155
30156
30166
30174
30181
30192
30195
30200
30205
30218
30220
30247
30249
30253
30254
30258
30260
30265
30273
30288
30295
30298
30300
30304
30306
30314
30321
30328
30337
30341
30345
30346
30352
30354
30356
30363
30368
30376
30380
30382
30386
30387
30389
30390
30392
30393
30394
30395
30396
30397
30398
30399
30400
30401
30402
30403
30405
30406
30407
30408
30409
30410
30411
30412
30413
30414
30415
30418
30419
30420
30422
30423
30424
30425
30426
30427
30428
30429
30430
30431
30432
30433
30434
30436
30437
30438
30439
30440
30442
30444
30445
30447
30448
30449
30450
30451
30452
30454
30455
30456
30457
30458
30459
30460
30461
30462
30463
30464
30465
30468
30469
30470
30471
30472
30474
30475
30476
30478
30482
30484
30485
30486
30487
30489
30490
30492
30494
30500
30501
30503
30506
30507
30508
30509
30510
30512
30514
30516
30517
30518
30519
30523
30524
30526
30527
30528
30530
30531
30533
30534
30536
30538
30540
30544
30545
30547
30548
30549
30550
30551
30552
30553
30556
30557
30559
30560
30561
30564
30566
30567
30568
30570
30571
30573
30574
30575
30576
30578
30579
30585
30587
30588
30591
30592
30593
30595
30596
30599
30600
30601
30602
30603
30604
30606
30607
30608
30609
30610
30611
30612
30613
30615
30616
30619
30620
30621
30623
30624
30626
30627
30628
30629
30636
30639
30640
30644
30645
30649
30650
30651
30652
30653
30654
30656
30657
30661
30662
30666
30668
30669
30671
30673
30674
30675
30677
30678
30680
30681
30686
30687
30689
30691
30694
30695
30698
30699
30701
30702
30703
30704
30706
30707
30708
30710
30711
30712
30713
30714
30715
30718
30719
30720
30721
30724
30725
30729
30738
30739
30741
30743
30745
30750
30752
30757
30760
30763
30764
30766
30767
30774
30775
30778
30779
30780
30781
30783
30784
30785
30786
30787
30790
30791
30793
30795
30796
30800
30801
30803
30805
30806
30809
30810
30814
30815
30819
30820
30821
30823
30824
30825
30826
30827
30828
30832
30833
30835
30837
30840
30841
30842
30843
30846
30849
30850
30851
30855
30858
30859
30860
30861
30863
30865
30868
30871
30872
30874
30875
30876
30878
30879
30880
30881
30884
30886
30887
30889
30890
30891
30893
30895
30898
30899
30901
30902
30904
30907
30908
30912
30914
30919
30920
30922
30923
30926
30927
30928
30929
30931
30935
30940
30943
30947
30948
30949
30950
30951
30953
30954
30958
30959
30965
30969
30972
30973
30974
30976
30978
30988
30991
30992
30993
30995
30998
31001
31002
31004
31006
31007
31008
31009
31012
31014
31015
31017
31018
31019
31020
31023
31027
31028
31033
31035
31036
31037
31038
31039
31042
31043
31044
31046
31047
31048
31049
31050
31051
31052
31053
31055
31059
31060
31061
31064
31071
31072
31073
31075
31076
31078
31080
31081
31082
31084
31085
31086
31087
31088
31091
31094
31098
31099
31100
31104
31105
31108
31110
31113
31115
31118
31122
31128
31129
31136
31140
31141
31142
31143
31144
31145
31146
31148
31150
31151
31153
31157
31161
31162
31163
31164
31167
31169
31173
31177
31178
31180
31181
31184
31186
31190
31198
31199
31200
31201
31205
31208
31212
31213
31214
31217
31219
31224
31225
31226
31231
31234
31236
31237
31239
31241
31247
31248
31252
31254
31255
31257
31258
31263
31264
31268
31270
31271
31272
31273
31274
31275
31276
31279
31282
31283
31284
31286
31288
31289
31291
31292
31295
31298
31301
31303
31305
31306
31307
31310
31311
31315
31316
31321
31322
31323
31325
31329
31331
31332
31335
31336
31338
31349
31350
31351
31354
31359
31360
31363
31371
31374
31376
31382
31385
31386
31390
31394
31399
31402
31406
31408
31409
31410
31415
31418
31419
31421
31422
31423
31427
31428
31431
31435
31437
31438
31440
31441
31451
31463
31466
31467
31470
31471
31473
31474
31475
31477
31479
31480
31482
31485
31492
31497
31498
31500
31501
31503
31506
31507
31508
31509
31510
31511
31516
31519
31521
31525
31531
31536
31546
31551
31558
31566
31567
31568
31574
31577
31578
31579
31583
31590
31592
31598
31600
31601
31602
31603
31604
31608
31609
31611
31612
31616
31617
31618
31622
31624
31626
31628
31630
31634
31636
31643
31646
31651
31656
31658
31666
31667
31668
31673
31675
31679
31685
31687
31692
31693
31699
31706
31707
31715
31716
31719
31724
31727
31730
31733
31734
31735
31737
31738
31741
31743
31746
31752
31753
31758
31759
31768
31770
31775
31781
31784
31788
31791
31793
31796
31797
31798
31799
31800
31801
31804
31808
31810
31814
31815
31816
31824
31825
31831
31834
31835
31837
31841
31842
31848
31858
31859
31862
31865
31873
31875
31876
31881
31882
31883
31884
31886
31896
31897
31899
31902
31908
31909
31913
31918
31927
31931
31933
31935
31937
31941
31942
31943
31946
31949
31951
31953
31956
31963
31964
31968
31975
31976
31979
31987
31991
31993
31994
31996
31998
31999
32000
32001
32003
32009
32010
32014
32026
32030
32031
32032
32035
32037
32038
32039
32043
32045
32047
32053
32057
32058
32062
32063
32064
32068
32069
32073
32081
32082
32084
32086
32087
32088
32092
32094
32095
32099
32100
32103
32105
32106
32107
32109
32110
32113
32115
32118
32119
32122
32123
32125
32126
32127
32129
32130
32132
32136
32140
32141
32142
32143
32144
32145
32146
32147
32148
32150
32151
32155
32156
32160
32161
32163
32167
32168
32173
32174
32176
32177
32184
32186
32187
32188
32189
32190
32193
32196
32197
32198
32199
32200
32201
32202
32203
32204
32205
32206
32207
32208
32210
32212
32213
32215
32216
32217
32218
32219
32221
32222
32223
32224
32225
32227
32228
32230
32231
32232
32233
32237
32238
32240
32241
32242
32243
32244
32245
32246
32247
32248
32249
32250
32251
32252
32254
32255
32256
32257
32258
32259
32260
32261
32262
32265
32267
32269
32270
32271
32272
32273
32274
32275
32276
32278
32279
32280
32281
32282
32283
32285
32286
32288
32290
32291
32293
32295
32296
32298
32300
32301
32302
32303
32304
32305
32307
32308
32309
32310
32311
32313
32314
32316
32317
32319
32320
32321
32322
32324
32326
32327
32329
32330
32331
32332
32333
32335
32336
32338
32339
32341
32343
32345
32348
32349
32350
32351
32353
32354
32355
32356
32358
32360
32362
32363
32364
32365
32366
32367
32368
32369
32371
32372
32373
32375
32376
32377
32378
32380
32381
32382
32383
32385
32386
32387
32388
32389
32390
32391
32393
32394
32395
32396
32397
32398
32402
32403
32404
32405
32406
32408
32409
32410
32411
32412
32413
32414
32416
32417
32418
32420
32423
32424
32425
32427
32428
32429
32430
32431
32432
32434
32435
32436
32437
32438
32439
32440
32441
32443
32445
32446
32447
32448
32449
32450
32451
32453
32454
32456
32458
32459
32461
32462
32465
32467
32468
32470
32471
32472
32473
32474
32475
32476
32477
32478
32482
32485
32488
32490
32491
32493
32495
32496
32499
32501
32503
32507
32508
32509
32511
32512
32514
32515
32516
32517
32518
32520
32521
32523
32524
32525
32526
32528
32531
32534
32535
32538
32539
32542
32546
32548
32549
32550
32553
32554
32555
32556
32557
32558
32559
32561
32564
32566
32567
32571
32572
32576
32577
32580
32583
32584
32585
32590
32592
32593
32594
32595
32596
32598
32599
32603
32605
32607
32608
32609
32610
32611
32613
32614
32616
32618
32619
32621
32623
32624
32625
32626
32627
32629
32630
32631
32635
32637
32640
32645
32647
32649
32650
32651
32652
32653
32654
32655
32658
32660
32662
32665
32666
32669
32670
32671
32673
32677
32680
32682
32683
32685
32686
32687
32690
32691
32692
32693
32695
32696
32698
32700
32701
32702
32704
32705
32706
32707
32710
32713
32715
32716
32718
32720
32721
32723
32724
32725
32728
32730
32731
32734
32740
32741
32742
32745
32747
32748
32750
32752
32753
32754
32757
32758
32759
32760
32761
32765
32766
32767
32770
32772
32773
32775
32776
32779
32780
32781
32783
32787
32788
32790
32794
32796
32798
32800
32801
32804
32806
32811
32816
32818
32820
32821
32822
32823
32824
32826
32827
32831
32832
32835
32839
32840
32843
32846
32847
32850
32851
32852
32859
32862
32863
32866
32867
32868
32869
32871
32873
32874
32876
32877
32879
32880
32884
32885
32886
32887
32889
32891
32892
32894
32896
32897
32899
32900
32901
32902
32903
32904
32906
32908
32912
32918
32922
32923
32925
32927
32929
32931
32932
32934
32935
32942
32944
32948
32949
32951
32952
32954
32955
32960
32962
32964
32966
32968
32969
32970
32971
32973
32974
32975
32976
32978
32983
32985
32986
32988
32989
32990
32994
32996
32998
32999
33000
33001
33009
33011
33013
33014
33017
33018
33019
33022
33024
33027
33029
33031
33033
33035
33037
33038
33039
33040
33043
33046
33049
33056
33063
33064
33066
33073
33075
33076
33080
33082
33083
33087
33090
33092
33093
33094
33097
33101
33104
33105
33106
33108
33110
33116
33117
33118
33119
33120
33123
33124
33125
33126
33129
33130
33131
33132
33133
33135
33138
33139
33142
33146
33147
33148
33149
33150
33151
33157
33158
33160
33162
33168
33169
33170
33171
33174
33175
33177
33178
33179
33180
33182
33184
33185
33186
33187
33189
33192
33195
33196
33197
33198
33200
33203
33204
33206
33208
33209
33214
33218
33219
33222
33224
33226
33227
33228
33229
33231
33232
33233
33235
33236
33241
33242
33243
33244
33246
33247
33248
33251
33254
33255
33256
33260
33264
33265
33267
33268
33269
33270
33271
33272
33273
33277
33278
33281
33282
33283
33284
33286
33289
33290
33292
33293
33294
33297
33298
33300
33301
33302
33304
33305
33309
33311
33312
33314
33315
33316
33318
33319
33320
33321
33322
33324
33325
33329
33330
33331
33334
33337
33339
33341
33342
33343
33346
33347
33350
33352
33354
33355
33356
33359
33361
33362
33363
33364
33367
33368
33369
33370
33371
33372
33373
33374
33379
33381
33383
33384
33385
33386
33387
33388
33389
33391
33396
33397
33399
33401
33402
33404
33405
33406
33407
33409
33410
33411
33412
33413
33414
33415
33417
33419
33420
33421
33423
33424
33425
33428
33429
33432
33435
33436
33438
33442
33443
33447
33450
33452
33453
33458
33460
33462
33463
33464
33465
33466
33467
33474
33483
33489
33517
33519
33538
33540
33541
33542
33546
33549
33550
33552
33562
33568
33569
33570
33571
33572
33577
33578
33580
33583
33584
33585
33587
33588
33594
33595
33596
33597
33598
33602
33611
33613
33616
33642
33653
33657
33667
33671
33681
33699
33704
33720
33727
33752
33757
33781
33783
33793
33796
33800
33809
33819
33831
33832
33840
33851
33853
33860
33866
33869
33876
33877
33879
33880
33883
33893
33895
33914
33921
33950
33960
33976
33982
33986
33996
34001
34020
34028
34051
34053
34060
34072
34093
34094
34095
34096
34100
34101
34103
34104
34107
34108
34109
34110
34111
34112
34113
34114
34115
34116
34117
34118
34119
34120
34122
34124
34125
34127
34128
34130
34131
34132
34133
34134
34136
34137
34138
34139
34140
34142
34144
34145
34146
34148
34149
34150
34151
34152
34153
34154
34156
34157
34158
34159
34160
34161
34164
34167
34168
34171
34172
34173
34176
34177
34178
34179
34181
34182
34183
34184
34185
34187
34191
34192
34195
34196
34197
34198
34199
34201
34204
34205
34207
34208
34209
34210
34211
34214
34215
34216
34217
34218
34221
34222
34224
34225
34226
34227
34228
34229
34230
34231
34233
34235
34237
34238
34239
34240
34241
34244
34246
34249
34250
34254
34256
34258
34259
34262
34263
34264
34270
34271
34272
34273
34274
34276
34278
34280
34281
34282
34284
34285
34286
34287
34288
34289
34291
34292
34299
34300
34301
34302
34303
34304
34305
34306
34307
34309
34311
34313
34314
34316
34318
34320
34324
34326
34327
34330
34333
34335
34337
34338
34340
34342
34345
34349
34351
34353
34355
34356
34357
34358
34359
34360
34361
34362
34363
34364
34366
34368
34369
34370
34373
34376
34378
34379
34380
34381
34382
34383
34384
34385
34388
34390
34391
34392
34397
34398
34400
34403
34408
34412
34413
34414
34416
34420
34421
34422
34423
34425
34427
34428
34429
34431
34432
34433
34434
34436
34437
34438
34439
34442
34445
34448
34451
34452
34453
34455
34456
34458
34459
34465
34467
34470
34474
34476
34477
34480
34482
34485
34486
34487
34489
34490
34492
34493
34495
34497
34499
34500
34501
34504
34505
34507
34508
34509
34512
34513
34514
34515
34518
34519
34520
34522
34524
34525
34527
34528
34529
34532
34533
34534
34535
34537
34538
34539
34542
34547
34549
34556
34557
34558
34559
34561
34563
34565
34568
34569
34570
34571
34572
34573
34574
34578
34580
34581
34582
34586
34587
34588
34589
34590
34592
34593
34594
34595
34596
34600
34601
34603
34604
34605
34606
34609
34612
34614
34616
34617
34619
34621
34622
34623
34625
34628
34629
34630
34633
34637
34640
34642
34643
34644
34645
34646
34647
34649
34650
34654
34656
34657
34660
34662
34665
34667
34668
34670
34671
34672
34674
34679
34685
34686
34687
34688
34689
34690
34691
34692
34694
34696
34697
34698
34705
34708
34709
34712
34713
34715
34716
34717
34718
34721
34722
34723
34724
34725
34727
34728
34729
34730
34731
34733
34734
34736
34737
34738
34739
34740
34745
34746
34747
34748
34749
34750
34751
34752
34756
34757
34758
34759
34760
34762
34763
34764
34765
34766
34767
34768
34769
34770
34774
34775
34776
34777
34778
34779
34782
34783
34784
34790
34792
34794
34796
34798
34799
34801
34802
34804
34807
34809
34810
34811
34812
34813
34815
34816
34817
34818
34819
34821
34822
34823
34824
34826
34829
34830
34834
34835
34836
34838
34842
34843
34844
34845
34847
34848
34849
34852
34853
34855
34856
34858
34862
34863
34864
34865
34867
34868
34869
34870
34871
34872
34874
34875
34876
34878
34881
34882
34883
34884
34887
34888
34892
34894
34896
34897
34900
34901
34902
34903
34904
34905
34906
34909
34913
34914
34915
34920
34921
34922
34923
34925
34926
34928
34930
34932
34933
34934
34936
34938
34939
34942
34945
34948
34951
34952
34953
34955
34959
34960
34961
34962
34964
34965
34966
34967
34968
34973
34975
34976
34978
34980
34981
34984
34985
34987
34988
34989
34993
34996
34998
35000
35002
35003
35005
35006
35008
35011
35015
35016
35018
35019
35020
35024
35025
35029
35030
35034
35035
35036
35041
35042
35043
35046
35047
35049
35050
35052
35055
35056
35060
35063
35064
35067
35068
35070
35073
35075
35077
35079
35083
35084
35085
35088
35089
35091
35096
35100
35102
35104
35105
35107
35108
35109
35110
35113
35114
35116
35120
35121
35122
35124
35125
35131
35135
35136
35137
35139
35141
35142
35145
35149
35151
35154
35155
35156
35157
35158
35160
35161
35170
35172
35173
35174
35175
35177
35179
35180
35183
35187
35188
35189
35191
35192
35193
35196
35199
35200
35201
35204
35206
35213
35214
35217
35219
35221
35222
35224
35225
35230
35231
35233
35235
35238
35239
35242
35243
35244
35245
35247
35248
35250
35252
35254
35255
35260
35264
35265
35270
35272
35276
35278
35285
35300
35304
35306
35308
35310
35315
35316
35317
35323
35326
35327
35329
35330
35331
35334
35340
35341
35342
35349
35359
35360
35363
35365
35370
35378
35380
35381
35382
35383
35384
35385
35389
35390
35392
35396
35404
35406
35407
35410
35411
35413
35415
35418
35419
35420
35421
35426
35429
35430
35433
35434
35436
35438
35447
35451
35452
35464
35470
35471
35472
35473
35474
35476
35478
35480
35481
35483
35484
35485
35490
35493
35499
35505
35507
35508
35511
35512
35515
35516
35524
35527
35528
35529
35534
35538
35539
35540
35542
35545
35549
35551
35552
35553
35561
35562
35563
35565
35566
35567
35571
35572
35573
35576
35579
35580
35582
35583
35586
35587
35588
35590
35595
35596
35598
35601
35604
35611
35614
35615
35617
35618
35620
35627
35628
35629
35632
35635
35639
35641
35644
35647
35649
35650
35651
35653
35657
35658
35661
35664
35665
35667
35670
35671
35673
35674
35677
35678
35680
35684
35686
35687
35690
35692
35693
35695
35701
35705
35708
35710
35713
35714
35715
35718
35721
35722
35725
35728
35733
35737
35749
35751
35754
35758
35759
35760
35765
35767
35768
35770
35772
35773
35774
35775
35777
35779
35782
35783
35787
35790
35793
35796
35798
35800
35801
35802
35803
35804
35808
35809
35810
35811
35812
35813
35814
35815
35817
35820
35821
35822
35823
35824
35825
35827
35830
35832
35835
35836
35838
35840
35841
35842
35844
35846
35847
35848
35852
35853
35854
35855
35857
35858
35860
35861
35862
35863
35864
35869
35870
35872
35873
35874
35875
35881
35883
35885
35887
35889
35892
35897
35898
35899
35900
35901
35903
35904
35905
35909
35911
35912
35913
35914
35915
35916
35917
35918
35919
35920
35921
35922
35924
35925
35926
35927
35929
35930
35931
35932
35935
35937
35938
35940
35941
35944
35945
35946
35947
35948
35949
35951
35952
35954
35955
35956
35957
35958
35960
35961
35962
35963
35964
35965
35967
35968
35969
35970
35971
35972
35973
35974
35975
35976
35977
35978
35979
35980
35981
35982
35983
35984
35985
35986
35987
35988
35990
35991
35992
35994
35995
35996
35997
35999
36000
36001
36002
36003
36005
36006
36007
36008
36009
36010
36011
36012
36013
36014
36015
36018
36020
36021
36022
36023
36024
36025
36027
36028
36030
36031
36032
36033
36034
36035
36036
36037
36038
36041
36042
36043
36044
36045
36046
36047
36049
36050
36051
36052
36053
36054
36055
36056
36057
36058
36059
36060
36061
36063
36065
36067
36068
36069
36070
36071
36072
36074
36077
36078
36079
36080
36081
36082
36084
36085
36086
36087
36089
36090
36092
36093
36094
36095
36098
36101
36103
36104
36105
36106
36107
36108
36110
36111
36112
36113
36115
36116
36118
36119
36121
36122
36123
36124
36126
36127
36128
36129
36131
36132
36133
36134
36135
36137
36141
36142
36143
36147
36148
36149
36150
36151
36152
36153
36154
36155
36157
36158
36159
36161
36164
36165
36166
36167
36168
36170
36171
36173
36174
36175
36178
36179
36181
36182
36183
36184
36185
36186
36187
36191
36192
36193
36194
36195
36196
36198
36199
36200
36201
36202
36205
36207
36209
36210
36212
36214
36217
36221
36222
36224
36226
36228
36229
36231
36233
36234
36237
36238
36239
36241
36242
36243
36244
36245
36248
36249
36250
36251
36252
36256
36257
36258
36259
36260
36262
36263
36264
36267
36268
36269
36270
36271
36273
36274
36275
36280
36281
36282
36285
36287
36288
36297
36299
36300
36301
36302
36304
36306
36307
36308
36309
36310
36311
36314
36315
36316
36317
36319
36320
36321
36322
36323
36324
36326
36328
36329
36330
36332
36333
36335
36336
36337
36338
36339
36340
36341
36342
36343
36344
36345
36346
36349
36354
36356
36357
36358
36359
36362
36364
36365
36366
36367
36369
36371
36372
36374
36377
36380
36382
36383
36385
36387
36389
36391
36392
36394
36395
36396
36398
36399
36401
36402
36404
36405
36406
36407
36410
36412
36413
36416
36418
36419
36420
36421
36425
36427
36428
36429
36430
36434
36437
36440
36441
36442
36443
36444
36448
36449
36450
36451
36456
36459
36461
36464
36466
36468
36471
36472
36473
36474
36475
36476
36477
36478
36479
36481
36483
36485
36486
36487
36488
36489
36493
36494
36495
36499
36501
36502
36503
36504
36507
36508
36509
36512
36513
36514
36515
36517
36518
36520
36521
36524
36525
36528
36529
36532
36536
36537
36539
36540
36541
36543
36546
36547
36548
36552
36553
36554
36555
36558
36560
36561
36564
36565
36566
36567
36571
36572
36576
36577
36578
36579
36580
36581
36583
36587
36588
36590
36591
36593
36596
36597
36599
36600
36601
36605
36606
36609
36615
36616
36617
36618
36621
36622
36624
36625
36626
36628
36634
36637
36639
36640
36643
36645
36646
36648
36649
36650
36651
36653
36654
36655
36656
36664
36666
36668
36669
36670
36674
36675
36676
36677
36678
36679
36680
36681
36682
36684
36686
36687
36688
36689
36690
36691
36692
36694
36695
36701
36702
36703
36704
36705
36708
36709
36710
36712
36713
36714
36716
36718
36724
36725
36727
36730
36731
36732
36733
36734
36735
36738
36739
36741
36743
36744
36745
36747
36748
36749
36750
36751
36754
36755
36756
36760
36763
36768
36769
36770
36771
36773
36777
36779
36780
36781
36782
36783
36784
36785
36786
36787
36789
36791
36792
36795
36796
36797
36799
36800
36801
36805
36806
36808
36809
36810
36811
36813
36814
36815
36817
36818
36819
36820
36822
36823
36824
36830
36831
36832
36834
36835
36836
36837
36838
36839
36841
36842
36843
36844
36848
36849
36851
36853
36854
36855
36856
36859
36860
36861
36864
36865
36867
36868
36870
36871
36872
36873
36874
36876
36877
36879
36880
36882
36883
36884
36885
36887
36888
36889
36890
36892
36893
36894
36897
36898
36899
36900
36905
36906
36909
36910
36912
36913
36914
36915
36916
36917
36918
36919
36920
36921
36922
36923
36924
36926
36927
36928
36929
36930
36932
36935
36936
36937
36938
36940
36941
36943
36944
36945
36946
36947
36949
36950
36955
36957
36958
36959
36960
36961
36963
36965
36968
36969
36970
36971
36974
36975
36978
36979
36981
36982
36983
36984
36985
36986
36987
36988
36990
36991
36992
36993
36994
36995
36996
36998
36999
37000
37001
37003
37004
37005
37007
37009
37011
37012
37016
37018
37019
37021
37022
37026
37027
37028
37029
37030
37032
37036
37038
37039
37041
37042
37043
37044
37045
37047
37048
37052
37053
37055
37056
37057
37058
37060
37061
37062
37063
37066
37068
37069
37070
37071
37072
37073
37074
37076
37079
37080
37083
37084
37085
37086
37087
37088
37091
37092
37093
37094
37095
37096
37097
37098
37099
37100
37101
37103
37104
37105
37108
37110
37111
37112
37113
37114
37115
37116
37117
37118
37119
37122
37123
37124
37125
37126
37127
37129
37131
37132
37133
37134
37135
37137
37139
