2
7
9
19
34
50
51
56
61
62
64
65
68
69
71
80
82
84
90
91
99
100
101
103
104
105
108
114
116
118
123
125
130
134
135
136
140
141
143
144
145
152
155
156
157
158
162
167
168
170
176
182
200
202
206
216
219
220
221
223
235
238
260
262
273
279
284
290
301
315
326
327
346
353
356
369
370
379
388
398
411
413
421
427
432
434
438
442
443
451
462
480
488
498
505
519
535
539
551
572
577
580
599
602
618
627
636
663
665
674
675
676
677
678
679
680
681
683
684
685
687
688
690
691
692
693
694
695
696
697
698
699
700
701
702
703
704
705
706
707
708
709
710
711
712
713
714
716
718
720
721
722
723
724
725
726
728
730
731
732
734
735
738
741
742
744
746
747
748
756
757
758
759
762
763
766
767
768
772
773
774
775
780
782
784
785
786
788
789
790
792
795
797
798
802
803
806
807
809
811
812
813
814
815
817
818
819
821
824
826
830
833
834
836
837
838
839
844
845
846
849
850
851
852
858
861
863
864
865
866
868
869
870
872
877
879
880
883
884
885
886
888
889
890
891
892
895
898
899
901
903
906
907
909
911
912
917
919
923
925
928
930
931
934
936
937
938
941
942
943
945
946
948
949
950
951
953
954
956
957
958
959
960
962
963
965
972
974
977
981
982
985
987
989
990
994
995
996
998
999
1002
1003
1004
1006
1007
1009
1010
1013
1016
1017
1018
1019
1021
1024
1025
1026
1027
1028
1029
1030
1031
1032
1033
1034
1038
1039
1040
1041
1042
1043
1044
1045
1051
1052
1055
1057
1058
1060
1063
1064
1066
1071
1073
1074
1075
1076
1077
1078
1083
1084
1087
1088
1089
1093
1095
1096
1097
1098
1100
1101
1102
1104
1105
1107
1108
1111
1113
1118
1121
1123
1124
1125
1126
1129
1130
1131
1137
1139
1142
1144
1145
1149
1150
1156
1157
1158
1162
1163
1164
1165
1166
1169
1170
1171
1177
1178
1182
1187
1191
1194
1195
1197
1199
1203
1206
1207
1208
1209
1210
1211
1215
1216
1217
1219
1222
1223
1225
1226
1228
1232
1233
1235
1237
1238
1239
1241
1242
1243
1246
1248
1250
1252
1253
1254
1255
1256
1257
1258
1262
1263
1265
1268
1269
1270
1271
1272
1273
1278
1280
1281
1283
1284
1289
1294
1295
1300
1303
1306
1307
1313
1319
1321
1323
1324
1325
1327
1330
1331
1332
1334
1335
1338
1340
1341
1350
1351
1353
1354
1358
1361
1364
1368
1369
1371
1373
1374
1375
1376
1377
1378
1379
1380
1386
1391
1396
1397
1398
1400
1403
1410
1411
1415
1418
1422
1424
1426
1435
1436
1437
1439
1445
1446
1447
1448
1449
1451
1457
1458
1461
1462
1464
1465
1467
1473
1475
1477
1478
1479
1483
1484
1486
1487
1488
1491
1495
1498
1501
1502
1503
1506
1507
1512
1513
1519
1524
1525
1527
1532
1534
1535
1537
1538
1540
1541
1543
1544
1546
1551
1557
1558
1559
1560
1562
1563
1567
1568
1569
1572
1577
1579
1581
1583
1584
1585
1587
1589
1590
1593
1595
1596
1598
1599
1605
1606
1608
1609
1610
1612
1613
1617
1621
1623
1624
1625
1626
1627
1629
1633
1634
1637
1638
1641
1644
1646
1648
1651
1653
1654
1662
1663
1664
1665
1673
1674
1675
1676
1678
1680
1681
1682
1685
1686
1690
1691
1692
1695
1696
1698
1699
1701
1702
1705
1713
1715
1722
1723
1724
1726
1729
1734
1736
1754
1755
1757
1759
1760
1762
1767
1768
1770
1775
1776
1781
1782
1783
1786
1788
1795
1801
1804
1807
1809
1811
1813
1817
1820
1822
1832
1839
1842
1845
1849
1851
1852
1854
1865
1869
1878
1883
1884
1887
1891
1892
1899
1905
1906
1908
1910
1911
1915
1916
1918
1927
1930
1934
1937
1939
1942
1944
1948
1954
1955
1956
1957
1958
1961
1962
1964
1973
1975
1978
1979
1981
1986
1988
1991
1995
1997
2001
2012
2016
2017
2021
2023
2025
2026
2028
2029
2031
2038
2045
2046
2050
2054
2073
2079
2082
2084
2100
2102
2104
2106
2107
2108
2111
2112
2113
2114
2116
2124
2133
2136
2137
2145
2147
2148
2150
2161
2165
2167
2168
2169
2172
2174
2178
2181
2185
2190
2206
2208
2211
2215
2218
2228
2229
2230
2235
2236
2239
2244
2247
2248
2255
2256
2258
2261
2264
2266
2282
2286
2289
2292
2295
2297
2302
2307
2311
2319
2320
2321
2325
2341
2346
2347
2349
2352
2353
2356
2357
2358
2363
2367
2374
2375
2376
2381
2382
2383
2387
2388
2391
2392
2393
2394
2397
2399
2401
2405
2407
2408
2411
2415
2416
2417
2420
2422
2428
2429
2430
2432
2434
2436
2437
2438
2439
2442
2444
2445
2447
2450
2451
2454
2455
2457
2459
2461
2465
2468
2472
2475
2476
2480
2483
2484
2486
2487
2489
2490
2491
2492
2493
2494
2495
2496
2498
2499
2501
2502
2503
2505
2506
2509
2512
2513
2514
2515
2517
2518
2519
2520
2521
2522
2523
2524
2525
2526
2528
2529
2530
2531
2532
2533
2534
2535
2537
2538
2540
2541
2542
2543
2544
2545
2546
2547
2548
2549
2551
2552
2553
2554
2555
2556
2558
2559
2560
2561
2562
2563
2564
2565
2566
2567
2568
2569
2570
2572
2573
2574
2575
2576
2578
2579
2580
2581
2582
2584
2585
2586
2588
2589
2590
2591
2592
2593
2595
2596
2597
2598
2599
2601
2602
2604
2605
2606
2607
2608
2610
2612
2613
2614
2615
2616
2617
2618
2619
2620
2621
2623
2624
2626
2627
2628
2629
2631
2632
2633
2634
2635
2636
2637
2639
2641
2642
2643
2644
2645
2646
2647
2648
2650
2651
2652
2653
2654
2657
2658
2659
2661
2662
2663
2664
2666
2668
2670
2671
2672
2673
2675
2676
2677
2678
2679
2683
2684
2685
2686
2687
2688
2689
2690
2691
2692
2693
2694
2695
2696
2697
2698
2699
2700
2701
2702
2703
2704
2708
2711
2712
2713
2715
2716
2717
2719
2720
2721
2722
2723
2724
2725
2726
2728
2729
2730
2731
2732
2733
2735
2736
2737
2738
2739
2740
2741
2742
2744
2746
2747
2748
2752
2753
2754
2755
2757
2759
2760
2762
2764
2765
2766
2767
2773
2775
2776
2777
2779
2781
2782
2783
2784
2786
2788
2793
2794
2795
2797
2800
2801
2802
2803
2805
2809
2810
2811
2812
2813
2816
2817
2818
2819
2820
2821
2822
2824
2825
2826
2827
2829
2830
2831
2832
2833
2834
2837
2838
2839
2841
2842
2843
2844
2845
2846
2847
2848
2849
2852
2853
2854
2855
2857
2858
2860
2861
2865
2867
2868
2870
2871
2872
2873
2874
2876
2878
2881
2883
2884
2885
2886
2889
2890
2891
2893
2894
2896
2897
2898
2899
2901
2903
2904
2906
2907
2909
2910
2911
2913
2915
2916
2917
2918
2919
2920
2923
2927
2928
2929
2930
2932
2935
2939
2940
2941
2942
2943
2944
2945
2947
2948
2950
2954
2955
2959
2960
2961
2963
2968
2969
2971
2973
2974
2975
2976
2977
2979
2980
2981
2983
2984
2986
2989
2990
2992
2993
2995
2996
2998
2999
3002
3003
3006
3008
3010
3011
3016
3017
3018
3020
3022
3023
3029
3033
3035
3036
3037
3038
3039
3040
3042
3045
3047
3048
3049
3050
3053
3055
3059
3061
3063
3064
3065
3067
3073
3074
3075
3078
3083
3085
3087
3088
3090
3094
3099
3102
3105
3106
3108
3110
3111
3115
3120
3122
3123
3126
3127
3128
3129
3131
3134
3138
3141
3143
3145
3146
3149
3150
3153
3154
3155
3156
3157
3160
3162
3163
3165
3167
3172
3173
3174
3175
3180
3186
3190
3194
3195
3196
3200
3204
3205
3207
3208
3210
3212
3213
3217
3219
3220
3222
3223
3225
3228
3229
3232
3234
3239
3240
3241
3242
3245
3248
3250
3252
3253
3254
3256
3257
3258
3260
3261
3262
3264
3266
3268
3269
3273
3274
3276
3277
3278
3279
3281
3282
3285
3286
3287
3288
3290
3291
3292
3293
3297
3299
3301
3303
3304
3305
3306
3307
3310
3312
3315
3316
3317
3318
3319
3322
3323
3324
3329
3331
3332
3334
3335
3336
3337
3339
3340
3343
3344
3345
3346
3349
3351
3354
3358
3360
3361
3364
3365
3368
3370
3371
3373
3375
3376
3381
3383
3384
3385
3386
3388
3389
3392
3393
3397
3398
3399
3401
3403
3405
3407
3409
3411
3412
3414
3416
3417
3421
3422
3423
3426
3427
3429
3430
3432
3434
3435
3436
3438
3439
3441
3442
3446
3450
3454
3457
3458
3459
3460
3461
3463
3464
3465
3466
3467
3468
3471
3472
3473
3480
3483
3485
3487
3488
3490
3492
3493
3494
3495
3496
3497
3501
3506
3508
3512
3516
3517
3519
3520
3521
3523
3524
3526
3529
3531
3532
3534
3535
3536
3538
3539
3540
3543
3544
3545
3548
3553
3554
3555
3556
3557
3558
3560
3561
3562
3564
3566
3567
3568
3570
3571
3577
3578
3579
3581
3582
3587
3588
3591
3593
3594
3595
3596
3597
3598
3599
3600
3601
3602
3603
3604
3607
3608
3609
3610
3613
3614
3615
3617
3618
3620
3621
3622
3623
3624
3625
3626
3627
3629
3631
3634
3636
3637
3640
3642
3643
3644
3647
3650
3651
3652
3653
3654
3656
3657
3658
3660
3661
3663
3665
3666
3667
3668
3669
3671
3672
3673
3674
3675
3676
3680
3682
3685
3688
3689
3690
3691
3694
3699
3700
3701
3703
3705
3706
3708
3709
3710
3711
3712
3713
3719
3721
3736
3738
3740
3762
3764
3768
3769
3770
3771
3774
3776
3778
3780
3789
3790
3798
3803
3804
3805
3809
3811
3813
3814
3815
3816
3817
3818
3820
3822
3824
3828
3832
3837
3838
3840
3841
3849
3850
3851
3856
3857
3859
3860
3861
3865
3869
3870
3872
3876
3879
3882
3884
3885
3891
3893
3894
3897
3900
3920
3930
3942
3948
3954
3960
3968
3970
3974
3975
3976
3977
3980
3987
4005
4010
4019
4021
4029
4031
4040
4042
4063
4066
4075
4089
4091
4093
4100
4102
4107
4110
4118
4130
4132
4135
4137
4139
4141
4148
4153
4156
4157
4162
4165
4167
4172
4177
4178
4181
4183
4186
4194
4196
4199
4202
4203
4209
4211
4218
4222
4230
4250
4251
4262
4285
4287
4295
4297
4332
4337
4340
4353
4361
4367
4369
4388
4392
4393
4394
4395
4396
4398
4399
4400
4401
4402
4404
4405
4406
4407
4408
4409
4410
4412
4416
4417
4418
4419
4420
4421
4422
4423
4424
4425
4426
4427
4428
4429
4430
4431
4432
4433
4434
4436
4437
4438
4439
4440
4441
4442
4443
4444
4445
4446
4448
4450
4451
4452
4454
4455
4456
4458
4460
4461
4462
4463
4466
4470
4471
4472
4473
4476
4478
4479
4480
4482
4483
4484
4485
4486
4487
4488
4492
4493
4495
4496
4497
4501
4502
4503
4504
4505
4506
4507
4509
4510
4511
4512
4515
4516
4517
4519
4520
4521
4523
4525
4526
4527
4528
4530
4532
4533
4534
4535
4536
4537
4538
4542
4544
4547
4548
4549
4550
4551
4553
4554
4555
4557
4560
4563
4565
4566
4567
4570
4572
4573
4574
4575
4576
4578
4580
4581
4582
4585
4589
4591
4593
4594
4595
4600
4602
4605
4606
4607
4608
4609
4612
4613
4614
4615
4616
4617
4619
4620
4621
4622
4623
4625
4628
4629
4631
4632
4633
4636
4640
4642
4644
4645
4646
4647
4648
4649
4651
4652
4653
4655
4656
4659
4661
4664
4666
4671
4672
4676
4679
4680
4681
4683
4686
4688
4691
4697
4698
4700
4701
4702
4703
4705
4708
4709
4710
4711
4713
4714
4715
4716
4717
4723
4724
4725
4727
4729
4730
4731
4733
4735
4740
4741
4743
4745
4746
4748
4750
4752
4754
4756
4757
4758
4764
4765
4767
4768
4770
4774
4775
4776
4777
4778
4780
4781
4782
4785
4787
4788
4790
4792
4794
4796
4797
4798
4800
4801
4802
4803
4805
4807
4810
4811
4812
4814
4815
4816
4817
4819
4820
4822
4823
4824
4825
4826
4830
4834
4835
4837
4838
4843
4845
4846
4850
4853
4854
4857
4858
4859
4862
4865
4866
4871
4874
4875
4876
4877
4878
4879
4880
4883
4884
4886
4887
4888
4891
4892
4896
4898
4899
4910
4911
4912
4913
4917
4918
4919
4920
4922
4925
4928
4929
4931
4932
4933
4934
4935
4936
4937
4944
4946
4947
4948
4949
4953
4955
4958
4963
4965
4966
4967
4970
4971
4972
4975
4976
4977
4980
4982
4984
4985
4991
5000
5001
5002
5003
5004
5009
5011
5012
5013
5014
5017
5021
5022
5023
5025
5029
5030
5033
5035
5037
5038
5039
5041
5044
5046
5047
5048
5052
5054
5057
5058
5060
5062
5063
5066
5067
5070
5071
5072
5073
5079
5082
5084
5085
5087
5088
5089
5090
5091
5093
5094
5095
5097
5099
5100
5102
5103
5105
5106
5110
5112
5117
5118
5120
5121
5122
5125
5130
5131
5133
5136
5141
5142
5143
5144
5147
5150
5151
5153
5155
5159
5160
5162
5165
5167
5168
5172
5173
5174
5175
5176
5178
5180
5181
5183
5186
5187
5191
5192
5201
5202
5203
5204
5206
5208
5209
5211
5213
5214
5215
5221
5226
5227
5228
5232
5233
5234
5235
5237
5238
5239
5243
5244
5245
5247
5248
5249
5252
5253
5254
5257
5260
5264
5265
5269
5271
5273
5274
5276
5277
5278
5279
5280
5282
5283
5284
5286
5290
5291
5293
5294
5298
5300
5303
5304
5308
5309
5311
5312
5313
5316
5317
5319
5322
5324
5330
5331
5332
5334
5335
5336
5339
5340
5343
5344
5347
5350
5351
5352
5354
5356
5358
5360
5363
5365
5366
5371
5373
5378
5379
5380
5384
5386
5387
5389
5391
5394
5396
5397
5400
5401
5404
5406
5407
5412
5413
5416
5417
5419
5423
5424
5427
5434
5436
5437
5438
5439
5440
5442
5443
5446
5447
5450
5458
5459
5460
5462
5463
5465
5466
5467
5471
5473
5474
5475
5476
5479
5480
5481
5482
5488
5490
5491
5494
5495
5499
5501
5502
5505
5509
5512
5515
5520
5521
5523
5526
5527
5533
5534
5535
5536
5546
5549
5553
5561
5565
5566
5570
5576
5578
5581
5586
5589
5590
5592
5594
5596
5598
5603
5605
5606
5613
5614
5619
5620
5622
5624
5626
5629
5637
5645
5646
5650
5651
5653
5656
5659
5662
5664
5666
5668
5669
5671
5679
5681
5689
5692
5693
5694
5696
5709
5711
5721
5725
5726
5728
5730
5735
5737
5743
5744
5746
5747
5748
5750
5752
5754
5759
5761
5768
5769
5770
5771
5774
5775
5778
5791
5793
5799
5801
5803
5804
5810
5812
5816
5818
5819
5820
5821
5823
5826
5827
5830
5838
5840
5849
5851
5858
5860
5864
5866
5867
5874
5875
5877
5882
5883
5885
5886
5888
5892
5897
5898
5899
5901
5902
5913
5914
5915
5919
5921
5922
5923
5925
5926
5928
5937
5942
5948
5949
5953
5954
5961
5963
5966
5969
5972
5974
5977
5979
5983
5987
5989
5993
5996
5997
5998
6000
6002
6008
6012
6013
6014
6016
6021
6022
6027
6028
6030
6031
6033
6034
6037
6042
6043
6045
6052
6053
6055
6058
6059
6061
6063
6064
6066
6071
6073
6075
6079
6081
6084
6085
6087
6088
6089
6092
6094
6096
6097
6098
6101
6102
6105
6107
6108
6109
6111
6114
6115
6119
6121
6122
6124
6129
6132
6134
6136
6137
6142
6145
6146
6147
6148
6149
6152
6154
6156
6157
6158
6159
6161
6162
6163
6165
6170
6171
6172
6174
6175
6177
6178
6188
6190
6199
6200
6201
6202
6203
6204
6206
6208
6209
6211
6212
6216
6218
6219
6220
6224
6225
6226
6227
6228
6229
6230
6232
6233
6234
6235
6236
6237
6239
6240
6241
6242
6243
6244
6245
6246
6247
6248
6250
6251
6252
6253
6254
6255
6256
6257
6258
6259
6260
6261
6263
6264
6265
6266
6267
6268
6270
6272
6273
6274
6275
6276
6277
6278
6279
6280
6282
6283
6284
6285
6286
6287
6288
6290
6291
6293
6295
6296
6297
6298
6300
6302
6303
6304
6305
6306
6307
6309
6310
6311
6312
6313
6314
6315
6316
6317
6318
6319
6321
6322
6323
6324
6325
6326
6327
6328
6329
6330
6331
6332
6333
6334
6335
6337
6338
6340
6341
6342
6345
6346
6347
6349
6350
6351
6353
6355
6356
6357
6358
6360
6361
6362
6365
6366
6367
6368
6369
6370
6374
6375
6376
6378
6381
6382
6383
6384
6385
6386
6388
6389
6390
6391
6392
6393
6395
6396
6397
6398
6399
6400
6401
6403
6404
6405
6406
6408
6411
6413
6414
6415
6416
6418
6419
6420
6422
6424
6425
6426
6429
6430
6432
6433
6434
6435
6436
6437
6438
6439
6440
6442
6443
6445
6448
6449
6450
6451
6452
6454
6458
6459
6460
6461
6462
6463
6467
6468
6469
6472
6473
6474
6476
6478
6481
6483
6484
6487
6488
6489
6490
6491
6493
6494
6495
6498
6500
6501
6504
6505
6506
6509
6511
6513
6514
6516
6519
6522
6523
6524
6526
6527
6529
6532
6534
6535
6536
6538
6539
6540
6544
6545
6546
6547
6550
6551
6553
6554
6555
6556
6560
6562
6563
6566
6567
6568
6569
6571
6572
6575
6576
6578
6581
6582
6584
6585
6587
6588
6589
6591
6593
6597
6598
6600
6601
6605
6609
6611
6612
6618
6619
6620
6621
6622
6623
6625
6627
6628
6629
6631
6632
6633
6634
6636
6637
6638
6639
6642
6644
6649
6651
6654
6656
6657
6658
6659
6663
6664
6665
6666
6668
6671
6672
6673
6675
6676
6678
6679
6680
6684
6685
6688
6689
6690
6694
6696
6698
6700
6701
6702
6703
6704
6706
6707
6710
6712
6713
6714
6715
6716
6717
6718
6720
6722
6725
6728
6730
6732
6733
6734
6735
6736
6737
6741
6743
6744
6747
6749
6750
6751
6752
6754
6756
6759
6760
6761
6763
6764
6766
6769
6770
6774
6775
6777
6778
6779
6780
6781
6782
6784
6786
6787
6790
6793
6796
6797
6798
6800
6802
6803
6808
6813
6815
6816
6820
6822
6824
6825
6828
6829
6834
6835
6837
6840
6841
6845
6848
6852
6859
6862
6863
6864
6865
6868
6869
6872
6876
6877
6878
6881
6885
6887
6888
6891
6894
6900
6904
6906
6908
6909
6910
6913
6914
6917
6919
6923
6925
6926
6927
6928
6929
6933
6934
6935
6939
6943
6946
6947
6948
6949
6950
6953
6954
6956
6957
6960
6963
6964
6966
6967
6968
6971
6972
6973
6975
6978
6979
6980
6982
6984
6987
6989
6990
6992
6994
6996
6999
7000
7001
7004
7005
7007
7012
7013
7015
7016
7018
7020
7021
7026
7029
7031
7033
7034
7035
7037
7038
7043
7045
7046
7048
7049
7051
7052
7054
7061
7062
7063
7064
7065
7072
7073
7074
7075
7078
7079
7080
7084
7087
7092
7094
7096
7097
7098
7099
7102
7103
7106
7107
7108
7109
7110
7111
7112
7113
7120
7123
7127
7128
7129
7133
7134
7135
7136
7139
7140
7141
7142
7144
7148
7149
7150
7151
7153
7154
7156
7162
7164
7165
7166
7170
7171
7173
7174
7175
7176
7177
7180
7181
7182
7184
7186
7187
7188
7191
7195
7197
7199
7201
7202
7204
7206
7207
7210
7211
7212
7214
7216
7217
7218
7220
7222
7224
7228
7231
7232
7233
7234
7235
7238
7243
7244
7245
7246
7248
7249
7250
7251
7252
7253
7254
7255
7258
7259
7264
7269
7271
7272
7273
7275
7276
7279
7282
7284
7286
7288
7291
7292
7294
7295
7296
7298
7299
7300
7302
7306
7307
7310
7311
7314
7316
7319
7320
7321
7323
7328
7330
7332
7335
7336
7337
7339
7340
7342
7343
7345
7346
7348
7351
7352
7354
7356
7357
7361
7363
7366
7369
7370
7371
7372
7374
7375
7376
7379
7380
7383
7384
7385
7386
7387
7388
7389
7390
7391
7392
7393
7395
7396
7398
7401
7402
7404
7405
7406
7407
7408
7410
7411
7412
7413
7414
7417
7419
7420
7423
7424
7425
7426
7427
7454
7463
7468
7482
7484
7487
7490
7495
7503
7512
7515
7517
7518
7526
7527
7528
7529
7532
7538
7542
7544
7546
7557
7558
7563
7564
7567
7573
7581
7587
7592
7596
7602
7611
7635
7657
7658
7660
7662
7668
7701
7718
7722
7723
7743
7744
7755
7764
7778
7784
7802
7808
7814
7815
7823
7838
7844
7862
7870
7872
7884
7890
7892
7894
7909
7916
7917
7927
7955
7957
7967
8003
8016
8019
8026
8027
8037
8072
8086
8089
8098
8102
8103
8105
8108
8109
8110
8111
8112
8115
8116
8117
8118
8119
8120
8121
8122
8124
8127
8128
8129
8130
8131
8132
8133
8134
8136
8137
8138
8139
8140
8141
8142
8143
8144
8147
8148
8150
8152
8153
8154
8155
8156
8157
8159
8160
8161
8163
8166
8167
8169
8170
8172
8174
8176
8178
8180
8181
8182
8183
8186
8187
8190
8192
8194
8195
8196
8197
8199
8200
8201
8203
8205
8207
8209
8210
8211
8213
8216
8217
8218
8219
8220
8223
8224
8226
8229
8232
8233
8234
8235
8240
8241
8242
8243
8244
8246
8247
8248
8249
8252
8254
8255
8258
8260
8261
8262
8263
8264
8265
8269
8270
8271
8272
8274
8278
8280
8284
8286
8289
8290
8291
8292
8293
8296
8300
8301
8303
8304
8307
8308
8309
8311
8317
8318
8319
8320
8322
8323
8326
8328
8329
8333
8334
8335
8337
8339
8340
8341
8347
8348
8351
8357
8358
8359
8361
8365
8367
8369
8371
8373
8374
8375
8376
8377
8378
8384
8386
8387
8390
8393
8394
8398
8400
8401
8402
8403
8405
8407
8410
8415
8417
8419
8422
8423
8426
8427
8429
8430
8438
8440
8441
8442
8443
8444
8445
8448
8454
8455
8458
8459
8460
8461
8462
8465
8467
8469
8470
8473
8479
8481
8484
8485
8488
8491
8494
8495
8497
8499
8501
8502
8503
8506
8507
8509
8511
8512
8515
8519
8521
8523
8526
8530
8533
8539
8541
8544
8546
8549
8551
8552
8559
8560
8562
8563
8571
8572
8577
8580
8585
8589
8590
8592
8597
8600
8602
8603
8606
8608
8610
8611
8613
8614
8627
8630
8631
8634
8635
8636
8638
8645
8647
8649
8652
8658
8660
8664
8678
8681
8684
8689
8690
8693
8694
8697
8698
8699
8701
8704
8709
8711
8714
8715
8721
8723
8724
8726
8728
8732
8733
8734
8738
8739
8745
8747
8749
8750
8752
8753
8755
8760
8762
8766
8768
8770
8772
8773
8776
8777
8783
8784
8791
8792
8793
8794
8796
8802
8803
8804
8805
8810
8811
8814
8821
8822
8824
8825
8831
8834
8835
8844
8854
8857
8865
8867
8873
8874
8883
8886
8894
8896
8899
8902
8906
8916
8917
8920
8922
8923
8926
8927
8928
8932
8933
8935
8937
8940
8941
8942
8947
8950
8952
8955
8957
8959
8960
8961
8963
8965
8967
8968
8970
8971
8978
8980
8983
8984
8985
8986
8987
8988
8990
8991
8996
8997
8998
9001
9007
9009
9011
9013
9017
9018
9021
9023
9027
9033
9034
9041
9043
9045
9049
9051
9055
9056
9058
9062
9065
9069
9070
9076
9087
9090
9098
9099
9100
9102
9104
9110
9112
9114
9118
9121
9126
9129
9135
9137
9145
9148
9149
9150
9151
9153
9154
9157
9162
9165
9167
9174
9177
9179
9180
9188
9190
9194
9195
9196
9198
9201
9204
9211
9216
9219
9220
9227
9232
9237
9241
9244
9249
9252
9254
9267
9270
9273
9284
9294
9306
9308
9315
9316
9317
9318
9325
9333
9338
9344
9346
9350
9356
9361
9363
9366
9367
9368
9370
9372
9389
9390
9394
9395
9399
9401
9403
9406
9409
9413
9420
9424
9425
9429
9435
9439
9440
9451
9453
9456
9457
9459
9467
9469
9478
9479
9483
9485
9491
9495
9506
9511
9513
9516
9527
9530
9553
9565
9574
9578
9589
9591
9593
9594
9597
9600
9602
9630
9644
9646
9651
9656
9658
9664
9665
9667
9669
9672
9673
9674
9676
9679
9684
9691
9692
9693
9694
9699
9730
9739
9744
9745
9746
9747
9748
9756
9769
9770
9772
9780
9783
9784
9785
9787
9788
9798
9804
9805
9808
9809
9810
9811
9815
9821
9822
9824
9829
9830
9833
9838
9841
9842
9843
9848
9850
9851
9855
9857
9860
9861
9863
9864
9867
9871
9872
9875
9877
9878
9879
9883
9885
9887
9889
9894
9899
9902
9907
9908
9912
9915
9917
9919
9920
9921
9922
9923
9924
9926
9927
9929
9930
9931
9933
9934
9937
9938
9939
9941
9942
9943
9945
9946
9947
9948
9951
9952
9953
9954
9955
9956
9957
9958
9959
9960
9961
9963
9964
9965
9966
9968
9969
9970
9972
9973
9974
9975
9977
9978
9979
9980
9981
9982
9983
9984
9986
9987
9988
9989
9990
9992
9993
9994
9997
9998
9999
10001
10002
10004
10005
10006
10007
10008
10009
10010
10012
10013
10014
10016
10017
10018
10019
10020
10021
10023
10024
10025
10026
10027
10029
10030
10032
10033
10034
10036
10037
10038
10040
10041
10042
10044
10045
10046
10047
10048
10049
10050
10051
10052
10054
10055
10056
10058
10059
10060
10061
10062
10063
10064
10065
10066
10067
10069
10072
10073
10075
10076
10078
10079
10080
10081
10082
10083
10084
10085
10086
10087
10088
10089
10090
10091
10092
10095
10096
10098
10099
10100
10101
10102
10103
10104
10105
10106
10107
10108
10109
10111
10112
10113
10114
10115
10117
10118
10120
10122
10123
10125
10126
10127
10128
10129
10130
10135
10136
10138
10139
10140
10144
10145
10146
10147
10148
10149
10150
10151
10152
10154
10156
10157
10159
10161
10162
10163
10165
10166
10168
10170
10171
10172
10174
10175
10177
10183
10187
10188
10190
10191
10192
10193
10194
10196
10199
10201
10204
10205
10207
10209
10210
10212
10214
10217
10220
10228
10229
10233
10235
10237
10238
10239
10240
10241
10245
10248
10249
10250
10253
10254
10257
10258
10259
10262
10264
10265
10266
10269
10270
10274
10276
10277
10282
10283
10286
10287
10289
10290
10293
10295
10296
10298
10299
10300
10301
10302
10304
10305
10307
10310
10311
10312
10314
10315
10316
10318
10320
10321
10323
10325
10326
10330
10331
10332
10335
10339
10341
10342
10343
10345
10346
10347
10348
10349
10350
10351
10354
10355
10356
10358
10361
10364
10367
10369
10370
10371
10373
10375
10377
10381
10382
10385
10387
10388
10390
10394
10395
10396
10400
10401
10407
10408
10409
10411
10412
10414
10416
10418
10420
10421
10423
10424
10426
10430
10431
10439
10446
10450
10451
10458
10461
10464
10466
10468
10470
10471
10473
10474
10475
10476
10477
10483
10484
10485
10489
10491
10495
10497
10500
10504
10505
10515
10517
10521
10522
10525
10530
10532
10533
10535
10536
10539
10547
10548
10551
10554
10556
10559
10560
10562
10566
10568
10571
10577
10578
10579
10581
10582
10583
10584
10586
10590
10591
10595
10596
10601
10602
10604
10607
10614
10617
10618
10623
10624
10628
10631
10633
10634
10635
10636
10640
10641
10642
10643
10647
10656
10658
10660
10664
10665
10667
10668
10669
10670
10671
10676
10681
10682
10684
10685
10686
10689
10690
10695
10700
10705
10706
10713
10714
10715
10716
10719
10721
10722
10727
10729
10732
10734
10743
10745
10746
10747
10751
10753
10756
10760
10765
10766
10768
10772
10773
10777
10779
10782
10785
10786
10787
10796
10800
10803
10807
10809
10810
10812
10813
10815
10816
10817
10820
10822
10823
10824
10825
10826
10828
10831
10835
10839
10840
10841
10845
10847
10849
10850
10853
10855
10857
10858
10862
10863
10864
10865
10867
10874
10876
10878
10880
10885
10887
10893
10894
10899
10901
10903
10908
10911
10913
10914
10916
10917
10918
10920
10924
10925
10928
10929
10931
10932
10937
10938
10940
10943
10944
10945
10946
10947
10949
10951
10952
10954
10958
10959
10960
10963
10964
10965
10967
10968
10972
10973
10976
10977
10978
10981
10982
10983
10985
10986
10987
10988
10989
10990
10991
10992
10994
10995
10997
11000
11002
11005
11006
11007
11009
11012
11015
11016
11020
11021
11024
11026
11027
11029
11030
11031
11032
11037
11038
11040
11045
11046
11049
11050
11052
11055
11056
11057
11059
11062
11063
11064
11065
11068
11070
11071
11072
11078
11079
11080
11083
11085
11086
11087
11088
11089
11093
11094
11096
11099
11100
11101
11102
11103
11104
11105
11106
11107
11110
11111
11116
11118
11119
11122
11124
11126
11127
11128
11131
11133
11134
11139
11140
11141
11151
11156
11171
11204
11217
11221
11229
11230
11231
11232
11236
11238
11239
11242
11243
11244
11248
11250
11252
11256
11257
11259
11260
11267
11268
11270
11272
11273
11276
11279
11286
11287
11288
11289
11294
11295
11297
11301
11304
11306
11308
11312
11313
11318
11323
11341
11348
11357
11363
11372
11374
11376
11383
11389
11392
11402
11403
11426
11443
11460
11464
11465
11468
11491
11500
11503
11507
11512
11516
11522
11528
11530
11534
11543
11563
11569
11571
11581
11600
11606
11607
11629
11635
11644
11648
11650
11670
11681
11684
11692
11719
11730
11740
11741
11747
11760
11769
11775
11778
11781
11799
11817
11818
11819
11821
11822
11823
11825
11826
11827
11828
11829
11830
11832
11833
11834
11835
11836
11837
11838
11839
11840
11841
11842
11843
11844
11845
11846
11847
11848
11849
11850
11851
11852
11853
11854
11855
11857
11858
11859
11860
11861
11864
11866
11867
11868
11869
11870
11872
11874
11875
11876
11877
11880
11882
11883
11884
11885
11886
11887
11888
11889
11890
11891
11892
11897
11901
11902
11904
11905
11906
11910
11913
11914
11915
11917
11918
11920
11921
11923
11924
11925
11926
11928
11929
11930
11931
11934
11936
11939
11940
11942
11943
11947
11949
11951
11953
11954
11955
11956
11957
11960
11961
11963
11965
11966
11967
11968
11972
11974
11975
11977
11978
11979
11980
11983
11984
11985
11987
11990
11991
11993
11994
11995
11998
12002
12003
12004
12005
12007
12014
12017
12018
12020
12022
12028
12030
12031
12032
12036
12037
12038
12040
12043
12048
12051
12053
12054
12059
12061
12063
12064
12066
12067
12070
12071
12072
12073
12074
12076
12077
12079
12081
12087
12093
12096
12098
12099
12100
12101
12104
12105
12107
12108
12111
12114
12116
12119
12120
12121
12127
12128
12129
12131
12133
12136
12138
12142
12143
12144
12146
12149
12151
12152
12160
12161
12162
12165
12169
12170
12172
12174
12179
12180
12182
12187
12188
12189
12192
12193
12194
12202
12203
12204
12207
12208
12211
12214
12215
12218
12219
12220
12221
12224
12225
12226
12227
12228
12229
12231
12235
12237
12239
12241
12244
12247
12248
12249
12251
12252
12253
12255
12257
12260
12271
12272
12273
12274
12276
12277
12278
12280
12285
12288
12290
12291
12293
12294
12299
12301
12303
12304
12305
12307
12311
12313
12314
12316
12320
12322
12323
12324
12325
12328
12340
12341
12342
12344
12348
12349
12352
12353
12354
12357
12358
12359
12364
12365
12366
12369
12373
12375
12376
12379
12384
12386
12387
12390
12392
12394
12395
12399
12400
12403
12404
12408
12410
12413
12414
12418
12421
12424
12426
12435
12436
12437
12438
12440
12442
12445
12451
12452
12453
12455
12457
12458
12461
12463
12465
12466
12467
12468
12469
12471
12472
12473
12474
12475
12476
12477
12480
12481
12487
12492
12494
12497
12498
12502
12503
12506
12507
12509
12510
12511
12515
12517
12518
12519
12522
12523
12525
12528
12530
12532
12533
12535
12538
12540
12545
12550
12557
12558
12559
12560
12562
12563
12564
12566
12568
12569
12570
12572
12574
12575
12578
12581
12583
12585
12587
12588
12596
12598
12599
12600
12602
12603
12604
12606
12607
12608
12609
12614
12617
12618
12619
12620
12621
12623
12629
12630
12631
12632
12637
12641
12642
12645
12647
12652
12653
12655
12657
12660
12661
12665
12667
12669
12671
12673
12674
12675
12678
12680
12681
12682
12685
12688
12689
12691
12693
12694
12696
12699
12701
12702
12703
12704
12706
12708
12714
12716
12719
12720
12721
12722
12724
12728
12729
12732
12734
12735
12738
12739
12740
12745
12746
12751
12752
12755
12756
12757
12758
12759
12765
12768
12770
12771
12773
12778
12781
12786
12788
12790
12793
12798
12801
12802
12812
12815
12822
12823
12824
12828
12832
12835
12839
12840
12842
12846
12847
12849
12858
12862
12864
12865
12867
12870
12871
12874
12876
12877
12879
12885
12887
12888
12890
12893
12901
12903
12904
12906
12907
12908
12909
12910
12912
12915
12916
12918
12924
12929
12937
12938
12946
12948
12949
12951
12962
12963
12970
12975
12976
12980
12984
12995
12999
13003
13008
13010
13019
13023
13024
13031
13033
13038
13042
13047
13050
13053
13055
13058
13060
13063
13066
13072
13075
13079
13089
13090
13099
13101
13103
13104
13109
13113
13120
13135
13137
13139
13143
13153
13158
13163
13164
13165
13166
13167
13171
13173
13180
13181
13187
13189
13193
13196
13205
13216
13220
13223
13226
13229
13233
13244
13246
13254
13255
13258
13267
13283
13305
13310
13311
13314
13316
13320
13326
13333
13348
13351
13353
13368
13386
13400
13402
13406
13414
13421
13424
13426
13428
13430
13431
13439
13444
13453
13454
13462
13469
13470
13473
13483
13488
13490
13492
13493
13495
13497
13498
13499
13506
13509
13517
13518
13523
13524
13525
13529
13533
13534
13536
13537
13538
13539
13541
13543
13549
13552
13553
13556
13557
13564
13565
13570
13574
13575
13576
13577
13580
13584
13585
13587
13589
13591
13593
13595
13597
13598
13599
13601
13614
13616
13627
13629
13630
13632
13633
13634
13636
13637
13638
13641
13643
13644
13645
13646
13647
13648
13651
13652
13653
13655
13659
13660
13661
13662
13663
13664
13666
13667
13668
13670
13671
13672
13673
13674
13676
13677
13678
13679
13680
13681
13682
13683
13684
13685
13687
13688
13689
13690
13691
13692
13693
13694
13695
13696
13697
13698
13699
13700
13701
13702
13703
13704
13706
13707
13708
13709
13710
13711
13712
13713
13715
13716
13718
13719
13721
13722
13723
13724
13727
13728
13730
13732
13733
13734
13735
13736
13737
13738
13739
13740
13741
13743
13744
13746
13747
13748
13749
13752
13753
13754
13756
13757
13758
13762
13763
13765
13766
13768
13769
13770
13772
13774
13775
13778
13779
13780
13781
13782
13783
13784
13785
13787
13788
13789
13790
13791
13795
13796
13797
13799
13800
13802
13808
13809
13810
13811
13812
13813
13814
13815
13816
13817
13819
13820
13821
13822
13823
13825
13826
13827
13828
13829
13831
13833
13834
13835
13836
13842
13843
13844
13845
13846
13848
13850
13851
13852
13854
13856
13858
13859
13860
13861
13862
13863
13865
13866
13867
13868
13871
13872
13873
13875
13877
13879
13880
13881
13882
13883
13884
13886
13890
13892
13895
13897
13899
13900
13901
13902
13903
13904
13906
13907
13914
13915
13916
13918
13921
13922
13925
13926
13928
13934
13937
13938
13939
13940
13941
13942
13943
13946
13947
13948
13951
13955
13956
13957
13958
13960
13962
13963
13964
13966
13968
13969
13972
13973
13975
13976
13982
13983
13984
13985
13987
13990
13991
13992
13997
13998
14000
14003
14009
14010
14012
14013
14015
14016
14017
14018
14019
14020
14021
14025
14026
14028
14029
14030
14031
14032
14033
14034
14036
14037
14039
14043
14044
14046
14047
14049
14051
14052
14053
14054
14056
14057
14059
14060
14061
14062
14063
14064
14065
14066
14067
14070
14071
14076
14077
14079
14080
14083
14084
14085
14086
14087
14088
14090
14091
14092
14093
14094
14095
14096
14100
14102
14107
14108
14111
14115
14122
14125
14126
14128
14129
14132
14133
14135
14140
14141
14143
14144
14145
14148
14150
14152
14153
14158
14160
14161
14162
14164
14165
14172
14174
14175
14177
14180
14182
14188
14190
14191
14192
14200
14202
14203
14205
14209
14218
14219
14220
14222
14225
14230
14231
14235
14236
14237
14241
14246
14248
14250
14251
14253
14262
14265
14267
14268
14269
14270
14273
14274
14276
14280
14281
14282
14283
14287
14291
14292
14296
14298
14304
14305
14307
14309
14310
14313
14316
14321
14324
14327
14332
14333
14334
14337
14341
14342
14343
14344
14348
14350
14354
14355
14361
14364
14365
14367
14369
14371
14374
14376
14383
14392
14393
14394
14395
14396
14397
14399
14400
14403
14406
14410
14418
14419
14422
14423
14424
14425
14427
14429
14430
14431
14434
14436
14440
14441
14443
14445
14446
14448
14454
14457
14458
14460
14463
14466
14467
14468
14469
14470
14473
14479
14480
14485
14486
14488
14491
14493
14496
14498
14499
14501
14503
14504
14505
14507
14508
14512
14513
14517
14520
14521
14522
14525
14526
14528
14530
14531
14534
14535
14537
14538
14541
14548
14551
14553
14555
14556
14558
14559
14560
14561
14562
14564
14565
14567
14568
14571
14576
14577
14580
14581
14584
14587
14588
14592
14593
14594
14596
14598
14599
14601
14602
14603
14604
14605
14606
14607
14608
14609
14612
14614
14616
14619
14622
14623
14624
14626
14629
14630
14632
14634
14635
14636
14639
14643
14644
14645
14651
14652
14654
14656
14657
14660
14661
14662
14663
14665
14666
14668
14671
14672
14673
14676
14677
14679
14680
14681
14682
14684
14686
14687
14688
14690
14692
14694
14697
14698
14699
14700
14701
14703
14704
14708
14712
14720
14722
14723
14726
14727
14730
14731
14732
14734
14741
14742
14743
14744
14747
14748
14752
14754
14756
14759
14760
14761
14762
14764
14765
14767
14769
14771
14776
14777
14784
14785
14786
14789
14791
14792
14795
14797
14799
14800
14803
14807
14808
14809
14811
14812
14815
14816
14818
14819
14820
14821
14822
14824
14829
14830
14833
14834
14836
14837
14838
14839
14840
14841
14843
14844
14845
14847
14850
14855
14859
14861
14889
14893
14911
14913
14930
14933
14952
14955
14956
14959
14962
14963
14964
14968
14970
14976
14992
14997
14999
15000
15001
15007
15008
15014
15018
15030
15038
15041
15045
15063
15070
15075
15083
15110
15116
15118
15120
15149
15157
15175
15189
15206
15219
15225
15230
15240
15245
15248
15261
15281
15299
15302
15311
15313
15315
15327
15336
15347
15358
15364
15375
15380
15384
15391
15445
15460
15480
15496
15503
15510
15513
15530
15535
15537
15538
15539
15540
15543
15545
15547
15549
15550
15551
15552
15553
15557
15558
15559
15560
15561
15562
15563
15566
15567
15568
15569
15570
15571
15572
15573
15574
15575
15576
15577
15578
15579
15580
15584
15586
15587
15588
15589
15590
15591
15598
15599
15600
15601
15602
15603
15604
15605
15609
15612
15613
15614
15615
15617
15619
15623
15624
15625
15626
15627
15629
15631
15634
15635
15636
15638
15644
15647
15648
15651
15652
15656
15658
15660
15663
15664
15667
15668
15671
15672
15673
15674
15675
15676
15677
15679
15680
15689
15691
15692
15695
15697
15699
15700
15701
15703
15705
15706
15707
15708
15712
15714
15716
15717
15718
15719
15720
15721
15724
15726
15729
15731
15732
15736
15739
15745
15746
15748
15751
15754
15755
15756
15757
15759
15765
15766
15767
15772
15775
15778
15779
15781
15783
15788
15790
15791
15792
15793
15794
15795
15796
15799
15801
15806
15807
15808
15809
15810
15811
15812
15813
15814
15815
15818
15821
15822
15823
15826
15828
15830
15831
15833
15834
15838
15839
15840
15841
15843
15845
15846
15848
15850
15851
15852
15856
15857
15858
15862
15868
15869
15873
15874
15876
15882
15883
15884
15885
15888
15894
15896
15898
15900
15901
15907
15910
15912
15916
15917
15918
15921
15923
15925
15928
15929
15931
15933
15936
15939
15940
15941
15943
15945
15948
15949
15952
15954
15956
15958
15960
15962
15964
15965
15967
15968
15970
15975
15977
15979
15982
15985
15988
15989
15991
15993
15995
15996
15999
16000
16002
16008
16014
16017
16018
16024
16025
16029
16030
16031
16033
16034
16037
16039
16041
16043
16045
16047
16048
16049
16054
16055
16056
16063
16066
16067
16071
16072
16073
16075
16080
16082
16084
16085
16090
16092
16096
16108
16109
16111
16113
16114
16115
16117
16118
16119
16121
16122
16124
16134
16135
16141
16145
16151
16154
16156
16159
16161
16163
16164
16166
16167
16169
16170
16175
16177
16180
16181
16182
16183
16186
16188
16193
16194
16195
16204
16208
16213
16217
16219
16224
16226
16228
16229
16230
16231
16232
16233
16235
16236
16238
16241
16242
16243
16247
16248
16252
16254
16258
16260
16267
16268
16271
16272
16273
16274
16280
16281
16282
16284
16286
16292
16293
16298
16301
16302
16306
16307
16308
16317
16321
16322
16323
16324
16325
16326
16329
16334
16335
16337
16341
16344
16345
16351
16354
16355
16356
16357
16359
16360
16363
16368
16369
16372
16376
16381
16382
16385
16389
16391
16392
16399
16408
16416
16417
16419
16428
16429
16430
16432
16433
16435
16439
16441
16449
16453
16454
16455
16456
16461
16462
16467
16475
16477
16481
16483
16485
16493
16494
16497
16498
16500
16501
16502
16507
16512
16513
16515
16518
16520
16526
16529
16530
16531
16532
16535
16537
16538
16541
16545
16549
16550
16555
16558
16559
16563
16565
16571
16573
16575
16576
16579
16584
16588
16591
16602
16606
16609
16617
16618
16623
16624
16629
16636
16643
16647
16650
16658
16660
16665
16666
16667
16675
16680
16685
16696
16705
16710
16714
16717
16718
16722
16723
16746
16749
16752
16753
16763
16766
16767
16772
16774
16778
16789
16790
16792
16800
16804
16805
16806
16808
16811
16817
16821
16826
16827
16828
16829
16834
16840
16841
16848
16860
16868
16872
16877
16879
16884
16885
16887
16889
16892
16898
16903
16906
16911
16916
16919
16923
16928
16929
16930
16935
16942
16949
16950
16958
16968
16969
16979
16981
16989
17002
17019
17023
17025
17026
17027
17028
17030
17031
17041
17046
17059
17061
17064
17065
17067
17068
17070
17084
17095
17103
17115
17116
17121
17129
17135
17137
17147
17158
17173
17175
17179
17181
17183
17184
17187
17197
17202
17203
17206
17207
17208
17211
17212
17213
17214
17217
17221
17226
17231
17238
17243
17244
17247
17248
17249
17250
17253
17255
17268
17271
17273
17274
17278
17279
17284
17285
17287
17291
17292
17294
17299
17300
17303
17305
17311
17312
17313
17314
17315
17317
17318
17323
17330
17331
17333
17335
17338
17343
17344
17345
17346
17347
17349
17350
17351
17352
17357
17359
17360
17361
17362
17365
17366
17368
17369
17370
17371
17374
17375
17376
17379
17381
17382
17383
17384
17385
17386
17388
17389
17390
17391
17392
17393
17394
17395
17397
17398
17400
17401
17402
17404
17405
17406
17407
17408
17411
17412
17414
17415
17416
17418
17420
17421
17422
17424
17425
17426
17427
17429
17430
17432
17433
17434
17435
17437
17438
17440
17441
17442
17444
17445
17446
17450
17451
17452
17454
17455
17457
17458
17460
17461
17463
17464
17466
17468
17469
17470
17471
17472
17473
17475
17476
17477
17478
17479
17480
17482
17483
17484
17486
17487
17488
17489
17491
17492
17493
17494
17495
17497
17500
17501
17503
17504
17506
17508
17509
17510
17511
17512
17514
17515
17516
17517
17520
17521
17524
17525
17526
17527
17528
17530
17531
17533
17534
17535
17537
17538
17539
17540
17541
17542
17545
17546
17550
17553
17556
17558
17559
17560
17562
17563
17564
17566
17567
17568
17569
17570
17571
17573
17577
17578
17579
17580
17582
17585
17586
17588
17589
17590
17592
17594
17596
17600
17601
17602
17603
17605
17607
17608
17612
17613
17614
17615
17616
17618
17620
17621
17624
17625
17627
17629
17630
17631
17632
17633
17640
17648
17649
17651
17652
17654
17655
17656
17658
17659
17660
17661
17662
17667
17668
17669
17670
17671
17672
17674
17675
17677
17678
17681
17682
17683
17685
17686
17689
17692
17693
17697
17698
17699
17702
17703
17704
17705
17706
17708
17709
17711
17713
17715
17717
17718
17721
17722
17723
17725
17727
17735
17737
17739
17740
17741
17742
17743
17744
17746
17747
17751
17753
17754
17755
17759
17760
17762
17763
17766
17767
17769
17771
17773
17774
17775
17776
17777
17779
17786
17787
17791
17793
17795
17796
17797
17798
17799
17800
17801
17805
17807
17812
17813
17815
17817
17818
17820
17823
17824
17825
17826
17829
17831
17832
17836
17839
17840
17842
17843
17846
17848
17849
17850
17852
17854
17859
17862
17863
17866
17867
17869
17872
17874
17878
17880
17881
17886
17894
17901
17903
17904
17905
17911
17912
17914
17917
17919
17921
17923
17925
17934
17939
17942
17944
17950
17952
17954
17955
17957
17960
17963
17964
17965
17967
17968
17972
17976
17977
17982
17983
17984
17988
17989
17990
17994
17998
18005
18007
18010
18012
18013
18015
18017
18018
18019
18021
18023
18027
18029
18031
18041
18046
18047
18051
18052
18056
18063
18068
18075
18076
18078
18081
18082
18084
18086
18096
18104
18105
18109
18110
18112
18116
18117
18120
18121
18122
18124
18125
18130
18131
18132
18133
18134
18138
18141
18142
18143
18144
18146
18148
18155
18157
18159
18160
18161
18162
18167
18168
18171
18172
18175
18180
18181
18184
18185
18193
18195
18196
18197
18199
18204
18205
18207
18209
18212
18214
18219
18221
18224
18227
18228
18230
18231
18232
18236
18241
18244
18248
18249
18253
18254
18262
18265
18267
18269
18273
18274
18275
18277
18278
18279
18281
18283
18285
18286
18293
18294
18295
18306
18312
18313
18315
18316
18322
18323
18324
18328
18329
18333
18337
18338
18339
18340
18341
18344
18345
18346
18348
18349
18352
18353
18354
18357
18358
18359
18363
18365
18368
18373
18375
18376
18377
18378
18379
18382
18386
18387
18388
18390
18391
18392
18393
18395
18398
18399
18400
18404
18406
18409
18412
18414
18415
18417
18418
18420
18422
18423
18425
18426
18428
18430
18433
18434
18436
18437
18438
18440
18442
18444
18445
18448
18451
18455
18456
18458
18460
18466
18469
18470
18478
18480
18481
18485
18487
18488
18490
18491
18493
18496
18498
18499
18500
18501
18503
18506
18509
18510
18511
18513
18514
18517
18519
18521
18525
18526
18527
18528
18529
18530
18531
18532
18533
18534
18535
18537
18538
18543
18544
18547
18548
18550
18553
18555
18559
18561
18563
18564
18567
18568
18569
18574
18577
18581
18590
18599
18610
18611
18621
18624
18630
18633
18644
18660
18665
18667
18670
18683
18685
18686
18689
18690
18696
18697
18698
18707
18713
18714
18715
18716
18717
18721
18723
18725
18727
18728
18732
18740
18755
18766
18784
18795
18796
18799
18818
18830
18848
18860
18861
18868
18875
18889
18900
18906
18910
18912
18925
18939
18953
18962
18968
18973
18980
18982
18988
18991
18997
19020
19029
19036
19038
19053
19057
19069
19096
19105
19108
19109
19115
19135
19136
19143
19172
19188
19195
19199
19209
19227
19240
19246
19248
19250
19251
19252
19253
19254
19256
19257
19258
19259
19260
19261
19262
19263
19264
19265
19266
19267
19269
19270
19271
19272
19273
19276
19277
19278
19279
19281
19282
19283
19284
19285
19286
19287
19288
19290
19292
19294
19296
19297
19298
19300
19302
19303
19304
19305
19307
19308
19310
19311
19312
19314
19316
19317
19318
19319
19320
19324
19326
19327
19329
19336
19337
19338
19340
19343
19344
19345
19347
19349
19350
19351
19356
19358
19359
19361
19363
19365
19366
19367
19368
19369
19371
19373
19375
19376
19377
19380
19381
19382
19383
19384
19385
19386
19387
19391
19394
19395
19397
19402
19403
19404
19405
19406
19407
19409
19411
19412
19413
19414
19415
19417
19418
19419
19420
19421
19422
19423
19426
19428
19431
19432
19433
19435
19441
19442
19443
19444
19446
19447
19448
19449
19453
19462
19463
19464
19465
19466
19467
19468
19470
19471
19474
19476
19478
19479
19486
19487
19488
19489
19492
19493
19494
19495
19498
19501
19502
19505
19506
19507
19508
19510
19511
19512
19515
19517
19519
19524
19526
19527
19528
19529
19530
19531
19532
19535
19536
19539
19541
19542
19544
19549
19552
19554
19555
19556
19558
19559
19564
19565
19569
19570
19571
19572
19577
19578
19579
19580
19583
19586
19587
19588
19590
19592
19593
19594
19595
19596
19597
19599
19600
19601
19602
19608
19610
19612
19614
19615
19617
19618
19620
19622
19626
19630
19631
19632
19635
19636
19638
19640
19643
19644
19645
19647
19648
19649
19652
19653
19657
19658
19659
19661
19662
19663
19664
19665
19666
19667
19668
19669
19670
19671
19672
19673
19677
19678
19681
19682
19685
19686
19689
19690
19691
19693
19694
19697
19698
19700
19701
19702
19707
19709
19710
19713
19715
19716
19717
19718
19720
19722
19727
19730
19731
19732
19734
19735
19739
19741
19743
19744
19745
19747
19748
19751
19752
19753
19760
19761
19762
19765
19768
19769
19770
19775
19777
19779
19780
19781
19785
19786
19787
19789
19790
19791
19792
19793
19794
19796
19798
19800
19802
19804
19806
19807
19808
19809
19812
19817
19819
19822
19827
19828
19830
19831
19832
19833
19836
19838
19839
19840
19842
19843
19847
19861
19864
19866
19867
19869
19871
19873
19881
19884
19885
19886
19891
19893
19894
19895
19896
19897
19898
19900
19902
19908
19909
19910
19913
19915
19917
19918
19919
19921
19924
19925
19926
19927
19928
19929
19934
19936
19938
19939
19940
19942
19944
19945
19946
19947
19948
19949
19951
19952
19956
19957
19958
19959
19961
19963
19966
19968
19970
19973
19975
19978
19979
19981
19985
19986
19988
19995
19997
19998
19999
20002
20006
20009
20011
20013
20015
20016
20018
20019
20020
20024
20025
20027
20028
20030
20031
20032
20034
20035
20037
20038
20044
20045
20046
20048
20049
20050
20053
20055
20056
20057
20058
20059
20062
20064
20066
20069
20070
20073
20074
20077
20080
20082
20083
20086
20088
20089
20090
20094
20097
20102
20103
20105
20111
20117
20121
20129
20131
20132
20135
20136
20137
20138
20139
20141
20142
20143
20144
20148
20149
20152
20157
20160
20163
20164
20169
20173
20176
20177
20180
20183
20185
20186
20190
20193
20196
20201
20202
20206
20207
20210
20211
20212
20213
20214
20217
20221
20224
20227
20229
20233
20238
20239
20240
20242
20245
20246
20248
20249
20252
20254
20255
20256
20257
20261
20262
20264
20266
20268
20275
20277
20279
20281
20282
20283
20287
20288
20289
20290
20291
20293
20295
20296
20298
20299
20302
20303
20304
20306
20311
20312
20313
20316
20317
20318
20321
20324
20326
20329
20332
20335
20337
20339
20340
20349
20350
20355
20357
20359
20362
20363
20367
20369
20371
20372
20379
20382
20390
20391
20392
20396
20400
20407
20414
20416
20423
20424
20425
20428
20431
20435
20438
20441
20443
20445
20448
20452
20456
20459
20460
20461
20462
20467
20470
20475
20476
20478
20480
20481
20486
20488
20494
20495
20496
20501
20504
20505
20507
20514
20518
20524
20527
20528
20531
20533
20539
20541
20542
20543
20544
20545
20548
20550
20551
20556
20565
20567
20570
20574
20580
20585
20586
20594
20595
20598
20599
20601
20608
20616
20617
20620
20624
20625
20628
20630
20633
20637
20643
20649
20655
20658
20659
20667
20671
20682
20683
20686
20688
20692
20693
20695
20699
20709
20717
20724
20729
20731
20733
20736
20739
20740
20742
20744
20753
20757
20758
20760
20761
20765
20767
20768
20772
20776
20782
20798
20801
20802
20805
20808
20809
20811
20814
20818
20822
20825
20841
20843
20845
20853
20854
20855
20859
20861
20868
20872
20873
20875
20877
20881
20890
20893
20895
20898
20911
20912
20914
20916
20918
20921
20926
20927
20929
20931
20934
20940
20944
20950
20951
20952
20954
20957
20958
20959
20961
20964
20967
20971
20975
20977
20980
20981
20984
20985
20986
20987
20990
20991
20992
20998
20999
21002
21005
21006
21009
21012
21013
21014
21017
21021
21022
21025
21027
21028
21029
21031
21032
21038
21046
21047
21048
21049
21055
21056
21057
21058
21059
21060
21061
21062
21063
21064
21065
21066
21071
21072
21073
21074
21075
21076
21080
21081
21082
21083
21084
21085
21087
21088
21089
21090
21091
21094
21095
21096
21097
21098
21099
21100
21101
21102
21103
21105
21106
21107
21108
21110
21112
21113
21115
21116
21117
21119
21120
21121
21122
21123
21126
21127
21128
21130
21131
21132
21133
21134
21136
21137
21138
21139
21141
21143
21144
21146
21147
21149
21151
21152
21153
21154
21155
21156
21158
21160
21161
21165
21166
21167
21168
21169
21170
21171
21172
21174
21175
21177
21180
21182
21183
21184
21185
21186
21188
21189
21190
21193
21194
21195
21196
21197
21198
21199
21201
21202
21203
21204
21206
21207
21209
21211
21214
21218
21221
21222
21223
21224
21225
21226
21228
21230
21231
21234
21236
21237
21238
21239
21240
21241
21242
21245
21246
21247
21248
21249
21255
21256
21257
21259
21260
21261
21263
21267
21269
21270
21271
21273
21274
21276
21277
21279
21280
21281
21282
21283
21286
21287
21288
21289
21291
21293
21294
21296
21298
21299
21301
21302
21306
21307
21309
21310
21314
21316
21317
21318
21319
21322
21323
21325
21328
21329
21330
21331
21332
21334
21335
21336
21343
21344
21345
21346
21349
21350
21353
21354
21356
21357
21360
21362
21365
21367
21369
21370
21371
21372
21375
21378
21379
21380
21382
21383
21385
21387
21389
21391
21396
21398
21399
21400
21402
21403
21406
21407
21411
21413
21415
21416
21418
21419
21420
21422
21423
21425
21428
21429
21431
21432
21435
21440
21441
21442
21443
21445
21446
21451
21453
21454
21455
21456
21458
21460
21467
21468
21471
21473
21474
21475
21476
21478
21479
21481
21483
21485
21487
21488
21489
21491
21493
21497
21498
21499
21500
21501
21503
21504
21505
21507
21508
21510
21511
21512
21513
21514
21519
21520
21527
21529
21532
21534
21535
21536
21539
21542
21543
21546
21550
21552
21553
21554
21557
21559
21560
21561
21562
21563
21564
21568
21569
21571
21572
21573
21574
21576
21578
21580
21581
21585
21586
21588
21589
21592
21595
21599
21600
21602
21603
21604
21606
21607
21608
21610
21612
21615
21618
21619
21625
21628
21630
21631
21633
21635
21636
21643
21646
21649
21652
21655
21657
21658
21662
21665
21666
21669
21670
21672
21674
21677
21678
21680
21681
21683
21685
21688
21695
21697
21698
21700
21704
21708
21710
21711
21718
21719
21721
21724
21726
21727
21729
21730
21732
21733
21734
21735
21740
21742
21745
21747
21749
21750
21755
21757
21759
21760
21761
21763
21765
21766
21767
21769
21770
21774
21779
21780
21781
21782
21783
21789
21795
21797
21798
21800
21801
21802
21804
21809
21810
21812
21813
21815
21816
21819
21820
21821
21823
21826
21827
21831
21836
21839
21842
21845
21846
21848
21851
21852
21854
21855
21856
21858
21859
21860
21864
21866
21867
21868
21869
21871
21872
21874
21875
21878
21881
21882
21887
21892
21894
21895
21898
21899
21904
21907
21910
21913
21917
21919
21921
21928
21929
21933
21935
21938
21939
21942
21943
21944
21945
21949
21950
21953
21955
21959
21960
21965
21966
21969
21976
21977
21978
21979
21982
21983
21984
21986
21988
21991
21992
21993
21995
21996
21997
21998
21999
22000
22003
22004
22005
22006
22008
22009
22012
22016
22018
22021
22024
22027
22028
22029
22031
22035
22036
22037
22041
22044
22053
22054
22058
22060
22061
22062
22066
22067
22072
22073
22076
22079
22081
22082
22083
22084
22087
22088
22089
22090
22091
22099
22100
22102
22104
22105
22106
22107
22109
22110
22112
22114
22115
22118
22119
22122
22123
22124
22125
22128
22130
22131
22132
22140
22143
22144
22145
22148
22151
22162
22163
22164
22169
22171
22172
22173
22174
22176
22179
22182
22183
22184
22187
22188
22189
22191
22192
22193
22194
22198
22199
22201
22202
22204
22206
22207
22208
22209
22210
22212
22213
22215
22217
22220
22222
22224
22225
22228
22230
22231
22232
22235
22236
22237
22239
22240
22241
22242
22243
22244
22245
22246
22247
22249
22250
22252
22254
22257
22258
22260
22264
22266
22267
22268
22269
22270
22271
22273
22275
22276
22278
22280
22282
22283
22284
22290
22313
22327
22328
22332
22371
22373
22375
22379
22385
22391
22392
22398
22400
22405
22413
22420
22425
22429
22435
22443
22490
22500
22510
22521
22527
22528
22532
22542
22558
22559
22602
22611
22612
22635
22643
22678
22682
22704
22709
22749
22750
22772
22775
22783
22808
22859
22876
22878
22917
22923
22938
22952
22958
22960
22962
22964
22966
22967
22968
22969
22970
22971
22973
22975
22976
22977
22978
22979
22980
22981
22982
22983
22986
22987
22988
22989
22990
22993
22994
22995
22996
22997
22998
22999
23000
23001
23002
23003
23004
23006
23007
23008
23009
23010
23011
23012
23014
23016
23017
23018
23019
23021
23022
23023
23025
23031
23034
23036
23037
23038
23039
23040
23041
23042
23043
23044
23045
23051
23052
23056
23057
23059
23061
23062
23063
23065
23066
23067
23072
23073
23075
23076
23077
23080
23082
23083
23084
23085
23086
23087
23089
23095
23096
23098
23101
23102
23103
23104
23108
23111
23112
23114
23115
23116
23117
23118
23119
23120
23121
23123
23128
23129
23133
23134
23135
23136
23137
23140
23144
23145
23146
23147
23148
23149
23152
23153
23156
23158
23160
23161
23162
23163
23164
23166
23168
23169
23170
23174
23176
23177
23178
23180
23181
23182
23183
23185
23187
23188
23193
23194
23195
23198
23200
23202
23203
23204
23206
23207
23210
23211
23212
23215
23217
23218
23219
23222
23223
23231
23238
23242
23243
23244
23246
23250
23256
23258
23263
23269
23270
23271
23272
23273
23275
23278
23279
23281
23283
23284
23286
23287
23293
23296
23297
23302
23303
23305
23310
23311
23312
23313
23314
23316
23318
23322
23323
23324
23326
23328
23329
23335
23337
23339
23340
23342
23345
23346
23347
23348
23350
23351
23355
23357
23359
23362
23363
23365
23367
23368
23370
23371
23372
23375
23377
23378
23381
23385
23386
23387
23389
23393
23394
23395
23397
23399
23400
23402
23404
23405
23407
23409
23410
23412
23414
23415
23418
23423
23425
23427
23430
23432
23433
23438
23440
23445
23446
23448
23449
23458
23461
23462
23464
23465
23466
23469
23473
23476
23479
23483
23484
23485
23491
23495
23499
23501
23503
23504
23505
23506
23507
23509
23514
23516
23518
23519
23520
23521
23523
23536
23537
23545
23546
23550
23552
23556
23557
23560
23561
23562
23563
23566
23570
23572
23579
23581
23584
23595
23597
23598
23606
23611
23614
23617
23621
23622
23631
23632
23635
23636
23637
23639
23644
23647
23648
23649
23650
23652
23657
23659
23660
23661
23662
23666
23667
23670
23671
23675
23680
23682
23683
23684
23687
23688
23689
23696
23698
23700
23702
23708
23713
23714
23720
23723
23726
23729
23730
23732
23733
23735
23739
23745
23748
23750
23751
23752
23753
23754
23756
23757
23761
23762
23763
23766
23767
23772
23773
23774
23775
23778
23779
23781
23782
23783
23784
23786
23787
23789
23790
23796
23797
23799
23800
23802
23803
23804
23806
23808
23811
23817
23819
23820
23824
23825
23827
23830
23832
23834
23836
23837
23839
23841
23843
23845
23846
23847
23848
23851
23853
23856
23858
23859
23861
23862
23863
23865
23868
23871
23874
23875
23877
23879
23881
23883
23887
23898
23899
23900
23907
23909
23913
23921
23922
23925
23926
23933
23943
23946
23956
23957
23965
23966
23967
23970
23974
23977
23978
23982
23983
23989
23991
23993
23995
23999
24006
24007
24008
24010
24011
24013
24016
24017
24018
24019
24023
24030
24031
24034
24035
24040
24043
24046
24051
24052
24057
24059
24064
24071
24073
24074
24075
24079
24082
24083
24091
24093
24095
24097
24105
24106
24111
24114
24115
24120
24123
24126
24130
24133
24140
24146
24151
24170
24172
24173
24174
24175
24176
24178
24180
24183
24184
24188
24189
24192
24198
24200
24217
24218
24219
24221
24236
24238
24240
24245
24246
24250
24251
24252
24259
24262
24264
24270
24276
24279
24296
24300
24305
24309
24312
24330
24331
24335
24338
24339
24341
24346
24347
24349
24351
24354
24358
24369
24373
24376
24377
24378
24380
24386
24396
24397
24400
24407
24408
24417
24418
24421
24430
24437
24447
24452
24453
24454
24455
24456
24464
24465
24469
24470
24473
24474
24485
24487
24490
24507
24509
24515
24526
24528
24544
24550
24560
24569
24570
24573
24575
24581
24582
24586
24589
24603
24607
24609
24612
24614
24615
24625
24630
24631
24634
24635
24636
24640
24641
24646
24647
24649
24654
24658
24661
24664
24665
24670
24671
24672
24675
24677
24678
24679
24681
24682
24685
24690
24691
24698
24699
24702
24704
24706
24707
24712
24713
24714
24717
24719
24720
24722
24727
24728
24736
24737
24738
24741
24743
24748
24749
24751
24756
24761
24762
24765
24767
24769
24771
24772
24773
24776
24777
24778
24779
24781
24784
24785
24787
24788
24789
24790
24791
24793
24794
24795
24796
24797
24798
24799
24800
24802
24803
24804
24809
24810
24811
24812
24813
24814
24819
24821
24822
24826
24827
24829
24830
24831
24834
24835
24836
24837
24839
24840
24841
24846
24848
24849
24850
24851
24852
24853
24854
24855
24856
24857
24858
24859
24860
24861
24862
24863
24864
24865
24866
24867
24868
24870
24872
24874
24879
24880
24881
24882
24885
24886
24889
24891
24892
24894
24895
24896
24898
24901
24903
24904
24905
24907
24908
24910
24911
24912
24914
24915
24917
24920
24923
24925
24927
24928
24929
24930
24932
24934
24937
24938
24939
24942
24943
24945
24948
24949
24950
24952
24953
24954
24958
24960
24961
24962
24963
24965
24966
24967
24968
24969
24971
24972
24973
24975
24976
24977
24978
24979
24981
24984
24987
24988
24990
24994
24995
24998
25000
25001
25002
25003
25004
25005
25007
25010
25011
25012
25013
25014
25015
25020
25021
25022
25023
25024
25026
25030
25031
25037
25039
25040
25043
25044
25048
25049
25056
25057
25058
25060
25063
25065
25067
25068
25071
25072
25073
25074
25079
25082
25084
25085
25086
25087
25089
25091
25094
25096
25097
25098
25099
25100
25105
25106
25108
25109
25110
25113
25114
25115
25116
25117
25120
25121
25125
25126
25129
25131
25132
25133
25136
25137
25139
25145
25146
25149
25150
25151
25152
25154
25157
25161
25162
25163
25164
25165
25167
25168
25170
25171
25172
25174
25175
25178
25179
25181
25182
25185
25186
25187
25188
25190
25191
25193
25195
25198
25199
25201
25202
25203
25204
25210
25211
25214
25219
25221
25222
25226
25230
25233
25234
25235
25236
25238
25239
25241
25245
25254
25255
25257
25258
25259
25263
25264
25265
25268
25269
25270
25272
25273
25274
25277
25278
25282
25285
25287
25288
25289
25290
25292
25294
25295
25296
25301
25302
25303
25305
25306
25309
25313
25314
25316
25320
25321
25322
25323
25325
25329
25330
25331
25333
25334
25337
25342
25345
25347
25351
25352
25357
25360
25363
25371
25372
25376
25377
25378
25379
25382
25383
25384
25385
25388
25391
25394
25395
25397
25399
25400
25403
25404
25410
25411
25412
25414
25415
25418
25422
25428
25432
25434
25437
25438
25440
25441
25445
25446
25448
25454
25458
25459
25460
25463
25470
25474
25475
25481
25485
25486
25488
25492
25496
25497
25503
25506
25509
25511
25512
25516
25518
25520
25523
25524
25527
25533
25534
25537
25540
25541
25542
25545
25550
25551
25552
25553
25557
25560
25562
25567
25569
25570
25571
25572
25574
25578
25580
25582
25585
25589
25590
25592
25596
25600
25603
25605
25606
25618
25620
25621
25622
25623
25624
25625
25633
25635
25636
25638
25641
25642
25651
25653
25654
25655
25656
25657
25660
25662
25663
25664
25666
25667
25668
25669
25673
25674
25676
25677
25678
25679
25680
25682
25684
25685
25689
25690
25691
25692
25694
25695
25696
25697
25701
25702
25703
25706
25707
25708
25709
25710
25712
25713
25714
25716
25722
25729
25730
25734
25735
25741
25743
25745
25747
25750
25751
25752
25757
25758
25759
25760
25761
25767
25768
25769
25770
25771
25773
25774
25777
25778
25785
25786
25789
25790
25794
25795
25797
25799
25800
25801
25802
25803
25804
25805
25808
25810
25814
25815
25816
25817
25818
25819
25821
25823
25824
25826
25827
25828
25829
25830
25832
25833
25834
25837
25838
25839
25840
25841
25843
25844
25845
25852
25853
25856
25858
25862
25863
25864
25865
25866
25867
25872
25873
25874
25876
25877
25878
25879
25883
25884
25885
25886
25887
25888
25889
25890
25898
25900
25903
25905
25906
25907
25909
25910
25912
25913
25914
25915
25916
25917
25918
25919
25921
25923
25924
25926
25927
25931
25938
25939
25940
25941
25942
25944
25945
25946
25948
25949
25950
25951
25952
25953
25955
25958
25959
25960
25964
25966
25968
25969
25970
25971
25972
25975
25976
25978
25982
25983
25984
25985
25986
25989
25990
25992
25994
25995
25996
25997
26003
26018
26022
26027
26032
26034
26036
26038
26052
26054
26062
26064
26072
26073
26078
26088
26095
26098
26109
26110
26112
26116
26118
26121
26124
26126
26134
26135
26140
26141
26149
26150
26156
26157
26160
26163
26166
26168
26174
26186
26194
26204
26206
26219
26258
26262
26270
26284
26288
26291
26306
26330
26338
26339
26377
26379
26403
26422
26432
26440
26449
26451
26465
26478
26480
26493
26496
26497
26498
26506
26515
26519
26533
26537
26586
26595
26618
26631
26632
26635
26668
26673
26674
26675
26676
26678
26679
26680
26681
26682
26683
26684
26685
26688
26689
26692
26693
26694
26695
26697
26699
26700
26701
26702
26703
26704
26705
26706
26707
26708
26709
26710
26711
26712
26713
26714
26715
26716
26717
26718
26719
26720
26722
26723
26724
26725
26726
26727
26728
26729
26730
26732
26733
26736
26738
26739
26740
26742
26743
26744
26745
26747
26749
26750
26751
26752
26756
26757
26758
26760
26763
26764
26766
26767
26768
26771
26773
26775
26777
26778
26779
26780
26782
26785
26786
26787
26789
26792
26793
26794
26798
26799
26800
26802
26804
26805
26807
26808
26809
26810
26811
26812
26813
26814
26816
26818
26819
26821
26822
26826
26828
26831
26832
26834
26835
26837
26838
26839
26840
26841
26842
26846
26849
26851
26853
26854
26856
26857
26859
26860
26861
26862
26863
26865
26866
26871
26875
26876
26878
26881
26883
26884
26888
26889
26890
26893
26894
26895
26896
26897
26901
26902
26904
26905
26907
26908
26909
26914
26917
26921
26925
26926
26929
26930
26932
26933
26934
26936
26937
26938
26944
26945
26948
26951
26952
26953
26954
26955
26956
26957
26958
26959
26961
26962
26963
26964
26967
26969
26970
26972
26973
26975
26978
26981
26983
26985
26986
26987
26988
26989
26991
26992
26993
26994
26995
26996
26998
26999
27000
27001
27002
27004
27005
27006
27008
27009
27011
27013
27014
27016
27017
27022
27024
27025
27026
27029
27030
27036
27037
27038
27043
27051
27052
27057
27058
27059
27060
27062
27064
27069
27071
27074
27075
27079
27081
27084
27085
27086
27087
27089
27091
27092
27095
27096
27098
27099
27100
27101
27103
27104
27105
27106
27107
27108
27109
27111
27116
27117
27118
27119
27121
27123
27126
27127
27128
27129
27130
27131
27132
27134
27138
27143
27144
27146
27148
27149
27150
27151
27157
27158
27160
27163
27168
27171
27172
27173
27175
27176
27179
27180
27188
27193
27198
27200
27207
27208
27209
27210
27213
27215
27216
27217
27218
27221
27223
27224
27225
27226
27232
27234
27236
27239
27243
27244
27248
27250
27251
27252
27255
27256
27259
27260
27261
27265
27266
27268
27270
27275
27277
27279
27281
27282
27283
27285
27287
27290
27292
27293
27294
27295
27296
27297
27299
27300
27303
27304
27310
27318
27321
27323
27325
27328
27330
27331
27332
27334
27336
27337
27341
27342
27343
27347
27350
27352
27353
27354
27355
27356
27357
27359
27363
27364
27366
27367
27370
27371
27373
27374
27379
27383
27384
27385
27389
27390
27392
27395
27396
27397
27398
27399
27400
27401
27405
27406
27414
27418
27419
27420
27422
27423
27426
27427
27431
27433
27434
27435
27437
27439
27442
27443
27444
27445
27447
27448
27451
27456
27460
27463
27464
27468
27470
27475
27476
27477
27478
27480
27484
27485
27486
27490
27492
27495
27497
27499
27501
27502
27503
27504
27505
27509
27511
27512
27514
27517
27520
27522
27525
27527
27528
27530
27533
27534
27537
27539
27541
27543
27555
27558
27560
27565
27566
27568
27569
27571
27572
27573
27574
27575
27576
27577
27578
27580
27581
27583
27584
27593
27594
27597
27601
27603
27604
27607
27614
27615
27617
27618
27619
27621
27624
27625
27634
27635
27636
27638
27639
27642
27643
27644
27649
27657
27660
27661
27663
27664
27665
27668
27674
27676
27679
27685
27692
27693
27696
27701
27707
27708
27709
27711
27713
27714
27716
27718
27719
27720
27721
27723
27725
27726
27730
27732
27739
27744
27746
27748
27749
27750
27751
27759
27760
27763
27766
27768
27769
27770
27771
27774
27781
27783
27784
27785
27786
27794
27796
27805
27807
27810
27811
27815
27820
27829
27832
27833
27837
27839
27840
27844
27845
27849
27850
27852
27854
27858
27859
27864
27865
27866
27869
27876
27887
27888
27889
27890
27895
27896
27898
27902
27903
27908
27916
27922
27926
27927
27932
27933
27935
27937
27942
27944
27946
27947
27950
27953
27954
27957
27959
27960
27961
27966
27969
27971
27972
27973
27974
27977
27979
27984
27993
27995
27998
28001
28002
28013
28014
28015
28019
28020
28021
28023
28024
28029
28039
28044
28045
28047
28049
28052
28053
28057
28058
28065
28070
28077
28081
28083
28086
28094
28096
28100
28101
28102
28104
28110
28111
28118
28121
28124
28130
28132
28135
28137
28144
28156
28159
28160
28161
28163
28167
28169
28170
28172
28179
28186
28189
28199
28200
28201
28202
28204
28209
28210
28214
28221
28227
28228
28235
28237
28242
28243
28245
28246
28248
28252
28259
28261
28268
28271
28274
28280
28284
28286
28290
28292
28296
28300
28301
28309
28320
28325
28326
28329
28339
28342
28343
28344
28347
28348
28349
28351
28352
28353
28354
28355
28359
28361
28363
28367
28368
28373
28377
28380
28381
28384
28385
28389
28392
28393
28395
28398
28399
28404
28406
28408
28415
28416
28417
28418
28419
28420
28421
28422
28426
28433
28436
28441
28442
28443
28445
28447
28448
28451
28455
28456
28457
28459
28461
28465
28466
28471
28472
28475
28484
28485
28486
28487
28488
28491
28492
28493
28494
28496
28499
28500
28501
28502
28503
28505
28507
28509
28510
28511
28514
28516
28517
28518
28519
28520
28521
28524
28526
28528
28529
28530
28531
28532
28533
28535
28536
28537
28538
28539
28540
28541
28542
28543
28545
28546
28547
28548
28550
28551
28552
28553
28554
28556
28557
28558
28559
28560
28562
28563
28564
28566
28567
28568
28569
28571
28572
28573
28575
28576
28578
28579
28580
28581
28582
28584
28588
28589
28590
28592
28593
28594
28596
28597
28599
28600
28602
28603
28604
28605
28606
28608
28609
28610
28612
28613
28614
28615
28616
28617
28619
28622
28624
28625
28626
28628
28629
28631
28632
28633
28634
28635
28636
28637
28638
28639
28640
28642
28643
28644
28646
28649
28650
28651
28652
28653
28654
28657
28658
28660
28661
28662
28664
28665
28666
28668
28670
28674
28675
28676
28678
28679
28681
28682
28683
28684
28687
28688
28689
28690
28692
28693
28694
28696
28697
28698
28699
28700
28702
28704
28705
28708
28710
28711
28712
28713
28714
28717
28721
28722
28724
28725
28726
28727
28728
28729
28731
28734
28735
28736
28737
28739
28742
28745
28746
28747
28750
28754
28757
28758
28762
28763
28764
28768
28771
28772
28773
28774
28777
28778
28781
28782
28783
28784
28788
28789
28790
28791
28792
28793
28794
28795
28797
28798
28799
28800
28801
28803
28804
28805
28808
28809
28810
28813
28814
28816
28819
28820
28821
28822
28825
28827
28828
28829
28830
28831
28835
28836
28840
28843
28845
28846
28847
28850
28853
28854
28859
28860
28864
28865
28866
28868
28869
28871
28872
28876
28877
28878
28879
28881
28882
28883
28884
28886
28889
28892
28893
28896
28898
28900
28901
28902
28904
28905
28909
28911
28912
28913
28916
28917
28918
28919
28921
28923
28925
28926
28928
28932
28933
28935
28936
28940
28941
28942
28943
28944
28947
28950
28955
28957
28961
28964
28966
28967
28974
28977
28978
28979
28981
28982
28984
28985
28986
28990
28991
28992
28994
28996
28998
29001
29002
29005
29006
29008
29009
29011
29014
29016
29020
29021
29027
29030
29031
29034
29036
29038
29040
29041
29043
29044
29047
29048
29049
29051
29052
29053
29055
29059
29061
29066
29067
29071
29073
29074
29078
29081
29085
29086
29087
29088
29093
29094
29096
29100
29102
29104
29106
29108
29109
29112
29118
29121
29125
29126
29132
29136
29137
29138
29144
29146
29147
29148
29149
29151
29152
29153
29154
29155
29156
29157
29160
29166
29168
29169
29170
29172
29173
29177
29183
29187
29188
29190
29193
29195
29198
29202
29206
29210
29211
29218
29220
29221
29222
29223
29226
29227
29230
29232
29234
29242
29243
29244
29248
29250
29251
29253
29254
29256
29257
29258
29259
29260
29263
29264
29269
29271
29273
29274
29275
29276
29279
29284
29285
29286
29287
29288
29292
29297
29299
29301
29302
29304
29306
29310
29313
29314
29315
29316
29317
29320
29323
29326
29327
29332
29334
29335
29339
29341
29343
29345
29347
29349
29355
29356
29357
29368
29370
29371
29376
29377
29378
29379
29380
29381
29382
29383
29386
29387
29388
29390
29391
29392
29394
29396
29402
29404
29410
29411
29412
29415
29417
29420
29421
29424
29427
29428
29431
29432
29434
29439
29443
29444
29445
29448
29455
29461
29462
29463
29464
29465
29466
29468
29470
29471
29481
29486
29487
29488
29490
29491
29493
29494
29497
29499
29500
29504
29507
29510
29512
29514
29515
29517
29519
29524
29526
29527
29528
29531
29532
29533
29535
29537
29538
29540
29541
29542
29543
29546
29550
29551
29553
29554
29555
29556
29557
29558
29559
29565
29566
29567
29570
29571
29572
29576
29578
29579
29580
29582
29584
29586
29587
29588
29589
29590
29593
29594
29596
29598
29600
29602
29603
29604
29606
29607
29608
29611
29612
29615
29617
29619
29620
29621
29624
29626
29627
29628
29630
29631
29632
29633
29634
29635
29638
29640
29641
29642
29643
29645
29647
29648
29650
29652
29653
29656
29657
29658
29659
29660
29664
29666
29667
29668
29670
29672
29673
29675
29676
29680
29683
29685
29686
29689
29690
29691
29692
29694
29696
29697
29698
29699
29700
29703
29704
29706
29710
29711
29717
29720
29734
29736
29737
29739
29742
29747
29749
29750
29753
29757
29765
29767
29768
29775
29777
29797
29802
29803
29809
29810
29812
29813
29815
29818
29823
29824
29826
29829
29833
29840
29848
29864
29867
29874
29876
29880
29884
29889
29898
29917
29922
29926
29929
29931
29935
29954
29970
29996
30008
30031
30034
30039
30044
30048
30050
30061
30070
30073
30081
30085
30086
30100
30151
30152
30155
30157
30158
30163
30174
30189
30207
30209
30211
30231
30256
30287
30354
30357
30370
30371
30380
30381
30382
30386
30387
30390
30391
30392
30393
30395
30396
30397
30398
30399
30400
30401
30402
30403
30404
30405
30406
30407
30408
30409
30410
30411
30412
30414
30415
30416
30417
30418
30420
30422
30423
30425
30426
30427
30428
30429
30430
30431
30432
30434
30435
30436
30438
30439
30440
30441
30442
30444
30445
30447
30449
30450
30452
30453
30454
30456
30458
30459
30460
30461
30462
30463
30465
30466
30468
30471
30472
30474
30475
30477
30478
30479
30480
30481
30482
30483
30484
30485
30487
30490
30491
30493
30494
30496
30499
30500
30501
30502
30503
30507
30508
30509
30510
30512
30514
30515
30516
30518
30519
30523
30524
30525
30527
30528
30529
30530
30531
30532
30533
30535
30536
30538
30539
30542
30543
30544
30545
30547
30548
30549
30550
30551
30553
30554
30555
30556
30559
30561
30563
30564
30565
30570
30571
30573
30574
30575
30576
30577
30578
30579
30580
30583
30585
30588
30589
30590
30592
30594
30595
30596
30597
30605
30606
30607
30608
30610
30611
30613
30615
30616
30618
30621
30623
30627
30629
30631
30634
30635
30636
30637
30639
30640
30643
30645
30646
30648
30649
30651
30654
30657
30661
30662
30665
30666
30668
30670
30673
30674
30675
30677
30678
30684
30686
30687
30695
30697
30699
30700
30701
30702
30703
30704
30707
30708
30709
30710
30711
30713
30714
30718
30720
30721
30723
30724
30725
30728
30729
30730
30731
30733
30734
30737
30738
30740
30744
30745
30746
30750
30752
30753
30754
30755
30756
30758
30762
30763
30764
30765
30768
30769
30773
30775
30776
30779
30780
30785
30786
30789
30790
30791
30793
30794
30795
30796
30797
30800
30804
30805
30806
30809
30810
30811
30812
30814
30815
30817
30820
30821
30822
30823
30825
30827
30832
30833
30835
30836
30843
30846
30847
30848
30849
30850
30851
30852
30855
30856
30857
30860
30862
30864
30865
30867
30868
30870
30874
30875
30876
30877
30880
30883
30884
30885
30886
30887
30890
30892
30893
30896
30897
30899
30900
30902
30904
30905
30906
30910
30911
30912
30914
30917
30919
30923
30925
30928
30929
30931
30932
30933
30934
30935
30936
30937
30940
30946
30947
30948
30949
30951
30953
30954
30961
30964
30965
30969
30970
30973
30974
30975
30977
30978
30980
30985
30986
30988
30989
30991
30993
30999
31005
31007
31008
31009
31011
31012
31019
31021
31022
31023
31028
31031
31033
31034
31035
31036
31038
31039
31040
31043
31045
31046
31047
31049
31050
31052
31053
31061
31064
31067
31068
31071
31073
31075
31078
31080
31082
31083
31085
31086
31087
31088
31089
31090
31091
31093
31094
31097
31098
31100
31103
31104
31105
31107
31108
31110
31113
31115
31119
31120
31128
31130
31134
31135
31136
31137
31140
31141
31142
31144
31147
31148
31150
31151
31153
31157
31158
31159
31161
31162
31167
31170
31171
31172
31173
31178
31181
31190
31191
31192
31193
31194
31195
31198
31199
31200
31201
31206
31207
31209
31216
31217
31218
31219
31221
31224
31225
31229
31230
31232
31237
31239
31244
31245
31247
31248
31258
31261
31264
31265
31266
31268
31271
31272
31273
31277
31282
31284
31286
31287
31288
31289
31290
31291
31292
31299
31303
31304
31305
31307
31310
31311
31315
31317
31318
31323
31327
31328
31329
31333
31334
31336
31338
31341
31346
31349
31350
31351
31352
31354
31356
31358
31359
31361
31365
31371
31373
31374
31377
31378
31379
31382
31385
31388
31390
31391
31392
31393
31394
31397
31398
31399
31400
31402
31405
31406
31410
31411
31412
31413
31421
31425
31427
31428
31430
31432
31438
31443
31448
31449
31453
31459
31460
31461
31463
31465
31467
31468
31471
31474
31479
31480
31482
31483
31485
31492
31498
31502
31507
31510
31519
31521
31522
31523
31525
31533
31534
31536
31542
31544
31546
31551
31556
31558
31562
31564
31565
31566
31575
31578
31579
31580
31590
31592
31595
31597
31598
31603
31605
31607
31613
31614
31616
31620
31622
31624
31625
31628
31633
31636
31643
31644
31653
31656
31657
31658
31662
31664
31666
31667
31670
31673
31678
31679
31683
31686
31687
31690
31691
31697
31698
31700
31701
31708
31709
31710
31713
31716
31719
31724
31726
31727
31733
31736
31737
31739
31741
31743
31744
31745
31753
31757
31758
31759
31762
31766
31769
31775
31777
31785
31786
31790
31791
31798
31810
31814
31821
31824
31825
31835
31836
31845
31862
31869
31873
31875
31877
31878
31880
31881
31883
31884
31885
31889
31890
31897
31902
31903
31904
31911
31913
31915
31916
31924
31925
31927
31928
31935
31936
31941
31942
31950
31951
31953
31954
31959
31964
31979
31981
31983
31986
31988
31997
32001
32002
32010
32011
32012
32015
32017
32023
32025
32031
32035
32037
32040
32042
32053
32055
32058
32059
32060
32061
32063
32064
32067
32068
32069
32070
32071
32073
32075
32077
32081
32086
32087
32088
32089
32094
32097
32098
32099
32100
32103
32105
32106
32107
32108
32109
32111
32113
32116
32119
32120
32122
32125
32127
32129
32130
32133
32134
32135
32140
32141
32142
32144
32147
32150
32151
32155
32156
32159
32161
32164
32169
32171
32173
32174
32176
32177
32178
32180
32181
32182
32183
32184
32186
32188
32189
32190
32192
32193
32194
32195
32198
32199
32200
32201
32202
32203
32204
32205
32206
32207
32208
32209
32210
32211
32213
32214
32215
32216
32217
32222
32223
32224
32225
32226
32227
32228
32229
32230
32231
32232
32233
32234
32235
32237
32238
32239
32240
32241
32242
32244
32246
32247
32249
32250
32251
32252
32254
32255
32256
32257
32258
32259
32260
32263
32264
32265
32268
32269
32270
32271
32272
32273
32274
32276
32278
32279
32280
32281
32282
32283
32284
32285
32286
32287
32289
32290
32291
32292
32293
32294
32295
32296
32297
32298
32300
32302
32305
32306
32307
32308
32309
32310
32311
32312
32313
32314
32316
32317
32318
32319
32322
32324
32325
32326
32327
32328
32329
32330
32331
32333
32334
32335
32336
32338
32339
32340
32341
32342
32343
32345
32349
32350
32351
32353
32354
32357
32358
32360
32363
32364
32365
32366
32367
32368
32369
32370
32371
32372
32373
32375
32376
32377
32378
32379
32380
32381
32382
32383
32384
32385
32387
32389
32390
32391
32392
32393
32394
32395
32396
32397
32398
32400
32401
32402
32403
32405
32407
32411
32412
32413
32414
32415
32420
32421
32422
32423
32424
32426
32427
32428
32429
32430
32431
32432
32433
32434
32436
32438
32440
32441
32442
32443
32445
32446
32448
32449
32450
32451
32452
32453
32454
32455
32456
32458
32459
32460
32461
32462
32463
32466
32467
32468
32469
32471
32472
32473
32474
32475
32476
32477
32480
32481
32485
32486
32487
32488
32491
32494
32496
32498
32499
32501
32503
32504
32505
32507
32508
32509
32512
32513
32514
32515
32517
32518
32519
32521
32526
32527
32529
32530
32531
32532
32534
32536
32537
32538
32539
32540
32541
32542
32543
32545
32548
32549
32553
32554
32555
32557
32559
32560
32561
32563
32564
32565
32566
32567
32569
32570
32571
32572
32573
32574
32576
32577
32579
32580
32582
32583
32584
32585
32593
32595
32596
32598
32599
32600
32602
32603
32604
32606
32607
32610
32612
32613
32614
32615
32616
32618
32620
32621
32622
32623
32624
32625
32626
32627
32629
32630
32631
32633
32635
32637
32639
32640
32641
32642
32643
32647
32652
32653
32654
32655
32657
32658
32659
32661
32662
32666
32667
32668
32669
32673
32674
32676
32677
32680
32681
32685
32686
32688
32691
32692
32694
32696
32697
32698
32700
32701
32703
32704
32705
32706
32707
32708
32713
32714
32715
32719
32720
32723
32724
32727
32728
32730
32731
32734
32735
32736
32737
32739
32742
32743
32745
32747
32748
32749
32750
32751
32752
32754
32756
32759
32760
32761
32764
32767
32771
32772
32773
32775
32779
32780
32785
32786
32790
32794
32795
32796
32797
32799
32800
32801
32802
32803
32805
32806
32809
32815
32817
32819
32820
32822
32823
32825
32826
32827
32828
32829
32831
32832
32835
32837
32838
32839
32842
32844
32846
32850
32856
32860
32861
32862
32866
32868
32869
32871
32874
32875
32876
32879
32880
32885
32886
32887
32889
32891
32895
32897
32899
32904
32910
32911
32912
32913
32914
32916
32917
32918
32920
32923
32926
32931
32932
32933
32934
32935
32936
32937
32938
32944
32946
32948
32951
32952
32955
32956
32958
32960
32961
32962
32965
32966
32968
32969
32970
32973
32975
32976
32978
32980
32986
32988
32990
32991
32992
32994
32997
32998
32999
33000
33001
33006
33013
33016
33018
33020
33021
33022
33023
33024
33027
33028
33029
33030
33031
33034
33035
33037
33038
33041
33044
33046
33049
33050
33051
33052
33055
33057
33059
33060
33061
33063
33068
33069
33070
33080
33082
33083
33084
33087
33088
33091
33092
33094
33095
33096
33097
33100
33101
33104
33107
33108
33109
33110
33116
33118
33123
33128
33134
33135
33136
33137
33139
33140
33142
33143
33146
33148
33150
33151
33156
33158
33161
33162
33163
33164
33165
33168
33169
33170
33171
33173
33175
33176
33177
33178
33179
33180
33182
33185
33187
33188
33189
33193
33194
33195
33196
33199
33200
33201
33204
33206
33207
33209
33213
33214
33215
33216
33217
33219
33221
33222
33223
33224
33225
33227
33229
33231
33232
33233
33235
33236
33239
33241
33243
33244
33245
33246
33247
33248
33250
33251
33252
33254
33255
33256
33257
33258
33260
33262
33265
33267
33268
33269
33270
33271
33272
33273
33274
33279
33280
33281
33282
33283
33284
33287
33289
33290
33291
33292
33293
33294
33296
33299
33300
33301
33303
33304
33305
33307
33308
33309
33311
33312
33313
33314
33316
33318
33321
33322
33325
33326
33328
33330
33333
33334
33335
33340
33341
33342
33343
33344
33345
33347
33348
33349
33352
33353
33354
33355
33356
33358
33359
33362
33364
33365
33367
33368
33369
33370
33372
33374
33377
33378
33379
33380
33381
33382
33383
33384
33385
33386
33387
33388
33389
33390
33391
33392
33393
33396
33397
33399
33400
33402
33403
33404
33405
33406
33407
33408
33410
33411
33412
33413
33414
33415
33417
33418
33419
33420
33421
33423
33424
33425
33428
33434
33438
33439
33440
33443
33445
33449
33452
33456
33458
33463
33464
33465
33467
33468
33470
33471
33475
33483
33489
33490
33495
33496
33499
33505
33508
33512
33525
33526
33540
33544
33546
33549
33552
33553
33555
33556
33561
33563
33569
33570
33575
33576
33577
33584
33587
33596
33598
33600
33603
33605
33611
33615
33637
33640
33652
33670
33680
33681
33686
33688
33716
33726
33732
33747
33765
33770
33772
33775
33779
33783
33820
33827
33835
33846
33853
33855
33861
33868
33893
33895
33897
33898
33927
33937
33951
33968
33981
33982
33989
33993
33994
33997
33998
34007
34009
34010
34024
34030
34042
34050
34055
34070
34083
34091
34097
34098
34100
34101
34102
34104
34105
34106
34108
34109
34110
34111
34113
34114
34116
34117
34118
34119
34120
34121
34122
34123
34126
34127
34128
34129
34130
34131
34132
34133
34134
34135
34136
34137
34139
34140
34141
34142
34143
34144
34145
34146
34147
34148
34151
34152
34154
34155
34156
34159
34160
34161
34163
34164
34166
34167
34170
34172
34173
34175
34176
34179
34180
34183
34184
34185
34187
34188
34189
34193
34194
34196
34197
34198
34199
34200
34201
34202
34203
34204
34205
34206
34207
34208
34210
34212
34214
34215
34217
34218
34219
34220
34222
34223
34225
34226
34228
34229
34230
34231
34232
34233
34235
34237
34238
34239
34240
34241
34242
34244
34245
34247
34248
34250
34252
34254
34255
34256
34257
34258
34260
34261
34262
34263
34265
34266
34269
34270
34272
34275
34276
34277
34279
34282
34284
34286
34287
34288
34289
34290
34291
34294
34297
34298
34299
34301
34302
34303
34305
34306
34307
34310
34313
34314
34316
34318
34319
34320
34321
34322
34324
34325
34326
34327
34329
34330
34332
34333
34334
34335
34336
34338
34339
34342
34344
34345
34346
34349
34353
34354
34356
34357
34358
34360
34361
34362
34363
34364
34366
34367
34369
34379
34380
34382
34384
34385
34387
34391
34392
34393
34396
34397
34398
34400
34401
34403
34405
34406
34408
34409
34411
34412
34414
34415
34416
34417
34419
34420
34421
34422
34423
34424
34425
34426
34428
34429
34430
34431
34432
34433
34434
34435
34436
34437
34438
34439
34441
34442
34443
34444
34445
34446
34449
34450
34452
34460
34464
34465
34466
34469
34470
34478
34479
34481
34482
34483
34485
34486
34487
34488
34490
34492
34493
34497
34499
34501
34502
34505
34507
34509
34510
34513
34514
34515
34517
34519
34520
34522
34523
34524
34526
34527
34528
34531
34533
34534
34535
34536
34537
34538
34539
34541
34543
34544
34547
34548
34549
34550
34551
34552
34554
34556
34560
34561
34563
34565
34566
34567
34569
34574
34575
34576
34577
34578
34579
34580
34581
34582
34583
34585
34588
34590
34591
34595
34600
34601
34604
34605
34607
34608
34609
34610
34611
34612
34616
34617
34620
34621
34622
34624
34625
34627
34630
34633
34635
34637
34640
34642
34643
34645
34647
34649
34650
34653
34654
34655
34656
34658
34660
34662
34663
34665
34668
34669
34670
34672
34673
34677
34678
34683
34686
34687
34688
34689
34690
34691
34692
34697
34698
34699
34700
34701
34705
34709
34711
34713
34714
34715
34717
34718
34723
34724
34726
34728
34730
34731
34733
34734
34737
34739
34741
34745
34747
34749
34751
34752
34753
34754
34755
34756
34757
34758
34760
34761
34762
34764
34765
34767
34768
34772
34775
34778
34781
34782
34783
34785
34786
34787
34789
34791
34792
34793
34794
34795
34796
34797
34798
34799
34801
34802
34803
34804
34807
34809
34812
34815
34816
34817
34818
34819
34820
34824
34826
34828
34829
34831
34832
34833
34834
34837
34838
34840
34841
34844
34845
34846
34847
34849
34850
34851
34852
34853
34855
34856
34859
34860
34861
34862
34863
34864
34865
34868
34870
34871
34872
34873
34875
34876
34882
34883
34884
34885
34887
34888
34889
34891
34893
34895
34896
34903
34904
34905
34906
34907
34908
34910
34911
34913
34914
34918
34921
34923
34925
34928
34932
34933
34939
34942
34943
34946
34947
34950
34953
34955
34956
34958
34959
34961
34962
34963
34964
34965
34966
34967
34968
34969
34970
34971
34972
34974
34975
34978
34979
34981
34982
34983
34984
34985
34987
34988
34989
34990
34992
34993
34995
34996
34998
35000
35003
35006
35007
35008
35011
35012
35013
35016
35019
35021
35024
35025
35029
35030
35035
35041
35042
35043
35046
35047
35049
35050
35051
35053
35054
35055
35057
35062
35063
35064
35065
35066
35067
35068
35069
35070
35075
35077
35079
35082
35085
35086
35088
35089
35096
35098
35099
35100
35104
35105
35106
35107
35108
35110
35116
35119
35120
35123
35124
35130
35131
35132
35133
35134
35135
35136
35137
35138
35139
35140
35145
35146
35148
35149
35150
35152
35153
35154
35155
35158
35159
35160
35163
35165
35166
35172
35173
35177
35179
35180
35183
35184
35185
35186
35187
35188
35190
35194
35196
35198
35199
35201
35206
35208
35209
35211
35212
35213
35216
35217
35218
35222
35229
35230
35233
35235
35237
35239
35243
35247
35248
35250
35252
35254
35261
35262
35265
35268
35269
35270
35280
35282
35285
35286
35287
35288
35289
35293
35297
35301
35304
35307
35309
35310
35312
35315
35316
35317
35318
35320
35321
35322
35323
35325
35326
35333
35336
35340
35342
35344
35347
35350
35355
35358
35361
35366
35367
35370
35374
35377
35378
35379
35380
35385
35387
35388
35391
35393
35394
35397
35399
35400
35401
35404
35406
35407
35409
35412
35414
35419
35421
35422
35423
35425
35429
35434
35437
35440
35447
35451
35455
35458
35463
35464
35468
35470
35472
35473
35475
35481
35482
35483
35484
35485
35490
35498
35499
35500
35502
35507
35514
35515
35522
35524
35527
35528
35530
35532
35536
35539
35540
35544
35549
35551
35553
35555
35557
35559
35563
35571
35572
35577
35578
35583
35587
35588
35589
35591
35592
35594
35595
35596
35597
35598
35604
35607
35610
35611
35616
35617
35618
35620
35622
35623
35628
35629
35632
35633
35634
35637
35642
35643
35647
35649
35650
35651
35652
35653
35654
35656
35659
35661
35663
35664
35665
35666
35670
35673
35675
35684
35686
35689
35690
35691
35692
35695
35696
35698
35699
35701
35702
35704
35708
35709
35712
35713
35714
35717
35723
35724
35728
35729
35733
35736
35738
35739
35741
35743
35745
35746
35749
35757
35758
35766
35767
35768
35770
35777
35778
35781
35786
35789
35790
35791
35795
35796
35798
35800
35801
35802
35803
35807
35808
35813
35814
35816
35817
35818
35819
35820
35821
35823
35824
35826
35827
35828
35831
35832
35833
35834
35836
35837
35838
35841
35842
35843
35844
35845
35846
35847
35848
35849
35852
35853
35855
35858
35860
35867
35869
35870
35871
35872
35873
35874
35875
35877
35879
35881
35883
35884
35885
35887
35889
35891
35895
35898
35899
35900
35901
35903
35904
35908
35909
35912
35913
35914
35915
35916
35918
35919
35920
35921
35923
35925
35927
35928
35929
35930
35931
35932
35934
35935
35936
35937
35938
35939
35940
35941
35943
35944
35945
35946
35947
35948
35949
35950
35951
35952
35954
35955
35957
35958
35959
35960
35961
35962
35963
35964
35965
35966
35967
35968
35969
35971
35972
35973
35974
35975
35976
35977
35979
35980
35981
35982
35983
35984
35985
35986
35987
35990
35991
35992
35993
35995
35996
35997
35999
36000
36001
36002
36003
36004
36005
36006
36009
36010
36011
36012
36014
36016
36017
36019
36020
36021
36022
36023
36025
36027
36028
36030
36031
36032
36033
36034
36035
36037
36038
36040
36042
36043
36044
36045
36047
36048
36049
36050
36052
36053
36054
36055
36056
36057
36058
36059
36061
36062
36063
36064
36065
36066
36067
36069
36070
36072
36074
36077
36078
36079
36080
36081
36082
36084
36085
36086
36087
36088
36089
36090
36091
36092
36093
36094
36095
36098
36100
36101
36102
36103
36104
36105
36107
36108
36109
36110
36111
36112
36113
36115
36116
36117
36118
36119
36121
36122
36123
36124
36126
36127
36128
36129
36132
36133
36134
36135
36137
36138
36139
36140
36141
36142
36144
36145
36146
36148
36149
36150
36151
36152
36154
36155
36156
36157
36158
36159
36161
36163
36165
36166
36167
36168
36170
36172
36173
36174
36175
36176
36179
36181
36182
36183
36184
36186
36187
36188
36191
36192
36193
36194
36195
36199
36200
36202
36203
36204
36205
36212
36214
36217
36218
36219
36222
36223
36225
36226
36227
36229
36230
36231
36233
36235
36237
36238
36239
36241
36245
36248
36250
36252
36255
36256
36258
36259
36260
36261
36263
36266
36268
36270
36271
36272
36274
36275
36276
36277
36278
36279
36280
36281
36282
36284
36287
36288
36293
36294
36296
36297
36300
36306
36307
36308
36309
36310
36311
36313
36314
36316
36317
36320
36321
36323
36324
36325
36326
36328
36330
36333
36334
36337
36338
36339
36340
36341
36343
36344
36345
36346
36347
36349
36351
36353
36354
36356
36360
36361
36362
36363
36364
36365
36369
36370
36371
36375
36378
36379
36380
36383
36385
36386
36387
36390
36391
36392
36393
36395
36399
36400
36401
36402
36404
36405
36407
36409
36410
36411
36412
36413
36415
36416
36418
36419
36420
36421
36422
36424
36425
36427
36428
36430
36432
36434
36437
36439
36441
36442
36444
36445
36446
36447
36448
36449
36451
36453
36455
36456
36457
36458
36459
36462
36463
36464
36465
36468
36469
36472
36473
36474
36475
36477
36479
36481
36482
36486
36487
36489
36491
36492
36493
36494
36495
36499
36501
36502
36506
36509
36511
36513
36514
36515
36518
36521
36522
36524
36525
36526
36528
36531
36532
36533
36534
36536
36537
36539
36541
36545
36546
36547
36548
36549
36551
36552
36553
36554
36555
36556
36560
36561
36564
36567
36574
36575
36576
36577
36580
36581
36582
36583
36584
36588
36591
36593
36595
36597
36598
36599
36601
36602
36603
36605
36606
36615
36618
36620
36621
36622
36624
36625
36626
36627
36630
36632
36634
36638
36639
36640
36646
36647
36648
36649
36651
36654
36655
36656
36658
36661
36664
36666
36667
36669
36670
36671
36674
36675
36677
36679
36680
36682
36683
36684
36687
36688
36692
36699
36700
36701
36702
36704
36705
36706
36707
36708
36710
36711
36712
36714
36716
36717
36718
36720
36721
36725
36727
36728
36731
36732
36733
36734
36736
36738
36743
36744
36747
36749
36750
36752
36753
36754
36755
36756
36759
36760
36761
36762
36763
36766
36767
36769
36770
36771
36773
36775
36777
36779
36781
36783
36784
36785
36786
36788
36789
36790
36791
36793
36794
36796
36799
36800
36806
36807
36808
36809
36810
36811
36814
36815
36816
36819
36820
36823
36824
36825
36826
36828
36832
36834
36835
36836
36837
36838
36839
36842
36845
36846
36848
36849
36851
36852
36855
36856
36857
36859
36860
36862
36865
36869
36870
36871
36872
36874
36876
36880
36881
36882
36883
36885
36886
36887
36888
36889
36890
36891
36892
36893
36896
36898
36899
36901
36903
36906
36907
36908
36909
36911
36912
36916
36917
36918
36920
36922
36923
36924
36925
36926
36928
36929
36932
36933
36935
36937
36938
36940
36942
36943
36945
36946
36949
36950
36954
36955
36956
36957
36958
36961
36963
36964
36965
36969
36970
36972
36974
36976
36979
36981
36982
36983
36984
36985
36986
36987
36988
36990
36993
36994
36995
36996
36997
36998
36999
37000
37001
37003
37004
37006
37007
37008
37012
37015
37016
37018
37019
37020
37022
37026
37027
37028
37030
37032
37035
37037
37038
37040
37042
37043
37044
37045
37047
37048
37049
37050
37052
37055
37056
37057
37058
37061
37062
37063
37064
37066
37067
37068
37069
37070
37073
37075
37076
37078
37079
37080
37081
37084
37086
37087
37088
37089
37092
37093
37094
37095
37096
37097
37098
37099
37100
37101
37102
37103
37104
37107
37108
37109
37110
37111
37113
37114
37115
37116
37117
37118
37119
37120
37121
37122
37123
37124
37125
37126
37127
37128
37129
37130
37131
37132
37133
37134
37136
37137
37138
37139
