3
5
7
16
17
18
29
33
36
40
41
46
48
53
63
64
99
101
109
112
114
115
116
123
127
133
135
137
141
142
143
145
146
147
162
163
167
170
174
181
189
202
206
207
211
213
216
250
258
260
261
262
279
296
312
315
321
326
327
332
339
368
370
372
380
386
388
396
398
421
427
437
442
458
460
465
466
481
482
483
495
498
502
506
515
521
522
524
533
542
572
577
579
585
590
596
598
599
603
609
632
633
636
641
644
646
651
656
662
663
670
674
675
676
681
682
683
684
685
686
687
688
689
690
691
692
693
700
702
703
704
705
706
707
708
709
710
711
712
713
714
715
716
720
721
722
723
724
725
726
727
728
731
733
735
737
738
739
741
742
746
747
748
749
756
757
758
759
761
762
766
767
768
769
771
772
773
774
775
776
778
779
781
782
785
786
787
788
789
790
791
792
796
797
798
799
800
801
802
803
805
806
809
811
812
814
816
818
819
820
821
822
823
824
825
826
828
830
832
835
837
841
844
845
846
849
852
858
860
861
862
865
866
868
869
870
871
872
875
878
880
881
882
886
888
890
892
895
896
899
900
901
902
904
906
913
917
918
919
922
923
930
931
934
938
940
942
944
945
949
952
954
955
956
957
958
961
963
965
966
970
973
974
977
978
984
985
986
987
988
989
991
994
996
997
1000
1003
1007
1008
1009
1011
1013
1014
1016
1017
1018
1019
1020
1025
1026
1030
1032
1035
1038
1039
1040
1041
1043
1044
1045
1047
1049
1050
1051
1053
1055
1058
1062
1065
1066
1068
1069
1071
1073
1074
1075
1081
1083
1084
1086
1087
1093
1094
1096
1097
1099
1100
1102
1103
1104
1105
1107
1108
1110
1113
1116
1118
1121
1122
1123
1130
1131
1134
1139
1140
1143
1148
1154
1156
1157
1162
1164
1167
1168
1172
1173
1174
1177
1182
1193
1199
1202
1204
1205
1207
1208
1211
1216
1217
1219
1221
1226
1227
1229
1233
1247
1249
1252
1253
1255
1256
1258
1259
1260
1261
1262
1265
1266
1268
1271
1273
1279
1285
1286
1288
1295
1296
1297
1298
1309
1311
1313
1314
1319
1325
1326
1327
1330
1332
1333
1334
1337
1338
1340
1350
1353
1357
1360
1362
1364
1366
1368
1370
1375
1376
1377
1379
1385
1386
1391
1396
1398
1402
1403
1411
1416
1418
1419
1421
1424
1433
1434
1437
1439
1441
1443
1444
1448
1458
1461
1462
1465
1470
1472
1473
1477
1478
1487
1488
1489
1495
1497
1500
1501
1507
1512
1513
1516
1518
1519
1521
1527
1533
1535
1536
1540
1541
1543
1554
1555
1559
1560
1561
1562
1563
1570
1572
1576
1577
1579
1580
1582
1587
1590
1593
1595
1599
1604
1605
1606
1607
1609
1610
1612
1613
1615
1617
1618
1620
1621
1623
1624
1627
1629
1636
1637
1639
1641
1644
1646
1647
1649
1663
1664
1665
1666
1673
1682
1686
1688
1690
1692
1693
1696
1698
1701
1702
1706
1707
1710
1711
1712
1720
1722
1723
1724
1725
1726
1734
1737
1744
1745
1747
1751
1752
1759
1761
1762
1767
1768
1770
1776
1781
1782
1787
1792
1803
1806
1809
1813
1818
1819
1827
1830
1831
1833
1839
1842
1844
1845
1846
1847
1848
1851
1852
1855
1863
1872
1874
1876
1877
1878
1883
1897
1898
1907
1908
1910
1918
1924
1930
1933
1934
1939
1941
1944
1946
1948
1957
1962
1963
1964
1967
1972
1980
1987
1995
1997
2000
2001
2003
2004
2006
2007
2012
2016
2017
2021
2024
2028
2032
2038
2039
2041
2042
2043
2045
2046
2047
2059
2071
2074
2079
2087
2089
2101
2103
2105
2108
2111
2112
2113
2116
2121
2125
2127
2129
2133
2138
2141
2146
2150
2151
2157
2165
2166
2168
2169
2171
2172
2174
2175
2185
2189
2191
2194
2199
2200
2201
2203
2212
2214
2215
2224
2239
2240
2242
2244
2248
2252
2260
2268
2274
2275
2280
2282
2285
2288
2291
2298
2301
2302
2307
2312
2315
2325
2330
2331
2341
2346
2351
2352
2359
2367
2374
2375
2379
2382
2383
2387
2388
2389
2391
2393
2394
2395
2396
2397
2401
2402
2403
2404
2405
2406
2410
2415
2416
2417
2420
2422
2429
2430
2432
2436
2439
2443
2444
2445
2447
2450
2457
2459
2461
2462
2463
2465
2470
2474
2481
2487
2488
2489
2491
2493
2494
2495
2496
2498
2499
2501
2503
2504
2505
2506
2507
2509
2512
2513
2514
2515
2516
2517
2518
2520
2522
2523
2524
2526
2527
2528
2529
2530
2531
2532
2533
2534
2535
2536
2537
2541
2542
2543
2544
2545
2546
2547
2549
2550
2551
2552
2553
2554
2556
2557
2559
2560
2561
2562
2563
2564
2565
2566
2567
2568
2569
2571
2573
2574
2575
2576
2577
2578
2579
2580
2581
2583
2584
2585
2586
2588
2589
2590
2591
2593
2596
2597
2598
2599
2601
2602
2604
2605
2607
2608
2610
2611
2612
2613
2614
2616
2617
2618
2620
2621
2622
2623
2624
2626
2628
2629
2630
2631
2633
2634
2635
2636
2637
2639
2640
2641
2642
2643
2644
2645
2647
2648
2649
2651
2652
2653
2654
2655
2657
2658
2659
2660
2661
2663
2664
2665
2667
2668
2669
2671
2672
2673
2675
2677
2678
2679
2682
2684
2685
2686
2688
2689
2690
2691
2692
2693
2696
2697
2699
2700
2701
2702
2703
2704
2705
2708
2709
2710
2711
2712
2714
2715
2716
2718
2719
2720
2721
2722
2725
2727
2728
2729
2730
2731
2734
2736
2737
2738
2739
2740
2741
2743
2744
2746
2750
2753
2754
2756
2757
2760
2761
2762
2763
2764
2765
2766
2768
2771
2772
2773
2774
2775
2777
2778
2779
2780
2782
2784
2797
2799
2800
2802
2803
2804
2806
2815
2816
2818
2821
2822
2824
2825
2826
2827
2829
2830
2831
2832
2833
2836
2841
2842
2845
2846
2849
2852
2853
2854
2855
2857
2858
2859
2865
2866
2868
2870
2871
2873
2874
2876
2877
2881
2882
2883
2884
2886
2887
2890
2891
2895
2896
2897
2898
2899
2903
2904
2906
2907
2911
2913
2914
2915
2916
2917
2918
2919
2920
2922
2924
2926
2927
2928
2929
2930
2931
2933
2935
2938
2940
2942
2943
2944
2945
2947
2949
2950
2951
2952
2954
2957
2959
2960
2962
2966
2968
2969
2970
2971
2972
2973
2974
2976
2977
2979
2980
2981
2982
2984
2986
2987
2989
2990
2992
2993
2995
2996
2998
3001
3002
3003
3008
3011
3016
3017
3018
3021
3022
3023
3025
3032
3033
3034
3035
3036
3038
3042
3045
3048
3049
3050
3052
3054
3055
3060
3061
3063
3065
3066
3067
3068
3071
3073
3077
3078
3080
3081
3082
3083
3084
3085
3088
3091
3094
3095
3099
3101
3102
3104
3106
3107
3111
3112
3115
3120
3121
3123
3125
3126
3127
3132
3134
3138
3145
3148
3149
3150
3153
3154
3156
3162
3164
3165
3167
3168
3174
3177
3178
3179
3180
3182
3184
3185
3192
3193
3194
3195
3196
3198
3199
3200
3201
3204
3208
3212
3213
3215
3217
3219
3220
3222
3228
3229
3231
3235
3236
3240
3244
3245
3249
3250
3251
3252
3253
3256
3257
3258
3261
3264
3266
3268
3269
3271
3273
3276
3277
3278
3279
3282
3285
3286
3287
3288
3290
3291
3292
3293
3294
3295
3297
3299
3301
3307
3308
3316
3317
3318
3320
3322
3323
3324
3325
3329
3332
3334
3335
3337
3338
3340
3341
3344
3346
3349
3351
3353
3356
3359
3361
3363
3364
3370
3371
3379
3382
3384
3385
3388
3389
3392
3394
3395
3401
3404
3408
3412
3413
3414
3416
3417
3418
3421
3422
3424
3425
3426
3427
3430
3434
3436
3437
3438
3439
3440
3442
3446
3448
3450
3452
3457
3458
3459
3461
3463
3464
3465
3466
3467
3472
3473
3476
3480
3483
3485
3486
3490
3492
3493
3494
3496
3497
3498
3500
3501
3502
3503
3506
3507
3508
3512
3514
3515
3516
3517
3519
3520
3521
3523
3524
3529
3530
3531
3532
3534
3536
3538
3539
3540
3544
3545
3548
3553
3555
3557
3558
3559
3561
3562
3563
3566
3567
3568
3569
3570
3571
3578
3581
3582
3588
3589
3590
3592
3593
3597
3599
3600
3601
3602
3604
3610
3614
3617
3618
3619
3620
3622
3623
3625
3628
3629
3631
3634
3636
3637
3640
3642
3643
3644
3646
3647
3650
3654
3655
3656
3657
3658
3661
3668
3670
3672
3673
3674
3675
3677
3678
3679
3680
3682
3684
3688
3690
3691
3693
3694
3696
3699
3700
3705
3708
3709
3712
3722
3730
3735
3744
3758
3764
3767
3768
3776
3789
3793
3795
3798
3801
3802
3804
3811
3812
3814
3816
3817
3823
3825
3828
3829
3833
3837
3838
3840
3841
3849
3853
3854
3858
3859
3860
3861
3862
3863
3865
3866
3869
3871
3872
3876
3880
3881
3882
3884
3886
3888
3893
3897
3902
3904
3910
3918
3920
3925
3927
3928
3941
3946
3952
3954
3960
3965
3968
3969
3970
3974
3987
3993
3995
4005
4010
4014
4015
4032
4033
4035
4046
4052
4063
4065
4072
4074
4079
4086
4091
4094
4101
4102
4115
4117
4122
4124
4131
4132
4133
4135
4137
4141
4148
4149
4156
4157
4169
4179
4180
4192
4198
4211
4213
4222
4224
4227
4247
4249
4256
4276
4287
4294
4300
4301
4302
4315
4316
4317
4318
4322
4326
4334
4337
4343
4344
4347
4349
4350
4363
4368
4376
4384
4388
4389
4391
4392
4393
4394
4395
4396
4397
4398
4399
4401
4404
4405
4406
4407
4408
4410
4411
4412
4414
4416
4417
4419
4420
4421
4422
4423
4424
4425
4426
4427
4428
4430
4431
4433
4434
4435
4436
4437
4438
4439
4440
4441
4442
4443
4446
4447
4448
4449
4451
4452
4454
4455
4456
4457
4458
4459
4460
4461
4463
4464
4466
4467
4469
4471
4472
4473
4474
4476
4478
4479
4480
4481
4482
4483
4484
4485
4487
4490
4492
4493
4494
4495
4496
4498
4499
4501
4503
4504
4505
4506
4507
4509
4510
4511
4512
4513
4514
4516
4517
4520
4523
4525
4526
4528
4529
4532
4533
4537
4539
4540
4544
4546
4547
4549
4550
4551
4553
4555
4556
4558
4560
4563
4564
4566
4567
4568
4572
4574
4575
4577
4579
4587
4588
4589
4590
4592
4594
4597
4601
4602
4605
4606
4607
4609
4611
4612
4613
4614
4615
4616
4617
4620
4621
4622
4623
4626
4629
4630
4631
4633
4636
4637
4642
4643
4644
4645
4646
4647
4648
4649
4650
4651
4653
4654
4656
4657
4660
4662
4664
4669
4671
4672
4676
4679
4680
4685
4686
4688
4691
4693
4694
4695
4696
4697
4699
4701
4702
4704
4705
4707
4708
4709
4710
4711
4712
4714
4716
4717
4720
4721
4723
4724
4725
4726
4727
4730
4731
4734
4736
4739
4740
4741
4746
4749
4753
4754
4756
4757
4758
4759
4764
4765
4767
4769
4770
4775
4776
4777
4778
4780
4781
4782
4783
4784
4785
4786
4787
4788
4789
4790
4793
4794
4796
4797
4798
4800
4801
4802
4803
4805
4807
4809
4810
4811
4812
4814
4815
4816
4818
4819
4821
4822
4823
4824
4825
4828
4830
4832
4835
4836
4837
4839
4841
4842
4843
4844
4845
4846
4848
4850
4851
4853
4855
4859
4860
4862
4865
4866
4867
4868
4871
4873
4875
4876
4877
4878
4882
4883
4887
4888
4889
4891
4892
4896
4899
4904
4905
4908
4909
4913
4916
4917
4918
4919
4920
4922
4923
4924
4926
4929
4930
4931
4932
4933
4935
4936
4937
4940
4944
4946
4948
4949
4950
4951
4953
4956
4958
4967
4972
4974
4975
4976
4979
4980
4982
4984
4985
4986
4987
4988
4989
4991
4993
4995
4996
4997
5001
5002
5003
5008
5009
5013
5014
5015
5016
5020
5021
5022
5023
5024
5025
5027
5028
5030
5031
5033
5035
5037
5038
5039
5040
5041
5042
5044
5046
5047
5048
5052
5053
5054
5056
5057
5058
5060
5062
5063
5065
5069
5073
5078
5079
5082
5083
5084
5087
5088
5089
5090
5094
5095
5096
5099
5100
5102
5103
5104
5105
5106
5107
5110
5112
5114
5117
5119
5121
5122
5123
5126
5127
5128
5130
5135
5139
5142
5145
5147
5150
5153
5154
5155
5158
5159
5162
5164
5167
5169
5173
5174
5175
5176
5178
5179
5180
5181
5189
5190
5191
5192
5193
5200
5201
5202
5203
5204
5206
5207
5208
5209
5210
5211
5213
5214
5215
5219
5221
5224
5226
5227
5230
5233
5237
5238
5239
5240
5241
5243
5247
5250
5252
5253
5254
5259
5261
5262
5264
5266
5267
5269
5271
5272
5274
5276
5277
5278
5282
5283
5287
5291
5293
5294
5295
5298
5301
5302
5307
5309
5310
5312
5313
5320
5322
5326
5327
5329
5331
5334
5336
5337
5340
5341
5343
5350
5351
5353
5354
5355
5357
5360
5362
5371
5373
5374
5376
5379
5382
5383
5384
5386
5387
5388
5389
5394
5395
5396
5397
5399
5400
5401
5404
5405
5406
5409
5412
5415
5417
5418
5419
5423
5424
5426
5434
5437
5438
5439
5442
5443
5445
5446
5449
5450
5451
5453
5458
5459
5460
5463
5464
5466
5467
5468
5473
5474
5481
5482
5484
5486
5487
5489
5491
5494
5497
5499
5500
5501
5506
5507
5509
5511
5512
5519
5520
5521
5523
5527
5532
5533
5538
5539
5542
5543
5546
5551
5552
5554
5555
5556
5561
5563
5565
5571
5572
5575
5579
5583
5592
5600
5603
5604
5605
5607
5611
5619
5622
5624
5626
5627
5630
5631
5632
5634
5635
5636
5644
5646
5647
5651
5653
5654
5655
5659
5668
5669
5671
5675
5676
5687
5689
5692
5694
5695
5700
5701
5705
5706
5709
5711
5712
5716
5718
5720
5724
5726
5727
5729
5732
5735
5737
5739
5741
5742
5743
5744
5747
5752
5753
5756
5757
5760
5761
5764
5765
5769
5771
5774
5777
5781
5782
5783
5787
5789
5793
5798
5799
5802
5807
5812
5819
5820
5822
5825
5826
5827
5828
5830
5833
5841
5850
5853
5857
5859
5860
5864
5869
5870
5877
5879
5882
5884
5885
5886
5894
5903
5915
5916
5918
5920
5921
5922
5925
5928
5933
5937
5942
5944
5950
5951
5952
5953
5954
5956
5958
5961
5962
5963
5966
5970
5972
5974
5975
5978
5980
5983
5984
5988
5993
5994
5995
5996
5997
6003
6008
6011
6012
6014
6015
6016
6018
6021
6029
6031
6032
6033
6034
6037
6040
6041
6043
6045
6048
6055
6058
6060
6064
6065
6066
6067
6070
6071
6075
6077
6080
6081
6084
6085
6087
6088
6090
6092
6094
6095
6096
6098
6100
6101
6102
6105
6107
6108
6109
6110
6111
6113
6115
6117
6118
6119
6120
6123
6124
6129
6132
6134
6136
6138
6142
6143
6146
6149
6150
6152
6157
6158
6159
6162
6166
6171
6173
6174
6183
6187
6190
6193
6198
6199
6200
6201
6202
6204
6206
6207
6208
6209
6210
6212
6213
6214
6215
6217
6219
6220
6224
6225
6226
6227
6228
6229
6230
6232
6233
6234
6235
6236
6238
6239
6240
6241
6242
6243
6244
6246
6247
6248
6250
6251
6252
6253
6254
6255
6256
6257
6258
6259
6260
6261
6264
6265
6266
6267
6268
6269
6270
6271
6272
6273
6274
6275
6276
6278
6280
6282
6283
6284
6285
6287
6288
6289
6291
6292
6294
6295
6296
6298
6299
6300
6301
6302
6303
6305
6306
6308
6309
6310
6311
6312
6313
6315
6316
6317
6318
6319
6320
6322
6324
6325
6326
6327
6328
6330
6331
6333
6334
6335
6336
6338
6339
6340
6341
6342
6343
6344
6345
6346
6347
6348
6349
6350
6351
6352
6353
6354
6355
6356
6357
6358
6359
6360
6361
6362
6364
6365
6366
6367
6368
6369
6370
6372
6373
6374
6375
6376
6377
6378
6379
6380
6381
6382
6384
6385
6386
6388
6389
6390
6391
6392
6393
6394
6396
6397
6398
6399
6400
6401
6404
6405
6406
6407
6409
6411
6412
6413
6414
6415
6416
6417
6418
6420
6422
6424
6425
6426
6429
6430
6431
6432
6434
6435
6436
6437
6438
6439
6440
6441
6442
6443
6445
6447
6448
6449
6450
6452
6454
6455
6456
6458
6459
6461
6462
6463
6467
6469
6473
6474
6476
6477
6478
6479
6481
6483
6487
6488
6489
6490
6493
6494
6497
6498
6499
6500
6502
6505
6507
6509
6510
6511
6513
6514
6516
6519
6520
6521
6522
6525
6527
6528
6529
6530
6531
6532
6533
6536
6539
6540
6543
6544
6547
6550
6551
6552
6553
6555
6556
6559
6560
6561
6562
6566
6567
6568
6569
6572
6573
6574
6575
6577
6578
6579
6581
6582
6584
6585
6587
6588
6590
6594
6597
6598
6599
6600
6601
6602
6604
6608
6609
6611
6612
6614
6616
6617
6618
6620
6621
6623
6624
6625
6626
6629
6630
6631
6632
6633
6634
6636
6637
6638
6640
6642
6644
6645
6652
6653
6654
6656
6657
6658
6659
6660
6661
6662
6663
6664
6665
6666
6667
6668
6670
6671
6673
6674
6675
6676
6680
6683
6685
6687
6689
6694
6695
6696
6698
6700
6703
6706
6707
6710
6712
6715
6717
6718
6720
6722
6725
6730
6732
6733
6734
6735
6736
6737
6742
6744
6746
6749
6750
6751
6752
6754
6758
6759
6760
6762
6763
6764
6766
6767
6769
6771
6775
6777
6780
6781
6782
6790
6796
6799
6800
6801
6802
6805
6806
6809
6813
6816
6817
6819
6822
6824
6825
6826
6830
6835
6840
6841
6842
6845
6848
6852
6854
6863
6864
6865
6867
6868
6870
6871
6876
6878
6879
6885
6887
6889
6891
6893
6894
6898
6899
6900
6901
6906
6909
6910
6914
6919
6920
6921
6922
6924
6926
6927
6933
6934
6937
6939
6946
6948
6949
6950
6953
6954
6956
6957
6959
6960
6962
6963
6966
6967
6968
6969
6971
6972
6975
6976
6978
6982
6988
6990
6992
6996
6999
7000
7001
7002
7004
7007
7008
7012
7013
7015
7016
7020
7021
7022
7025
7026
7029
7030
7031
7032
7033
7036
7038
7044
7045
7046
7047
7048
7051
7054
7055
7057
7063
7065
7068
7070
7074
7075
7078
7079
7084
7085
7086
7088
7090
7091
7093
7094
7096
7098
7099
7100
7101
7102
7103
7106
7108
7109
7113
7118
7119
7123
7125
7127
7128
7129
7130
7131
7132
7134
7135
7136
7137
7138
7140
7141
7142
7144
7148
7149
7152
7155
7158
7160
7162
7163
7164
7165
7171
7173
7174
7175
7176
7177
7179
7180
7181
7182
7184
7187
7188
7191
7195
7196
7198
7199
7200
7202
7204
7206
7207
7208
7210
7211
7215
7216
7217
7218
7220
7231
7234
7237
7238
7240
7243
7244
7245
7246
7247
7248
7249
7250
7251
7252
7253
7254
7257
7258
7259
7262
7264
7267
7269
7270
7272
7273
7274
7275
7279
7280
7282
7284
7285
7288
7292
7295
7296
7297
7298
7302
7306
7311
7312
7313
7314
7315
7318
7319
7324
7326
7327
7328
7332
7333
7335
7336
7337
7338
7339
7343
7348
7349
7351
7354
7356
7357
7361
7364
7366
7367
7368
7370
7371
7372
7373
7374
7375
7383
7384
7385
7386
7388
7390
7391
7392
7396
7402
7403
7404
7405
7408
7410
7411
7412
7413
7414
7416
7417
7419
7421
7425
7426
7427
7429
7430
7437
7442
7447
7448
7450
7461
7469
7477
7479
7482
7489
7499
7500
7504
7507
7508
7521
7524
7538
7542
7543
7557
7566
7569
7572
7573
7579
7586
7590
7596
7599
7600
7609
7620
7634
7639
7673
7687
7690
7691
7692
7702
7705
7711
7712
7717
7723
7727
7744
7747
7755
7763
7770
7777
7807
7820
7822
7837
7838
7846
7852
7853
7855
7868
7871
7892
7908
7913
7915
7919
7926
7936
7942
7945
7947
7959
7984
8027
8028
8030
8050
8098
8108
8109
8110
8111
8112
8113
8114
8115
8116
8117
8118
8119
8121
8122
8123
8124
8125
8126
8128
8129
8130
8132
8133
8134
8136
8137
8138
8139
8140
8141
8142
8143
8144
8145
8147
8148
8150
8151
8152
8153
8155
8156
8158
8159
8160
8161
8162
8163
8164
8165
8166
8168
8170
8172
8175
8177
8184
8185
8186
8187
8189
8190
8192
8194
8195
8196
8197
8198
8200
8201
8204
8205
8207
8210
8216
8217
8219
8220
8221
8223
8226
8227
8228
8229
8233
8234
8240
8242
8243
8244
8246
8247
8249
8251
8252
8256
8259
8261
8264
8265
8267
8268
8272
8275
8276
8279
8280
8284
8286
8288
8289
8291
8292
8297
8300
8301
8308
8309
8312
8316
8319
8321
8323
8325
8326
8327
8328
8329
8331
8334
8337
8344
8347
8348
8349
8354
8356
8359
8364
8365
8366
8367
8370
8372
8373
8374
8375
8380
8382
8385
8389
8390
8391
8394
8395
8396
8398
8400
8401
8402
8403
8407
8412
8413
8415
8416
8417
8418
8420
8422
8424
8426
8430
8431
8432
8434
8437
8439
8441
8445
8447
8450
8452
8457
8458
8459
8460
8461
8464
8470
8472
8473
8475
8486
8487
8489
8490
8491
8494
8495
8499
8501
8502
8503
8506
8508
8510
8511
8514
8519
8520
8521
8522
8523
8525
8530
8536
8537
8539
8541
8544
8547
8550
8557
8559
8561
8562
8564
8567
8571
8572
8574
8575
8578
8590
8597
8601
8606
8610
8619
8622
8641
8644
8646
8650
8651
8662
8665
8675
8678
8679
8680
8684
8688
8689
8690
8693
8694
8695
8701
8703
8704
8706
8721
8723
8724
8727
8728
8731
8733
8738
8739
8741
8749
8752
8753
8755
8758
8760
8764
8766
8776
8780
8782
8787
8793
8796
8797
8803
8804
8805
8806
8809
8814
8826
8840
8841
8844
8845
8847
8852
8853
8856
8858
8864
8869
8873
8877
8879
8880
8883
8886
8889
8891
8893
8894
8896
8905
8906
8908
8915
8916
8921
8922
8923
8925
8928
8929
8931
8935
8940
8941
8944
8955
8957
8961
8968
8974
8978
8982
8983
8989
8990
8994
8997
9000
9001
9004
9005
9006
9007
9008
9011
9013
9017
9018
9021
9023
9024
9030
9032
9038
9039
9040
9044
9047
9056
9060
9065
9066
9068
9069
9070
9072
9073
9080
9087
9090
9093
9097
9098
9108
9110
9114
9118
9119
9121
9122
9126
9128
9144
9145
9150
9151
9152
9154
9156
9164
9171
9175
9179
9186
9187
9189
9190
9196
9203
9214
9216
9218
9232
9234
9237
9240
9241
9247
9249
9252
9256
9259
9267
9268
9270
9272
9280
9284
9294
9298
9301
9303
9310
9313
9323
9324
9325
9327
9332
9333
9336
9344
9346
9351
9355
9358
9359
9361
9372
9374
9385
9393
9395
9400
9401
9406
9408
9410
9420
9425
9430
9440
9449
9451
9453
9454
9456
9457
9458
9459
9461
9465
9471
9474
9475
9486
9495
9502
9507
9513
9517
9530
9535
9536
9540
9541
9553
9567
9568
9572
9574
9580
9584
9586
9593
9595
9596
9597
9600
9611
9613
9617
9618
9619
9640
9646
9648
9651
9652
9661
9667
9672
9675
9676
9680
9685
9688
9698
9700
9701
9710
9711
9713
9722
9727
9730
9735
9745
9753
9757
9762
9769
9779
9784
9792
9799
9801
9802
9810
9815
9818
9821
9822
9829
9832
9833
9835
9836
9838
9843
9844
9846
9850
9851
9852
9853
9854
9856
9858
9865
9866
9871
9872
9873
9877
9879
9887
9889
9890
9891
9892
9897
9899
9900
9902
9912
9914
9915
9916
9917
9918
9919
9923
9927
9931
9932
9933
9934
9937
9938
9939
9940
9942
9943
9944
9946
9947
9948
9949
9950
9951
9952
9953
9954
9956
9957
9958
9959
9960
9961
9962
9964
9965
9966
9967
9968
9969
9970
9971
9972
9973
9974
9976
9977
9979
9980
9981
9982
9983
9984
9985
9987
9989
9990
9992
9993
9996
9997
9999
10000
10001
10002
10003
10005
10007
10009
10010
10012
10014
10016
10017
10018
10019
10020
10022
10023
10024
10025
10026
10028
10029
10030
10032
10033
10035
10036
10038
10040
10042
10044
10045
10046
10047
10048
10049
10051
10052
10053
10054
10055
10056
10058
10059
10060
10061
10062
10063
10064
10067
10069
10070
10072
10073
10074
10075
10076
10079
10080
10081
10082
10083
10084
10087
10089
10092
10093
10094
10095
10096
10097
10100
10102
10104
10105
10106
10107
10108
10110
10112
10113
10114
10116
10117
10118
10123
10124
10125
10128
10129
10131
10134
10137
10139
10140
10142
10143
10144
10145
10148
10149
10150
10151
10152
10154
10156
10157
10159
10161
10162
10163
10164
10165
10166
10168
10170
10171
10172
10174
10175
10177
10179
10181
10183
10185
10188
10191
10192
10193
10194
10197
10200
10201
10202
10204
10205
10206
10212
10213
10217
10219
10220
10223
10224
10225
10227
10228
10230
10234
10235
10239
10240
10241
10243
10244
10246
10247
10249
10250
10252
10253
10257
10258
10259
10260
10261
10265
10268
10269
10270
10271
10273
10274
10276
10277
10280
10281
10282
10283
10288
10289
10293
10295
10297
10298
10299
10300
10301
10303
10309
10310
10311
10313
10314
10316
10319
10320
10324
10325
10326
10329
10331
10332
10334
10336
10337
10338
10339
10340
10341
10343
10345
10346
10347
10354
10357
10358
10361
10364
10366
10367
10368
10371
10372
10376
10379
10381
10385
10387
10388
10390
10396
10399
10402
10403
10404
10405
10408
10411
10412
10413
10414
10415
10417
10420
10421
10426
10427
10428
10431
10434
10438
10439
10440
10444
10446
10447
10448
10449
10451
10453
10458
10461
10464
10466
10468
10470
10473
10475
10476
10477
10481
10483
10486
10488
10489
10491
10494
10495
10496
10497
10498
10501
10504
10505
10511
10521
10523
10527
10529
10530
10538
10543
10547
10548
10549
10551
10553
10554
10556
10559
10562
10566
10572
10577
10578
10582
10583
10584
10590
10593
10595
10596
10598
10601
10602
10604
10607
10608
10613
10621
10623
10626
10628
10632
10638
10640
10641
10647
10650
10653
10660
10662
10669
10674
10678
10680
10681
10684
10685
10686
10689
10690
10692
10696
10699
10702
10704
10706
10710
10713
10714
10715
10716
10724
10725
10726
10727
10729
10730
10732
10744
10745
10750
10751
10753
10756
10762
10763
10765
10767
10768
10772
10773
10775
10777
10779
10785
10786
10788
10793
10795
10798
10801
10808
10809
10810
10812
10813
10816
10817
10821
10823
10826
10833
10835
10836
10841
10844
10849
10850
10852
10854
10855
10858
10864
10870
10878
10881
10882
10887
10888
10889
10891
10892
10893
10894
10895
10896
10900
10901
10902
10905
10909
10911
10912
10913
10918
10920
10924
10925
10926
10929
10930
10934
10936
10939
10942
10943
10945
10947
10948
10949
10954
10957
10959
10962
10963
10964
10965
10966
10967
10968
10969
10971
10972
10973
10976
10977
10981
10983
10984
10985
10989
10990
10992
10994
10995
10997
10998
11000
11002
11005
11006
11007
11008
11009
11010
11013
11020
11021
11024
11025
11027
11028
11034
11038
11045
11046
11047
11050
11051
11059
11060
11062
11063
11065
11068
11070
11071
11072
11075
11076
11078
11080
11082
11083
11085
11086
11093
11094
11095
11097
11100
11103
11106
11107
11110
11111
11113
11115
11116
11118
11119
11122
11123
11124
11126
11127
11128
11131
11133
11134
11136
11150
11161
11168
11170
11175
11179
11182
11184
11196
11199
11200
11208
11214
11217
11221
11224
11226
11228
11238
11239
11241
11248
11253
11254
11255
11263
11268
11275
11283
11285
11287
11296
11300
11301
11303
11310
11312
11342
11355
11356
11358
11361
11369
11373
11374
11399
11403
11405
11407
11423
11425
11428
11437
11438
11452
11457
11464
11474
11476
11482
11503
11509
11512
11514
11522
11528
11529
11530
11534
11538
11545
11552
11560
11569
11571
11575
11596
11600
11604
11607
11611
11612
11624
11625
11629
11641
11642
11643
11650
11668
11674
11678
11704
11714
11722
11725
11727
11742
11744
11760
11766
11767
11778
11787
11788
11796
11798
11812
11818
11820
11823
11824
11825
11826
11827
11828
11829
11830
11831
11832
11833
11834
11835
11836
11837
11838
11839
11840
11841
11842
11843
11844
11845
11847
11848
11850
11851
11852
11853
11854
11855
11856
11857
11858
11859
11860
11861
11862
11864
11866
11867
11869
11870
11871
11873
11875
11876
11877
11879
11880
11882
11883
11884
11885
11888
11889
11891
11892
11895
11897
11898
11900
11901
11902
11904
11905
11906
11907
11908
11910
11911
11913
11914
11915
11917
11918
11921
11922
11923
11927
11929
11931
11933
11934
11936
11938
11940
11942
11944
11945
11946
11947
11948
11949
11951
11953
11954
11956
11957
11958
11961
11965
11966
11970
11971
11972
11975
11978
11979
11981
11983
11984
11985
11986
11990
11991
11993
11997
11998
12000
12004
12005
12010
12011
12012
12015
12017
12019
12022
12026
12027
12028
12030
12031
12032
12034
12035
12036
12037
12038
12039
12040
12041
12043
12046
12048
12050
12051
12052
12053
12055
12058
12059
12061
12064
12065
12066
12067
12069
12070
12071
12072
12073
12077
12080
12081
12082
12083
12084
12089
12090
12097
12099
12100
12103
12104
12107
12108
12109
12110
12113
12114
12116
12117
12119
12122
12123
12124
12127
12128
12129
12130
12131
12132
12136
12137
12138
12141
12142
12145
12147
12148
12151
12152
12153
12157
12158
12162
12165
12169
12170
12174
12179
12181
12182
12193
12194
12195
12197
12198
12201
12202
12203
12204
12208
12209
12211
12215
12216
12217
12218
12220
12224
12225
12226
12228
12229
12230
12231
12232
12237
12239
12240
12241
12242
12243
12244
12247
12249
12250
12251
12252
12253
12255
12258
12260
12263
12265
12266
12271
12272
12273
12275
12276
12277
12279
12280
12281
12283
12284
12285
12288
12296
12297
12299
12302
12303
12304
12305
12306
12307
12309
12311
12314
12315
12316
12319
12320
12322
12324
12332
12333
12336
12337
12339
12340
12341
12342
12344
12347
12349
12352
12361
12365
12366
12368
12370
12371
12375
12376
12377
12379
12383
12386
12387
12390
12394
12395
12396
12399
12400
12401
12402
12403
12404
12405
12406
12407
12411
12413
12416
12423
12425
12427
12429
12430
12432
12437
12438
12439
12442
12443
12444
12453
12454
12455
12459
12461
12464
12466
12467
12468
12469
12472
12473
12474
12476
12480
12484
12485
12486
12487
12490
12491
12498
12499
12505
12506
12507
12510
12511
12512
12517
12518
12519
12520
12522
12524
12528
12531
12532
12533
12534
12536
12540
12541
12545
12546
12549
12550
12551
12554
12556
12558
12563
12564
12566
12568
12569
12570
12572
12575
12577
12578
12580
12586
12588
12590
12591
12593
12598
12600
12603
12604
12607
12608
12616
12618
12620
12621
12627
12629
12630
12631
12635
12636
12637
12642
12644
12645
12647
12649
12654
12655
12659
12661
12665
12666
12670
12671
12673
12674
12676
12677
12678
12681
12682
12685
12686
12687
12689
12697
12698
12701
12703
12704
12705
12706
12707
12710
12715
12716
12718
12719
12721
12725
12729
12733
12739
12741
12744
12746
12748
12749
12754
12755
12757
12762
12763
12764
12765
12766
12768
12769
12771
12775
12777
12781
12782
12784
12785
12786
12791
12793
12801
12804
12806
12808
12809
12816
12820
12822
12823
12824
12827
12828
12834
12835
12836
12840
12841
12842
12845
12850
12851
12858
12861
12862
12864
12865
12867
12873
12874
12878
12881
12889
12893
12894
12895
12901
12907
12909
12910
12915
12919
12920
12921
12924
12928
12929
12930
12939
12940
12942
12947
12949
12951
12953
12954
12955
12957
12963
12964
12982
12984
12991
12996
13003
13010
13014
13019
13039
13041
13048
13050
13052
13055
13056
13063
13069
13070
13074
13077
13079
13081
13086
13087
13092
13093
13096
13097
13098
13099
13100
13102
13105
13106
13109
13110
13117
13120
13121
13126
13128
13129
13134
13135
13144
13145
13150
13152
13154
13163
13165
13166
13167
13171
13175
13180
13181
13183
13184
13187
13188
13189
13192
13197
13202
13217
13219
13221
13226
13231
13234
13239
13240
13247
13250
13251
13255
13271
13278
13279
13288
13292
13293
13298
13310
13311
13313
13322
13327
13333
13335
13337
13344
13349
13352
13358
13365
13371
13381
13390
13394
13396
13400
13402
13415
13416
13421
13424
13429
13431
13439
13440
13444
13452
13453
13459
13462
13469
13471
13472
13482
13483
13488
13489
13493
13497
13498
13503
13506
13509
13510
13515
13516
13517
13519
13521
13523
13524
13527
13528
13529
13530
13532
13533
13536
13539
13540
13548
13550
13555
13557
13558
13560
13562
13564
13566
13568
13569
13570
13571
13573
13574
13577
13582
13584
13585
13590
13597
13599
13600
13601
13603
13619
13625
13626
13629
13630
13631
13632
13635
13636
13638
13640
13641
13643
13647
13648
13650
13652
13653
13654
13655
13656
13657
13660
13662
13663
13666
13667
13668
13670
13671
13672
13673
13674
13675
13676
13677
13679
13681
13683
13684
13685
13686
13687
13688
13690
13691
13692
13693
13694
13695
13696
13697
13698
13699
13701
13702
13704
13706
13707
13708
13710
13711
13712
13713
13714
13715
13716
13718
13719
13721
13722
13723
13724
13725
13726
13727
13728
13730
13731
13732
13733
13734
13737
13738
13739
13740
13741
13743
13744
13746
13747
13749
13750
13751
13752
13754
13755
13756
13757
13758
13759
13760
13761
13762
13764
13765
13766
13767
13768
13769
13770
13771
13772
13773
13775
13776
13778
13779
13781
13782
13783
13785
13786
13789
13790
13792
13794
13795
13797
13800
13802
13803
13805
13806
13807
13808
13809
13811
13814
13816
13817
13818
13819
13820
13821
13823
13824
13825
13826
13827
13828
13829
13831
13832
13835
13839
13840
13841
13842
13843
13845
13846
13848
13850
13851
13853
13854
13858
13859
13860
13861
13862
13863
13865
13866
13867
13868
13869
13870
13872
13875
13877
13878
13880
13882
13885
13886
13887
13888
13889
13890
13891
13893
13895
13897
13898
13901
13902
13903
13904
13905
13906
13907
13910
13911
13915
13916
13918
13921
13925
13926
13927
13928
13929
13930
13934
13936
13937
13939
13941
13942
13949
13951
13953
13954
13955
13956
13958
13959
13960
13961
13963
13964
13966
13967
13968
13971
13972
13973
13975
13977
13978
13979
13983
13984
13987
13988
13989
13990
13991
13992
13994
13995
13996
13997
13999
14000
14001
14003
14004
14007
14008
14009
14010
14012
14013
14015
14016
14018
14019
14020
14023
14025
14026
14027
14028
14030
14034
14036
14037
14039
14040
14044
14045
14046
14048
14055
14057
14059
14060
14061
14062
14065
14067
14068
14070
14073
14075
14080
14083
14084
14085
14086
14087
14089
14091
14092
14093
14098
14100
14102
14103
14104
14108
14110
14112
14115
14116
14117
14118
14121
14125
14126
14128
14130
14131
14132
14134
14135
14136
14137
14138
14140
14142
14143
14144
14145
14146
14147
14150
14152
14153
14155
14158
14161
14164
14165
14166
14171
14172
14175
14176
14177
14178
14179
14180
14182
14183
14184
14185
14186
14187
14189
14190
14191
14193
14197
14199
14202
14203
14205
14207
14209
14210
14212
14215
14218
14223
14225
14227
14229
14233
14236
14237
14243
14248
14249
14250
14252
14253
14257
14258
14262
14265
14266
14267
14268
14269
14270
14272
14276
14280
14287
14288
14291
14292
14293
14295
14296
14297
14298
14304
14305
14306
14307
14313
14314
14315
14316
14317
14319
14322
14328
14329
14331
14333
14342
14343
14348
14350
14351
14355
14356
14361
14362
14364
14366
14367
14368
14372
14374
14378
14379
14382
14383
14385
14386
14387
14391
14395
14396
14400
14403
14406
14407
14411
14413
14414
14417
14418
14420
14424
14426
14427
14428
14429
14430
14432
14433
14439
14441
14443
14444
14445
14447
14448
14449
14452
14453
14454
14457
14459
14460
14461
14464
14468
14470
14471
14472
14474
14476
14478
14482
14483
14485
14491
14493
14498
14499
14504
14506
14507
14512
14513
14516
14518
14521
14522
14523
14525
14526
14527
14530
14534
14535
14536
14537
14538
14540
14543
14547
14554
14555
14556
14557
14560
14564
14565
14566
14567
14568
14570
14574
14575
14576
14577
14578
14581
14584
14585
14587
14588
14590
14592
14593
14596
14598
14599
14600
14602
14603
14604
14605
14606
14608
14609
14610
14614
14615
14619
14620
14624
14625
14626
14628
14632
14634
14643
14644
14645
14648
14651
14656
14659
14661
14662
14663
14664
14670
14671
14672
14673
14674
14676
14677
14678
14681
14682
14685
14686
14687
14688
14690
14695
14696
14697
14698
14699
14700
14703
14710
14711
14714
14716
14720
14723
14726
14731
14734
14735
14742
14744
14746
14748
14749
14752
14754
14755
14756
14760
14761
14763
14764
14765
14766
14771
14773
14776
14777
14779
14782
14784
14785
14786
14789
14792
14794
14796
14797
14799
14800
14801
14802
14803
14804
14807
14808
14809
14810
14811
14817
14819
14820
14821
14824
14826
14830
14831
14832
14833
14835
14836
14837
14838
14840
14841
14843
14847
14849
14852
14854
14855
14858
14859
14862
14873
14883
14886
14892
14908
14918
14925
14928
14935
14943
14965
14971
14976
14977
14982
14983
14988
14989
15001
15005
15007
15014
15020
15041
15046
15048
15052
15066
15069
15072
15128
15162
15169
15175
15201
15218
15221
15238
15248
15254
15260
15266
15283
15287
15290
15294
15300
15322
15323
15336
15340
15351
15354
15365
15373
15376
15382
15391
15394
15405
15412
15460
15463
15464
15465
15506
15510
15525
15530
15531
15532
15536
15538
15539
15540
15542
15543
15544
15545
15547
15549
15550
15551
15552
15553
15554
15556
15557
15558
15559
15561
15562
15563
15564
15565
15566
15567
15569
15570
15572
15574
15576
15577
15578
15580
15581
15583
15584
15588
15589
15590
15591
15592
15594
15597
15598
15600
15601
15602
15603
15604
15607
15608
15609
15611
15612
15613
15614
15617
15618
15621
15622
15624
15625
15626
15627
15628
15629
15632
15633
15634
15635
15636
15638
15641
15642
15644
15647
15648
15653
15654
15656
15660
15661
15663
15665
15667
15668
15669
15670
15674
15675
15678
15680
15682
15686
15687
15688
15689
15692
15693
15696
15699
15700
15702
15705
15707
15708
15710
15713
15717
15719
15720
15723
15724
15725
15729
15731
15732
15734
15736
15737
15739
15740
15742
15744
15746
15748
15750
15751
15752
15754
15755
15756
15757
15760
15762
15768
15771
15773
15775
15777
15778
15779
15783
15787
15789
15790
15795
15797
15798
15802
15803
15805
15806
15812
15813
15818
15821
15822
15825
15826
15827
15828
15830
15831
15833
15838
15839
15841
15843
15845
15847
15850
15852
15854
15855
15856
15857
15858
15863
15864
15865
15866
15867
15868
15869
15874
15882
15883
15884
15885
15886
15888
15889
15892
15895
15896
15900
15901
15903
15907
15908
15909
15911
15912
15917
15918
15922
15924
15925
15927
15929
15930
15939
15940
15943
15944
15946
15949
15953
15956
15957
15958
15964
15965
15967
15968
15969
15971
15972
15976
15977
15978
15979
15985
15989
15990
15997
16004
16006
16007
16008
16009
16012
16014
16016
16017
16018
16020
16024
16030
16032
16033
16034
16036
16037
16038
16039
16041
16051
16052
16056
16059
16060
16067
16072
16075
16077
16078
16079
16080
16083
16084
16085
16087
16092
16093
16095
16102
16106
16108
16113
16115
16117
16121
16122
16129
16137
16141
16144
16151
16153
16155
16156
16159
16163
16166
16167
16176
16177
16183
16184
16186
16188
16191
16196
16199
16205
16207
16208
16213
16214
16215
16217
16219
16221
16222
16227
16228
16231
16232
16233
16235
16237
16238
16242
16243
16247
16248
16249
16250
16252
16259
16262
16272
16277
16285
16286
16288
16295
16301
16302
16304
16305
16307
16313
16314
16317
16321
16322
16330
16331
16332
16333
16334
16337
16338
16339
16343
16344
16348
16350
16357
16358
16359
16361
16368
16369
16375
16380
16384
16385
16386
16387
16388
16391
16392
16394
16395
16396
16398
16401
16404
16406
16411
16415
16417
16418
16419
16420
16421
16422
16423
16426
16427
16428
16432
16433
16435
16437
16446
16449
16451
16452
16453
16454
16455
16460
16462
16465
16466
16469
16471
16472
16476
16479
16480
16483
16485
16490
16493
16496
16497
16504
16518
16520
16526
16529
16530
16532
16534
16536
16538
16542
16543
16546
16547
16549
16554
16556
16559
16560
16563
16565
16572
16576
16578
16579
16582
16584
16590
16591
16592
16593
16605
16606
16607
16608
16615
16623
16624
16626
16627
16629
16630
16635
16636
16642
16647
16660
16662
16663
16665
16666
16667
16677
16679
16686
16690
16692
16695
16698
16703
16710
16719
16723
16725
16736
16738
16746
16760
16764
16768
16770
16774
16776
16786
16790
16793
16796
16800
16804
16810
16817
16823
16824
16827
16831
16834
16836
16842
16853
16854
16857
16858
16868
16872
16877
16879
16887
16894
16899
16903
16910
16913
16919
16928
16935
16942
16944
16950
16952
16958
16964
16969
16972
16979
16981
16982
16994
17001
17003
17005
17008
17009
17018
17019
17020
17025
17027
17041
17050
17063
17070
17079
17085
17112
17114
17116
17130
17138
17142
17146
17150
17158
17174
17175
17183
17184
17186
17190
17197
17198
17201
17202
17203
17205
17207
17208
17209
17212
17217
17219
17220
17226
17232
17233
17239
17243
17244
17247
17248
17250
17251
17266
17269
17270
17271
17272
17274
17276
17277
17281
17283
17284
17285
17286
17288
17291
17294
17295
17299
17303
17305
17306
17309
17310
17315
17317
17318
17331
17335
17340
17343
17344
17345
17346
17347
17348
17349
17350
17351
17354
17355
17356
17357
17359
17360
17361
17362
17365
17366
17367
17368
17369
17370
17371
17374
17375
17376
17377
17379
17380
17381
17382
17383
17384
17385
17386
17387
17388
17389
17391
17393
17394
17395
17396
17398
17399
17400
17402
17403
17404
17405
17406
17407
17408
17409
17411
17412
17413
17414
17416
17417
17418
17419
17421
17423
17424
17425
17427
17428
17430
17431
17433
17435
17436
17437
17438
17440
17442
17446
17447
17449
17452
17454
17455
17457
17458
17460
17461
17463
17464
17465
17466
17467
17468
17469
17472
17473
17474
17475
17476
17477
17478
17479
17480
17482
17483
17484
17485
17486
17487
17488
17489
17490
17491
17494
17496
17497
17498
17500
17501
17502
17504
17509
17510
17511
17512
17515
17517
17520
17521
17524
17525
17526
17528
17531
17532
17534
17535
17536
17537
17540
17541
17542
17543
17545
17546
17547
17549
17551
17553
17554
17555
17556
17557
17558
17559
17561
17562
17564
17565
17567
17568
17571
17572
17573
17575
17576
17577
17578
17579
17583
17584
17587
17589
17591
17592
17594
17595
17596
17597
17599
17600
17603
17605
17608
17610
17613
17614
17615
17616
17618
17620
17622
17624
17629
17630
17632
17633
17635
17638
17640
17641
17642
17644
17648
17649
17654
17656
17658
17661
17662
17663
17664
17666
17668
17669
17670
17673
17674
17677
17680
17681
17682
17684
17685
17686
17687
17689
17693
17695
17696
17698
17701
17702
17703
17704
17705
17706
17708
17710
17711
17715
17717
17718
17721
17722
17723
17724
17726
17727
17728
17731
17732
17733
17738
17739
17742
17747
17748
17751
17753
17754
17756
17757
17758
17759
17760
17762
17764
17765
17766
17767
17768
17769
17770
17771
17773
17774
17775
17776
17779
17781
17783
17784
17785
17786
17787
17789
17791
17793
17794
17796
17797
17798
17800
17805
17807
17812
17813
17816
17817
17820
17826
17831
17832
17835
17836
17837
17839
17840
17842
17845
17846
17847
17848
17849
17850
17851
17852
17854
17855
17857
17858
17859
17862
17864
17865
17867
17870
17874
17875
17876
17878
17879
17880
17881
17883
17884
17887
17888
17889
17892
17894
17896
17898
17900
17901
17903
17904
17908
17909
17910
17912
17916
17917
17919
17923
17926
17934
17944
17945
17946
17948
17950
17957
17958
17964
17976
17978
17979
17982
17983
17984
17990
17994
17995
17998
18002
18010
18015
18021
18022
18024
18025
18029
18030
18031
18034
18035
18041
18042
18048
18050
18051
18053
18054
18056
18060
18069
18071
18075
18076
18077
18078
18079
18081
18086
18090
18092
18095
18096
18099
18106
18109
18111
18112
18114
18115
18117
18124
18132
18133
18134
18136
18142
18143
18144
18145
18147
18150
18153
18155
18157
18158
18160
18162
18163
18166
18167
18168
18172
18175
18180
18181
18185
18188
18190
18193
18194
18196
18198
18203
18205
18207
18208
18210
18214
18215
18216
18218
18219
18221
18225
18226
18227
18235
18236
18238
18240
18241
18244
18245
18248
18249
18250
18251
18254
18255
18261
18262
18263
18268
18269
18270
18271
18273
18274
18278
18279
18281
18282
18283
18284
18286
18290
18292
18294
18301
18302
18304
18315
18316
18319
18321
18322
18323
18324
18326
18329
18330
18333
18338
18339
18342
18344
18348
18349
18352
18359
18362
18364
18367
18369
18373
18375
18376
18379
18380
18385
18387
18388
18390
18391
18392
18393
18395
18396
18398
18400
18402
18405
18406
18409
18411
18413
18415
18416
18417
18418
18421
18422
18426
18427
18428
18430
18434
18436
18437
18438
18440
18441
18442
18446
18447
18448
18455
18456
18457
18458
18459
18462
18463
18466
18467
18468
18469
18471
18473
18474
18478
18479
18480
18485
18486
18490
18493
18496
18498
18499
18500
18503
18505
18506
18513
18514
18516
18517
18521
18525
18526
18527
18530
18532
18534
18538
18540
18543
18544
18547
18548
18549
18550
18555
18556
18560
18564
18565
18578
18579
18580
18582
18587
18588
18590
18592
18597
18602
18604
18605
18606
18607
18609
18610
18615
18616
18620
18622
18623
18624
18626
18640
18642
18648
18659
18678
18686
18687
18688
18690
18691
18694
18698
18701
18709
18711
18713
18715
18716
18727
18728
18729
18732
18733
18735
18761
18768
18802
18804
18808
18810
18823
18830
18831
18832
18834
18835
18853
18870
18872
18890
18891
18892
18908
18909
18919
18936
18938
18940
18950
18955
18956
18988
18992
19005
19012
19013
19021
19025
19034
19036
19039
19051
19053
19055
19058
19065
19076
19091
19103
19120
19121
19135
19144
19172
19179
19190
19195
19197
19203
19212
19213
19224
19232
19237
19238
19246
19247
19251
19253
19254
19255
19256
19257
19258
19259
19260
19261
19262
19263
19265
19266
19267
19269
19270
19271
19272
19276
19278
19279
19280
19281
19282
19283
19284
19285
19287
19288
19290
19292
19294
19296
19297
19298
19299
19300
19301
19302
19304
19305
19307
19308
19310
19311
19312
19313
19315
19316
19317
19318
19321
19322
19323
19325
19326
19327
19328
19329
19330
19332
19333
19334
19335
19336
19337
19339
19340
19341
19343
19345
19346
19348
19349
19350
19351
19354
19357
19358
19359
19360
19361
19364
19366
19367
19368
19369
19373
19374
19375
19377
19379
19381
19382
19383
19384
19386
19388
19389
19390
19391
19393
19394
19399
19400
19403
19404
19405
19406
19407
19409
19411
19412
19414
19417
19418
19419
19421
19422
19424
19425
19428
19429
19430
19432
19433
19436
19447
19448
19449
19451
19452
19453
19454
19456
19458
19460
19462
19463
19464
19465
19469
19470
19471
19474
19476
19477
19481
19482
19486
19487
19489
19490
19492
19494
19498
19500
19501
19503
19505
19506
19507
19509
19511
19512
19513
19514
19516
19523
19524
19526
19527
19529
19531
19532
19535
19536
19539
19541
19542
19545
19546
19547
19551
19552
19555
19557
19558
19559
19564
19565
19567
19568
19570
19571
19572
19573
19574
19577
19578
19579
19580
19581
19582
19587
19589
19590
19591
19592
19594
19598
19600
19602
19603
19606
19608
19610
19614
19615
19616
19619
19621
19623
19624
19626
19629
19631
19632
19635
19636
19637
19640
19641
19643
19648
19649
19652
19653
19656
19657
19658
19659
19661
19662
19664
19665
19667
19668
19669
19671
19672
19674
19675
19677
19679
19680
19683
19686
19687
19689
19691
19693
19699
19700
19701
19705
19712
19714
19718
19719
19722
19724
19725
19726
19727
19729
19730
19733
19738
19742
19743
19744
19746
19747
19748
19750
19751
19752
19754
19755
19758
19759
19761
19763
19764
19765
19769
19772
19779
19781
19782
19785
19787
19792
19794
19797
19798
19801
19804
19806
19807
19809
19812
19813
19818
19822
19824
19829
19831
19832
19833
19837
19840
19842
19845
19852
19857
19858
19865
19866
19867
19868
19870
19871
19873
19875
19877
19881
19883
19884
19886
19887
19889
19891
19893
19894
19896
19897
19900
19905
19906
19907
19908
19909
19916
19919
19922
19926
19927
19928
19929
19934
19935
19938
19939
19942
19945
19946
19947
19949
19950
19951
19956
19961
19965
19968
19971
19972
19973
19974
19976
19978
19980
19981
19984
19985
19986
19994
19995
19998
19999
20004
20005
20006
20009
20010
20011
20012
20013
20015
20018
20019
20022
20024
20027
20028
20031
20032
20036
20038
20039
20044
20045
20047
20049
20053
20054
20055
20058
20059
20061
20062
20065
20066
20067
20069
20075
20077
20078
20082
20083
20087
20089
20093
20097
20099
20101
20102
20105
20106
20110
20112
20113
20115
20118
20120
20121
20123
20125
20127
20130
20131
20132
20135
20138
20139
20140
20142
20143
20144
20146
20149
20155
20157
20158
20159
20163
20165
20167
20169
20172
20173
20176
20177
20178
20179
20180
20182
20183
20185
20186
20189
20190
20191
20193
20194
20202
20203
20204
20207
20208
20210
20211
20214
20216
20217
20218
20220
20227
20229
20232
20235
20237
20243
20246
20248
20249
20252
20253
20256
20257
20261
20264
20265
20268
20270
20273
20275
20279
20286
20290
20292
20293
20295
20296
20299
20307
20313
20315
20317
20319
20321
20330
20331
20332
20333
20335
20337
20338
20340
20343
20345
20347
20352
20353
20356
20357
20358
20362
20369
20370
20371
20374
20375
20379
20381
20382
20387
20391
20394
20401
20408
20410
20412
20417
20419
20421
20431
20433
20437
20441
20456
20460
20461
20472
20473
20474
20478
20482
20483
20484
20488
20503
20505
20514
20518
20519
20526
20529
20531
20533
20534
20536
20537
20538
20541
20545
20548
20550
20551
20561
20565
20572
20580
20582
20586
20588
20589
20590
20591
20594
20595
20598
20599
20601
20608
20615
20616
20620
20622
20626
20627
20630
20634
20638
20643
20645
20655
20657
20658
20659
20666
20675
20676
20677
20678
20682
20683
20686
20690
20691
20695
20707
20712
20713
20717
20722
20723
20733
20734
20735
20736
20740
20741
20742
20745
20751
20755
20762
20768
20772
20776
20781
20787
20794
20795
20799
20803
20809
20811
20814
20815
20818
20819
20830
20831
20832
20834
20836
20838
20842
20844
20850
20852
20853
20854
20856
20867
20868
20872
20877
20881
20887
20888
20889
20890
20895
20897
20900
20903
20908
20911
20914
20916
20921
20925
20926
20927
20928
20931
20936
20937
20940
20944
20945
20952
20954
20955
20956
20957
20958
20960
20961
20963
20964
20967
20968
20971
20979
20980
20981
20985
20988
20990
20991
20992
20993
20994
20996
20998
20999
21008
21010
21013
21014
21015
21016
21017
21018
21019
21023
21025
21027
21029
21031
21042
21044
21046
21047
21048
21049
21051
21054
21056
21057
21058
21062
21064
21065
21067
21068
21070
21071
21073
21075
21076
21077
21079
21080
21081
21083
21084
21085
21086
21088
21089
21090
21091
21092
21093
21094
21095
21096
21097
21099
21100
21101
21102
21103
21104
21105
21106
21107
21108
21109
21110
21111
21112
21113
21114
21115
21116
21117
21118
21119
21120
21121
21122
21123
21124
21126
21128
21129
21130
21131
21132
21133
21134
21135
21136
21137
21138
21139
21140
21141
21142
21143
21144
21145
21147
21149
21150
21151
21152
21153
21154
21155
21156
21158
21159
21160
21161
21162
21164
21165
21166
21167
21168
21169
21171
21172
21174
21175
21177
21178
21179
21180
21181
21182
21183
21184
21185
21186
21189
21190
21194
21196
21197
21198
21199
21201
21202
21203
21204
21209
21211
21213
21215
21216
21217
21220
21221
21222
21223
21224
21225
21226
21227
21229
21230
21231
21233
21236
21237
21238
21239
21240
21241
21243
21244
21245
21247
21248
21249
21251
21252
21253
21255
21256
21259
21260
21261
21262
21263
21266
21267
21268
21270
21271
21273
21276
21278
21279
21281
21282
21283
21286
21287
21290
21291
21293
21295
21296
21297
21298
21300
21301
21303
21306
21309
21310
21311
21314
21315
21317
21319
21323
21325
21327
21329
21330
21332
21334
21335
21336
21338
21339
21341
21343
21344
21346
21347
21349
21350
21354
21356
21357
21358
21359
21362
21363
21365
21369
21370
21371
21375
21376
21377
21378
21379
21381
21382
21383
21384
21386
21391
21392
21394
21396
21400
21402
21403
21404
21406
21407
21408
21411
21412
21415
21416
21418
21419
21420
21422
21423
21424
21425
21429
21431
21432
21435
21436
21437
21438
21440
21441
21444
21445
21447
21449
21450
21452
21453
21454
21455
21457
21458
21460
21461
21462
21464
21465
21466
21467
21472
21474
21477
21479
21480
21481
21483
21485
21487
21488
21489
21490
21493
21494
21495
21498
21500
21507
21508
21511
21513
21514
21515
21517
21519
21520
21521
21524
21526
21527
21528
21529
21530
21532
21534
21535
21536
21541
21543
21545
21547
21548
21549
21550
21551
21553
21554
21556
21560
21561
21562
21563
21564
21570
21571
21572
21573
21574
21576
21577
21578
21581
21584
21585
21586
21588
21589
21592
21595
21599
21602
21603
21605
21606
21607
21608
21609
21611
21613
21614
21616
21620
21621
21623
21631
21632
21633
21635
21637
21638
21644
21645
21651
21653
21654
21656
21659
21661
21662
21664
21665
21668
21669
21670
21671
21672
21673
21676
21678
21680
21686
21690
21696
21697
21698
21699
21701
21704
21707
21708
21716
21719
21720
21721
21723
21724
21726
21727
21731
21732
21735
21737
21738
21743
21744
21746
21747
21748
21750
21753
21754
21755
21757
21760
21762
21765
21768
21769
21770
21773
21778
21780
21781
21782
21783
21784
21789
21790
21791
21795
21796
21798
21805
21807
21808
21809
21810
21811
21812
21813
21816
21818
21819
21823
21824
21826
21827
21831
21832
21835
21836
21841
21845
21847
21848
21849
21851
21852
21853
21858
21859
21860
21861
21864
21865
21867
21869
21874
21876
21877
21878
21882
21885
21886
21888
21889
21896
21898
21899
21904
21907
21909
21911
21913
21915
21916
21917
21921
21924
21925
21928
21929
21933
21935
21942
21943
21946
21948
21950
21951
21952
21953
21954
21955
21959
21962
21964
21965
21968
21971
21972
21977
21983
21984
21986
21988
21991
21992
21995
21998
22000
22003
22006
22008
22009
22012
22015
22016
22020
22021
22024
22025
22027
22029
22032
22033
22035
22036
22037
22041
22042
22043
22045
22047
22049
22052
22053
22054
22060
22062
22063
22065
22066
22067
22070
22071
22072
22073
22076
22077
22079
22080
22082
22085
22086
22087
22089
22091
22092
22099
22101
22102
22104
22105
22106
22107
22108
22109
22110
22113
22114
22115
22118
22121
22123
22125
22127
22128
22131
22132
22134
22138
22139
22142
22144
22145
22146
22148
22150
22151
22152
22155
22158
22159
22160
22162
22163
22164
22165
22166
22170
22171
22172
22174
22177
22178
22180
22184
22187
22188
22189
22190
22191
22192
22198
22199
22201
22202
22204
22205
22207
22210
22212
22213
22214
22215
22217
22219
22220
22221
22223
22224
22225
22228
22230
22231
22235
22236
22237
22239
22242
22244
22245
22246
22247
22249
22250
22252
22254
22256
22257
22258
22261
22263
22264
22265
22266
22267
22269
22272
22273
22275
22276
22277
22278
22282
22283
22294
22298
22303
22306
22310
22324
22327
22329
22344
22354
22355
22360
22362
22371
22381
22385
22388
22392
22399
22410
22415
22416
22427
22444
22449
22463
22465
22469
22475
22486
22510
22518
22519
22523
22526
22545
22575
22577
22580
22596
22619
22637
22652
22695
22709
22711
22740
22751
22752
22754
22756
22771
22777
22793
22812
22835
22870
22876
22877
22885
22893
22908
22913
22917
22920
22958
22965
22966
22967
22968
22970
22971
22972
22973
22974
22976
22977
22978
22979
22980
22981
22982
22985
22986
22988
22989
22990
22991
22992
22993
22994
22995
22997
22999
23000
23001
23002
23004
23006
23008
23009
23010
23012
23013
23014
23015
23016
23019
23022
23024
23026
23029
23030
23031
23032
23036
23037
23041
23042
23043
23045
23050
23052
23053
23054
23056
23057
23058
23062
23063
23064
23065
23066
23068
23071
23072
23073
23075
23076
23078
23081
23082
23084
23088
23089
23090
23091
23093
23095
23096
23097
23099
23100
23102
23103
23104
23105
23107
23108
23112
23114
23115
23117
23119
23120
23121
23122
23123
23124
23126
23128
23130
23131
23132
23133
23134
23135
23136
23138
23142
23145
23146
23147
23148
23149
23150
23155
23156
23159
23162
23163
23164
23165
23167
23169
23170
23172
23173
23174
23175
23178
23179
23180
23182
23184
23185
23188
23190
23191
23193
23194
23195
23198
23199
23201
23203
23206
23207
23208
23209
23210
23211
23213
23216
23220
23221
23224
23225
23231
23234
23240
23242
23246
23248
23249
23250
23251
23253
23256
23258
23259
23261
23262
23267
23269
23271
23272
23274
23275
23277
23278
23279
23280
23283
23287
23289
23290
23293
23294
23295
23296
23297
23301
23303
23305
23308
23310
23311
23315
23316
23326
23328
23329
23332
23335
23336
23337
23343
23347
23355
23357
23358
23359
23360
23363
23367
23368
23369
23371
23372
23373
23377
23379
23381
23385
23386
23391
23393
23395
23396
23397
23398
23399
23402
23404
23405
23415
23421
23424
23425
23426
23427
23429
23434
23436
23441
23446
23448
23449
23452
23455
23458
23459
23460
23466
23467
23474
23476
23479
23480
23483
23484
23486
23487
23494
23495
23501
23503
23504
23505
23507
23508
23510
23511
23512
23520
23522
23526
23532
23533
23534
23536
23537
23540
23541
23542
23545
23546
23547
23550
23554
23556
23560
23561
23566
23568
23570
23574
23575
23576
23578
23583
23584
23588
23589
23591
23597
23601
23602
23603
23605
23606
23607
23609
23610
23614
23619
23622
23626
23627
23633
23635
23639
23645
23647
23652
23659
23660
23662
23663
23664
23665
23666
23670
23671
23672
23676
23677
23680
23684
23687
23692
23693
23694
23699
23700
23702
23703
23705
23707
23708
23714
23723
23725
23728
23729
23730
23732
23733
23737
23739
23740
23741
23745
23750
23751
23752
23756
23757
23762
23772
23773
23776
23778
23779
23781
23784
23785
23787
23796
23797
23802
23804
23808
23813
23815
23819
23820
23822
23823
23824
23825
23827
23831
23839
23845
23846
23848
23850
23851
23853
23856
23857
23861
23864
23867
23869
23874
23875
23877
23880
23883
23885
23887
23888
23891
23893
23896
23910
23913
23917
23921
23924
23926
23929
23943
23944
23955
23959
23962
23963
23966
23967
23972
23974
23977
23978
23987
23990
23993
23995
23997
23998
24000
24006
24007
24010
24011
24013
24016
24027
24028
24033
24035
24037
24051
24059
24069
24071
24075
24081
24087
24088
24089
24093
24097
24101
24102
24103
24104
24106
24142
24144
24147
24152
24162
24164
24172
24173
24174
24180
24185
24190
24191
24192
24194
24195
24200
24206
24208
24214
24217
24218
24223
24232
24257
24262
24263
24264
24270
24279
24285
24287
24296
24299
24300
24304
24305
24310
24315
24321
24330
24331
24342
24347
24348
24357
24362
24370
24372
24373
24395
24396
24397
24421
24423
24428
24430
24436
24449
24450
24451
24452
24453
24467
24475
24489
24496
24507
24512
24513
24520
24523
24525
24528
24529
24533
24535
24545
24554
24557
24567
24573
24586
24603
24607
24612
24625
24628
24629
24635
24638
24640
24643
24645
24647
24650
24659
24665
24666
24670
24671
24672
24675
24678
24685
24687
24690
24692
24699
24702
24704
24706
24710
24712
24713
24714
24716
24719
24720
24722
24727
24733
24737
24744
24746
24748
24750
24762
24763
24770
24771
24772
24774
24775
24776
24778
24779
24780
24782
24783
24785
24786
24789
24790
24793
24794
24796
24797
24798
24799
24800
24802
24804
24806
24808
24810
24812
24813
24814
24815
24817
24818
24819
24820
24821
24822
24823
24824
24826
24827
24828
24829
24830
24831
24834
24836
24837
24839
24840
24842
24843
24844
24845
24846
24847
24848
24850
24851
24853
24854
24855
24857
24858
24859
24860
24861
24863
24865
24867
24868
24870
24872
24873
24874
24875
24876
24877
24878
24880
24881
24882
24883
24884
24885
24886
24888
24889
24891
24892
24894
24895
24896
24898
24899
24901
24902
24903
24904
24905
24907
24910
24911
24912
24913
24914
24915
24916
24917
24919
24920
24921
24923
24924
24925
24926
24927
24928
24929
24932
24934
24935
24937
24938
24939
24942
24944
24945
24947
24948
24950
24951
24952
24953
24954
24956
24960
24962
24963
24964
24965
24967
24973
24974
24977
24981
24982
24983
24984
24985
24986
24988
24990
24994
24996
24997
24998
25000
25001
25002
25003
25005
25006
25007
25008
25009
25013
25014
25019
25020
25021
25022
25023
25024
25025
25028
25029
25030
25031
25032
25033
25034
25035
25036
25037
25039
25041
25042
25043
25044
25045
25046
25048
25050
25052
25053
25057
25058
25059
25060
25061
25062
25067
25068
25070
25073
25074
25077
25078
25082
25084
25086
25087
25089
25093
25095
25097
25099
25100
25102
25105
25109
25111
25113
25114
25115
25117
25118
25122
25126
25127
25129
25132
25133
25136
25138
25139
25142
25145
25147
25149
25151
25152
25154
25155
25156
25157
25158
25165
25166
25167
25168
25172
25174
25176
25179
25181
25187
25188
25190
25191
25195
25197
25199
25202
25203
25204
25209
25212
25214
25217
25218
25220
25221
25225
25227
25229
25233
25234
25236
25237
25241
25242
25244
25245
25246
25248
25250
25253
25255
25257
25259
25260
25262
25263
25264
25265
25268
25270
25271
25273
25276
25277
25278
25280
25286
25287
25288
25290
25292
25295
25296
25297
25298
25300
25303
25305
25306
25307
25308
25309
25316
25317
25319
25320
25322
25326
25329
25331
25332
25333
25337
25338
25339
25340
25342
25344
25345
25346
25347
25349
25351
25352
25353
25355
25357
25359
25360
25364
25366
25369
25371
25373
25375
25376
25377
25379
25385
25389
25391
25392
25394
25399
25404
25407
25408
25409
25410
25411
25412
25415
25416
25418
25419
25422
25426
25433
25434
25438
25440
25447
25449
25451
25454
25455
25456
25457
25458
25462
25463
25469
25470
25471
25473
25476
25479
25481
25484
25486
25490
25492
25493
25497
25498
25499
25502
25504
25506
25507
25516
25518
25520
25521
25522
25523
25524
25527
25529
25534
25535
25540
25541
25542
25545
25546
25548
25549
25550
25558
25559
25560
25561
25563
25568
25570
25571
25572
25573
25583
25585
25586
25590
25592
25593
25594
25597
25600
25602
25605
25606
25609
25610
25611
25613
25614
25615
25616
25618
25621
25623
25624
25627
25631
25633
25635
25643
25644
25648
25650
25652
25655
25656
25658
25661
25664
25666
25669
25670
25672
25673
25678
25679
25680
25682
25688
25690
25695
25696
25699
25702
25703
25706
25707
25710
25711
25714
25718
25719
25720
25722
25723
25726
25730
25734
25741
25743
25747
25748
25749
25750
25751
25752
25754
25757
25761
25764
25765
25767
25768
25771
25774
25776
25777
25778
25781
25785
25787
25790
25792
25793
25798
25799
25800
25801
25803
25804
25805
25808
25813
25815
25816
25818
25819
25821
25823
25824
25826
25828
25829
25830
25837
25839
25840
25841
25842
25843
25844
25845
25846
25850
25852
25853
25857
25858
25861
25862
25865
25866
25867
25868
25872
25874
25876
25879
25883
25884
25885
25886
25888
25889
25897
25898
25899
25900
25903
25904
25905
25906
25907
25908
25912
25913
25915
25916
25918
25919
25921
25923
25924
25926
25927
25928
25929
25931
25933
25934
25937
25939
25941
25942
25944
25945
25947
25949
25951
25953
25954
25955
25956
25957
25958
25961
25962
25963
25964
25966
25968
25971
25972
25975
25976
25978
25979
25980
25982
25983
25985
25986
25987
25989
25990
25992
25995
25996
25998
25999
26001
26002
26003
26006
26007
26021
26022
26024
26026
26034
26038
26039
26051
26054
26057
26058
26067
26075
26076
26077
26087
26088
26091
26093
26094
26097
26098
26108
26112
26114
26136
26139
26150
26153
26160
26166
26168
26170
26174
26188
26197
26209
26227
26229
26237
26245
26246
26296
26297
26347
26360
26394
26403
26408
26409
26416
26442
26444
26447
26464
26478
26481
26496
26500
26504
26517
26523
26533
26539
26563
26576
26599
26630
26631
26654
26672
26674
26675
26677
26678
26679
26680
26681
26682
26683
26685
26686
26689
26691
26692
26694
26695
26696
26697
26698
26699
26700
26703
26706
26707
26708
26709
26711
26712
26713
26714
26715
26717
26718
26720
26721
26722
26723
26724
26725
26726
26727
26729
26730
26731
26732
26733
26736
26738
26739
26740
26742
26745
26746
26747
26748
26755
26756
26757
26758
26760
26762
26764
26766
26767
26768
26769
26770
26771
26773
26776
26777
26778
26779
26780
26782
26786
26787
26789
26791
26793
26794
26795
26797
26802
26803
26804
26805
26807
26809
26811
26813
26814
26816
26817
26818
26822
26826
26827
26828
26829
26830
26831
26832
26833
26834
26835
26836
26837
26839
26842
26849
26850
26856
26858
26859
26861
26863
26864
26869
26873
26874
26878
26879
26881
26882
26885
26888
26890
26892
26893
26894
26897
26899
26901
26903
26904
26905
26906
26907
26908
26909
26914
26915
26917
26919
26920
26921
26925
26927
26932
26933
26934
26936
26937
26938
26939
26940
26942
26943
26945
26948
26950
26951
26954
26957
26959
26960
26961
26962
26963
26964
26966
26967
26969
26970
26971
26972
26974
26975
26977
26978
26983
26985
26986
26987
26988
26992
26993
26994
26996
26997
27000
27003
27004
27005
27006
27007
27008
27009
27010
27011
27015
27016
27018
27023
27024
27026
27027
27028
27030
27035
27036
27038
27042
27043
27050
27052
27053
27054
27056
27060
27063
27064
27067
27068
27069
27071
27072
27076
27077
27078
27079
27080
27081
27082
27084
27085
27086
27089
27091
27092
27095
27096
27099
27100
27103
27104
27105
27106
27107
27108
27109
27110
27111
27117
27119
27121
27124
27126
27128
27129
27130
27132
27134
27137
27139
27140
27141
27144
27147
27148
27150
27152
27154
27158
27160
27161
27164
27165
27167
27168
27172
27176
27178
27179
27180
27181
27183
27186
27189
27193
27196
27197
27198
27202
27204
27205
27211
27212
27213
27218
27219
27220
27221
27222
27226
27230
27232
27233
27242
27243
27244
27248
27250
27251
27255
27256
27257
27259
27260
27261
27263
27264
27266
27268
27270
27271
27273
27275
27276
27277
27283
27285
27289
27291
27292
27297
27298
27299
27300
27303
27304
27307
27308
27309
27314
27317
27319
27322
27324
27325
27328
27333
27335
27336
27338
27339
27341
27346
27347
27349
27352
27354
27356
27357
27358
27360
27362
27363
27364
27366
27367
27368
27370
27371
27373
27377
27384
27385
27386
27389
27390
27392
27394
27396
27397
27398
27399
27400
27401
27403
27406
27407
27409
27414
27415
27418
27419
27426
27427
27428
27429
27430
27431
27433
27434
27435
27437
27438
27439
27440
27441
27443
27444
27445
27446
27447
27449
27452
27453
27454
27455
27459
27460
27464
27465
27466
27467
27468
27474
27476
27481
27485
27486
27490
27497
27500
27503
27505
27510
27511
27513
27515
27517
27518
27522
27523
27525
27526
27530
27533
27534
27535
27537
27540
27541
27542
27543
27544
27546
27547
27548
27549
27557
27560
27561
27567
27569
27570
27571
27574
27575
27577
27580
27582
27583
27590
27591
27592
27593
27594
27597
27600
27601
27602
27614
27615
27616
27618
27619
27621
27623
27624
27628
27635
27636
27638
27640
27642
27645
27646
27652
27654
27655
27656
27657
27661
27663
27664
27665
27666
27667
27668
27674
27677
27678
27680
27682
27684
27688
27689
27691
27692
27695
27696
27698
27707
27708
27714
27716
27721
27723
27724
27727
27734
27736
27737
27739
27740
27742
27743
27744
27745
27746
27749
27757
27758
27759
27760
27763
27766
27772
27774
27788
27791
27794
27796
27798
27802
27803
27805
27807
27808
27812
27813
27819
27820
27822
27826
27827
27832
27837
27841
27842
27844
27849
27855
27858
27859
27866
27869
27871
27872
27873
27876
27882
27884
27887
27888
27889
27895
27897
27898
27904
27906
27908
27913
27914
27916
27917
27919
27922
27923
27930
27931
27932
27935
27936
27944
27948
27950
27954
27956
27958
27960
27961
27965
27969
27972
27978
27979
27988
27993
28002
28003
28005
28008
28010
28013
28014
28016
28019
28020
28022
28027
28029
28032
28034
28036
28037
28040
28041
28044
28047
28048
28053
28055
28061
28062
28071
28077
28083
28086
28094
28100
28106
28108
28109
28114
28115
28116
28120
28123
28133
28144
28145
28150
28151
28159
28160
28161
28167
28168
28170
28172
28173
28183
28188
28189
28193
28197
28198
28199
28200
28201
28204
28213
28216
28221
28225
28227
28235
28237
28239
28242
28243
28249
28250
28252
28271
28281
28289
28296
28300
28302
28309
28313
28315
28317
28321
28323
28325
28326
28339
28343
28344
28346
28347
28349
28350
28353
28354
28355
28357
28359
28368
28372
28373
28377
28379
28380
28381
28382
28385
28386
28387
28389
28390
28391
28392
28393
28396
28398
28402
28403
28405
28408
28411
28412
28413
28416
28419
28420
28421
28423
28424
28425
28426
28430
28433
28435
28437
28438
28439
28441
28442
28444
28445
28449
28453
28455
28456
28457
28459
28464
28465
28470
28472
28476
28477
28482
28483
28485
28486
28489
28492
28493
28494
28496
28499
28501
28503
28507
28509
28510
28511
28513
28516
28517
28518
28521
28522
28524
28527
28528
28529
28530
28531
28534
28535
28536
28537
28540
28541
28542
28543
28544
28545
28546
28547
28548
28551
28553
28556
28557
28558
28560
28561
28562
28563
28564
28565
28568
28572
28575
28577
28579
28580
28583
28585
28586
28587
28588
28589
28591
28592
28593
28594
28595
28596
28597
28599
28600
28602
28603
28605
28606
28608
28610
28611
28612
28616
28617
28618
28619
28622
28624
28625
28626
28627
28629
28631
28632
28633
28634
28635
28637
28638
28639
28642
28643
28644
28646
28648
28650
28651
28652
28653
28654
28657
28658
28659
28661
28662
28664
28666
28668
28670
28673
28675
28676
28677
28679
28680
28682
28683
28684
28685
28687
28688
28689
28691
28695
28696
28697
28698
28700
28701
28703
28704
28706
28709
28710
28712
28714
28715
28717
28718
28719
28723
28725
28726
28727
28728
28729
28732
28733
28734
28735
28736
28737
28739
28742
28743
28745
28747
28748
28749
28753
28758
28760
28762
28765
28766
28771
28772
28773
28774
28777
28778
28780
28782
28784
28785
28786
28787
28788
28789
28790
28791
28793
28795
28798
28800
28801
28805
28810
28811
28816
28820
28821
28823
28824
28826
28827
28828
28829
28830
28831
28835
28839
28840
28841
28843
28846
28847
28848
28850
28851
28852
28853
28856
28857
28859
28860
28861
28863
28864
28865
28866
28868
28869
28871
28872
28874
28875
28877
28880
28881
28882
28883
28885
28886
28888
28893
28895
28896
28897
28898
28900
28901
28902
28904
28905
28907
28909
28911
28913
28915
28916
28917
28921
28923
28926
28928
28932
28933
28934
28935
28936
28937
28938
28939
28941
28942
28943
28944
28945
28947
28948
28950
28952
28954
28955
28956
28957
28958
28959
28962
28963
28964
28966
28969
28974
28975
28978
28979
28981
28982
28983
28984
28990
28991
28992
28994
28996
28997
28999
29001
29002
29005
29009
29017
29019
29020
29022
29023
29025
29027
29030
29031
29034
29040
29041
29042
29043
29044
29045
29046
29050
29051
29052
29053
29054
29059
29061
29062
29065
29066
29067
29073
29074
29076
29078
29080
29081
29082
29083
29085
29087
29089
29090
29091
29093
29097
29098
29099
29100
29101
29104
29105
29106
29109
29111
29113
29114
29117
29121
29124
29125
29128
29130
29132
29135
29136
29140
29148
29149
29152
29154
29156
29161
29162
29164
29165
29168
29169
29171
29172
29175
29178
29179
29181
29188
29189
29190
29193
29195
29198
29205
29206
29208
29210
29213
29214
29217
29218
29223
29226
29227
29230
29231
29232
29235
29236
29238
29244
29246
29248
29250
29252
29254
29257
29260
29269
29270
29273
29274
29275
29278
29279
29283
29284
29285
29291
29292
29294
29297
29298
29299
29300
29305
29306
29310
29313
29316
29317
29319
29321
29322
29323
29325
29326
29327
29330
29337
29340
29341
29342
29344
29345
29346
29347
29349
29355
29356
29358
29362
29368
29369
29370
29371
29372
29378
29379
29381
29382
29383
29385
29386
29387
29393
29394
29395
29396
29404
29405
29406
29410
29411
29412
29414
29415
29416
29418
29420
29421
29423
29427
29428
29432
29433
29434
29435
29438
29440
29444
29448
29455
29456
29457
29459
29460
29461
29463
29464
29465
29466
29468
29469
29478
29479
29481
29485
29486
29488
29490
29491
29495
29496
29500
29501
29506
29507
29512
29514
29515
29516
29517
29518
29519
29520
29524
29526
29527
29529
29532
29533
29537
29540
29541
29542
29546
29547
29550
29551
29552
29553
29554
29555
29556
29557
29558
29559
29560
29562
29563
29564
29566
29567
29569
29570
29572
29576
29577
29579
29580
29581
29582
29583
29587
29588
29590
29591
29593
29595
29598
29599
29600
29601
29602
29603
29604
29608
29611
29615
29616
29617
29619
29620
29623
29624
29625
29627
29629
29630
29631
29632
29634
29638
29640
29641
29642
29643
29645
29646
29648
29649
29650
29651
29655
29656
29657
29658
29659
29660
29661
29664
29665
29667
29668
29669
29670
29672
29673
29674
29675
29677
29679
29680
29682
29683
29685
29686
29688
29689
29690
29691
29692
29695
29696
29699
29700
29701
29702
29703
29704
29706
29709
29710
29714
29716
29717
29718
29720
29726
29727
29736
29742
29743
29749
29750
29752
29761
29766
29771
29773
29775
29780
29782
29786
29787
29791
29795
29797
29799
29800
29804
29805
29810
29825
29836
29844
29845
29848
29853
29854
29855
29857
29858
29859
29863
29871
29878
29884
29893
29922
29925
29926
29958
29967
29969
29977
29980
29983
29987
29991
30005
30008
30013
30015
30025
30029
30054
30073
30075
30086
30089
30090
30095
30107
30110
30113
30122
30129
30135
30139
30143
30147
30149
30152
30155
30176
30178
30179
30195
30196
30199
30220
30236
30237
30238
30244
30247
30250
30267
30289
30292
30310
30311
30333
30341
30346
30354
30355
30369
30370
30379
30387
30393
30394
30395
30396
30398
30399
30400
30401
30402
30403
30404
30405
30406
30407
30408
30409
30412
30413
30414
30418
30419
30420
30421
30422
30423
30424
30425
30426
30427
30429
30430
30431
30432
30434
30435
30436
30437
30438
30439
30441
30442
30443
30444
30445
30446
30449
30452
30453
30454
30455
30458
30460
30461
30462
30463
30464
30465
30467
30468
30469
30471
30474
30475
30478
30481
30483
30484
30485
30490
30491
30492
30494
30495
30496
30499
30500
30501
30502
30503
30504
30505
30507
30509
30510
30512
30514
30515
30516
30517
30519
30523
30524
30525
30526
30527
30528
30530
30531
30532
30533
30535
30536
30542
30543
30544
30545
30547
30548
30549
30551
30552
30554
30555
30556
30558
30559
30560
30561
30563
30564
30565
30566
30570
30571
30573
30574
30575
30576
30577
30578
30580
30581
30583
30585
30587
30588
30589
30591
30592
30593
30594
30595
30600
30602
30605
30606
30607
30610
30611
30612
30613
30615
30616
30618
30621
30622
30623
30624
30626
30627
30629
30630
30631
30632
30634
30635
30636
30638
30639
30640
30642
30643
30644
30645
30647
30650
30651
30652
30654
30655
30657
30659
30662
30663
30665
30666
30668
30669
30671
30672
30673
30674
30676
30677
30678
30679
30680
30684
30686
30689
30690
30696
30697
30698
30699
30701
30702
30703
30704
30705
30708
30714
30715
30717
30718
30721
30722
30723
30731
30732
30736
30737
30738
30742
30743
30744
30746
30748
30749
30750
30751
30753
30754
30756
30757
30758
30759
30764
30766
30767
30769
30771
30773
30774
30775
30776
30778
30779
30780
30781
30785
30786
30788
30789
30790
30791
30793
30794
30795
30796
30798
30800
30801
30803
30804
30805
30809
30810
30811
30812
30817
30819
30821
30822
30823
30824
30825
30826
30827
30828
30829
30833
30835
30836
30837
30846
30847
30851
30855
30858
30859
30860
30862
30864
30866
30871
30872
30873
30878
30880
30884
30885
30886
30887
30889
30890
30891
30894
30899
30900
30903
30906
30907
30908
30911
30912
30914
30915
30916
30919
30922
30923
30925
30926
30927
30931
30933
30935
30936
30937
30939
30940
30941
30946
30950
30951
30953
30956
30958
30962
30963
30964
30965
30968
30969
30971
30973
30974
30975
30978
30980
30990
30991
30992
30997
30998
30999
31000
31002
31004
31005
31009
31010
31011
31012
31015
31019
31024
31028
31031
31033
31036
31037
31039
31042
31043
31047
31048
31050
31052
31055
31060
31061
31068
31072
31075
31076
31077
31078
31080
31081
31082
31084
31087
31088
31092
31093
31094
31098
31099
31100
31104
31110
31113
31115
31118
31121
31123
31124
31125
31127
31128
31130
31131
31136
31138
31139
31140
31143
31148
31151
31153
31154
31157
31158
31159
31161
31162
31165
31167
31170
31173
31174
31175
31176
31177
31178
31179
31180
31181
31182
31186
31188
31190
31191
31194
31195
31200
31201
31202
31204
31205
31206
31207
31208
31212
31213
31217
31218
31221
31222
31223
31225
31228
31231
31232
31233
31234
31236
31241
31243
31244
31247
31248
31252
31255
31262
31267
31272
31274
31275
31276
31279
31280
31281
31283
31284
31285
31287
31288
31289
31290
31291
31292
31295
31296
31297
31298
31299
31301
31302
31303
31304
31305
31306
31307
31311
31313
31315
31316
31317
31319
31321
31324
31325
31327
31328
31329
31331
31332
31333
31334
31335
31338
31341
31344
31346
31349
31350
31352
31354
31356
31358
31363
31367
31370
31371
31374
31375
31379
31382
31390
31391
31392
31393
31394
31395
31396
31398
31402
31405
31410
31413
31414
31416
31418
31421
31426
31427
31430
31434
31435
31438
31441
31443
31448
31459
31461
31463
31472
31473
31474
31477
31479
31480
31482
31483
31492
31493
31497
31498
31499
31500
31503
31507
31508
31510
31511
31516
31517
31519
31520
31521
31522
31523
31524
31525
31527
31530
31533
31534
31535
31537
31540
31545
31546
31551
31560
31566
31572
31574
31578
31587
31592
31600
31601
31603
31616
31622
31624
31626
31628
31629
31630
31632
31645
31646
31648
31654
31656
31657
31660
31661
31664
31671
31676
31678
31679
31683
31686
31690
31692
31697
31698
31699
31702
31704
31705
31707
31716
31724
31726
31732
31733
31737
31738
31743
31745
31750
31752
31755
31757
31758
31759
31762
31766
31768
31770
31775
31776
31785
31786
31791
31793
31796
31800
31802
31810
31811
31814
31820
31823
31825
31828
31832
31835
31836
31837
31841
31845
31851
31857
31858
31865
31873
31874
31875
31878
31879
31881
31883
31884
31892
31897
31903
31907
31924
31927
31935
31940
31941
31946
31951
31952
31953
31956
31957
31960
31961
31962
31972
31973
31976
31977
31982
31987
31988
31991
31994
31998
32001
32009
32014
32026
32027
32029
32030
32032
32035
32037
32038
32052
32053
32054
32058
32060
32061
32063
32064
32073
32087
32092
32094
32095
32096
32099
32100
32101
32103
32104
32105
32106
32109
32110
32113
32118
32119
32120
32122
32124
32126
32130
32132
32134
32135
32140
32141
32144
32147
32148
32150
32151
32155
32156
32159
32160
32161
32163
32167
32169
32170
32171
32173
32174
32178
32179
32185
32186
32189
32199
32200
32201
32202
32203
32205
32206
32207
32208
32210
32211
32213
32216
32217
32218
32221
32222
32223
32224
32225
32226
32227
32228
32230
32231
32232
32233
32234
32236
32237
32238
32239
32240
32242
32243
32245
32246
32247
32248
32250
32252
32253
32254
32255
32256
32257
32258
32259
32260
32262
32263
32264
32265
32266
32268
32269
32270
32272
32273
32274
32276
32277
32278
32279
32281
32282
32283
32284
32285
32286
32287
32288
32289
32291
32292
32293
32294
32295
32298
32300
32302
32305
32306
32308
32309
32310
32311
32312
32313
32314
32316
32317
32318
32319
32320
32322
32323
32324
32326
32328
32329
32330
32331
32332
32333
32334
32335
32336
32338
32339
32340
32342
32343
32345
32346
32348
32349
32353
32354
32355
32356
32357
32358
32359
32360
32361
32362
32363
32365
32367
32368
32372
32373
32375
32377
32379
32380
32381
32382
32384
32386
32388
32389
32390
32391
32392
32393
32394
32395
32397
32398
32399
32400
32401
32407
32408
32409
32410
32411
32412
32413
32414
32417
32418
32420
32421
32422
32423
32427
32428
32429
32430
32431
32433
32434
32435
32436
32437
32438
32439
32440
32442
32443
32444
32445
32446
32447
32448
32449
32450
32451
32452
32456
32458
32459
32460
32461
32463
32464
32465
32466
32467
32471
32472
32476
32477
32478
32479
32480
32481
32482
32483
32484
32485
32486
32487
32489
32492
32493
32494
32495
32496
32497
32498
32500
32504
32507
32509
32511
32512
32515
32516
32517
32518
32519
32522
32523
32524
32525
32527
32530
32531
32533
32534
32537
32538
32539
32541
32542
32543
32544
32545
32546
32547
32548
32549
32550
32552
32553
32554
32555
32556
32557
32558
32559
32560
32561
32562
32564
32566
32567
32569
32571
32572
32573
32574
32576
32577
32579
32580
32583
32584
32585
32586
32590
32593
32594
32595
32596
32598
32599
32600
32602
32603
32604
32606
32607
32609
32610
32611
32614
32616
32618
32619
32620
32623
32625
32627
32629
32630
32631
32632
32633
32635
32638
32640
32641
32642
32645
32646
32647
32649
32650
32654
32655
32657
32658
32661
32665
32668
32669
32670
32671
32673
32674
32675
32676
32677
32678
32680
32681
32682
32685
32686
32691
32692
32693
32694
32695
32696
32697
32698
32701
32702
32703
32704
32705
32706
32707
32708
32712
32713
32714
32715
32716
32718
32719
32720
32722
32723
32724
32727
32728
32730
32731
32732
32733
32734
32745
32747
32748
32749
32750
32752
32753
32754
32757
32758
32759
32760
32761
32762
32764
32765
32767
32769
32771
32772
32773
32774
32775
32779
32781
32782
32783
32784
32785
32786
32790
32792
32794
32796
32798
32799
32801
32802
32803
32804
32806
32813
32815
32819
32820
32822
32823
32829
32833
32835
32838
32839
32840
32842
32843
32844
32846
32850
32851
32859
32861
32862
32863
32866
32868
32870
32874
32875
32877
32879
32882
32883
32884
32885
32886
32887
32888
32891
32892
32896
32898
32903
32907
32908
32910
32912
32914
32922
32924
32925
32926
32930
32931
32932
32935
32937
32939
32941
32943
32948
32950
32952
32955
32957
32960
32961
32965
32966
32968
32969
32971
32973
32975
32976
32978
32979
32980
32986
32988
32990
32991
32994
32998
32999
33000
33001
33004
33006
33010
33011
33012
33013
33014
33016
33017
33019
33021
33023
33024
33025
33026
33028
33029
33030
33031
33033
33035
33037
33038
33040
33041
33042
33046
33047
33049
33052
33053
33054
33055
33058
33060
33061
33062
33063
33064
33069
33070
33075
33081
33082
33083
33084
33088
33089
33091
33092
33096
33097
33098
33100
33101
33104
33106
33107
33110
33111
33116
33118
33119
33120
33125
33126
33128
33129
33130
33133
33135
33138
33139
33141
33142
33144
33146
33148
33151
33154
33155
33158
33162
33167
33169
33170
33175
33176
33177
33178
33179
33180
33182
33185
33186
33188
33189
33190
33193
33194
33195
33196
33198
33199
33200
33201
33202
33204
33205
33206
33208
33209
33210
33211
33214
33215
33217
33221
33222
33223
33224
33227
33228
33229
33230
33231
33232
33233
33234
33235
33236
33238
33240
33242
33243
33246
33247
33248
33251
33252
33254
33255
33256
33257
33258
33260
33261
33262
33263
33265
33266
33267
33268
33270
33271
33272
33273
33274
33275
33276
33278
33281
33282
33284
33286
33287
33290
33293
33295
33300
33301
33302
33303
33304
33305
33308
33309
33311
33312
33313
33314
33316
33318
33319
33320
33322
33324
33326
33331
33334
33335
33336
33337
33338
33341
33343
33344
33345
33346
33347
33348
33349
33354
33356
33357
33359
33361
33362
33366
33367
33368
33369
33370
33371
33372
33373
33374
33377
33379
33382
33383
33384
33385
33386
33387
33388
33391
33394
33396
33398
33399
33402
33403
33405
33406
33407
33408
33409
33410
33412
33413
33414
33415
33417
33418
33420
33421
33423
33424
33425
33430
33431
33433
33434
33437
33445
33447
33449
33450
33451
33453
33454
33455
33458
33460
33465
33467
33468
33471
33479
33483
33485
33493
33495
33498
33503
33505
33506
33511
33513
33515
33523
33530
33536
33541
33542
33546
33551
33555
33556
33557
33558
33559
33563
33564
33571
33572
33578
33581
33589
33591
33594
33609
33613
33622
33623
33637
33640
33648
33657
33664
33673
33679
33681
33695
33701
33704
33707
33727
33728
33729
33746
33752
33765
33775
33780
33781
33800
33814
33822
33824
33827
33828
33847
33851
33853
33855
33868
33892
33911
33914
33928
33930
33932
33958
33960
33962
33991
34004
34005
34012
34028
34044
34053
34062
34064
34073
34094
34096
34097
34101
34102
34103
34104
34107
34108
34109
34110
34111
34112
34113
34114
34117
34118
34119
34120
34121
34122
34123
34124
34125
34126
34127
34128
34129
34131
34133
34134
34136
34137
34139
34140
34142
34143
34144
34145
34146
34147
34148
34149
34150
34151
34152
34153
34154
34155
34156
34157
34158
34159
34160
34161
34163
34164
34166
34167
34168
34169
34172
34173
34174
34175
34176
34178
34179
34181
34182
34183
34184
34185
34186
34187
34188
34189
34190
34191
34192
34193
34194
34195
34196
34197
34199
34201
34202
34203
34204
34205
34207
34208
34210
34211
34213
34214
34215
34216
34222
34223
34224
34225
34226
34229
34231
34232
34234
34235
34237
34238
34239
34240
34242
34244
34245
34249
34250
34251
34252
34253
34256
34257
34258
34259
34261
34262
34263
34267
34268
34269
34270
34273
34274
34275
34277
34278
34279
34280
34282
34284
34285
34286
34287
34288
34289
34291
34293
34297
34301
34304
34306
34309
34310
34312
34314
34316
34318
34319
34320
34321
34322
34324
34325
34326
34327
34328
34330
34332
34333
34336
34338
34342
34343
34344
34345
34347
34348
34351
34352
34354
34356
34357
34360
34361
34362
34363
34365
34366
34367
34369
34370
34371
34373
34376
34378
34379
34380
34382
34383
34384
34385
34387
34388
34390
34391
34392
34393
34394
34398
34400
34403
34405
34407
34409
34410
34411
34412
34413
34414
34415
34417
34420
34421
34422
34424
34425
34427
34428
34429
34432
34433
34434
34435
34436
34437
34438
34439
34441
34442
34443
34445
34446
34447
34448
34450
34452
34453
34454
34455
34456
34458
34462
34466
34467
34468
34469
34470
34471
34472
34476
34478
34479
34482
34484
34485
34486
34487
34488
34489
34490
34491
34492
34493
34495
34497
34498
34499
34500
34502
34504
34505
34506
34507
34509
34510
34511
34513
34514
34515
34516
34517
34518
34519
34520
34521
34522
34523
34524
34525
34526
34527
34528
34529
34531
34533
34534
34535
34537
34538
34539
34541
34543
34544
34545
34547
34548
34549
34550
34551
34555
34557
34560
34561
34562
34563
34564
34565
34569
34570
34571
34572
34573
34574
34576
34577
34580
34582
34583
34587
34588
34589
34590
34591
34593
34594
34596
34597
34598
34599
34600
34601
34603
34604
34605
34607
34608
34612
34613
34615
34616
34618
34621
34622
34623
34625
34626
34628
34630
34631
34632
34635
34636
34637
34640
34641
34644
34647
34649
34650
34654
34658
34660
34661
34662
34663
34665
34667
34669
34670
34671
34673
34678
34682
34683
34684
34686
34688
34691
34692
34694
34696
34698
34699
34700
34703
34705
34713
34715
34717
34718
34720
34721
34723
34725
34726
34729
34731
34733
34734
34735
34737
34738
34744
34745
34746
34747
34748
34749
34750
34753
34754
34756
34757
34758
34759
34760
34761
34764
34766
34771
34772
34773
34777
34780
34781
34783
34784
34785
34789
34790
34792
34794
34795
34796
34797
34798
34801
34802
34803
34807
34808
34812
34813
34815
34817
34818
34819
34821
34822
34824
34825
34826
34827
34828
34829
34832
34833
34834
34836
34837
34838
34841
34842
34843
34845
34849
34852
34861
34862
34863
34865
34866
34868
34871
34873
34874
34875
34878
34881
34882
34883
34884
34885
34887
34888
34889
34892
34893
34894
34897
34901
34902
34903
34904
34905
34906
34908
34911
34912
34913
34916
34918
34920
34923
34924
34926
34933
34937
34938
34939
34942
34945
34946
34947
34950
34951
34955
34957
34958
34961
34962
34965
34967
34968
34973
34974
34976
34978
34980
34983
34986
34987
34988
34990
34993
34994
34998
34999
35002
35008
35011
35012
35013
35014
35016
35017
35018
35019
35021
35022
35024
35025
35029
35030
35031
35032
35034
35035
35036
35037
35038
35040
35042
35043
35046
35047
35048
35049
35055
35056
35058
35060
35063
35064
35066
35067
35068
35070
35072
35073
35074
35076
35077
35083
35086
35087
35088
35089
35090
35091
35096
35099
35100
35105
35108
35110
35112
35114
35115
35116
35119
35120
35121
35122
35124
35125
35126
35127
35130
35131
35133
35135
35136
35137
35139
35141
35146
35149
35150
35151
35152
35153
35154
35155
35157
35159
35160
35161
35165
35167
35168
35169
35170
35172
35173
35174
35177
35179
35180
35181
35186
35187
35188
35189
35191
35192
35193
35194
35196
35197
35199
35201
35202
35212
35214
35216
35217
35221
35222
35223
35227
35233
35235
35240
35243
35245
35247
35248
35249
35250
35251
35254
35262
35265
35268
35269
35270
35274
35275
35277
35278
35280
35284
35287
35290
35303
35310
35311
35312
35313
35316
35320
35322
35323
35325
35326
35330
35331
35332
35334
35339
35342
35345
35347
35349
35350
35351
35355
35358
35360
35361
35363
35365
35366
35370
35374
35376
35377
35378
35381
35385
35387
35392
35397
35398
35399
35404
35406
35411
35417
35418
35421
35422
35423
35424
35425
35430
35435
35438
35439
35440
35442
35443
35445
35447
35449
35450
35451
35455
35460
35463
35465
35468
35470
35472
35473
35475
35477
35478
35480
35482
35483
35489
35494
35498
35499
35500
35504
35505
35513
35515
35521
35522
35523
35524
35528
35531
35534
35537
35538
35539
35542
35547
35549
35551
35553
35557
35559
35560
35563
35566
35572
35573
35575
35577
35579
35581
35587
35591
35592
35594
35595
35596
35598
35600
35602
35603
35604
35610
35611
35615
35617
35618
35619
35623
35624
35628
35629
35632
35637
35641
35649
35655
35656
35657
35660
35662
35665
35667
35668
35670
35672
35673
35675
35677
35678
35680
35692
35693
35696
35698
35699
35700
35704
35705
35707
35708
35710
35713
35721
35722
35723
35724
35726
35727
35728
35729
35740
35743
35745
35746
35749
35753
35754
35761
35766
35767
35768
35772
35773
35774
35776
35777
35780
35782
35787
35788
35790
35791
35795
35796
35800
35801
35808
35809
35811
35812
35813
35814
35817
35819
35820
35821
35823
35824
35826
35827
35829
35830
35833
35836
35840
35844
35846
35847
35848
35850
35851
35852
35854
35857
35858
35861
35864
35865
35866
35868
35869
35871
35872
35874
35877
35878
35879
35883
35888
35891
35892
35893
35898
35900
35904
35906
35907
35908
35910
35911
35912
35913
35914
35915
35916
35918
35919
35920
35921
35922
35923
35925
35927
35928
35929
35930
35931
35932
35935
35936
35937
35938
35939
35940
35941
35943
35944
35947
35948
35949
35950
35951
35952
35954
35955
35956
35958
35959
35960
35961
35962
35963
35964
35967
35968
35969
35970
35971
35972
35973
35974
35975
35976
35977
35978
35980
35981
35982
35983
35984
35986
35987
35988
35990
35991
35992
35993
35994
35995
35996
35997
36000
36001
36002
36003
36004
36005
36006
36008
36009
36010
36014
36015
36016
36017
36019
36020
36021
36022
36023
36024
36025
36027
36028
36030
36031
36033
36034
36036
36038
36040
36042
36043
36044
36045
36046
36047
36048
36049
36050
36051
36052
36054
36056
36057
36059
36061
36062
36065
36066
36067
36068
36070
36071
36074
36076
36078
36080
36081
36082
36083
36085
36086
36087
36088
36089
36090
36092
36094
36095
36096
36098
36100
36101
36102
36103
36104
36106
36107
36108
36109
36110
36111
36112
36113
36114
36115
36116
36117
36118
36119
36121
36122
36124
36126
36127
36128
36129
36131
36134
36138
36140
36141
36142
36143
36144
36147
36148
36149
36150
36152
36153
36154
36155
36157
36159
36161
36162
36164
36165
36167
36168
36170
36172
36173
36174
36175
36179
36181
36182
36185
36186
36189
36193
36194
36197
36198
36199
36200
36201
36207
36208
36210
36212
36214
36215
36216
36217
36218
36221
36223
36224
36226
36227
36228
36229
36230
36231
36233
36237
36239
36240
36242
36247
36248
36252
36254
36255
36256
36259
36260
36261
36262
36263
36264
36265
36266
36267
36268
36269
36270
36271
36274
36275
36276
36277
36278
36279
36280
36281
36282
36283
36284
36285
36287
36288
36289
36293
36297
36299
36300
36301
36302
36305
36309
36310
36311
36312
36313
36314
36315
36316
36317
36318
36320
36321
36323
36324
36326
36328
36329
36330
36332
36333
36334
36337
36338
36339
36341
36342
36343
36344
36345
36346
36348
36349
36351
36352
36354
36356
36358
36359
36361
36362
36363
36364
36367
36369
36370
36371
36372
36376
36377
36378
36379
36380
36382
36383
36384
36385
36386
36387
36388
36390
36391
36392
36395
36399
36401
36402
36407
36408
36409
36410
36412
36413
36414
36415
36416
36417
36418
36419
36420
36421
36427
36428
36429
36431
36434
36435
36436
36437
36439
36440
36441
36442
36444
36445
36447
36448
36450
36451
36453
36455
36457
36458
36459
36462
36464
36466
36467
36468
36471
36473
36474
36475
36478
36479
36480
36482
36486
36487
36489
36491
36493
36494
36495
36499
36501
36502
36503
36506
36510
36511
36513
36514
36515
36518
36519
36521
36522
36525
36526
36527
36529
36530
36532
36533
36534
36536
36537
36544
36546
36549
36552
36553
36560
36561
36563
36564
36575
36576
36577
36580
36581
36582
36583
36590
36591
36593
36594
36597
36598
36599
36600
36601
36603
36605
36606
36607
36608
36609
36611
36614
36615
36617
36621
36622
36624
36625
36631
36634
36635
36637
36639
36644
36646
36647
36651
36654
36659
36661
36662
36664
36666
36669
36672
36674
36675
36678
36680
36682
36683
36684
36687
36688
36689
36690
36691
36694
36697
36700
36702
36704
36705
36708
36710
36712
36713
36720
36721
36723
36724
36725
36727
36728
36729
36732
36733
36734
36735
36738
36740
36743
36745
36747
36748
36749
36751
36752
36754
36755
36756
36760
36762
36763
36764
36766
36769
36771
36772
36773
36775
36777
36778
36780
36781
36784
36790
36791
36792
36794
36795
36796
36797
36799
36800
36801
36802
36804
36806
36808
36809
36810
36811
36814
36815
36816
36817
36818
36819
36820
36822
36824
36825
36828
36829
36830
36833
36838
36839
36840
36841
36842
36843
36844
36845
36847
36848
36849
36850
36851
36854
36855
36856
36859
36860
36862
36864
36865
36866
36867
36871
36872
36876
36878
36883
36884
36885
36886
36888
36889
36891
36892
36893
36894
36903
36908
36909
36911
36912
36913
36914
36915
36918
36919
36920
36924
36925
36926
36928
36929
36932
36935
36937
36939
36940
36941
36942
36945
36946
36947
36950
36952
36955
36957
36958
36960
36961
36965
36967
36970
36975
36979
36980
36981
36983
36984
36985
36987
36989
36990
36991
36993
36994
36996
36997
36998
36999
37000
37003
37004
37005
37006
37007
37010
37012
37014
37015
37018
37019
37021
37022
37023
37025
37026
37027
37028
37029
37030
37031
37032
37033
37035
37036
37039
37040
37041
37042
37043
37044
37045
37046
37047
37048
37052
37053
37054
37055
37056
37058
37061
37062
37063
37064
37066
37068
37069
37070
37071
37073
37077
37079
37080
37081
37083
37084
37085
37086
37087
37089
37091
37092
37093
37095
37096
37097
37100
37101
37102
37103
37104
37105
37106
37108
37110
37111
37113
37114
37116
37117
37118
37119
37120
37122
37123
37127
37128
37129
37130
37131
37132
37133
37134
37135
37137
37138
37139
