2
9
10
20
21
22
25
27
36
40
51
54
57
58
59
69
71
78
79
83
84
88
89
90
97
98
99
106
114
115
117
121
123
124
126
128
130
131
133
135
143
145
151
158
159
161
162
167
176
183
185
203
206
214
216
222
232
256
258
261
272
278
280
292
294
298
318
321
332
339
352
355
357
370
371
380
388
391
398
411
418
427
431
433
434
443
449
451
453
465
469
473
479
480
502
508
510
519
523
524
529
537
539
550
555
563
572
579
580
588
591
592
603
604
618
623
627
635
636
642
645
649
658
659
670
674
676
680
681
682
683
684
685
686
687
688
689
691
692
693
694
695
696
698
699
700
701
702
703
704
705
706
707
708
709
710
711
712
713
714
715
716
718
719
720
721
724
725
726
728
729
730
731
734
735
737
738
739
741
742
743
744
745
746
750
751
752
758
759
760
761
762
763
764
765
766
767
768
770
772
773
774
775
778
779
780
782
784
785
786
788
790
791
792
795
796
798
800
801
802
803
804
805
806
808
809
810
811
812
813
814
816
818
819
820
821
823
824
826
830
831
836
837
842
844
845
846
848
849
852
856
858
860
861
862
863
864
866
867
868
869
872
873
874
875
881
883
884
885
888
889
890
891
892
895
896
897
898
899
900
901
903
904
906
908
909
911
913
915
917
918
919
923
924
926
930
931
932
933
934
935
937
938
939
940
942
944
945
946
948
949
955
956
957
958
959
962
965
966
969
970
971
974
977
978
979
981
982
985
986
987
988
989
990
991
992
993
994
996
998
1000
1001
1002
1003
1006
1007
1009
1010
1011
1013
1014
1017
1018
1019
1021
1022
1026
1027
1028
1029
1032
1035
1036
1038
1040
1041
1043
1044
1045
1046
1048
1050
1052
1053
1056
1059
1061
1062
1063
1065
1066
1067
1068
1069
1071
1072
1073
1074
1075
1078
1079
1081
1083
1086
1087
1088
1089
1090
1093
1097
1098
1100
1101
1102
1103
1107
1109
1110
1111
1113
1118
1119
1120
1122
1123
1125
1134
1136
1139
1142
1143
1144
1145
1149
1150
1151
1152
1155
1157
1160
1161
1162
1164
1166
1167
1169
1174
1178
1180
1182
1185
1188
1190
1194
1196
1199
1200
1202
1203
1205
1207
1209
1210
1216
1219
1220
1221
1222
1230
1231
1235
1236
1239
1243
1253
1255
1260
1261
1262
1265
1269
1270
1271
1272
1273
1274
1279
1281
1283
1284
1287
1288
1289
1293
1294
1295
1296
1297
1298
1299
1300
1301
1303
1310
1311
1313
1316
1321
1323
1324
1326
1327
1328
1330
1332
1333
1336
1338
1339
1340
1341
1351
1352
1353
1356
1358
1359
1360
1367
1368
1370
1373
1374
1375
1376
1380
1381
1382
1383
1386
1387
1390
1391
1397
1398
1400
1401
1403
1408
1409
1416
1419
1424
1426
1427
1429
1434
1435
1437
1439
1442
1445
1446
1448
1450
1452
1453
1457
1460
1461
1462
1466
1469
1470
1475
1476
1478
1479
1485
1486
1487
1488
1489
1492
1494
1495
1497
1499
1500
1503
1504
1505
1512
1513
1516
1520
1522
1524
1525
1527
1529
1530
1533
1535
1536
1538
1539
1542
1543
1546
1548
1550
1551
1554
1555
1556
1558
1559
1561
1563
1566
1567
1568
1569
1572
1574
1577
1579
1580
1582
1583
1586
1589
1590
1593
1594
1595
1598
1599
1604
1605
1609
1610
1613
1615
1617
1624
1626
1633
1636
1637
1638
1642
1644
1645
1651
1653
1654
1657
1660
1662
1664
1665
1671
1672
1673
1674
1676
1678
1680
1682
1683
1684
1686
1687
1690
1691
1692
1693
1698
1701
1709
1713
1715
1716
1719
1720
1722
1723
1726
1728
1729
1732
1733
1738
1741
1745
1746
1747
1749
1751
1752
1753
1759
1761
1762
1765
1766
1767
1768
1770
1771
1778
1782
1783
1786
1787
1788
1795
1796
1797
1801
1803
1811
1816
1818
1820
1821
1822
1828
1831
1832
1833
1839
1840
1842
1844
1847
1848
1849
1852
1855
1859
1861
1865
1866
1869
1873
1880
1882
1884
1885
1887
1888
1891
1894
1896
1899
1904
1905
1907
1908
1909
1912
1916
1922
1924
1925
1930
1931
1933
1934
1937
1939
1944
1945
1946
1954
1955
1956
1957
1959
1960
1961
1964
1965
1967
1975
1977
1978
1980
1984
1986
1988
1992
1995
1997
2003
2012
2017
2019
2021
2023
2024
2025
2028
2031
2034
2038
2040
2043
2046
2047
2050
2053
2054
2059
2062
2066
2067
2074
2076
2077
2079
2081
2085
2088
2089
2090
2101
2103
2104
2108
2110
2112
2113
2115
2125
2127
2134
2136
2137
2140
2141
2144
2146
2149
2151
2152
2162
2163
2166
2168
2169
2170
2171
2172
2176
2178
2180
2183
2185
2187
2188
2191
2194
2195
2197
2202
2205
2208
2212
2213
2215
2219
2221
2228
2229
2230
2231
2233
2237
2239
2240
2245
2247
2250
2251
2253
2254
2258
2261
2264
2265
2266
2267
2273
2283
2285
2288
2293
2294
2295
2298
2303
2306
2307
2309
2318
2319
2320
2325
2328
2329
2339
2341
2346
2350
2352
2353
2355
2357
2361
2363
2364
2370
2371
2373
2379
2381
2382
2384
2387
2388
2390
2391
2393
2394
2395
2396
2397
2399
2401
2403
2405
2406
2407
2408
2414
2415
2418
2422
2424
2426
2428
2429
2430
2432
2434
2435
2436
2438
2442
2443
2444
2445
2451
2454
2455
2456
2457
2459
2461
2463
2465
2469
2474
2476
2478
2481
2483
2486
2487
2488
2489
2490
2491
2492
2493
2494
2495
2497
2498
2499
2501
2502
2503
2505
2506
2509
2510
2511
2512
2513
2514
2515
2517
2518
2519
2520
2521
2522
2523
2524
2525
2526
2527
2528
2529
2530
2531
2532
2533
2534
2535
2536
2537
2538
2539
2540
2541
2542
2543
2544
2545
2546
2547
2548
2549
2550
2551
2552
2553
2554
2555
2556
2557
2559
2560
2561
2562
2563
2564
2565
2566
2568
2569
2570
2571
2573
2574
2575
2576
2577
2578
2579
2580
2581
2582
2583
2584
2585
2586
2588
2591
2593
2595
2596
2597
2598
2599
2601
2602
2603
2604
2605
2607
2608
2610
2612
2614
2615
2616
2617
2618
2619
2620
2621
2622
2624
2625
2626
2627
2628
2629
2630
2631
2633
2634
2635
2636
2637
2639
2641
2643
2644
2645
2646
2650
2651
2652
2653
2654
2655
2656
2657
2658
2659
2660
2661
2662
2664
2668
2669
2670
2672
2673
2675
2676
2677
2678
2679
2681
2682
2684
2685
2687
2689
2690
2691
2692
2693
2694
2696
2697
2698
2700
2701
2702
2703
2705
2707
2708
2709
2711
2712
2716
2717
2718
2720
2721
2722
2723
2724
2726
2727
2729
2730
2731
2733
2734
2735
2736
2737
2738
2739
2740
2741
2743
2744
2747
2748
2750
2751
2753
2755
2756
2757
2758
2759
2760
2761
2766
2769
2770
2773
2774
2776
2777
2779
2780
2782
2783
2784
2786
2788
2789
2791
2794
2795
2799
2800
2801
2802
2803
2805
2806
2809
2811
2813
2815
2818
2819
2822
2824
2825
2826
2829
2830
2831
2832
2833
2834
2836
2837
2838
2842
2845
2846
2847
2849
2850
2852
2853
2854
2855
2856
2857
2858
2859
2861
2863
2864
2865
2868
2869
2870
2871
2873
2874
2879
2881
2883
2886
2887
2888
2890
2893
2895
2897
2898
2899
2903
2904
2906
2907
2909
2910
2911
2913
2914
2915
2917
2919
2921
2923
2925
2926
2928
2930
2931
2932
2933
2935
2938
2940
2941
2942
2943
2944
2945
2946
2947
2948
2950
2953
2954
2956
2959
2962
2963
2964
2965
2966
2967
2971
2974
2975
2976
2978
2979
2980
2984
2986
2988
2989
2990
2992
2995
2996
2998
3000
3003
3004
3010
3011
3016
3018
3019
3020
3022
3023
3030
3033
3034
3035
3036
3037
3038
3040
3042
3045
3047
3048
3051
3052
3053
3055
3061
3063
3065
3067
3069
3070
3075
3076
3082
3086
3087
3088
3090
3091
3093
3094
3099
3101
3106
3107
3108
3110
3111
3113
3114
3115
3116
3120
3121
3122
3123
3126
3127
3131
3133
3134
3136
3137
3138
3148
3149
3150
3154
3155
3156
3157
3159
3162
3163
3164
3165
3167
3173
3174
3177
3178
3179
3180
3185
3186
3190
3192
3195
3196
3198
3199
3200
3204
3205
3206
3207
3208
3211
3212
3213
3217
3219
3220
3221
3222
3223
3224
3225
3227
3229
3230
3232
3236
3239
3243
3245
3248
3249
3250
3252
3253
3254
3257
3258
3261
3262
3265
3266
3269
3270
3271
3273
3275
3276
3278
3280
3281
3282
3283
3285
3286
3287
3288
3290
3292
3294
3295
3296
3298
3299
3301
3303
3306
3307
3309
3310
3312
3315
3316
3317
3318
3319
3321
3322
3325
3328
3329
3330
3332
3334
3339
3340
3341
3342
3344
3347
3348
3349
3350
3351
3353
3354
3356
3357
3360
3361
3365
3368
3369
3370
3371
3375
3378
3379
3381
3382
3384
3385
3386
3387
3388
3389
3392
3393
3394
3395
3396
3397
3398
3405
3406
3407
3409
3412
3413
3414
3415
3418
3422
3423
3425
3426
3427
3428
3430
3432
3433
3434
3435
3438
3439
3442
3445
3447
3450
3454
3457
3458
3459
3461
3462
3463
3465
3466
3467
3468
3470
3471
3472
3473
3477
3480
3483
3484
3488
3492
3494
3496
3497
3501
3512
3513
3514
3515
3517
3520
3521
3523
3524
3527
3529
3530
3531
3532
3534
3535
3537
3539
3540
3543
3544
3545
3548
3549
3552
3553
3554
3555
3557
3558
3559
3561
3565
3566
3567
3568
3569
3570
3574
3576
3578
3581
3583
3584
3585
3586
3588
3589
3590
3592
3593
3594
3595
3596
3599
3600
3602
3603
3610
3612
3618
3623
3624
3626
3629
3631
3632
3634
3635
3636
3637
3639
3640
3642
3643
3644
3647
3650
3652
3653
3654
3655
3657
3658
3660
3661
3665
3666
3667
3669
3671
3673
3674
3675
3676
3678
3679
3681
3682
3687
3688
3689
3691
3693
3694
3697
3698
3699
3700
3702
3703
3704
3705
3706
3707
3708
3709
3710
3713
3714
3722
3730
3734
3743
3750
3751
3757
3758
3760
3763
3766
3768
3769
3770
3772
3776
3782
3786
3788
3792
3794
3803
3804
3806
3808
3811
3812
3814
3817
3819
3824
3826
3827
3828
3829
3830
3836
3837
3838
3839
3840
3843
3844
3846
3850
3851
3853
3854
3855
3856
3858
3859
3860
3864
3865
3872
3876
3879
3880
3882
3885
3886
3893
3898
3899
3903
3910
3911
3919
3926
3933
3934
3939
3941
3951
3952
3959
3966
3969
3971
3972
3975
3983
3987
3992
3995
3998
3999
4001
4003
4005
4009
4014
4015
4019
4033
4034
4035
4036
4037
4041
4043
4045
4048
4053
4059
4060
4063
4066
4077
4079
4084
4097
4106
4112
4115
4117
4120
4122
4130
4133
4135
4139
4141
4143
4144
4148
4157
4161
4179
4180
4183
4184
4192
4194
4196
4201
4202
4204
4212
4213
4216
4217
4220
4223
4228
4231
4241
4243
4249
4251
4252
4255
4258
4259
4261
4262
4276
4284
4287
4304
4307
4316
4326
4327
4328
4331
4343
4347
4349
4350
4356
4363
4369
4376
4382
4388
4390
4391
4393
4394
4395
4396
4397
4398
4399
4400
4401
4403
4404
4405
4406
4407
4408
4410
4411
4412
4413
4414
4415
4416
4418
4419
4420
4422
4423
4425
4426
4427
4428
4429
4430
4432
4433
4434
4435
4436
4437
4438
4439
4441
4442
4443
4445
4446
4447
4448
4449
4454
4455
4456
4457
4458
4459
4460
4461
4462
4463
4464
4469
4471
4472
4473
4474
4475
4476
4478
4480
4481
4482
4484
4486
4488
4491
4493
4496
4498
4499
4502
4504
4505
4506
4507
4508
4509
4512
4513
4514
4515
4516
4517
4518
4519
4521
4525
4526
4528
4532
4533
4534
4535
4537
4538
4540
4541
4543
4544
4547
4548
4549
4550
4551
4553
4554
4555
4556
4558
4563
4564
4565
4570
4572
4574
4575
4576
4577
4581
4582
4586
4587
4589
4590
4594
4599
4604
4606
4607
4608
4609
4611
4612
4613
4615
4616
4618
4619
4620
4621
4623
4626
4631
4633
4634
4637
4639
4640
4641
4642
4644
4645
4646
4647
4650
4651
4652
4653
4654
4656
4658
4659
4662
4663
4664
4669
4670
4671
4672
4673
4675
4676
4677
4679
4680
4683
4684
4685
4688
4689
4691
4693
4694
4695
4698
4699
4701
4702
4703
4704
4706
4708
4709
4710
4711
4713
4715
4717
4718
4720
4721
4723
4724
4725
4726
4728
4730
4731
4732
4733
4740
4741
4744
4745
4746
4748
4750
4751
4757
4758
4759
4760
4762
4764
4765
4769
4770
4773
4776
4778
4780
4783
4784
4785
4787
4788
4790
4791
4792
4793
4794
4795
4797
4799
4800
4801
4802
4803
4806
4807
4811
4812
4813
4814
4815
4816
4817
4819
4820
4822
4825
4827
4830
4833
4835
4838
4839
4841
4843
4845
4846
4848
4849
4850
4851
4852
4853
4854
4855
4856
4859
4860
4864
4866
4870
4871
4874
4875
4876
4878
4880
4886
4889
4891
4892
4895
4896
4897
4899
4900
4904
4908
4910
4914
4921
4924
4927
4930
4931
4933
4934
4937
4938
4941
4942
4943
4944
4945
4946
4948
4950
4951
4953
4955
4963
4964
4967
4969
4970
4971
4972
4973
4974
4975
4976
4977
4979
4982
4985
4986
4990
4992
4993
4995
4998
5000
5001
5002
5005
5008
5009
5010
5012
5013
5017
5018
5022
5024
5026
5027
5028
5030
5033
5035
5036
5037
5039
5040
5041
5044
5045
5046
5048
5050
5051
5052
5053
5054
5056
5057
5059
5060
5062
5063
5064
5067
5069
5070
5071
5072
5073
5078
5083
5084
5086
5088
5089
5090
5091
5092
5093
5094
5096
5097
5100
5102
5104
5105
5107
5110
5112
5115
5116
5117
5118
5119
5120
5122
5124
5126
5130
5131
5138
5139
5140
5141
5142
5146
5147
5148
5149
5150
5153
5155
5157
5158
5159
5160
5162
5165
5166
5168
5169
5171
5172
5175
5176
5179
5180
5186
5188
5189
5192
5193
5194
5195
5196
5200
5201
5202
5203
5204
5206
5208
5209
5210
5211
5213
5214
5218
5219
5221
5226
5227
5228
5232
5233
5234
5237
5238
5239
5242
5243
5244
5246
5247
5249
5250
5253
5255
5259
5264
5265
5266
5267
5268
5269
5273
5274
5275
5276
5277
5278
5280
5281
5282
5283
5286
5288
5289
5290
5291
5292
5293
5294
5295
5297
5300
5301
5304
5305
5307
5308
5309
5310
5312
5316
5320
5321
5322
5324
5329
5331
5335
5338
5339
5340
5341
5342
5343
5345
5346
5351
5352
5354
5362
5363
5365
5367
5375
5376
5378
5379
5381
5382
5387
5389
5391
5393
5394
5396
5397
5398
5399
5400
5401
5402
5405
5406
5407
5408
5412
5414
5417
5423
5427
5428
5429
5434
5437
5438
5440
5442
5443
5446
5447
5448
5450
5451
5453
5456
5460
5461
5470
5471
5472
5473
5474
5475
5476
5478
5479
5481
5482
5483
5484
5492
5493
5494
5496
5499
5501
5504
5505
5507
5509
5510
5511
5518
5519
5523
5525
5527
5533
5535
5536
5539
5542
5545
5548
5552
5553
5554
5567
5569
5572
5576
5582
5587
5589
5591
5602
5604
5608
5616
5617
5619
5621
5622
5624
5625
5628
5631
5632
5636
5645
5648
5649
5651
5654
5657
5658
5661
5664
5666
5668
5669
5672
5676
5678
5680
5681
5683
5691
5692
5694
5698
5706
5711
5720
5723
5726
5730
5731
5735
5739
5740
5741
5742
5743
5752
5754
5757
5759
5760
5761
5763
5764
5766
5769
5771
5772
5776
5781
5783
5787
5793
5795
5799
5800
5801
5802
5811
5812
5815
5820
5822
5824
5826
5827
5830
5833
5836
5839
5841
5843
5844
5846
5848
5850
5851
5853
5855
5860
5861
5864
5867
5870
5875
5880
5882
5884
5886
5888
5889
5890
5892
5894
5895
5896
5899
5903
5907
5909
5910
5911
5915
5916
5918
5925
5926
5932
5935
5937
5938
5940
5951
5953
5955
5956
5960
5961
5962
5963
5964
5968
5969
5972
5974
5978
5981
5989
5992
5996
5997
5999
6003
6005
6006
6011
6015
6016
6021
6025
6026
6028
6031
6032
6034
6036
6037
6039
6040
6041
6043
6045
6048
6050
6052
6055
6061
6063
6064
6065
6069
6070
6071
6075
6077
6079
6080
6081
6082
6084
6086
6087
6089
6095
6096
6097
6101
6102
6103
6104
6105
6106
6107
6108
6110
6111
6114
6115
6118
6120
6121
6124
6129
6130
6131
6134
6136
6139
6142
6143
6147
6148
6152
6156
6157
6158
6159
6162
6164
6165
6169
6170
6171
6172
6173
6175
6178
6179
6189
6192
6195
6198
6201
6202
6203
6204
6205
6206
6207
6208
6209
6210
6212
6213
6215
6217
6218
6219
6220
6223
6224
6226
6227
6228
6229
6231
6232
6233
6234
6235
6238
6239
6240
6241
6242
6243
6244
6245
6246
6247
6248
6249
6250
6251
6252
6253
6254
6255
6256
6257
6258
6260
6261
6262
6263
6264
6265
6266
6267
6268
6269
6270
6272
6273
6274
6275
6276
6277
6278
6279
6280
6281
6282
6283
6284
6285
6287
6289
6290
6291
6292
6293
6294
6295
6296
6298
6299
6300
6302
6303
6304
6305
6306
6308
6309
6310
6312
6313
6315
6316
6318
6319
6320
6321
6322
6324
6326
6327
6329
6330
6331
6332
6333
6334
6335
6336
6337
6338
6340
6342
6343
6345
6347
6349
6350
6351
6352
6353
6355
6356
6357
6358
6361
6362
6363
6366
6367
6368
6369
6370
6371
6372
6373
6374
6375
6377
6378
6379
6382
6384
6385
6386
6388
6390
6391
6392
6393
6394
6395
6396
6397
6398
6399
6400
6402
6403
6404
6405
6406
6407
6409
6410
6411
6413
6414
6415
6416
6417
6418
6420
6423
6424
6425
6426
6429
6430
6431
6432
6433
6434
6435
6437
6438
6439
6442
6443
6444
6445
6447
6448
6449
6450
6451
6452
6454
6456
6458
6459
6460
6461
6463
6464
6469
6470
6471
6472
6473
6474
6475
6476
6478
6479
6484
6485
6486
6487
6489
6490
6491
6493
6496
6498
6499
6501
6502
6504
6505
6509
6510
6511
6513
6514
6516
6519
6521
6522
6523
6524
6525
6527
6529
6531
6532
6533
6535
6536
6537
6538
6539
6540
6541
6542
6543
6544
6547
6548
6551
6552
6553
6554
6555
6556
6558
6559
6561
6562
6563
6564
6565
6566
6568
6569
6573
6575
6577
6579
6581
6582
6584
6585
6587
6588
6590
6592
6593
6596
6597
6599
6600
6601
6603
6604
6605
6607
6608
6609
6610
6611
6612
6613
6614
6615
6616
6617
6618
6620
6621
6624
6625
6627
6628
6629
6631
6632
6633
6634
6637
6638
6640
6642
6643
6645
6646
6647
6648
6651
6652
6653
6655
6656
6657
6658
6659
6661
6662
6663
6664
6665
6671
6673
6674
6675
6676
6677
6678
6680
6682
6684
6686
6687
6688
6689
6691
6694
6697
6698
6700
6703
6704
6705
6706
6707
6708
6709
6710
6712
6713
6715
6717
6719
6720
6721
6722
6724
6725
6727
6730
6732
6733
6734
6735
6736
6737
6740
6744
6745
6746
6747
6749
6750
6752
6753
6754
6756
6757
6759
6761
6762
6763
6768
6769
6770
6774
6775
6777
6779
6780
6781
6782
6785
6788
6790
6792
6794
6796
6798
6800
6801
6802
6805
6807
6808
6809
6812
6813
6815
6818
6820
6821
6822
6824
6825
6826
6829
6834
6835
6837
6841
6842
6847
6848
6849
6852
6860
6863
6864
6865
6868
6870
6876
6879
6881
6887
6888
6890
6892
6893
6896
6898
6899
6900
6902
6904
6905
6906
6909
6910
6911
6912
6913
6914
6918
6919
6921
6922
6924
6927
6931
6933
6934
6935
6939
6941
6942
6943
6944
6945
6946
6948
6954
6956
6957
6962
6964
6966
6967
6968
6970
6971
6972
6974
6975
6976
6978
6979
6980
6982
6989
6990
6992
6996
6998
6999
7000
7001
7002
7003
7004
7007
7008
7009
7013
7015
7018
7019
7020
7026
7027
7029
7030
7031
7032
7034
7035
7036
7038
7039
7041
7043
7046
7048
7051
7055
7057
7060
7061
7063
7065
7066
7068
7070
7071
7072
7077
7079
7080
7083
7084
7088
7089
7090
7093
7094
7096
7098
7099
7102
7103
7106
7107
7108
7109
7110
7111
7112
7117
7119
7121
7125
7127
7128
7130
7132
7133
7135
7136
7137
7138
7139
7140
7141
7145
7147
7148
7150
7151
7152
7153
7154
7156
7160
7164
7166
7168
7169
7171
7172
7173
7177
7179
7180
7181
7182
7184
7185
7187
7188
7191
7192
7194
7195
7197
7199
7200
7202
7203
7204
7207
7211
7212
7214
7215
7216
7217
7220
7222
7226
7227
7228
7229
7230
7231
7233
7234
7235
7238
7244
7245
7246
7249
7250
7251
7253
7256
7258
7259
7262
7264
7267
7269
7270
7271
7272
7273
7274
7275
7276
7279
7282
7283
7284
7285
7286
7288
7289
7294
7295
7296
7297
7298
7302
7303
7306
7307
7313
7314
7315
7316
7317
7318
7320
7321
7323
7324
7326
7328
7331
7332
7336
7337
7339
7343
7345
7346
7348
7349
7350
7351
7352
7354
7356
7357
7358
7361
7364
7366
7369
7370
7371
7372
7374
7375
7376
7379
7380
7381
7382
7383
7386
7387
7388
7389
7390
7391
7392
7396
7398
7401
7402
7404
7405
7406
7408
7409
7410
7411
7412
7413
7414
7415
7416
7417
7418
7419
7420
7422
7425
7426
7427
7431
7436
7438
7446
7452
7454
7465
7468
7471
7482
7483
7501
7511
7514
7525
7526
7530
7539
7540
7543
7548
7551
7553
7554
7557
7565
7567
7570
7571
7572
7573
7585
7592
7593
7594
7600
7604
7607
7630
7635
7644
7658
7668
7670
7683
7685
7688
7709
7721
7731
7743
7745
7746
7750
7754
7755
7771
7784
7808
7811
7820
7826
7838
7843
7844
7853
7881
7897
7898
7905
7908
7916
7919
7921
7927
7930
7931
7933
7936
7948
7952
7957
7961
7963
7965
7967
7980
7987
7990
7999
8016
8029
8040
8041
8047
8052
8082
8086
8091
8102
8109
8110
8111
8112
8113
8114
8115
8116
8118
8119
8120
8121
8122
8124
8126
8128
8130
8131
8132
8133
8134
8136
8137
8138
8139
8140
8141
8142
8143
8144
8146
8147
8148
8149
8150
8152
8153
8154
8155
8156
8158
8159
8160
8161
8162
8163
8165
8166
8169
8170
8173
8174
8175
8177
8179
8182
8185
8186
8187
8188
8191
8194
8197
8198
8201
8206
8207
8208
8212
8216
8217
8218
8219
8220
8223
8224
8226
8228
8229
8231
8233
8235
8237
8239
8240
8242
8243
8244
8246
8247
8248
8249
8250
8252
8256
8259
8260
8261
8262
8263
8264
8265
8266
8268
8270
8272
8274
8277
8278
8280
8286
8288
8289
8290
8291
8294
8296
8301
8303
8308
8309
8310
8315
8316
8317
8318
8320
8322
8323
8324
8325
8327
8328
8329
8331
8332
8333
8334
8336
8337
8339
8340
8343
8345
8347
8350
8351
8355
8357
8359
8361
8362
8364
8365
8367
8369
8370
8372
8373
8375
8377
8385
8386
8387
8390
8391
8393
8394
8399
8401
8402
8405
8407
8410
8413
8414
8415
8416
8417
8418
8419
8422
8423
8424
8425
8430
8431
8432
8435
8437
8438
8439
8441
8443
8444
8445
8447
8450
8455
8457
8460
8465
8466
8472
8473
8478
8479
8480
8484
8489
8492
8495
8497
8499
8505
8506
8507
8510
8511
8512
8515
8516
8517
8521
8523
8526
8528
8529
8530
8531
8532
8533
8534
8536
8537
8538
8539
8541
8542
8544
8549
8551
8552
8558
8559
8564
8567
8568
8570
8572
8577
8578
8580
8581
8587
8590
8592
8593
8594
8599
8600
8602
8604
8605
8606
8607
8611
8618
8619
8620
8624
8627
8631
8632
8635
8637
8641
8644
8645
8647
8649
8650
8651
8652
8656
8658
8664
8665
8667
8668
8675
8676
8681
8683
8685
8689
8690
8691
8693
8702
8703
8704
8707
8711
8714
8716
8717
8723
8724
8734
8738
8739
8742
8743
8748
8749
8752
8753
8754
8755
8757
8760
8764
8765
8766
8770
8776
8777
8780
8787
8790
8791
8795
8798
8801
8802
8803
8806
8808
8809
8813
8814
8815
8817
8818
8825
8826
8828
8829
8831
8832
8834
8835
8836
8842
8844
8845
8848
8851
8852
8855
8861
8869
8871
8873
8874
8877
8884
8886
8890
8899
8900
8904
8906
8907
8908
8909
8914
8915
8916
8917
8918
8922
8923
8925
8928
8929
8935
8936
8939
8940
8944
8947
8948
8955
8961
8962
8963
8964
8967
8968
8969
8971
8978
8979
8980
8982
8983
8985
8986
8988
8990
8992
8997
9000
9002
9003
9005
9007
9008
9018
9021
9024
9027
9036
9038
9041
9042
9045
9048
9053
9054
9055
9059
9062
9063
9065
9070
9072
9074
9077
9081
9087
9093
9098
9101
9102
9110
9115
9116
9118
9120
9122
9128
9129
9136
9137
9141
9143
9144
9148
9149
9155
9156
9157
9161
9164
9165
9166
9171
9174
9175
9188
9189
9194
9195
9196
9198
9204
9213
9215
9223
9225
9229
9232
9233
9235
9239
9241
9246
9248
9249
9250
9262
9267
9270
9275
9277
9279
9283
9292
9298
9299
9325
9327
9328
9330
9331
9333
9346
9350
9352
9357
9359
9361
9362
9367
9368
9374
9376
9380
9381
9383
9384
9393
9394
9395
9397
9400
9406
9413
9415
9422
9423
9425
9428
9430
9431
9433
9435
9440
9444
9447
9449
9451
9453
9455
9456
9459
9465
9466
9471
9474
9475
9478
9482
9485
9491
9501
9508
9513
9516
9517
9527
9532
9536
9540
9541
9544
9549
9565
9567
9572
9573
9574
9580
9584
9587
9591
9594
9595
9597
9599
9600
9602
9604
9610
9613
9615
9622
9625
9630
9639
9643
9651
9654
9660
9661
9667
9668
9672
9676
9683
9692
9698
9711
9723
9726
9731
9735
9747
9750
9754
9755
9759
9764
9769
9774
9778
9779
9780
9784
9785
9789
9796
9797
9802
9807
9808
9810
9811
9812
9814
9815
9816
9819
9821
9822
9831
9834
9842
9843
9844
9846
9848
9849
9853
9855
9856
9857
9858
9860
9863
9864
9867
9871
9877
9878
9879
9883
9885
9889
9896
9899
9903
9904
9907
9910
9911
9912
9914
9915
9916
9917
9918
9919
9920
9921
9922
9923
9924
9926
9927
9928
9929
9932
9933
9934
9937
9938
9939
9940
9941
9942
9943
9944
9945
9946
9947
9948
9949
9951
9952
9953
9954
9955
9956
9957
9958
9959
9960
9962
9964
9965
9966
9967
9968
9969
9970
9971
9974
9975
9976
9977
9978
9979
9980
9981
9982
9984
9985
9986
9987
9988
9989
9990
9992
9993
9994
9995
9997
9998
9999
10001
10002
10003
10004
10005
10006
10007
10009
10010
10012
10013
10014
10015
10016
10017
10018
10019
10020
10022
10023
10024
10025
10026
10027
10028
10030
10032
10034
10035
10036
10037
10038
10040
10041
10042
10043
10044
10045
10046
10048
10049
10051
10052
10054
10056
10057
10058
10059
10061
10063
10064
10065
10067
10068
10069
10070
10071
10072
10074
10076
10079
10080
10081
10083
10086
10087
10088
10089
10092
10093
10094
10096
10098
10100
10102
10103
10104
10105
10106
10107
10108
10109
10110
10112
10113
10115
10117
10118
10120
10121
10124
10125
10126
10127
10128
10129
10131
10132
10133
10137
10139
10140
10141
10143
10144
10145
10146
10147
10148
10149
10151
10152
10153
10154
10156
10157
10158
10161
10164
10165
10166
10167
10168
10170
10171
10172
10175
10176
10177
10179
10180
10181
10183
10184
10186
10187
10188
10190
10192
10193
10196
10197
10198
10201
10204
10208
10212
10213
10214
10216
10217
10218
10220
10223
10225
10228
10230
10233
10234
10235
10237
10238
10240
10241
10242
10243
10244
10246
10247
10249
10250
10253
10254
10257
10258
10259
10261
10262
10263
10265
10267
10269
10270
10273
10275
10276
10280
10282
10283
10286
10287
10288
10292
10293
10294
10295
10296
10298
10299
10301
10302
10304
10306
10307
10310
10311
10313
10314
10316
10318
10319
10320
10322
10325
10326
10327
10330
10332
10334
10335
10338
10339
10341
10342
10343
10345
10346
10347
10348
10351
10353
10361
10363
10365
10366
10368
10369
10370
10371
10372
10374
10376
10377
10378
10382
10385
10387
10388
10390
10392
10397
10398
10401
10403
10405
10408
10409
10410
10412
10414
10416
10417
10421
10423
10426
10429
10430
10431
10434
10435
10436
10438
10439
10443
10444
10447
10448
10450
10457
10458
10459
10460
10462
10463
10466
10471
10474
10475
10476
10481
10483
10485
10489
10491
10494
10495
10496
10501
10504
10509
10510
10511
10513
10517
10522
10529
10536
10539
10542
10543
10548
10551
10553
10554
10555
10556
10562
10566
10567
10568
10573
10577
10578
10582
10584
10585
10590
10592
10595
10599
10600
10602
10603
10605
10606
10607
10609
10613
10615
10618
10619
10621
10623
10625
10626
10628
10638
10640
10641
10643
10645
10647
10650
10652
10659
10660
10667
10668
10672
10673
10677
10679
10680
10681
10682
10684
10685
10686
10689
10690
10693
10694
10696
10697
10699
10700
10703
10704
10705
10706
10710
10711
10713
10714
10716
10718
10720
10721
10722
10725
10727
10729
10730
10733
10734
10735
10743
10745
10746
10750
10756
10757
10762
10765
10766
10768
10771
10772
10773
10775
10777
10778
10779
10784
10785
10786
10788
10790
10791
10792
10793
10797
10798
10804
10806
10807
10810
10812
10813
10816
10817
10822
10823
10825
10826
10830
10832
10834
10837
10840
10842
10844
10845
10846
10847
10849
10850
10851
10852
10853
10855
10856
10857
10858
10859
10861
10862
10863
10864
10865
10867
10870
10874
10875
10876
10878
10879
10882
10885
10887
10888
10890
10891
10892
10895
10900
10901
10902
10905
10911
10912
10914
10916
10918
10919
10920
10921
10922
10924
10929
10930
10933
10934
10936
10940
10942
10943
10944
10945
10947
10948
10951
10954
10958
10959
10962
10963
10964
10965
10967
10972
10973
10976
10978
10981
10983
10984
10985
10986
10987
10988
10989
10990
10991
10994
10996
10997
10998
11000
11002
11003
11004
11005
11006
11007
11012
11013
11016
11019
11020
11025
11027
11028
11029
11030
11032
11034
11035
11037
11040
11041
11044
11046
11050
11051
11053
11057
11058
11059
11060
11062
11065
11068
11070
11071
11075
11078
11079
11081
11083
11085
11086
11088
11092
11095
11096
11097
11099
11100
11101
11102
11103
11104
11105
11107
11110
11112
11116
11119
11121
11122
11124
11126
11127
11128
11130
11131
11133
11135
11136
11137
11139
11140
11147
11151
11152
11161
11162
11171
11179
11180
11196
11198
11200
11204
11209
11212
11217
11221
11222
11226
11229
11231
11233
11236
11240
11247
11249
11252
11254
11257
11269
11270
11272
11277
11279
11285
11286
11287
11289
11290
11300
11302
11304
11306
11307
11312
11313
11314
11321
11325
11327
11330
11341
11364
11365
11373
11379
11382
11389
11395
11400
11403
11404
11406
11414
11415
11435
11438
11443
11449
11456
11457
11463
11464
11491
11497
11501
11503
11505
11507
11511
11516
11520
11522
11525
11540
11544
11545
11557
11558
11560
11561
11567
11576
11579
11584
11586
11589
11596
11600
11607
11610
11611
11620
11622
11627
11640
11641
11645
11647
11652
11653
11656
11660
11663
11666
11671
11675
11678
11679
11682
11684
11691
11692
11694
11695
11698
11699
11701
11704
11706
11720
11722
11725
11734
11744
11745
11750
11751
11765
11778
11800
11802
11807
11810
11811
11816
11817
11818
11819
11820
11821
11822
11823
11824
11825
11826
11827
11828
11829
11830
11831
11832
11833
11834
11835
11836
11837
11838
11839
11840
11841
11842
11844
11845
11846
11847
11848
11849
11850
11851
11852
11853
11854
11855
11856
11858
11860
11861
11864
11866
11867
11868
11869
11870
11871
11872
11873
11875
11876
11877
11880
11883
11884
11888
11889
11890
11892
11896
11897
11898
11899
11900
11901
11902
11904
11906
11908
11910
11911
11912
11913
11914
11915
11917
11919
11921
11923
11924
11928
11930
11932
11933
11934
11937
11938
11940
11941
11942
11943
11944
11945
11946
11947
11948
11949
11951
11952
11953
11954
11955
11956
11957
11958
11959
11960
11961
11962
11963
11965
11972
11978
11979
11980
11984
11986
11987
11990
11991
11992
11994
11995
11997
12000
12002
12003
12004
12005
12006
12007
12008
12009
12015
12017
12019
12020
12021
12022
12023
12026
12032
12034
12035
12037
12038
12039
12040
12041
12043
12045
12046
12048
12049
12061
12064
12065
12068
12073
12075
12080
12082
12084
12086
12087
12089
12091
12098
12100
12101
12103
12107
12108
12113
12116
12117
12120
12121
12122
12123
12124
12127
12128
12129
12130
12131
12132
12137
12139
12141
12143
12144
12145
12147
12149
12150
12151
12152
12156
12161
12169
12170
12173
12174
12178
12179
12180
12181
12187
12190
12194
12195
12196
12197
12204
12205
12206
12208
12213
12215
12219
12221
12222
12224
12225
12229
12230
12233
12235
12238
12239
12240
12242
12243
12244
12245
12247
12250
12251
12252
12253
12255
12256
12259
12260
12263
12265
12268
12269
12270
12273
12275
12276
12280
12281
12282
12284
12288
12289
12290
12291
12293
12294
12298
12299
12304
12306
12308
12314
12323
12324
12325
12326
12327
12333
12338
12344
12345
12349
12350
12352
12353
12354
12358
12359
12364
12365
12370
12372
12373
12374
12375
12376
12379
12381
12383
12387
12392
12394
12395
12400
12403
12404
12406
12407
12410
12412
12413
12414
12417
12423
12427
12429
12430
12431
12432
12433
12437
12440
12442
12443
12452
12453
12454
12457
12459
12461
12466
12467
12468
12469
12471
12472
12473
12474
12476
12477
12479
12480
12482
12483
12485
12487
12491
12494
12495
12496
12497
12499
12503
12504
12505
12506
12508
12511
12512
12517
12518
12521
12522
12523
12524
12525
12527
12528
12532
12533
12538
12540
12541
12542
12545
12549
12550
12558
12566
12567
12568
12570
12571
12575
12576
12578
12579
12581
12582
12583
12585
12587
12588
12590
12592
12594
12595
12596
12600
12601
12602
12603
12606
12611
12614
12617
12619
12620
12621
12624
12625
12629
12630
12631
12634
12636
12637
12641
12642
12645
12646
12649
12651
12652
12653
12654
12655
12658
12660
12662
12666
12667
12675
12677
12678
12680
12682
12683
12689
12692
12695
12696
12697
12698
12699
12703
12704
12705
12706
12709
12711
12712
12717
12718
12719
12720
12721
12722
12723
12725
12732
12735
12736
12737
12738
12740
12745
12749
12753
12755
12757
12759
12762
12768
12770
12771
12773
12779
12782
12783
12784
12786
12790
12791
12793
12795
12799
12800
12801
12806
12807
12818
12820
12821
12825
12827
12828
12829
12835
12836
12840
12842
12843
12845
12846
12847
12851
12857
12861
12862
12865
12867
12868
12869
12871
12873
12874
12878
12879
12880
12886
12888
12894
12899
12901
12902
12905
12907
12909
12910
12912
12915
12917
12918
12920
12928
12929
12934
12937
12943
12948
12949
12955
12957
12963
12974
12980
12981
12983
12984
12987
12988
12990
12991
12998
13000
13004
13008
13010
13017
13018
13020
13023
13024
13025
13026
13029
13032
13033
13034
13038
13039
13041
13042
13045
13046
13049
13058
13060
13064
13066
13068
13069
13070
13072
13073
13080
13086
13092
13094
13097
13098
13106
13109
13113
13120
13122
13123
13135
13137
13138
13139
13145
13146
13154
13156
13158
13163
13167
13170
13171
13173
13177
13179
13181
13182
13185
13188
13192
13194
13198
13199
13203
13208
13215
13216
13221
13222
13223
13227
13229
13243
13248
13250
13251
13254
13255
13257
13269
13279
13284
13286
13288
13289
13297
13298
13303
13307
13308
13310
13311
13312
13313
13314
13316
13317
13320
13325
13327
13334
13335
13343
13344
13345
13347
13350
13353
13354
13357
13360
13362
13372
13381
13383
13384
13386
13389
13390
13393
13394
13395
13398
13400
13402
13405
13406
13414
13415
13422
13427
13428
13431
13434
13436
13437
13444
13445
13449
13450
13452
13453
13462
13466
13468
13469
13470
13471
13473
13483
13488
13490
13491
13492
13493
13494
13495
13496
13497
13498
13499
13503
13506
13515
13517
13518
13519
13522
13523
13524
13525
13526
13529
13532
13533
13535
13538
13540
13542
13543
13544
13548
13549
13552
13553
13557
13558
13560
13562
13563
13567
13569
13572
13575
13577
13581
13584
13585
13589
13590
13591
13593
13597
13599
13601
13605
13613
13617
13620
13621
13622
13626
13628
13629
13631
13632
13633
13634
13635
13636
13637
13640
13642
13643
13645
13646
13647
13648
13651
13652
13653
13654
13655
13656
13657
13658
13660
13661
13662
13663
13664
13666
13667
13668
13669
13670
13671
13672
13673
13674
13675
13677
13678
13680
13681
13683
13684
13685
13686
13687
13688
13689
13690
13691
13692
13693
13694
13695
13696
13697
13698
13700
13701
13702
13703
13704
13705
13706
13707
13708
13710
13711
13712
13715
13716
13717
13718
13719
13720
13721
13722
13723
13724
13726
13727
13728
13730
13731
13733
13734
13735
13736
13738
13740
13741
13743
13744
13746
13747
13749
13750
13751
13752
13754
13756
13757
13758
13759
13760
13762
13763
13766
13768
13769
13770
13771
13772
13773
13775
13776
13777
13778
13782
13784
13785
13786
13788
13789
13790
13791
13792
13793
13794
13795
13796
13797
13799
13801
13802
13803
13805
13806
13809
13810
13812
13814
13816
13817
13818
13819
13820
13821
13823
13824
13825
13826
13827
13828
13829
13830
13831
13832
13833
13834
13835
13838
13839
13840
13841
13842
13843
13845
13846
13847
13849
13850
13851
13852
13853
13854
13857
13858
13859
13860
13861
13862
13863
13864
13865
13866
13867
13870
13871
13872
13873
13874
13875
13876
13877
13879
13880
13881
13882
13884
13886
13887
13893
13897
13900
13901
13902
13903
13907
13910
13915
13916
13917
13918
13919
13921
13923
13924
13926
13930
13934
13935
13936
13937
13939
13941
13942
13944
13945
13946
13947
13948
13949
13954
13955
13956
13959
13960
13961
13962
13963
13964
13966
13967
13968
13969
13971
13972
13974
13975
13979
13983
13984
13986
13987
13990
13991
13992
13994
13995
13996
13997
14001
14002
14003
14004
14009
14010
14012
14013
14015
14016
14018
14019
14020
14021
14022
14024
14025
14027
14029
14030
14031
14032
14034
14035
14036
14039
14040
14041
14043
14044
14046
14048
14049
14051
14053
14055
14056
14057
14059
14060
14061
14062
14065
14070
14071
14072
14073
14075
14079
14080
14082
14083
14087
14088
14089
14091
14092
14093
14096
14101
14102
14103
14104
14105
14111
14112
14113
14116
14118
14122
14125
14127
14128
14129
14131
14132
14134
14135
14138
14140
14142
14143
14144
14145
14147
14149
14150
14152
14153
14154
14155
14156
14158
14161
14162
14163
14164
14165
14167
14172
14174
14175
14177
14178
14180
14182
14184
14188
14189
14190
14191
14192
14194
14197
14198
14202
14203
14204
14205
14209
14210
14211
14220
14221
14225
14230
14231
14234
14236
14237
14241
14243
14246
14248
14249
14250
14252
14253
14261
14262
14265
14266
14269
14270
14271
14273
14274
14276
14280
14282
14287
14291
14292
14294
14295
14296
14297
14298
14299
14304
14305
14306
14315
14316
14319
14321
14323
14324
14325
14327
14329
14332
14333
14337
14338
14347
14350
14352
14353
14355
14356
14357
14358
14361
14362
14369
14371
14372
14374
14385
14387
14388
14390
14391
14392
14393
14394
14395
14396
14398
14403
14404
14406
14408
14413
14419
14420
14422
14424
14427
14429
14430
14435
14437
14439
14441
14443
14444
14445
14446
14449
14451
14452
14454
14457
14458
14459
14464
14467
14470
14471
14474
14475
14476
14477
14479
14482
14483
14486
14488
14491
14493
14496
14498
14501
14503
14504
14505
14506
14507
14511
14512
14514
14517
14518
14520
14522
14524
14525
14526
14527
14530
14531
14534
14536
14537
14538
14539
14540
14541
14544
14547
14548
14552
14557
14558
14559
14560
14561
14563
14564
14565
14566
14567
14568
14569
14572
14576
14577
14580
14581
14583
14584
14587
14588
14592
14596
14599
14600
14602
14604
14605
14606
14608
14609
14610
14615
14623
14624
14625
14626
14627
14629
14630
14634
14635
14636
14637
14639
14643
14648
14650
14652
14656
14657
14659
14662
14663
14665
14671
14672
14673
14674
14676
14677
14678
14679
14681
14682
14685
14686
14690
14691
14692
14695
14696
14697
14698
14699
14700
14701
14703
14704
14708
14709
14710
14712
14713
14716
14720
14722
14723
14724
14725
14726
14727
14730
14731
14732
14734
14735
14736
14741
14742
14744
14748
14751
14752
14754
14756
14759
14760
14761
14764
14767
14771
14772
14773
14774
14776
14777
14778
14779
14782
14784
14785
14789
14793
14797
14798
14799
14800
14803
14804
14805
14807
14809
14810
14811
14812
14813
14814
14815
14816
14817
14818
14819
14820
14821
14824
14829
14830
14831
14833
14834
14835
14836
14839
14840
14841
14842
14845
14846
14847
14848
14849
14850
14851
14853
14854
14855
14858
14859
14879
14880
14882
14894
14895
14896
14910
14913
14933
14942
14951
14972
14973
14982
14983
14997
15001
15022
15026
15032
15069
15071
15072
15075
15086
15111
15113
15114
15117
15118
15149
15156
15173
15182
15189
15192
15202
15244
15248
15254
15258
15266
15271
15274
15287
15290
15291
15320
15336
15339
15344
15347
15355
15359
15363
15364
15380
15391
15395
15398
15412
15436
15443
15446
15450
15452
15472
15490
15491
15495
15499
15503
15531
15537
15538
15539
15540
15541
15543
15544
15546
15547
15548
15549
15550
15552
15553
15555
15556
15557
15558
15559
15560
15561
15563
15564
15565
15566
15567
15569
15570
15572
15574
15575
15576
15578
15579
15580
15581
15583
15585
15586
15587
15588
15589
15590
15591
15594
15598
15600
15601
15602
15603
15604
15605
15608
15611
15612
15613
15614
15615
15616
15618
15622
15624
15625
15626
15629
15630
15631
15634
15635
15636
15637
15638
15640
15644
15646
15647
15648
15649
15651
15653
15654
15656
15659
15661
15663
15666
15667
15668
15672
15674
15675
15676
15677
15679
15680
15684
15685
15686
15687
15688
15689
15690
15691
15692
15693
15694
15696
15698
15700
15702
15704
15705
15712
15714
15715
15717
15718
15719
15722
15724
15725
15729
15731
15735
15736
15737
15739
15743
15744
15746
15748
15749
15751
15754
15755
15757
15760
15761
15762
15765
15767
15769
15770
15772
15773
15775
15778
15782
15786
15787
15788
15789
15790
15791
15794
15795
15798
15800
15801
15806
15809
15812
15813
15814
15815
15817
15818
15820
15821
15822
15823
15825
15826
15827
15828
15829
15830
15833
15834
15835
15838
15841
15843
15844
15845
15846
15848
15850
15851
15852
15856
15857
15859
15860
15863
15865
15867
15868
15869
15870
15872
15873
15881
15885
15886
15888
15893
15894
15897
15900
15901
15906
15907
15911
15912
15916
15918
15919
15922
15925
15926
15928
15929
15932
15933
15934
15935
15938
15939
15940
15942
15943
15944
15946
15948
15949
15953
15954
15956
15957
15958
15959
15961
15963
15964
15965
15967
15968
15969
15971
15972
15973
15976
15977
15979
15980
15981
15983
15987
15991
15992
15993
15995
15998
16001
16002
16005
16008
16012
16015
16018
16025
16027
16029
16030
16033
16034
16035
16036
16040
16041
16046
16047
16050
16051
16055
16056
16059
16061
16062
16063
16067
16068
16075
16076
16077
16084
16088
16093
16096
16097
16098
16101
16109
16111
16113
16115
16116
16117
16118
16119
16121
16122
16126
16128
16129
16131
16133
16134
16135
16137
16138
16141
16142
16144
16145
16150
16151
16153
16154
16156
16159
16164
16166
16173
16180
16181
16182
16183
16186
16188
16190
16196
16197
16198
16201
16204
16205
16210
16211
16212
16215
16220
16223
16224
16225
16226
16228
16229
16230
16231
16232
16234
16241
16242
16246
16247
16249
16252
16254
16260
16266
16268
16269
16272
16273
16280
16282
16283
16284
16288
16289
16291
16293
16297
16301
16302
16303
16306
16307
16314
16317
16321
16322
16326
16330
16332
16333
16334
16335
16343
16344
16350
16352
16354
16355
16356
16359
16360
16371
16374
16375
16376
16378
16380
16381
16383
16385
16389
16391
16392
16395
16396
16397
16406
16410
16411
16412
16418
16419
16422
16425
16428
16433
16435
16437
16439
16442
16445
16446
16449
16451
16455
16459
16465
16471
16474
16475
16476
16479
16480
16481
16486
16493
16500
16501
16507
16515
16518
16521
16522
16524
16529
16532
16533
16536
16537
16538
16545
16546
16547
16550
16554
16556
16565
16567
16570
16571
16572
16573
16575
16580
16582
16585
16591
16593
16605
16609
16615
16617
16618
16619
16623
16624
16625
16627
16630
16632
16634
16638
16642
16643
16644
16646
16652
16654
16658
16660
16661
16663
16665
16671
16672
16675
16676
16677
16678
16680
16684
16688
16690
16694
16702
16707
16714
16722
16723
16731
16734
16736
16742
16747
16752
16762
16768
16770
16773
16774
16786
16787
16790
16793
16794
16798
16800
16806
16808
16809
16814
16817
16822
16826
16829
16834
16835
16836
16841
16845
16859
16862
16865
16868
16871
16872
16875
16877
16878
16881
16882
16884
16885
16891
16894
16902
16903
16908
16918
16919
16935
16937
16941
16942
16944
16946
16960
16966
16972
16976
16981
16995
16997
17001
17002
17003
17008
17012
17017
17018
17019
17020
17021
17022
17025
17027
17028
17032
17034
17036
17041
17046
17048
17058
17059
17062
17064
17074
17081
17084
17093
17094
17095
17104
17108
17114
17119
17120
17132
17138
17140
17141
17144
17147
17148
17152
17154
17158
17165
17167
17171
17181
17183
17184
17185
17190
17197
17198
17202
17206
17212
17213
17216
17217
17219
17220
17221
17224
17233
17237
17238
17239
17241
17243
17244
17250
17251
17257
17259
17260
17262
17263
17264
17265
17266
17267
17271
17274
17275
17276
17277
17278
17280
17283
17284
17285
17286
17288
17291
17292
17297
17299
17300
17304
17305
17306
17311
17317
17318
17319
17321
17328
17330
17343
17344
17345
17346
17347
17348
17349
17350
17352
17356
17357
17360
17361
17362
17365
17366
17367
17368
17370
17371
17372
17374
17375
17376
17377
17378
17380
17381
17382
17383
17384
17385
17386
17388
17390
17391
17392
17393
17394
17396
17397
17398
17399
17400
17402
17403
17404
17405
17407
17408
17409
17410
17411
17412
17414
17415
17416
17417
17418
17420
17421
17422
17423
17424
17425
17426
17427
17428
17429
17430
17431
17432
17433
17434
17435
17436
17437
17438
17440
17441
17442
17443
17444
17445
17447
17451
17452
17453
17455
17457
17458
17460
17463
17464
17465
17467
17468
17469
17470
17472
17473
17474
17475
17476
17477
17478
17480
17482
17483
17484
17485
17487
17488
17489
17492
17493
17495
17497
17499
17500
17502
17503
17504
17506
17507
17509
17510
17511
17514
17515
17516
17519
17523
17524
17526
17527
17528
17531
17532
17533
17534
17535
17536
17537
17538
17541
17543
17545
17546
17547
17548
17549
17552
17553
17554
17556
17557
17558
17559
17560
17564
17565
17566
17567
17568
17569
17573
17576
17577
17578
17579
17580
17581
17582
17584
17585
17587
17589
17591
17592
17593
17594
17595
17596
17597
17598
17599
17600
17603
17604
17607
17609
17611
17612
17614
17616
17617
17620
17623
17624
17629
17632
17638
17639
17640
17642
17643
17644
17645
17647
17648
17649
17651
17656
17659
17660
17662
17663
17664
17665
17669
17671
17672
17674
17675
17677
17678
17679
17681
17682
17685
17686
17688
17689
17690
17693
17695
17698
17699
17701
17702
17703
17705
17706
17708
17709
17710
17711
17718
17721
17723
17724
17726
17727
17728
17729
17731
17738
17739
17742
17743
17744
17747
17748
17751
17753
17754
17758
17759
17760
17763
17765
17767
17769
17771
17773
17775
17776
17778
17779
17785
17789
17794
17797
17798
17799
17800
17801
17802
17805
17806
17810
17814
17815
17817
17818
17829
17831
17832
17836
17837
17840
17842
17846
17847
17848
17849
17850
17851
17852
17854
17859
17860
17861
17863
17864
17870
17872
17878
17885
17886
17889
17891
17892
17894
17896
17898
17900
17901
17903
17904
17905
17906
17911
17913
17914
17915
17917
17919
17921
17922
17923
17924
17925
17932
17934
17939
17940
17941
17944
17950
17955
17957
17960
17961
17962
17963
17967
17969
17971
17975
17976
17977
17979
17982
17983
17984
17987
17990
17994
17997
18005
18006
18007
18009
18010
18012
18015
18018
18020
18023
18027
18029
18030
18031
18032
18035
18036
18041
18043
18045
18046
18048
18051
18053
18056
18060
18061
18062
18063
18064
18066
18069
18071
18075
18076
18077
18078
18079
18081
18082
18083
18084
18085
18087
18088
18090
18091
18092
18095
18096
18097
18099
18100
18101
18103
18104
18108
18109
18110
18112
18113
18117
18118
18120
18124
18127
18129
18130
18131
18132
18133
18134
18135
18136
18138
18139
18141
18143
18144
18146
18154
18157
18158
18161
18162
18163
18164
18168
18172
18173
18174
18176
18179
18180
18181
18182
18184
18190
18192
18193
18205
18207
18210
18212
18213
18216
18217
18218
18219
18221
18224
18226
18227
18229
18236
18238
18239
18240
18241
18242
18244
18245
18248
18251
18254
18255
18257
18258
18260
18263
18267
18269
18272
18273
18274
18275
18277
18280
18281
18284
18285
18286
18289
18290
18292
18293
18294
18295
18298
18302
18304
18306
18310
18313
18314
18315
18317
18318
18319
18320
18321
18322
18323
18324
18327
18328
18329
18330
18333
18336
18339
18342
18344
18346
18348
18349
18350
18352
18353
18355
18357
18358
18359
18362
18363
18364
18367
18368
18371
18373
18375
18376
18377
18378
18380
18386
18387
18388
18390
18391
18392
18395
18399
18400
18404
18409
18411
18412
18415
18417
18418
18421
18422
18424
18425
18426
18427
18428
18430
18433
18434
18436
18437
18438
18439
18440
18445
18448
18449
18451
18455
18456
18458
18459
18460
18462
18465
18466
18469
18470
18473
18474
18478
18479
18480
18482
18485
18487
18488
18490
18491
18492
18493
18496
18498
18499
18500
18506
18507
18508
18510
18511
18512
18513
18514
18517
18518
18519
18521
18523
18524
18525
18526
18527
18528
18529
18530
18531
18532
18538
18540
18541
18543
18544
18546
18547
18548
18550
18551
18552
18554
18555
18556
18557
18559
18560
18561
18562
18563
18564
18566
18567
18568
18569
18572
18574
18577
18590
18594
18599
18600
18607
18610
18611
18612
18613
18624
18626
18628
18634
18636
18637
18645
18648
18650
18654
18658
18659
18666
18683
18684
18692
18697
18698
18700
18701
18707
18711
18712
18713
18714
18716
18718
18724
18728
18732
18735
18736
18746
18749
18753
18755
18782
18784
18794
18799
18800
18801
18802
18812
18825
18826
18828
18831
18832
18835
18836
18843
18846
18847
18848
18861
18864
18865
18866
18876
18891
18896
18897
18901
18908
18916
18925
18926
18927
18938
18939
18950
18956
18966
18968
18971
18975
18988
18997
19005
19013
19022
19025
19036
19039
19050
19056
19058
19063
19073
19075
19076
19079
19089
19098
19099
19103
19109
19120
19123
19126
19128
19135
19140
19141
19142
19143
19149
19153
19154
19155
19156
19158
19159
19164
19172
19178
19179
19193
19194
19203
19205
19206
19209
19213
19220
19226
19228
19240
19245
19246
19248
19249
19250
19251
19253
19254
19255
19256
19257
19258
19259
19260
19261
19262
19263
19265
19266
19267
19268
19270
19271
19272
19274
19276
19277
19279
19280
19281
19283
19284
19286
19288
19289
19290
19292
19293
19294
19295
19296
19297
19298
19299
19301
19302
19303
19304
19305
19306
19307
19308
19309
19310
19311
19312
19314
19315
19316
19317
19321
19322
19326
19327
19328
19329
19333
19334
19336
19338
19339
19343
19344
19345
19347
19349
19350
19351
19352
19353
19354
19357
19358
19360
19361
19362
19363
19368
19370
19371
19372
19373
19376
19377
19379
19381
19382
19383
19384
19385
19386
19387
19388
19389
19391
19392
19394
19395
19396
19397
19401
19403
19404
19406
19407
19411
19412
19413
19414
19415
19421
19423
19426
19428
19431
19432
19433
19434
19435
19439
19443
19448
19449
19450
19452
19454
19455
19458
19460
19462
19463
19464
19466
19468
19471
19473
19474
19475
19477
19481
19486
19488
19490
19491
19492
19493
19495
19496
19497
19498
19503
19506
19508
19509
19510
19512
19513
19515
19519
19526
19528
19529
19531
19533
19535
19537
19539
19541
19543
19544
19547
19549
19552
19555
19556
19557
19558
19559
19560
19561
19562
19564
19565
19568
19571
19572
19573
19574
19576
19577
19579
19580
19581
19586
19587
19588
19589
19594
19596
19598
19599
19602
19603
19609
19611
19614
19619
19620
19621
19622
19624
19625
19626
19629
19631
19632
19636
19637
19639
19641
19642
19644
19649
19650
19651
19653
19656
19657
19658
19659
19663
19664
19667
19670
19671
19672
19673
19675
19676
19677
19678
19679
19681
19683
19686
19693
19695
19698
19699
19700
19702
19704
19705
19706
19708
19709
19713
19718
19719
19720
19721
19726
19727
19729
19732
19733
19734
19737
19738
19742
19744
19746
19747
19748
19750
19755
19765
19770
19772
19773
19774
19781
19784
19787
19789
19791
19793
19794
19796
19797
19803
19804
19806
19807
19809
19811
19815
19816
19817
19819
19820
19821
19822
19823
19825
19826
19827
19830
19831
19832
19834
19835
19840
19842
19843
19844
19847
19852
19859
19865
19866
19868
19870
19873
19876
19877
19882
19889
19891
19893
19894
19895
19896
19900
19901
19903
19904
19908
19909
19910
19911
19917
19918
19919
19923
19925
19926
19927
19928
19929
19930
19934
19936
19937
19938
19940
19941
19945
19946
19949
19956
19957
19960
19961
19963
19965
19966
19968
19969
19970
19972
19977
19978
19979
19980
19981
19983
19985
19986
19987
19992
19997
20004
20006
20007
20011
20013
20015
20016
20017
20020
20024
20025
20026
20028
20030
20031
20033
20038
20039
20045
20046
20048
20049
20057
20058
20064
20065
20066
20067
20070
20072
20074
20076
20079
20084
20086
20087
20090
20094
20097
20103
20104
20105
20106
20110
20111
20117
20124
20127
20128
20130
20131
20132
20133
20136
20138
20139
20142
20143
20144
20146
20147
20148
20149
20150
20151
20153
20155
20157
20159
20160
20161
20162
20164
20165
20166
20173
20176
20177
20180
20182
20183
20184
20185
20186
20187
20190
20191
20193
20194
20196
20198
20200
20201
20204
20206
20207
20211
20212
20213
20214
20215
20216
20218
20221
20226
20228
20229
20232
20235
20236
20238
20239
20241
20243
20244
20249
20250
20251
20252
20253
20254
20255
20256
20257
20260
20262
20263
20265
20269
20270
20279
20280
20282
20286
20287
20289
20290
20292
20295
20297
20298
20299
20302
20303
20304
20306
20307
20315
20317
20321
20327
20330
20331
20332
20335
20336
20337
20338
20339
20340
20344
20346
20353
20357
20358
20361
20366
20367
20371
20375
20377
20379
20391
20392
20394
20396
20397
20403
20404
20406
20408
20409
20411
20414
20416
20417
20421
20422
20423
20424
20425
20426
20435
20438
20441
20444
20447
20448
20451
20452
20459
20460
20463
20464
20467
20470
20472
20473
20475
20476
20478
20486
20488
20496
20497
20501
20504
20512
20513
20514
20518
20521
20522
20525
20527
20528
20531
20534
20536
20543
20548
20550
20551
20555
20565
20566
20567
20570
20571
20573
20574
20582
20584
20586
20587
20588
20591
20593
20596
20598
20599
20600
20601
20602
20603
20608
20609
20610
20612
20615
20616
20617
20620
20624
20625
20630
20631
20633
20634
20643
20644
20650
20651
20653
20654
20655
20662
20665
20668
20671
20673
20678
20682
20686
20695
20704
20709
20711
20712
20713
20716
20720
20722
20723
20731
20732
20733
20735
20736
20738
20739
20741
20742
20744
20746
20755
20758
20759
20764
20771
20772
20776
20781
20785
20790
20791
20793
20795
20799
20809
20812
20814
20818
20822
20828
20831
20834
20835
20836
20837
20838
20839
20840
20843
20845
20847
20852
20858
20864
20872
20877
20879
20881
20889
20895
20897
20898
20899
20901
20909
20911
20913
20916
20921
20922
20924
20926
20928
20929
20931
20933
20935
20937
20939
20946
20947
20948
20950
20951
20952
20953
20954
20957
20958
20961
20964
20967
20969
20970
20971
20974
20976
20980
20983
20984
20985
20988
20990
20991
20992
20993
20997
20998
21000
21002
21006
21007
21012
21013
21014
21015
21018
21025
21027
21029
21031
21034
21035
21046
21047
21049
21050
21051
21053
21057
21058
21059
21061
21062
21063
21064
21065
21066
21069
21070
21071
21073
21074
21075
21076
21078
21079
21081
21082
21083
21084
21085
21086
21088
21089
21090
21091
21092
21093
21094
21095
21096
21097
21098
21100
21101
21102
21103
21104
21105
21106
21107
21108
21109
21111
21112
21113
21114
21116
21118
21119
21120
21121
21122
21123
21124
21125
21126
21128
21129
21130
21131
21132
21134
21135
21136
21137
21138
21140
21141
21143
21144
21145
21146
21147
21148
21149
21150
21151
21152
21153
21154
21155
21156
21158
21159
21160
21161
21162
21166
21167
21169
21171
21172
21174
21175
21177
21178
21180
21181
21182
21183
21184
21185
21186
21187
21189
21190
21191
21193
21194
21196
21197
21198
21199
21200
21201
21203
21204
21205
21206
21208
21209
21211
21212
21213
21214
21215
21218
21220
21221
21222
21223
21224
21225
21226
21227
21228
21229
21231
21234
21236
21238
21239
21241
21242
21243
21245
21246
21247
21248
21249
21250
21251
21253
21254
21256
21259
21260
21261
21262
21263
21266
21267
21268
21269
21270
21271
21272
21273
21274
21275
21276
21277
21278
21280
21281
21282
21284
21286
21287
21289
21290
21291
21292
21293
21296
21298
21299
21300
21301
21303
21305
21306
21307
21308
21309
21310
21312
21313
21314
21316
21317
21318
21321
21324
21325
21326
21329
21330
21332
21334
21335
21336
21340
21342
21343
21345
21346
21348
21349
21352
21353
21354
21358
21359
21360
21363
21365
21367
21368
21369
21370
21373
21374
21375
21377
21379
21383
21384
21386
21388
21389
21391
21392
21395
21396
21397
21399
21400
21401
21404
21406
21407
21410
21411
21414
21415
21416
21419
21420
21425
21433
21434
21435
21438
21439
21440
21441
21444
21446
21448
21449
21451
21455
21456
21460
21461
21462
21463
21464
21466
21467
21468
21469
21470
21472
21473
21474
21476
21477
21478
21480
21481
21482
21484
21485
21486
21487
21488
21489
21490
21491
21492
21495
21497
21498
21499
21502
21505
21508
21511
21512
21513
21514
21515
21516
21518
21519
21522
21524
21527
21528
21529
21532
21536
21539
21540
21543
21545
21548
21549
21550
21554
21556
21562
21563
21564
21568
21571
21573
21574
21575
21578
21581
21584
21585
21587
21588
21589
21590
21592
21595
21599
21603
21604
21606
21608
21612
21614
21615
21618
21622
21623
21624
21625
21629
21630
21631
21633
21637
21638
21640
21646
21649
21650
21653
21657
21658
21659
21660
21664
21669
21671
21672
21674
21676
21677
21678
21680
21681
21690
21691
21693
21696
21697
21698
21700
21701
21704
21706
21709
21710
21712
21716
21719
21720
21721
21724
21725
21726
21727
21728
21732
21737
21740
21741
21742
21743
21744
21746
21747
21748
21749
21750
21751
21752
21761
21762
21763
21765
21766
21768
21770
21774
21775
21776
21777
21782
21783
21789
21790
21792
21796
21798
21800
21802
21806
21808
21811
21812
21813
21814
21815
21816
21818
21823
21824
21825
21826
21827
21831
21832
21836
21843
21844
21845
21847
21848
21852
21854
21855
21856
21857
21858
21859
21860
21865
21869
21871
21872
21875
21876
21878
21880
21882
21887
21889
21890
21892
21893
21894
21895
21896
21899
21901
21904
21907
21909
21910
21911
21913
21917
21918
21919
21921
21927
21932
21933
21934
21935
21940
21941
21942
21943
21948
21950
21953
21954
21955
21958
21959
21961
21962
21965
21971
21973
21976
21977
21979
21980
21983
21984
21985
21986
21987
21988
21989
21992
21993
21994
21995
21996
21997
21999
22003
22004
22005
22006
22012
22013
22014
22016
22018
22019
22020
22027
22028
22029
22030
22032
22033
22034
22035
22036
22037
22038
22041
22042
22044
22050
22051
22052
22054
22056
22057
22059
22060
22062
22065
22067
22069
22071
22074
22076
22077
22079
22082
22084
22086
22088
22089
22090
22091
22093
22094
22099
22100
22102
22104
22105
22106
22107
22109
22110
22113
22114
22117
22118
22119
22120
22123
22124
22125
22128
22130
22131
22134
22135
22137
22138
22139
22140
22141
22143
22144
22147
22148
22151
22152
22158
22159
22162
22169
22172
22174
22176
22177
22178
22179
22180
22183
22184
22187
22189
22191
22192
22193
22195
22196
22199
22201
22202
22204
22205
22210
22212
22213
22214
22217
22219
22220
22221
22222
22223
22225
22226
22227
22228
22230
22231
22232
22235
22236
22237
22239
22240
22241
22242
22243
22244
22245
22246
22247
22248
22249
22252
22255
22256
22257
22258
22261
22262
22264
22266
22268
22269
22270
22271
22272
22273
22275
22276
22278
22280
22281
22282
22283
22284
22302
22304
22310
22315
22337
22341
22346
22348
22369
22377
22398
22400
22405
22410
22413
22416
22420
22427
22428
22429
22430
22436
22439
22443
22444
22445
22456
22469
22503
22504
22522
22539
22544
22556
22557
22558
22562
22574
22603
22620
22624
22633
22643
22655
22658
22676
22682
22694
22702
22703
22705
22709
22713
22732
22750
22754
22764
22769
22770
22772
22783
22788
22793
22798
22800
22803
22808
22812
22819
22834
22836
22883
22886
22894
22903
22920
22954
22955
22960
22961
22963
22965
22967
22968
22969
22971
22973
22974
22975
22976
22977
22978
22979
22981
22982
22983
22985
22986
22988
22989
22990
22992
22994
22995
22997
22998
22999
23000
23002
23004
23006
23007
23008
23009
23010
23011
23012
23013
23014
23016
23017
23018
23019
23021
23022
23023
23024
23025
23026
23027
23028
23030
23031
23036
23037
23039
23042
23044
23045
23046
23047
23050
23052
23053
23054
23056
23057
23058
23059
23060
23061
23062
23063
23064
23066
23071
23072
23073
23075
23076
23078
23080
23081
23082
23084
23086
23088
23091
23092
23095
23096
23097
23098
23099
23100
23103
23104
23105
23108
23110
23111
23115
23116
23117
23118
23120
23121
23122
23125
23128
23129
23133
23134
23135
23136
23139
23140
23142
23145
23146
23147
23150
23151
23152
23154
23157
23158
23159
23161
23162
23163
23164
23170
23171
23173
23175
23177
23178
23179
23181
23182
23184
23188
23189
23190
23192
23193
23200
23203
23207
23209
23211
23212
23214
23217
23221
23222
23223
23224
23228
23229
23236
23237
23240
23241
23242
23243
23249
23250
23253
23254
23256
23258
23261
23263
23266
23267
23269
23270
23271
23272
23274
23275
23276
23277
23278
23279
23284
23286
23287
23288
23292
23293
23295
23296
23298
23300
23302
23303
23308
23310
23312
23313
23314
23315
23316
23317
23321
23322
23325
23326
23327
23328
23329
23332
23334
23335
23336
23339
23340
23345
23346
23347
23349
23351
23352
23353
23355
23357
23358
23362
23363
23367
23370
23371
23372
23374
23375
23377
23380
23382
23384
23385
23386
23387
23393
23395
23396
23397
23399
23400
23401
23402
23403
23405
23407
23408
23409
23412
23413
23414
23415
23418
23420
23423
23425
23427
23428
23433
23434
23435
23436
23441
23443
23444
23445
23446
23448
23452
23458
23462
23463
23470
23478
23486
23487
23491
23494
23497
23498
23500
23501
23503
23504
23505
23509
23512
23513
23516
23519
23520
23522
23523
23525
23526
23528
23532
23534
23536
23537
23540
23541
23545
23546
23549
23550
23555
23557
23560
23563
23564
23565
23571
23573
23576
23579
23581
23587
23589
23592
23594
23595
23596
23597
23598
23599
23600
23601
23602
23603
23605
23607
23608
23610
23611
23612
23614
23617
23621
23622
23624
23625
23627
23632
23633
23636
23637
23639
23640
23641
23642
23647
23651
23652
23654
23659
23660
23663
23664
23666
23667
23670
23671
23674
23675
23677
23679
23680
23682
23684
23687
23690
23695
23700
23701
23702
23705
23708
23713
23717
23720
23722
23725
23729
23732
23733
23734
23738
23739
23740
23742
23743
23745
23756
23761
23762
23766
23769
23771
23772
23776
23778
23780
23781
23783
23785
23786
23788
23790
23791
23796
23797
23800
23801
23804
23808
23809
23810
23816
23818
23819
23820
23821
23822
23823
23828
23830
23832
23833
23835
23839
23845
23846
23848
23852
23854
23859
23861
23862
23863
23864
23870
23871
23874
23877
23878
23883
23887
23891
23892
23898
23899
23902
23905
23908
23909
23916
23921
23922
23923
23924
23925
23926
23928
23937
23939
23943
23944
23946
23947
23948
23950
23960
23962
23966
23982
23983
23985
23990
23991
23994
24001
24007
24010
24011
24012
24013
24016
24019
24021
24023
24029
24030
24031
24032
24037
24040
24044
24046
24047
24050
24051
24052
24071
24075
24076
24079
24080
24081
24084
24088
24091
24093
24095
24103
24105
24115
24116
24119
24122
24123
24126
24129
24142
24149
24150
24153
24167
24172
24174
24176
24181
24186
24190
24194
24196
24200
24202
24208
24217
24218
24221
24224
24228
24236
24238
24239
24240
24245
24250
24252
24255
24257
24258
24262
24264
24265
24271
24280
24281
24284
24288
24293
24296
24299
24302
24303
24305
24309
24310
24317
24325
24328
24330
24338
24339
24341
24343
24345
24350
24351
24358
24364
24372
24385
24386
24392
24393
24394
24397
24409
24413
24419
24430
24431
24433
24434
24447
24452
24453
24455
24456
24457
24458
24460
24469
24470
24472
24475
24481
24490
24492
24495
24496
24499
24508
24509
24513
24523
24528
24536
24537
24538
24539
24545
24554
24557
24558
24563
24568
24570
24582
24586
24591
24593
24603
24609
24611
24612
24615
24617
24620
24624
24625
24630
24635
24636
24637
24640
24641
24644
24645
24647
24649
24650
24653
24661
24665
24667
24668
24672
24677
24678
24679
24681
24685
24686
24690
24692
24697
24698
24699
24700
24701
24702
24704
24706
24711
24712
24713
24714
24715
24716
24717
24719
24722
24725
24726
24727
24728
24729
24731
24735
24739
24741
24743
24745
24747
24749
24760
24761
24764
24766
24771
24772
24773
24774
24775
24776
24777
24778
24779
24780
24782
24787
24788
24789
24790
24793
24794
24795
24796
24797
24798
24799
24802
24803
24804
24805
24807
24809
24810
24812
24813
24815
24816
24817
24818
24819
24820
24821
24822
24825
24826
24827
24828
24830
24831
24833
24834
24835
24836
24837
24838
24839
24840
24841
24844
24845
24846
24848
24849
24850
24851
24852
24853
24854
24857
24858
24859
24861
24863
24864
24865
24866
24867
24868
24869
24870
24872
24874
24875
24878
24879
24880
24881
24882
24883
24885
24888
24891
24893
24894
24895
24896
24898
24899
24900
24901
24902
24903
24904
24905
24906
24907
24908
24910
24911
24913
24914
24915
24916
24917
24919
24920
24921
24922
24923
24924
24925
24927
24929
24930
24931
24935
24936
24937
24939
24940
24942
24943
24944
24947
24948
24950
24951
24952
24953
24954
24956
24959
24960
24961
24962
24963
24964
24965
24966
24968
24969
24973
24974
24975
24976
24977
24980
24981
24982
24983
24984
24985
24986
24987
24990
24993
24994
24995
24996
24997
25000
25004
25006
25008
25009
25010
25011
25012
25013
25014
25015
25018
25019
25020
25022
25023
25024
25027
25028
25031
25033
25034
25038
25039
25040
25042
25043
25045
25048
25049
25050
25052
25053
25054
25055
25056
25057
25058
25059
25060
25061
25063
25066
25067
25068
25070
25073
25075
25076
25077
25079
25084
25089
25093
25094
25095
25097
25099
25100
25101
25102
25103
25105
25106
25107
25108
25109
25110
25111
25112
25113
25114
25117
25118
25119
25120
25121
25126
25127
25130
25131
25133
25134
25136
25137
25138
25139
25141
25143
25145
25149
25151
25152
25154
25155
25156
25157
25158
25163
25165
25167
25169
25170
25171
25174
25175
25177
25178
25179
25182
25183
25186
25187
25188
25190
25191
25193
25194
25196
25197
25199
25201
25202
25203
25204
25207
25208
25210
25211
25212
25214
25218
25220
25222
25224
25225
25227
25230
25233
25237
25238
25241
25245
25246
25249
25253
25254
25257
25259
25260
25264
25265
25268
25269
25273
25274
25276
25277
25278
25282
25285
25287
25290
25293
25295
25297
25300
25302
25303
25306
25307
25312
25314
25316
25317
25320
25321
25322
25323
25328
25329
25330
25331
25332
25333
25336
25337
25338
25339
25341
25343
25344
25345
25347
25348
25349
25351
25352
25353
25358
25367
25370
25371
25373
25374
25378
25379
25383
25384
25385
25386
25389
25390
25391
25392
25395
25402
25403
25404
25405
25407
25410
25411
25412
25413
25414
25415
25416
25418
25422
25433
25435
25437
25438
25446
25449
25451
25455
25457
25458
25461
25463
25464
25469
25471
25473
25477
25478
25479
25480
25482
25488
25494
25496
25497
25503
25504
25505
25506
25507
25512
25513
25515
25516
25518
25522
25523
25524
25527
25532
25533
25537
25538
25540
25541
25542
25543
25545
25547
25550
25552
25558
25562
25565
25566
25571
25572
25575
25576
25580
25581
25583
25585
25586
25590
25592
25594
25595
25596
25601
25602
25607
25608
25609
25616
25618
25620
25624
25627
25628
25629
25633
25635
25638
25640
25641
25642
25644
25646
25647
25648
25649
25652
25654
25657
25658
25659
25660
25663
25664
25666
25667
25668
25669
25672
25673
25677
25678
25679
25682
25683
25688
25689
25690
25693
25695
25696
25697
25700
25702
25704
25705
25706
25709
25710
25711
25712
25713
25718
25719
25720
25721
25722
25723
25726
25728
25729
25730
25731
25732
25734
25735
25736
25739
25740
25741
25742
25743
25744
25745
25747
25749
25750
25751
25757
25758
25761
25763
25764
25765
25767
25768
25770
25771
25772
25773
25774
25776
25780
25781
25783
25786
25792
25793
25794
25799
25800
25801
25803
25805
25807
25813
25814
25816
25818
25819
25821
25826
25827
25828
25833
25834
25836
25837
25839
25840
25842
25843
25844
25845
25846
25847
25853
25854
25855
25856
25857
25858
25861
25862
25865
25866
25868
25873
25874
25876
25879
25880
25883
25884
25885
25886
25890
25894
25896
25897
25898
25901
25902
25906
25907
25908
25912
25913
25914
25915
25916
25918
25919
25921
25923
25924
25926
25927
25928
25931
25933
25934
25936
25937
25938
25939
25941
25942
25943
25945
25946
25949
25950
25951
25952
25953
25954
25956
25957
25958
25959
25961
25962
25963
25965
25966
25968
25969
25972
25975
25977
25978
25980
25982
25983
25985
25987
25989
25990
25991
25992
25993
25996
25998
26004
26005
26006
26007
26022
26024
26027
26030
26034
26036
26037
26039
26045
26046
26054
26057
26060
26064
26071
26074
26082
26089
26096
26098
26101
26110
26112
26114
26118
26120
26124
26140
26141
26148
26150
26153
26156
26157
26160
26161
26166
26168
26174
26177
26181
26186
26198
26201
26212
26213
26219
26224
26240
26245
26254
26258
26259
26282
26288
26289
26291
26292
26308
26317
26320
26344
26351
26354
26357
26360
26367
26372
26375
26395
26396
26399
26400
26403
26441
26447
26451
26456
26459
26463
26465
26466
26474
26486
26499
26502
26506
26514
26519
26524
26532
26538
26549
26554
26560
26561
26586
26589
26592
26600
26629
26643
26647
26652
26663
26672
26676
26678
26679
26680
26681
26682
26683
26684
26685
26686
26687
26688
26689
26691
26692
26695
26696
26698
26699
26702
26704
26705
26706
26707
26708
26709
26710
26711
26712
26714
26717
26718
26719
26720
26721
26722
26723
26724
26725
26726
26727
26728
26729
26730
26731
26732
26733
26739
26740
26742
26744
26745
26747
26748
26749
26750
26751
26752
26755
26756
26757
26759
26761
26764
26766
26767
26768
26771
26773
26776
26777
26778
26780
26783
26785
26786
26788
26790
26792
26794
26796
26797
26798
26802
26803
26804
26805
26807
26808
26809
26810
26811
26812
26813
26815
26816
26817
26819
26820
26821
26822
26824
26825
26827
26828
26829
26830
26831
26832
26833
26834
26835
26836
26839
26840
26842
26846
26847
26851
26853
26854
26855
26856
26859
26861
26862
26863
26871
26873
26875
26877
26878
26879
26881
26882
26886
26888
26890
26891
26892
26893
26895
26896
26898
26899
26902
26903
26904
26905
26906
26909
26910
26916
26917
26920
26921
26926
26927
26928
26929
26931
26933
26936
26937
26938
26939
26940
26941
26942
26943
26945
26947
26948
26949
26950
26951
26953
26954
26955
26956
26957
26959
26960
26961
26962
26963
26964
26969
26971
26972
26975
26977
26981
26983
26985
26986
26987
26988
26989
26992
26993
26994
26996
26997
26999
27000
27005
27006
27007
27008
27009
27010
27014
27015
27016
27017
27018
27021
27023
27024
27025
27028
27030
27035
27037
27039
27040
27042
27044
27046
27048
27052
27053
27059
27060
27061
27064
27065
27069
27071
27072
27073
27074
27076
27077
27078
27079
27081
27082
27085
27086
27087
27089
27091
27092
27096
27098
27099
27100
27101
27103
27104
27107
27109
27111
27114
27118
27119
27121
27122
27123
27127
27128
27131
27132
27133
27135
27136
27137
27138
27139
27140
27141
27143
27144
27147
27148
27149
27150
27153
27155
27158
27159
27160
27162
27163
27164
27166
27169
27170
27175
27176
27177
27179
27183
27184
27188
27189
27190
27197
27198
27202
27203
27205
27215
27217
27219
27220
27221
27222
27223
27226
27227
27230
27232
27233
27234
27235
27236
27242
27245
27247
27250
27251
27252
27255
27258
27259
27260
27261
27263
27264
27266
27268
27271
27272
27274
27277
27281
27286
27290
27291
27292
27293
27296
27297
27298
27301
27306
27309
27310
27311
27317
27323
27324
27325
27328
27332
27335
27336
27339
27343
27346
27347
27348
27349
27352
27355
27356
27359
27360
27361
27362
27363
27366
27368
27369
27373
27374
27375
27377
27382
27384
27385
27386
27388
27390
27392
27396
27398
27399
27401
27402
27407
27408
27411
27414
27425
27432
27434
27439
27443
27444
27447
27448
27453
27454
27456
27457
27458
27459
27460
27462
27464
27467
27468
27470
27476
27477
27481
27485
27486
27487
27488
27492
27493
27495
27498
27499
27505
27507
27510
27513
27514
27517
27519
27520
27523
27525
27526
27528
27532
27533
27534
27536
27537
27541
27542
27547
27548
27549
27551
27552
27554
27555
27559
27560
27564
27565
27566
27567
27568
27569
27570
27573
27575
27576
27577
27578
27579
27580
27581
27583
27584
27587
27589
27590
27591
27593
27597
27601
27602
27608
27613
27614
27616
27619
27621
27627
27629
27633
27635
27639
27642
27645
27646
27649
27650
27651
27659
27660
27662
27663
27668
27669
27671
27672
27673
27674
27676
27680
27681
27685
27688
27693
27696
27698
27703
27707
27708
27709
27710
27711
27713
27714
27715
27718
27721
27724
27725
27727
27730
27732
27735
27739
27740
27741
27748
27751
27752
27753
27755
27757
27759
27761
27763
27764
27765
27766
27783
27784
27786
27787
27789
27791
27792
27793
27794
27795
27796
27799
27802
27809
27813
27815
27817
27819
27820
27823
27828
27829
27831
27832
27833
27836
27839
27840
27844
27849
27854
27856
27860
27861
27864
27867
27880
27883
27886
27887
27888
27889
27892
27903
27904
27909
27910
27914
27917
27932
27935
27936
27938
27942
27946
27950
27953
27954
27959
27960
27963
27965
27969
27971
27976
27977
27979
27982
27988
27989
27990
27991
27993
27995
27999
28001
28002
28003
28005
28010
28011
28012
28013
28019
28022
28026
28030
28037
28040
28044
28045
28048
28053
28059
28060
28061
28062
28065
28068
28071
28072
28081
28082
28087
28093
28094
28096
28108
28111
28113
28116
28118
28121
28123
28124
28127
28128
28131
28132
28133
28135
28137
28139
28140
28142
28144
28145
28150
28155
28158
28161
28163
28164
28167
28168
28170
28172
28174
28179
28183
28187
28188
28194
28198
28199
28204
28205
28210
28212
28219
28221
28222
28223
28228
28229
28232
28233
28237
28239
28244
28245
28247
28250
28251
28262
28263
28264
28280
28286
28287
28288
28295
28300
28305
28309
28313
28316
28317
28321
28327
28332
28339
28342
28343
28344
28345
28347
28349
28350
28352
28353
28354
28355
28356
28360
28363
28372
28379
28380
28381
28382
28384
28386
28388
28389
28390
28391
28392
28393
28395
28398
28399
28401
28404
28405
28406
28408
28409
28411
28413
28416
28417
28418
28421
28422
28424
28425
28426
28427
28428
28429
28430
28433
28434
28436
28440
28441
28442
28443
28448
28451
28453
28454
28455
28456
28457
28458
28459
28468
28472
28473
28475
28476
28479
28481
28484
28485
28486
28487
28488
28490
28491
28492
28493
28494
28496
28497
28499
28500
28501
28502
28504
28506
28507
28508
28509
28510
28511
28512
28513
28516
28517
28518
28519
28520
28521
28522
28523
28524
28526
28527
28528
28529
28530
28531
28532
28533
28534
28535
28536
28537
28538
28539
28540
28541
28543
28544
28546
28550
28551
28552
28554
28555
28556
28558
28560
28562
28563
28564
28565
28566
28567
28568
28569
28570
28571
28572
28575
28576
28578
28579
28580
28582
28583
28584
28589
28593
28594
28595
28596
28599
28600
28602
28603
28604
28605
28606
28607
28608
28610
28612
28614
28615
28618
28619
28621
28622
28623
28624
28625
28626
28629
28630
28631
28633
28635
28637
28638
28639
28640
28641
28642
28643
28645
28646
28649
28650
28651
28652
28653
28654
28657
28658
28659
28661
28662
28663
28664
28665
28666
28667
28670
28672
28674
28675
28676
28677
28678
28679
28680
28681
28682
28683
28684
28685
28687
28688
28689
28690
28691
28694
28695
28697
28698
28699
28706
28709
28710
28711
28712
28714
28715
28716
28717
28718
28719
28720
28721
28722
28723
28726
28727
28728
28729
28730
28733
28734
28736
28738
28739
28740
28742
28743
28745
28746
28747
28749
28753
28756
28757
28758
28760
28762
28763
28764
28766
28768
28770
28771
28773
28775
28777
28780
28782
28786
28787
28788
28790
28791
28793
28794
28795
28796
28798
28799
28803
28804
28805
28808
28809
28810
28811
28812
28813
28816
28820
28822
28823
28824
28825
28827
28828
28829
28832
28834
28835
28836
28837
28838
28839
28840
28843
28844
28846
28847
28848
28850
28851
28852
28856
28857
28858
28859
28860
28862
28863
28865
28866
28868
28869
28871
28872
28877
28878
28879
28880
28881
28882
28883
28884
28885
28888
28889
28892
28893
28895
28896
28897
28900
28901
28902
28904
28905
28906
28908
28909
28910
28911
28912
28913
28915
28916
28917
28918
28922
28924
28926
28927
28928
28935
28938
28939
28940
28941
28942
28943
28946
28949
28957
28958
28959
28960
28963
28964
28965
28966
28971
28974
28976
28978
28981
28984
28989
28990
28991
28992
28997
28998
28999
29001
29002
29005
29006
29009
29013
29014
29015
29016
29017
29019
29020
29023
29028
29031
29033
29036
29037
29040
29041
29043
29045
29046
29047
29049
29051
29053
29058
29059
29061
29062
29065
29067
29068
29070
29080
29081
29082
29083
29084
29085
29086
29088
29093
29095
29099
29102
29104
29105
29106
29108
29109
29111
29118
29124
29125
29126
29129
29130
29131
29132
29134
29136
29137
29147
29148
29149
29151
29152
29154
29155
29160
29162
29163
29166
29170
29171
29172
29175
29176
29177
29178
29179
29183
29188
29190
29191
29193
29194
29203
29204
29206
29207
29209
29210
29211
29212
29213
29216
29217
29218
29219
29220
29223
29228
29229
29230
29234
29236
29241
29243
29246
29249
29250
29251
29252
29253
29254
29255
29256
29257
29258
29259
29260
29264
29267
29269
29271
29272
29274
29276
29280
29283
29286
29287
29288
29290
29294
29295
29297
29299
29300
29303
29305
29306
29308
29310
29314
29315
29317
29320
29323
29324
29327
29328
29332
29335
29337
29338
29339
29343
29344
29345
29349
29356
29358
29359
29360
29362
29363
29364
29370
29371
29372
29373
29378
29379
29381
29382
29383
29386
29387
29388
29390
29391
29396
29397
29399
29400
29401
29402
29404
29410
29411
29412
29413
29415
29416
29417
29418
29420
29422
29423
29424
29425
29427
29428
29430
29433
29434
29436
29437
29440
29442
29443
29444
29446
29448
29452
29455
29456
29457
29460
29461
29462
29463
29464
29465
29469
29470
29471
29472
29476
29477
29478
29479
29481
29483
29484
29490
29492
29493
29495
29498
29499
29500
29502
29504
29507
29512
29514
29515
29517
29518
29519
29521
29522
29524
29527
29528
29530
29532
29533
29535
29538
29540
29541
29542
29546
29547
29551
29553
29554
29555
29556
29557
29558
29559
29561
29562
29566
29567
29568
29570
29571
29572
29576
29578
29579
29581
29582
29583
29586
29587
29590
29591
29592
29593
29596
29597
29598
29599
29600
29601
29602
29604
29605
29607
29608
29610
29613
29614
29615
29616
29617
29619
29620
29621
29627
29629
29630
29631
29632
29635
29636
29638
29640
29641
29642
29644
29645
29646
29648
29651
29652
29655
29656
29657
29658
29659
29660
29662
29663
29664
29665
29667
29668
29669
29670
29671
29672
29673
29674
29675
29676
29677
29680
29682
29683
29685
29686
29689
29690
29691
29692
29693
29694
29695
29696
29697
29699
29700
29701
29702
29703
29704
29705
29706
29709
29710
29714
29720
29721
29728
29733
29741
29747
29750
29751
29752
29754
29756
29762
29767
29769
29771
29772
29777
29778
29781
29797
29803
29811
29826
29828
29838
29842
29848
29853
29855
29856
29867
29874
29875
29883
29884
29897
29902
29904
29918
29919
29926
29970
29972
29988
29996
30002
30027
30034
30038
30062
30067
30074
30082
30086
30110
30122
30123
30143
30146
30155
30174
30182
30187
30188
30189
30192
30193
30200
30203
30211
30220
30233
30241
30249
30264
30265
30274
30287
30311
30321
30343
30345
30346
30366
30386
30390
30392
30393
30394
30395
30396
30397
30398
30399
30402
30403
30404
30405
30406
30407
30408
30409
30410
30411
30412
30413
30414
30416
30417
30419
30420
30421
30422
30423
30424
30425
30426
30427
30428
30429
30430
30431
30432
30433
30434
30437
30438
30439
30440
30441
30442
30443
30444
30445
30447
30448
30449
30450
30451
30452
30453
30454
30458
30459
30460
30465
30466
30469
30470
30471
30474
30476
30478
30479
30480
30481
30484
30485
30486
30488
30490
30491
30492
30493
30494
30496
30497
30500
30502
30503
30504
30508
30509
30511
30512
30513
30514
30515
30517
30519
30520
30523
30524
30525
30526
30527
30528
30530
30531
30533
30534
30535
30536
30542
30544
30545
30547
30548
30549
30550
30551
30553
30554
30555
30556
30557
30558
30560
30561
30564
30568
30569
30570
30574
30575
30576
30578
30580
30582
30583
30584
30587
30591
30592
30593
30594
30595
30596
30598
30599
30600
30601
30604
30605
30606
30607
30609
30610
30611
30613
30616
30617
30618
30620
30621
30623
30624
30625
30626
30627
30631
30632
30634
30636
30637
30639
30642
30643
30645
30646
30649
30650
30651
30652
30654
30655
30656
30657
30659
30661
30662
30665
30667
30668
30669
30670
30671
30672
30673
30674
30675
30676
30677
30678
30679
30681
30686
30687
30689
30690
30691
30694
30695
30697
30698
30699
30700
30701
30702
30703
30704
30706
30708
30709
30710
30711
30714
30715
30716
30717
30718
30719
30720
30721
30722
30723
30725
30728
30729
30731
30739
30743
30744
30745
30746
30748
30749
30750
30752
30754
30756
30757
30760
30763
30764
30767
30768
30769
30770
30773
30774
30775
30777
30779
30780
30783
30784
30785
30786
30790
30791
30793
30795
30796
30797
30798
30800
30802
30803
30804
30805
30806
30808
30809
30811
30813
30817
30818
30820
30821
30822
30823
30824
30825
30827
30828
30829
30831
30832
30833
30837
30839
30842
30843
30846
30853
30856
30858
30860
30861
30862
30864
30868
30871
30874
30876
30877
30878
30879
30880
30881
30883
30884
30885
30886
30887
30889
30890
30892
30893
30896
30897
30899
30901
30902
30905
30907
30908
30910
30911
30912
30914
30915
30919
30921
30922
30923
30925
30926
30927
30928
30929
30931
30932
30934
30935
30938
30939
30941
30947
30949
30951
30954
30957
30958
30960
30962
30964
30965
30969
30970
30971
30972
30974
30975
30977
30978
30982
30984
30986
30988
30991
30993
30994
30995
30996
30998
31001
31004
31006
31007
31008
31010
31011
31012
31014
31015
31016
31017
31021
31022
31023
31025
31026
31030
31031
31033
31035
31036
31037
31038
31039
31040
31042
31043
31045
31048
31049
31050
31051
31052
31053
31054
31057
31058
31060
31061
31067
31068
31069
31075
31078
31080
31081
31084
31085
31086
31087
31090
31091
31092
31093
31097
31098
31099
31101
31103
31104
31105
31108
31110
31112
31113
31115
31118
31120
31123
31126
31127
31128
31129
31130
31131
31133
31135
31136
31137
31138
31140
31142
31145
31148
31153
31157
31158
31159
31160
31161
31162
31164
31166
31167
31168
31170
31172
31174
31179
31181
31184
31185
31187
31190
31194
31197
31198
31199
31200
31206
31209
31211
31212
31213
31215
31216
31219
31221
31222
31224
31225
31228
31231
31232
31236
31239
31241
31247
31248
31251
31252
31254
31263
31268
31270
31272
31274
31275
31276
31278
31283
31284
31286
31287
31288
31289
31290
31291
31292
31293
31295
31296
31299
31302
31303
31305
31307
31308
31309
31311
31323
31328
31329
31331
31332
31336
31341
31343
31347
31349
31350
31351
31352
31353
31354
31355
31359
31364
31365
31368
31371
31374
31376
31377
31378
31383
31391
31392
31393
31394
31395
31396
31398
31402
31404
31406
31407
31410
31411
31412
31419
31421
31423
31425
31427
31435
31436
31438
31439
31440
31441
31444
31445
31447
31449
31451
31457
31458
31459
31460
31465
31468
31471
31478
31479
31480
31481
31482
31492
31497
31501
31503
31506
31509
31510
31511
31516
31517
31519
31521
31525
31529
31531
31532
31533
31536
31542
31543
31558
31561
31571
31573
31574
31578
31580
31581
31593
31595
31597
31601
31602
31603
31606
31616
31617
31618
31620
31622
31628
31631
31635
31636
31641
31645
31646
31650
31651
31656
31664
31667
31668
31669
31673
31677
31678
31679
31685
31692
31695
31707
31712
31713
31715
31719
31721
31724
31728
31730
31733
31737
31740
31743
31758
31759
31766
31767
31768
31770
31777
31779
31786
31790
31791
31800
31808
31809
31810
31815
31823
31825
31829
31833
31835
31837
31840
31842
31847
31851
31856
31858
31868
31874
31875
31881
31883
31884
31886
31889
31890
31892
31897
31898
31904
31909
31913
31914
31918
31920
31923
31924
31927
31929
31930
31932
31935
31936
31939
31941
31945
31950
31951
31953
31956
31960
31963
31964
31968
31975
31981
31987
31991
31992
31994
31996
31997
31998
32001
32009
32010
32011
32014
32015
32020
32023
32028
32029
32030
32032
32035
32038
32040
32043
32047
32048
32051
32052
32053
32054
32058
32059
32063
32064
32068
32069
32070
32071
32073
32076
32081
32087
32088
32089
32093
32094
32095
32098
32099
32100
32105
32106
32107
32109
32110
32116
32118
32120
32124
32125
32126
32127
32128
32129
32130
32132
32133
32134
32137
32140
32141
32142
32143
32144
32145
32147
32150
32151
32155
32156
32161
32163
32166
32168
32169
32171
32174
32175
32176
32179
32182
32186
32188
32189
32191
32192
32195
32196
32198
32199
32200
32201
32202
32203
32205
32206
32207
32208
32210
32211
32212
32213
32215
32217
32218
32221
32222
32223
32224
32225
32226
32227
32228
32230
32232
32233
32234
32235
32236
32237
32238
32240
32242
32243
32244
32246
32247
32248
32249
32250
32252
32253
32254
32255
32256
32258
32259
32260
32261
32263
32264
32265
32266
32268
32270
32271
32272
32274
32276
32278
32279
32280
32281
32282
32284
32285
32286
32287
32288
32289
32290
32291
32292
32293
32295
32296
32297
32298
32300
32301
32302
32303
32304
32308
32309
32310
32311
32313
32314
32316
32317
32318
32319
32320
32322
32324
32326
32328
32329
32330
32331
32332
32333
32334
32335
32336
32337
32338
32339
32340
32341
32342
32343
32344
32345
32348
32349
32351
32353
32354
32355
32356
32359
32360
32362
32363
32365
32367
32368
32369
32371
32373
32375
32376
32377
32378
32379
32380
32381
32382
32384
32385
32386
32387
32388
32390
32391
32393
32394
32395
32396
32397
32398
32399
32400
32401
32402
32403
32404
32405
32406
32408
32409
32410
32411
32412
32413
32414
32415
32417
32418
32419
32422
32423
32424
32427
32428
32429
32430
32432
32434
32435
32436
32438
32439
32440
32441
32442
32443
32445
32446
32447
32448
32450
32452
32455
32456
32459
32460
32461
32462
32463
32464
32467
32468
32469
32471
32472
32476
32477
32478
32479
32480
32484
32485
32486
32487
32488
32491
32492
32493
32496
32497
32500
32501
32502
32504
32507
32508
32509
32510
32511
32512
32514
32515
32521
32522
32524
32527
32528
32529
32530
32533
32534
32536
32537
32538
32540
32541
32542
32546
32548
32549
32553
32554
32555
32556
32557
32558
32561
32563
32564
32565
32567
32568
32569
32571
32573
32575
32577
32578
32580
32582
32584
32585
32586
32588
32590
32591
32593
32594
32595
32596
32597
32598
32599
32600
32603
32606
32607
32608
32609
32610
32614
32616
32618
32619
32620
32622
32623
32624
32625
32626
32627
32628
32629
32630
32631
32632
32637
32640
32642
32645
32646
32647
32649
32650
32651
32652
32653
32654
32655
32657
32658
32661
32662
32663
32664
32667
32669
32670
32671
32673
32674
32676
32677
32679
32680
32681
32685
32686
32687
32688
32690
32691
32692
32696
32698
32701
32702
32704
32705
32706
32708
32710
32711
32712
32713
32715
32720
32722
32723
32724
32727
32728
32729
32730
32731
32732
32734
32737
32739
32741
32742
32745
32747
32748
32749
32750
32754
32756
32757
32759
32761
32762
32764
32765
32767
32768
32769
32771
32772
32773
32775
32776
32778
32779
32780
32781
32791
32792
32793
32794
32795
32796
32799
32800
32801
32804
32806
32808
32811
32813
32814
32815
32816
32818
32820
32821
32822
32823
32827
32829
32831
32832
32835
32838
32839
32840
32843
32846
32849
32850
32851
32860
32861
32862
32863
32865
32866
32867
32868
32869
32870
32871
32873
32874
32877
32883
32884
32885
32886
32888
32890
32891
32892
32897
32899
32902
32904
32906
32907
32908
32909
32912
32914
32915
32916
32919
32921
32922
32924
32930
32931
32932
32933
32934
32941
32950
32951
32953
32954
32957
32958
32959
32960
32961
32962
32966
32968
32969
32970
32972
32973
32974
32976
32978
32980
32981
32983
32985
32988
32990
32991
32994
32996
32998
32999
33000
33002
33005
33006
33011
33013
33017
33019
33020
33023
33024
33028
33029
33031
33033
33035
33036
33037
33038
33039
33041
33042
33043
33044
33046
33047
33048
33049
33051
33052
33053
33055
33057
33058
33061
33063
33066
33068
33069
33070
33074
33075
33076
33077
33079
33080
33082
33083
33085
33087
33088
33089
33090
33091
33092
33093
33096
33097
33100
33101
33103
33104
33105
33108
33109
33110
33111
33114
33116
33118
33119
33121
33123
33125
33126
33128
33129
33130
33131
33132
33133
33134
33135
33136
33137
33138
33139
33140
33146
33148
33149
33150
33151
33153
33154
33156
33162
33165
33166
33171
33172
33173
33174
33176
33177
33178
33179
33180
33181
33184
33185
33186
33187
33189
33190
33191
33192
33193
33194
33195
33196
33197
33198
33199
33200
33201
33203
33204
33205
33206
33207
33209
33214
33215
33217
33220
33222
33225
33229
33230
33231
33232
33233
33235
33236
33238
33241
33242
33243
33244
33247
33249
33253
33254
33255
33256
33260
33261
33262
33266
33267
33268
33269
33270
33271
33272
33273
33274
33275
33276
33277
33280
33281
33282
33283
33284
33286
33289
33290
33291
33293
33294
33295
33296
33297
33300
33301
33303
33304
33305
33307
33309
33310
33311
33312
33316
33318
33319
33320
33321
33322
33324
33325
33326
33327
33329
33330
33331
33332
33335
33338
33339
33340
33341
33343
33344
33345
33346
33348
33352
33354
33355
33356
33357
33359
33361
33362
33363
33365
33366
33367
33368
33369
33370
33371
33372
33373
33374
33376
33377
33378
33379
33381
33382
33384
33385
33386
33387
33388
33389
33390
33391
33393
33394
33396
33397
33399
33401
33402
33403
33404
33405
33406
33409
33410
33411
33412
33413
33414
33415
33416
33417
33418
33419
33420
33421
33422
33423
33424
33425
33426
33428
33439
33447
33452
33454
33455
33456
33465
33466
33467
33469
33472
33474
33475
33476
33480
33481
33482
33483
33488
33489
33491
33495
33498
33501
33504
33506
33508
33510
33516
33517
33522
33530
33531
33536
33539
33545
33546
33548
33550
33551
33552
33562
33566
33567
33568
33569
33570
33572
33573
33574
33577
33578
33584
33585
33587
33588
33592
33594
33596
33598
33599
33605
33611
33615
33629
33632
33633
33640
33645
33646
33650
33656
33658
33660
33664
33671
33681
33684
33686
33691
33698
33707
33708
33717
33719
33731
33733
33735
33745
33758
33762
33764
33775
33782
33791
33800
33806
33818
33824
33836
33844
33845
33846
33851
33855
33868
33869
33874
33882
33884
33890
33892
33893
33910
33911
33929
33931
33934
33935
33937
33953
33958
33960
33963
33966
33968
33976
33984
33988
33991
33996
34001
34008
34009
34020
34024
34049
34050
34069
34075
34096
34100
34102
34104
34105
34107
34108
34109
34110
34112
34113
34114
34116
34117
34118
34119
34120
34121
34122
34123
34124
34125
34126
34127
34128
34129
34130
34131
34133
34134
34136
34137
34138
34139
34140
34141
34142
34144
34145
34146
34147
34148
34149
34150
34151
34152
34153
34154
34156
34157
34158
34159
34160
34161
34164
34167
34168
34169
34172
34173
34174
34175
34176
34179
34182
34183
34184
34185
34187
34188
34191
34192
34193
34194
34195
34196
34197
34198
34199
34200
34203
34204
34205
34206
34207
34208
34211
34214
34215
34218
34222
34224
34225
34226
34227
34228
34230
34231
34232
34233
34235
34236
34237
34238
34240
34241
34242
34244
34245
34247
34249
34250
34251
34253
34257
34258
34259
34261
34262
34263
34264
34267
34270
34271
34272
34273
34274
34275
34276
34277
34278
34279
34281
34284
34287
34288
34289
34291
34294
34299
34300
34301
34304
34305
34306
34307
34309
34312
34314
34315
34316
34317
34318
34319
34320
34321
34323
34324
34325
34326
34327
34329
34330
34334
34335
34336
34337
34339
34340
34341
34342
34344
34345
34346
34348
34349
34351
34352
34353
34354
34355
34356
34357
34358
34360
34362
34363
34364
34365
34366
34367
34368
34370
34371
34375
34376
34377
34379
34381
34382
34383
34384
34385
34388
34389
34391
34392
34393
34395
34397
34399
34400
34403
34405
34408
34411
34413
34414
34415
34416
34417
34419
34420
34421
34422
34423
34425
34426
34427
34428
34429
34432
34433
34434
34435
34436
34437
34438
34439
34442
34443
34444
34445
34449
34450
34451
34452
34453
34455
34456
34460
34461
34465
34466
34467
34468
34470
34471
34472
34474
34476
34477
34479
34480
34482
34483
34487
34488
34490
34491
34492
34493
34495
34496
34497
34499
34502
34505
34507
34508
34509
34510
34512
34513
34514
34515
34519
34520
34523
34524
34525
34527
34528
34529
34532
34535
34536
34537
34538
34539
34540
34542
34546
34547
34549
34550
34551
34552
34554
34555
34556
34557
34559
34560
34561
34562
34563
34564
34565
34568
34569
34571
34572
34574
34576
34582
34583
34585
34588
34589
34590
34591
34592
34595
34598
34599
34600
34601
34603
34604
34606
34607
34609
34610
34613
34620
34621
34624
34625
34626
34627
34629
34630
34633
34637
34642
34644
34647
34648
34649
34650
34653
34654
34655
34657
34658
34659
34660
34662
34663
34664
34665
34667
34669
34670
34671
34672
34674
34678
34679
34683
34686
34687
34688
34691
34692
34694
34695
34696
34697
34698
34699
34702
34705
34706
34707
34708
34709
34712
34714
34715
34716
34717
34718
34720
34723
34724
34725
34726
34729
34731
34732
34733
34734
34736
34737
34738
34740
34741
34742
34747
34749
34751
34752
34753
34756
34759
34760
34761
34762
34763
34764
34765
34766
34767
34769
34771
34773
34774
34775
34776
34778
34784
34785
34786
34789
34790
34791
34792
34793
34794
34795
34796
34798
34799
34801
34802
34805
34807
34808
34809
34812
34813
34815
34816
34817
34818
34819
34822
34823
34824
34826
34827
34828
34829
34830
34832
34833
34835
34837
34841
34842
34843
34844
34847
34850
34853
34855
34856
34857
34858
34859
34860
34862
34863
34864
34865
34866
34867
34871
34872
34873
34875
34876
34880
34881
34884
34885
34886
34887
34889
34893
34894
34895
34896
34898
34899
34900
34901
34903
34904
34905
34906
34908
34909
34910
34912
34913
34914
34915
34921
34923
34925
34926
34931
34936
34937
34938
34939
34940
34945
34946
34950
34951
34954
34961
34962
34965
34966
34967
34968
34970
34973
34979
34980
34981
34986
34987
34988
34989
34990
34992
34993
34994
34995
34997
34998
34999
35000
35001
35002
35003
35004
35005
35007
35008
35009
35010
35011
35016
35018
35019
35021
35022
35025
35027
35029
35030
35031
35036
35037
35039
35042
35043
35044
35046
35047
35049
35050
35052
35054
35056
35057
35062
35065
35066
35067
35068
35070
35072
35073
35074
35079
35080
35082
35083
35084
35085
35088
35089
35090
35091
35093
35096
35097
35105
35107
35108
35109
35111
35113
35116
35117
35119
35120
35121
35122
35124
35125
35126
35131
35133
35134
35135
35136
35137
35138
35140
35141
35143
35144
35146
35148
35149
35150
35151
35152
35153
35155
35160
35161
35170
35171
35172
35173
35176
35177
35178
35179
35181
35183
35185
35187
35188
35189
35191
35192
35194
35196
35197
35200
35206
35208
35211
35213
35214
35216
35217
35218
35221
35222
35224
35225
35227
35233
35234
35236
35239
35241
35243
35245
35246
35247
35248
35250
35252
35254
35255
35257
35258
35259
35262
35263
35264
35267
35270
35274
35277
35280
35281
35284
35285
35288
35291
35293
35294
35297
35301
35307
35308
35310
35313
35314
35315
35316
35317
35318
35321
35322
35323
35324
35325
35329
35330
35331
35332
35336
35338
35342
35344
35348
35349
35359
35363
35365
35369
35370
35371
35372
35374
35377
35378
35382
35387
35388
35389
35391
35392
35397
35398
35399
35400
35401
35403
35404
35407
35410
35411
35412
35413
35414
35417
35418
35419
35420
35421
35423
35432
35433
35438
35440
35442
35445
35447
35448
35450
35452
35454
35455
35456
35458
35459
35460
35461
35464
35465
35470
35472
35473
35476
35477
35480
35481
35483
35489
35493
35494
35498
35502
35507
35511
35513
35521
35523
35524
35528
35529
35530
35531
35539
35542
35546
35549
35559
35560
35563
35565
35567
35570
35572
35576
35577
35578
35584
35587
35589
35591
35594
35595
35596
35597
35598
35604
35606
35611
35612
35613
35614
35617
35627
35628
35629
35630
35631
35635
35636
35637
35638
35640
35644
35645
35646
35652
35654
35655
35656
35657
35663
35664
35665
35666
35667
35670
35673
35678
35679
35684
35689
35692
35695
35699
35701
35708
35709
35712
35714
35715
35716
35718
35721
35724
35728
35733
35737
35741
35744
35745
35746
35749
35752
35753
35755
35759
35766
35767
35768
35770
35772
35773
35776
35777
35780
35781
35782
35783
35784
35786
35787
35788
35789
35790
35792
35793
35795
35797
35798
35801
35803
35805
35806
35807
35808
35809
35810
35812
35813
35814
35815
35819
35820
35821
35823
35824
35827
35829
35830
35831
35832
35833
35836
35840
35841
35843
35844
35848
35851
35854
35855
35856
35858
35859
35861
35862
35864
35865
35866
35869
35871
35873
35874
35875
35877
35879
35881
35882
35883
35885
35887
35888
35889
35893
35898
35900
35902
35903
35904
35908
35909
35912
35913
35914
35915
35916
35917
35918
35919
35920
35921
35924
35925
35926
35927
35928
35929
35930
35931
35932
35934
35935
35936
35937
35938
35939
35940
35941
35942
35944
35945
35946
35947
35948
35949
35950
35951
35952
35953
35954
35955
35956
35957
35958
35960
35962
35963
35964
35965
35966
35967
35968
35970
35971
35972
35973
35974
35977
35978
35979
35980
35981
35982
35983
35984
35985
35986
35987
35988
35990
35991
35992
35994
35995
35996
35997
35999
36000
36001
36002
36004
36005
36006
36007
36008
36009
36010
36011
36012
36014
36015
36016
36018
36021
36022
36023
36024
36025
36026
36027
36028
36030
36031
36033
36034
36036
36038
36040
36041
36042
36043
36044
36045
36046
36047
36049
36050
36052
36053
36054
36055
36056
36057
36058
36059
36060
36061
36062
36063
36065
36067
36068
36069
36070
36071
36073
36074
36077
36078
36079
36081
36082
36084
36085
36086
36087
36089
36090
36091
36092
36094
36095
36096
36097
36098
36101
36102
36103
36104
36107
36108
36110
36111
36112
36113
36115
36116
36117
36118
36120
36121
36123
36124
36125
36126
36127
36128
36129
36130
36132
36134
36137
36138
36140
36142
36143
36144
36145
36146
36148
36150
36151
36152
36153
36154
36155
36156
36157
36158
36159
36160
36161
36163
36164
36165
36166
36168
36169
36170
36172
36173
36174
36175
36178
36180
36181
36183
36184
36185
36186
36187
36188
36190
36192
36194
36197
36198
36199
36200
36201
36202
36203
36205
36206
36207
36209
36210
36213
36214
36218
36220
36221
36222
36223
36226
36231
36233
36236
36237
36239
36241
36242
36244
36247
36248
36250
36251
36252
36253
36254
36255
36256
36257
36259
36263
36264
36265
36266
36267
36268
36269
36270
36271
36274
36275
36277
36278
36280
36281
36282
36288
36289
36290
36291
36292
36295
36296
36297
36299
36300
36303
36305
36307
36308
36309
36310
36312
36313
36314
36316
36317
36319
36320
36321
36322
36323
36324
36325
36328
36329
36330
36331
36332
36333
36334
36335
36336
36338
36339
36341
36343
36344
36345
36346
36347
36349
36350
36351
36352
36353
36354
36356
36357
36359
36361
36362
36363
36364
36366
36367
36368
36369
36370
36371
36372
36373
36374
36376
36377
36378
36379
36380
36384
36385
36386
36387
36388
36391
36392
36395
36396
36399
36401
36403
36404
36405
36406
36407
36409
36410
36411
36412
36414
36416
36418
36419
36420
36421
36425
36426
36427
36428
36429
36431
36432
36434
36437
36440
36441
36442
36444
36445
36446
36448
36449
36450
36452
36456
36458
36459
36461
36463
36464
36466
36468
36470
36472
36473
36474
36475
36476
36477
36478
36479
36481
36483
36484
36486
36487
36489
36493
36494
36495
36499
36501
36502
36503
36504
36509
36510
36511
36514
36515
36517
36518
36520
36525
36526
36527
36528
36530
36532
36533
36534
36535
36536
36537
36542
36544
36545
36546
36548
36549
36551
36553
36554
36557
36558
36559
36561
36564
36573
36574
36575
36576
36577
36579
36580
36582
36583
36587
36590
36591
36593
36597
36598
36600
36605
36606
36608
36611
36614
36615
36616
36618
36619
36621
36622
36625
36626
36630
36633
36636
36637
36638
36639
36641
36644
36645
36646
36651
36654
36656
36657
36658
36662
36664
36666
36667
36668
36671
36674
36675
36676
36679
36680
36681
36682
36683
36685
36686
36688
36689
36692
36693
36694
36697
36699
36700
36702
36704
36705
36706
36708
36709
36711
36712
36714
36720
36723
36725
36727
36728
36729
36731
36732
36733
36735
36738
36741
36743
36744
36745
36747
36748
36749
36750
36751
36754
36755
36756
36758
36760
36763
36764
36766
36767
36768
36769
36771
36772
36775
36777
36779
36780
36782
36783
36784
36786
36788
36796
36798
36799
36800
36802
36804
36805
36806
36808
36809
36810
36811
36814
36815
36818
36819
36820
36821
36824
36826
36828
36829
36830
36831
36832
36833
36834
36835
36836
36837
36839
36841
36842
36843
36844
36847
36848
36849
36850
36851
36852
36853
36854
36855
36856
36860
36861
36862
36863
36864
36870
36871
36872
36874
36876
36877
36879
36880
36881
36882
36883
36885
36886
36887
36888
36889
36891
36892
36893
36895
36896
36897
36898
36899
36900
36901
36905
36906
36907
36908
36909
36910
36912
36913
36916
36918
36920
36921
36923
36925
36927
36929
36930
36932
36933
36934
36935
36936
36937
36938
36939
36940
36943
36944
36945
36946
36947
36949
36950
36952
36955
36956
36958
36959
36960
36961
36965
36966
36968
36969
36970
36971
36972
36974
36979
36980
36981
36982
36983
36985
36986
36987
36989
36991
36994
36995
36996
36998
36999
37000
37001
37003
37004
37005
37007
37008
37010
37015
37016
37018
37019
37020
37021
37022
37023
37024
37025
37026
37027
37028
37030
37031
37032
37034
37035
37037
37038
37039
37040
37041
37042
37043
37045
37046
37047
37048
37049
37050
37051
37052
37055
37056
37057
37058
37060
37061
37063
37066
37067
37068
37069
37070
37071
37073
37074
37075
37076
37078
37079
37080
37083
37084
37085
37086
37088
37092
37093
37094
37095
37097
37098
37099
37100
37101
37103
37104
37105
37107
37108
37109
37110
37111
37112
37113
37114
37116
37117
37118
37119
37120
37122
37124
37125
37126
37127
37128
37129
37131
37133
37134
37137
37138
37139
