0
7
10
19
25
26
29
36
40
54
62
68
77
97
100
106
112
119
120
126
131
136
137
138
145
152
154
155
156
157
158
159
164
167
170
174
185
195
200
207
209
214
223
234
242
247
255
264
272
278
279
293
298
308
312
317
318
319
327
336
346
349
352
356
380
382
387
388
392
394
395
398
402
406
418
425
427
443
458
464
466
468
469
489
499
506
508
511
517
518
520
521
529
535
537
539
542
551
552
556
572
575
587
588
590
598
616
617
625
627
629
631
632
633
634
642
649
655
658
668
674
677
679
680
681
682
684
685
686
687
689
690
691
692
693
694
695
696
698
699
700
702
703
704
705
707
708
709
710
711
712
713
714
715
716
717
720
722
723
724
725
726
727
728
731
733
734
735
741
742
743
744
746
747
748
752
756
757
758
759
762
763
764
766
767
769
770
772
773
774
775
776
778
779
781
782
783
785
787
788
789
791
792
796
798
799
801
802
803
805
807
808
809
811
812
813
814
816
817
818
819
820
821
824
829
832
833
836
837
839
840
841
842
843
845
848
849
850
851
852
858
859
860
861
862
863
865
866
867
868
869
871
872
875
876
880
881
882
886
888
889
891
892
893
895
897
898
899
901
903
905
906
907
909
910
911
912
914
916
917
919
923
925
933
936
941
942
943
944
945
947
950
952
953
954
955
956
958
959
962
963
965
966
967
972
973
974
977
981
982
985
987
988
989
990
991
993
994
995
1001
1002
1003
1007
1009
1011
1012
1014
1016
1017
1018
1020
1021
1022
1026
1027
1028
1032
1034
1037
1038
1040
1041
1042
1044
1045
1048
1050
1051
1052
1055
1056
1060
1064
1066
1070
1071
1072
1073
1074
1075
1076
1077
1078
1079
1082
1084
1086
1087
1088
1091
1093
1095
1097
1098
1100
1101
1102
1105
1107
1108
1109
1111
1112
1113
1116
1118
1119
1123
1124
1131
1132
1134
1135
1136
1139
1142
1146
1147
1148
1149
1152
1161
1162
1164
1167
1168
1169
1171
1172
1175
1176
1177
1178
1179
1180
1181
1186
1187
1189
1190
1191
1193
1196
1202
1203
1204
1205
1207
1209
1210
1214
1217
1219
1220
1222
1224
1225
1226
1229
1230
1233
1234
1235
1237
1238
1239
1243
1245
1250
1252
1253
1255
1257
1260
1261
1262
1265
1266
1270
1273
1280
1281
1282
1283
1286
1287
1289
1290
1291
1293
1295
1298
1299
1300
1305
1306
1310
1311
1314
1317
1318
1320
1321
1323
1324
1326
1327
1328
1330
1332
1333
1334
1336
1338
1339
1343
1346
1348
1349
1350
1356
1359
1362
1364
1368
1369
1370
1375
1376
1380
1381
1383
1385
1386
1387
1390
1391
1393
1396
1398
1400
1401
1403
1406
1407
1408
1410
1413
1414
1415
1416
1424
1425
1427
1428
1432
1448
1449
1461
1465
1466
1470
1475
1477
1478
1481
1483
1485
1487
1488
1490
1495
1497
1500
1501
1508
1513
1517
1520
1524
1527
1530
1533
1535
1536
1539
1540
1551
1555
1559
1560
1561
1562
1563
1568
1570
1572
1577
1579
1583
1585
1586
1587
1590
1593
1597
1598
1599
1602
1604
1606
1607
1612
1614
1615
1624
1627
1637
1638
1640
1642
1644
1648
1649
1657
1659
1662
1664
1666
1669
1673
1680
1682
1686
1688
1691
1693
1694
1695
1698
1701
1702
1705
1707
1709
1710
1715
1721
1722
1726
1727
1728
1729
1732
1733
1736
1744
1745
1748
1751
1752
1753
1759
1760
1761
1762
1763
1764
1766
1768
1770
1773
1775
1790
1793
1796
1804
1806
1811
1813
1820
1821
1826
1830
1834
1839
1842
1844
1855
1856
1862
1863
1866
1873
1875
1882
1883
1889
1891
1892
1894
1899
1905
1907
1908
1910
1916
1918
1922
1929
1935
1937
1941
1944
1955
1956
1957
1961
1966
1973
1975
1981
1986
1989
1995
1996
1997
2002
2003
2004
2007
2012
2016
2020
2021
2023
2025
2026
2028
2030
2037
2045
2046
2050
2051
2055
2057
2066
2073
2079
2083
2096
2102
2103
2104
2107
2108
2109
2111
2112
2113
2115
2116
2119
2127
2129
2130
2134
2135
2136
2139
2141
2143
2145
2150
2152
2157
2160
2161
2165
2166
2167
2168
2169
2171
2172
2174
2175
2185
2191
2197
2205
2206
2208
2213
2214
2219
2221
2225
2226
2227
2231
2235
2239
2240
2241
2244
2245
2248
2256
2258
2261
2267
2268
2270
2275
2280
2282
2286
2288
2298
2302
2315
2318
2319
2326
2328
2329
2331
2333
2339
2341
2343
2346
2350
2351
2356
2359
2360
2361
2365
2367
2368
2370
2378
2379
2382
2383
2387
2388
2390
2391
2393
2394
2397
2399
2400
2403
2404
2405
2407
2409
2410
2415
2416
2417
2420
2422
2426
2427
2429
2432
2435
2438
2442
2443
2444
2445
2450
2452
2453
2454
2455
2457
2460
2470
2479
2481
2483
2487
2488
2489
2490
2492
2493
2494
2495
2497
2498
2500
2503
2504
2505
2506
2507
2509
2510
2511
2512
2513
2514
2515
2518
2519
2520
2521
2522
2523
2524
2525
2526
2528
2529
2530
2531
2532
2533
2534
2535
2536
2537
2538
2539
2541
2542
2544
2545
2546
2547
2548
2549
2550
2551
2552
2553
2555
2556
2558
2559
2560
2562
2563
2564
2565
2566
2568
2569
2570
2571
2573
2574
2575
2576
2577
2578
2579
2580
2581
2582
2583
2584
2585
2588
2589
2590
2591
2592
2595
2596
2597
2598
2599
2601
2602
2603
2604
2605
2607
2608
2610
2611
2612
2613
2614
2615
2616
2617
2618
2619
2620
2621
2622
2623
2624
2626
2627
2628
2629
2630
2631
2633
2634
2636
2637
2639
2641
2642
2643
2645
2646
2647
2648
2651
2652
2653
2654
2655
2656
2658
2659
2660
2661
2662
2663
2664
2666
2668
2670
2671
2672
2674
2675
2676
2677
2679
2681
2682
2683
2684
2685
2686
2687
2689
2690
2691
2692
2693
2695
2696
2697
2698
2699
2700
2701
2703
2704
2705
2707
2708
2709
2710
2711
2712
2715
2716
2718
2720
2721
2722
2723
2724
2725
2726
2727
2728
2729
2730
2734
2736
2738
2740
2743
2744
2745
2746
2747
2749
2752
2755
2756
2758
2759
2761
2762
2764
2765
2766
2769
2770
2771
2773
2774
2776
2777
2779
2783
2784
2791
2794
2795
2797
2798
2799
2800
2801
2803
2807
2810
2812
2813
2815
2817
2818
2819
2822
2825
2826
2827
2829
2830
2831
2833
2837
2841
2842
2845
2846
2847
2848
2852
2853
2854
2855
2856
2857
2859
2860
2862
2863
2864
2866
2868
2870
2871
2873
2874
2879
2882
2883
2886
2888
2890
2891
2893
2894
2895
2897
2898
2900
2902
2903
2904
2906
2907
2908
2910
2911
2913
2915
2916
2917
2918
2919
2920
2923
2927
2928
2930
2931
2933
2937
2938
2942
2944
2945
2949
2954
2956
2957
2958
2959
2960
2961
2962
2965
2968
2970
2971
2973
2974
2975
2976
2980
2981
2986
2989
2990
2992
2993
2995
2996
2998
2999
3002
3003
3006
3011
3014
3016
3017
3018
3019
3022
3023
3025
3029
3030
3032
3033
3035
3036
3037
3038
3040
3042
3043
3046
3047
3048
3049
3050
3051
3052
3053
3055
3063
3064
3065
3067
3070
3071
3077
3080
3082
3085
3087
3088
3089
3091
3094
3095
3097
3099
3100
3102
3106
3111
3113
3115
3120
3122
3123
3124
3126
3127
3128
3130
3132
3134
3138
3142
3146
3148
3150
3154
3155
3156
3157
3162
3163
3164
3165
3167
3168
3171
3173
3174
3175
3176
3177
3178
3185
3189
3190
3192
3193
3195
3197
3200
3204
3209
3210
3212
3213
3219
3220
3222
3223
3225
3229
3232
3235
3239
3240
3241
3248
3250
3251
3252
3253
3254
3256
3257
3258
3259
3261
3262
3263
3264
3265
3266
3273
3275
3276
3277
3278
3280
3282
3286
3287
3290
3291
3296
3297
3299
3300
3301
3302
3306
3308
3312
3315
3316
3317
3318
3320
3322
3324
3325
3326
3327
3329
3331
3332
3334
3337
3338
3339
3340
3341
3343
3345
3349
3351
3354
3355
3356
3357
3360
3361
3362
3366
3369
3377
3378
3379
3380
3384
3385
3388
3389
3391
3392
3393
3394
3395
3396
3397
3398
3401
3403
3405
3406
3407
3411
3413
3414
3416
3418
3419
3420
3421
3422
3425
3426
3427
3429
3431
3434
3435
3436
3437
3438
3439
3440
3442
3446
3448
3449
3450
3454
3455
3456
3457
3458
3459
3460
3462
3465
3466
3467
3468
3472
3473
3474
3476
3477
3479
3482
3483
3484
3486
3488
3490
3492
3493
3494
3496
3497
3501
3502
3503
3506
3507
3509
3512
3513
3515
3516
3517
3519
3520
3521
3523
3524
3527
3530
3531
3532
3534
3535
3536
3537
3539
3540
3543
3544
3545
3548
3550
3553
3554
3555
3556
3557
3558
3559
3561
3566
3568
3569
3570
3571
3572
3574
3576
3577
3578
3581
3583
3585
3588
3590
3592
3593
3594
3600
3601
3602
3603
3606
3607
3608
3609
3610
3612
3614
3616
3617
3619
3620
3622
3623
3625
3629
3631
3633
3634
3637
3640
3642
3643
3644
3647
3649
3652
3653
3654
3655
3657
3658
3665
3667
3671
3672
3673
3674
3675
3677
3678
3679
3682
3684
3687
3688
3691
3692
3694
3696
3698
3699
3701
3705
3706
3708
3709
3711
3712
3713
3714
3716
3719
3722
3729
3734
3742
3749
3751
3768
3770
3772
3776
3784
3787
3789
3803
3817
3819
3826
3829
3830
3837
3840
3841
3844
3848
3851
3852
3855
3856
3857
3858
3859
3860
3862
3865
3866
3869
3870
3873
3876
3877
3882
3886
3891
3893
3894
3896
3897
3899
3920
3921
3926
3941
3943
3945
3946
3948
3952
3953
3954
3958
3966
3970
3971
3975
3976
3977
3979
3984
3993
3995
3997
4003
4010
4032
4033
4036
4037
4040
4041
4045
4063
4067
4078
4080
4087
4088
4091
4094
4095
4101
4102
4109
4114
4121
4132
4133
4135
4141
4148
4151
4161
4165
4172
4180
4191
4194
4199
4201
4204
4205
4209
4213
4216
4218
4222
4233
4235
4236
4243
4249
4260
4265
4271
4273
4289
4294
4297
4302
4312
4316
4333
4334
4341
4347
4348
4350
4358
4363
4372
4374
4376
4382
4388
4389
4390
4393
4395
4396
4397
4398
4399
4400
4401
4402
4403
4404
4405
4406
4407
4408
4410
4411
4412
4414
4415
4418
4419
4420
4421
4423
4424
4425
4426
4427
4428
4430
4431
4432
4433
4434
4436
4437
4438
4439
4440
4441
4442
4443
4444
4446
4447
4448
4449
4450
4451
4452
4455
4456
4457
4458
4459
4460
4461
4463
4464
4468
4469
4470
4471
4472
4473
4475
4476
4477
4478
4479
4482
4483
4484
4485
4487
4488
4489
4490
4491
4492
4493
4495
4496
4498
4500
4501
4502
4503
4505
4506
4509
4510
4511
4512
4514
4515
4517
4519
4520
4521
4522
4524
4525
4526
4527
4528
4530
4532
4533
4535
4537
4538
4539
4542
4543
4544
4546
4547
4549
4550
4551
4552
4553
4556
4557
4558
4560
4561
4562
4563
4565
4566
4567
4571
4572
4574
4575
4577
4580
4581
4589
4590
4592
4594
4595
4596
4598
4600
4601
4602
4606
4607
4608
4609
4610
4612
4613
4618
4619
4620
4621
4622
4627
4628
4630
4632
4634
4635
4636
4637
4641
4644
4645
4646
4647
4648
4651
4652
4653
4656
4659
4665
4668
4669
4670
4671
4672
4673
4674
4676
4678
4679
4680
4681
4683
4685
4686
4688
4689
4691
4693
4698
4699
4701
4702
4703
4704
4705
4706
4708
4709
4710
4713
4714
4715
4716
4719
4720
4721
4722
4723
4724
4725
4727
4728
4730
4731
4732
4735
4739
4740
4741
4742
4743
4746
4747
4749
4752
4754
4755
4757
4758
4760
4764
4765
4767
4768
4769
4774
4775
4776
4777
4778
4779
4780
4783
4785
4786
4787
4788
4792
4793
4796
4797
4798
4799
4800
4801
4803
4807
4808
4809
4810
4811
4812
4814
4815
4816
4819
4821
4822
4825
4830
4832
4835
4837
4842
4843
4844
4845
4848
4849
4852
4853
4856
4857
4859
4860
4862
4863
4865
4866
4868
4870
4871
4875
4876
4877
4878
4879
4880
4881
4883
4886
4888
4889
4891
4892
4896
4897
4899
4900
4902
4903
4905
4908
4910
4913
4916
4921
4925
4931
4933
4934
4935
4943
4944
4948
4951
4955
4957
4959
4961
4963
4964
4966
4967
4971
4972
4973
4974
4975
4976
4979
4980
4981
4982
4985
4986
4987
4988
4992
4993
4995
4996
4997
5000
5001
5002
5003
5007
5012
5013
5014
5016
5020
5025
5026
5027
5033
5035
5039
5041
5043
5045
5047
5048
5049
5050
5051
5052
5057
5058
5062
5063
5066
5069
5072
5073
5077
5078
5081
5082
5083
5084
5089
5090
5092
5095
5100
5102
5103
5104
5105
5110
5112
5114
5115
5117
5120
5122
5128
5130
5131
5136
5138
5139
5140
5149
5150
5151
5153
5157
5159
5162
5163
5165
5167
5169
5171
5174
5175
5177
5179
5180
5181
5184
5186
5188
5189
5191
5192
5195
5196
5198
5201
5202
5203
5208
5209
5211
5213
5214
5215
5216
5218
5220
5221
5222
5226
5227
5228
5230
5232
5233
5234
5238
5241
5243
5244
5247
5249
5250
5254
5256
5261
5262
5264
5265
5266
5269
5274
5275
5276
5279
5281
5282
5283
5288
5290
5291
5293
5295
5296
5297
5298
5299
5300
5301
5303
5304
5307
5310
5312
5313
5316
5317
5320
5321
5327
5329
5330
5331
5334
5335
5337
5338
5340
5341
5342
5343
5344
5345
5346
5347
5351
5352
5353
5358
5360
5362
5370
5374
5376
5378
5379
5380
5381
5384
5385
5387
5389
5396
5397
5398
5399
5400
5401
5405
5406
5407
5409
5412
5415
5423
5426
5427
5429
5431
5434
5435
5437
5438
5440
5443
5446
5448
5450
5453
5457
5459
5461
5463
5465
5466
5467
5470
5473
5474
5475
5477
5479
5481
5483
5484
5489
5496
5498
5499
5501
5503
5505
5508
5509
5510
5517
5518
5521
5523
5525
5526
5527
5530
5532
5533
5534
5535
5536
5539
5542
5546
5548
5549
5550
5553
5556
5558
5562
5565
5567
5570
5575
5582
5585
5586
5592
5595
5596
5599
5601
5603
5605
5606
5610
5613
5614
5619
5622
5625
5626
5632
5637
5641
5647
5651
5653
5654
5658
5659
5662
5667
5668
5669
5671
5672
5675
5676
5679
5681
5682
5685
5686
5687
5688
5689
5692
5694
5701
5703
5704
5709
5711
5714
5720
5724
5726
5729
5730
5735
5737
5739
5740
5742
5743
5744
5752
5759
5760
5761
5769
5770
5771
5775
5778
5788
5793
5800
5801
5802
5804
5805
5814
5816
5820
5821
5822
5824
5826
5827
5830
5839
5842
5843
5849
5851
5853
5855
5856
5857
5860
5863
5864
5870
5877
5879
5880
5882
5884
5885
5886
5897
5901
5904
5906
5912
5920
5923
5924
5925
5933
5937
5942
5943
5947
5950
5951
5953
5955
5958
5962
5963
5964
5965
5966
5968
5969
5974
5975
5977
5979
5980
5981
5983
5985
5989
5993
5996
6006
6011
6012
6016
6017
6029
6031
6033
6034
6037
6039
6040
6041
6043
6045
6049
6054
6055
6056
6059
6060
6064
6065
6067
6069
6070
6071
6073
6075
6076
6077
6079
6084
6086
6092
6093
6094
6095
6096
6097
6098
6100
6101
6102
6104
6105
6107
6108
6109
6111
6114
6115
6118
6120
6121
6122
6124
6128
6129
6131
6132
6136
6138
6139
6142
6145
6147
6149
6150
6152
6153
6157
6161
6165
6169
6170
6171
6172
6173
6179
6184
6185
6188
6189
6191
6193
6196
6198
6200
6201
6202
6203
6204
6205
6206
6207
6208
6209
6210
6212
6213
6215
6216
6218
6219
6220
6223
6224
6226
6227
6228
6229
6230
6232
6233
6234
6236
6238
6239
6240
6242
6243
6244
6245
6246
6248
6250
6251
6252
6253
6254
6255
6256
6257
6258
6259
6260
6261
6262
6263
6264
6265
6266
6267
6268
6269
6270
6271
6272
6273
6274
6275
6276
6277
6278
6279
6282
6283
6284
6285
6287
6288
6289
6291
6292
6293
6294
6295
6296
6297
6298
6299
6300
6301
6302
6303
6304
6305
6306
6309
6310
6311
6312
6313
6314
6315
6316
6318
6319
6321
6322
6324
6326
6327
6328
6329
6330
6332
6333
6334
6335
6337
6338
6340
6341
6342
6343
6344
6345
6346
6347
6350
6351
6353
6355
6356
6357
6358
6359
6360
6361
6362
6363
6365
6366
6367
6368
6369
6370
6372
6374
6375
6377
6378
6379
6380
6381
6382
6383
6384
6386
6388
6390
6391
6392
6393
6394
6395
6397
6398
6399
6400
6402
6403
6404
6406
6407
6409
6410
6411
6412
6413
6414
6415
6416
6417
6418
6419
6420
6422
6424
6425
6426
6430
6431
6432
6434
6435
6436
6437
6438
6440
6442
6443
6444
6445
6447
6449
6450
6452
6454
6458
6460
6461
6463
6466
6467
6470
6472
6474
6475
6478
6479
6480
6481
6483
6484
6487
6488
6489
6490
6491
6494
6495
6498
6499
6500
6502
6505
6508
6509
6511
6512
6514
6515
6520
6524
6525
6526
6527
6529
6530
6531
6532
6533
6536
6538
6539
6540
6542
6543
6544
6547
6551
6552
6556
6557
6559
6562
6565
6566
6568
6569
6572
6573
6574
6576
6579
6581
6582
6584
6585
6586
6587
6589
6590
6591
6593
6595
6597
6600
6601
6604
6605
6608
6609
6610
6611
6612
6613
6614
6618
6619
6621
6623
6624
6625
6627
6628
6629
6631
6632
6633
6634
6636
6637
6640
6642
6644
6647
6648
6651
6652
6653
6654
6656
6657
6658
6659
6661
6663
6664
6665
6667
6671
6673
6675
6676
6680
6682
6683
6684
6685
6687
6688
6689
6690
6691
6692
6694
6695
6698
6703
6704
6706
6707
6709
6717
6722
6724
6730
6732
6733
6734
6736
6744
6746
6747
6750
6751
6752
6754
6756
6759
6760
6761
6762
6763
6764
6767
6769
6775
6777
6781
6782
6784
6787
6794
6796
6801
6802
6803
6808
6809
6813
6814
6820
6822
6825
6826
6829
6833
6834
6837
6839
6840
6842
6843
6846
6847
6848
6849
6852
6860
6863
6864
6866
6868
6870
6875
6876
6878
6879
6882
6883
6886
6888
6889
6891
6893
6902
6903
6904
6906
6907
6909
6912
6914
6918
6919
6927
6933
6934
6936
6938
6939
6943
6944
6946
6949
6950
6951
6952
6953
6954
6955
6963
6964
6965
6966
6967
6968
6970
6971
6972
6975
6976
6980
6988
6990
6991
6992
6994
6996
6997
6999
7000
7001
7002
7003
7007
7008
7011
7012
7013
7014
7015
7016
7020
7021
7024
7026
7027
7029
7031
7032
7033
7036
7037
7046
7048
7049
7051
7052
7054
7057
7058
7059
7060
7061
7063
7065
7068
7070
7074
7075
7077
7079
7083
7084
7085
7086
7090
7091
7092
7093
7094
7095
7096
7098
7099
7103
7106
7110
7112
7117
7119
7121
7123
7124
7125
7127
7128
7129
7131
7132
7133
7135
7136
7137
7139
7140
7141
7142
7143
7144
7147
7148
7149
7150
7151
7152
7154
7156
7157
7159
7160
7162
7164
7170
7171
7172
7173
7174
7175
7176
7177
7178
7179
7181
7182
7186
7187
7191
7193
7194
7197
7198
7199
7200
7202
7203
7204
7206
7209
7211
7214
7215
7217
7219
7220
7222
7225
7228
7229
7230
7231
7232
7233
7235
7237
7238
7243
7244
7245
7246
7248
7249
7250
7251
7253
7254
7258
7259
7262
7263
7264
7269
7270
7271
7273
7275
7276
7278
7279
7281
7282
7283
7284
7285
7286
7288
7292
7295
7296
7297
7298
7302
7303
7306
7309
7313
7314
7315
7316
7317
7321
7323
7324
7328
7330
7331
7335
7336
7337
7338
7340
7342
7343
7344
7345
7346
7347
7348
7349
7351
7354
7356
7357
7360
7361
7366
7367
7370
7371
7372
7375
7376
7378
7379
7380
7382
7383
7385
7386
7387
7388
7389
7390
7392
7394
7396
7398
7401
7402
7405
7406
7408
7410
7412
7413
7415
7417
7420
7421
7425
7427
7431
7433
7436
7443
7446
7454
7457
7465
7470
7482
7487
7503
7518
7540
7543
7544
7548
7553
7554
7555
7557
7559
7560
7563
7564
7567
7572
7573
7578
7580
7581
7582
7583
7585
7586
7587
7602
7605
7613
7620
7630
7635
7639
7644
7654
7659
7668
7688
7690
7703
7706
7718
7728
7740
7750
7755
7760
7764
7785
7797
7811
7816
7820
7838
7847
7850
7855
7870
7871
7892
7894
7896
7897
7898
7910
7918
7921
7936
7955
7961
7967
7984
8013
8018
8026
8030
8036
8039
8052
8053
8064
8073
8094
8096
8102
8108
8109
8110
8111
8112
8113
8115
8117
8118
8119
8120
8122
8124
8125
8126
8127
8128
8129
8130
8131
8132
8133
8135
8136
8137
8139
8140
8141
8142
8143
8144
8145
8146
8150
8151
8152
8153
8154
8156
8157
8162
8163
8164
8168
8169
8170
8173
8174
8175
8176
8179
8182
8183
8185
8186
8187
8190
8192
8194
8197
8198
8199
8200
8201
8203
8206
8207
8208
8209
8210
8213
8214
8215
8216
8217
8219
8220
8221
8223
8224
8226
8230
8231
8233
8235
8237
8240
8241
8242
8244
8246
8247
8248
8249
8252
8256
8257
8264
8266
8269
8271
8274
8277
8278
8283
8286
8289
8292
8293
8294
8295
8296
8297
8301
8306
8307
8308
8309
8311
8314
8315
8319
8320
8321
8322
8323
8324
8326
8330
8332
8333
8334
8335
8336
8338
8347
8350
8355
8359
8365
8366
8367
8368
8370
8371
8373
8377
8381
8384
8385
8386
8387
8394
8396
8397
8400
8402
8403
8407
8413
8415
8416
8417
8419
8422
8423
8425
8427
8430
8432
8433
8437
8438
8444
8445
8446
8447
8448
8455
8456
8460
8466
8472
8473
8478
8479
8480
8483
8490
8491
8492
8493
8494
8497
8499
8501
8502
8503
8506
8507
8509
8511
8514
8515
8521
8522
8525
8526
8528
8529
8530
8536
8539
8540
8541
8544
8545
8546
8549
8553
8561
8562
8563
8565
8567
8571
8574
8575
8577
8581
8585
8588
8590
8591
8592
8596
8597
8602
8603
8604
8605
8606
8610
8636
8645
8651
8653
8656
8658
8663
8665
8666
8668
8671
8672
8674
8675
8677
8680
8681
8685
8688
8689
8690
8693
8695
8699
8700
8704
8708
8709
8715
8716
8717
8722
8723
8724
8728
8738
8739
8741
8743
8744
8746
8747
8749
8750
8753
8754
8755
8757
8760
8762
8764
8766
8769
8776
8778
8779
8784
8787
8789
8790
8792
8794
8797
8801
8802
8803
8804
8808
8809
8811
8813
8814
8818
8819
8825
8826
8829
8831
8835
8841
8844
8852
8855
8857
8862
8864
8870
8873
8876
8877
8883
8884
8887
8888
8889
8890
8894
8900
8903
8906
8908
8912
8915
8916
8923
8925
8928
8931
8942
8944
8948
8952
8955
8957
8961
8963
8968
8969
8976
8980
8981
8983
8989
8990
8991
8993
8995
8997
9007
9018
9020
9021
9026
9027
9028
9036
9039
9041
9043
9044
9045
9046
9055
9057
9058
9065
9066
9068
9069
9070
9072
9073
9079
9084
9085
9088
9092
9093
9095
9097
9098
9101
9104
9109
9110
9112
9114
9116
9118
9122
9128
9137
9139
9148
9150
9151
9152
9154
9156
9157
9160
9169
9171
9172
9174
9175
9178
9179
9186
9188
9190
9194
9195
9196
9202
9206
9214
9215
9219
9220
9222
9224
9225
9232
9235
9248
9249
9262
9267
9274
9275
9279
9281
9282
9283
9286
9290
9294
9297
9309
9313
9314
9317
9322
9328
9340
9343
9344
9346
9355
9361
9370
9371
9372
9374
9380
9382
9386
9394
9395
9401
9403
9406
9408
9409
9410
9411
9415
9416
9425
9428
9440
9444
9449
9451
9461
9462
9473
9474
9475
9482
9484
9486
9489
9500
9502
9515
9516
9525
9536
9541
9549
9551
9557
9560
9563
9584
9590
9594
9596
9597
9598
9599
9600
9602
9611
9613
9618
9625
9631
9634
9639
9642
9643
9651
9657
9659
9664
9667
9668
9675
9681
9684
9702
9704
9713
9725
9726
9730
9735
9736
9742
9753
9759
9766
9768
9769
9774
9775
9779
9780
9783
9784
9785
9787
9791
9793
9811
9812
9815
9818
9819
9821
9822
9824
9833
9838
9843
9844
9846
9849
9850
9854
9856
9858
9859
9860
9871
9875
9879
9882
9885
9889
9893
9896
9899
9900
9905
9908
9911
9914
9915
9916
9917
9918
9920
9921
9922
9923
9926
9927
9932
9933
9934
9937
9938
9940
9941
9942
9943
9945
9946
9947
9949
9950
9951
9952
9953
9954
9956
9957
9958
9959
9960
9961
9963
9964
9966
9968
9969
9970
9972
9974
9975
9977
9978
9979
9980
9981
9982
9984
9985
9986
9987
9988
9989
9990
9991
9992
9993
9994
9995
9996
9997
9998
9999
10001
10002
10003
10004
10005
10006
10007
10008
10009
10010
10011
10012
10013
10014
10017
10018
10022
10023
10025
10026
10027
10028
10030
10032
10033
10035
10036
10038
10039
10040
10042
10043
10044
10045
10046
10047
10048
10049
10051
10052
10053
10054
10055
10056
10057
10058
10061
10062
10064
10065
10067
10069
10070
10071
10072
10073
10074
10075
10076
10077
10080
10081
10082
10083
10084
10085
10089
10091
10092
10093
10095
10096
10098
10099
10100
10105
10106
10107
10110
10111
10113
10115
10117
10118
10120
10121
10124
10125
10127
10128
10129
10131
10134
10135
10136
10138
10139
10140
10142
10144
10146
10147
10148
10149
10150
10151
10152
10154
10156
10162
10164
10165
10166
10167
10168
10172
10174
10175
10176
10177
10183
10188
10192
10193
10194
10197
10198
10199
10201
10204
10205
10206
10207
10208
10212
10217
10220
10223
10225
10229
10230
10234
10235
10237
10240
10241
10243
10246
10249
10250
10253
10254
10257
10258
10261
10265
10267
10268
10269
10270
10274
10276
10277
10280
10282
10283
10284
10289
10290
10291
10292
10293
10296
10298
10299
10300
10301
10305
10307
10309
10311
10314
10316
10318
10323
10325
10326
10328
10330
10332
10334
10335
10339
10341
10342
10343
10344
10346
10347
10348
10350
10351
10356
10358
10363
10364
10365
10366
10369
10370
10372
10373
10375
10377
10381
10385
10387
10389
10390
10397
10398
10399
10400
10401
10402
10403
10406
10408
10412
10414
10415
10418
10420
10421
10422
10425
10429
10430
10431
10433
10438
10439
10441
10442
10443
10444
10445
10450
10451
10453
10457
10458
10459
10461
10463
10464
10466
10468
10470
10473
10474
10476
10477
10478
10479
10482
10483
10489
10491
10495
10496
10497
10501
10510
10511
10514
10515
10516
10520
10521
10527
10529
10534
10535
10537
10539
10548
10550
10551
10553
10554
10556
10560
10562
10563
10565
10568
10577
10579
10582
10583
10584
10590
10592
10593
10595
10600
10601
10602
10605
10607
10608
10613
10615
10619
10620
10623
10627
10628
10638
10639
10640
10647
10651
10656
10658
10666
10667
10668
10669
10671
10672
10673
10674
10676
10677
10682
10684
10685
10686
10689
10692
10693
10694
10696
10702
10703
10704
10705
10706
10708
10710
10712
10714
10715
10716
10717
10718
10719
10721
10722
10723
10727
10729
10732
10734
10735
10738
10740
10742
10745
10746
10749
10753
10754
10759
10760
10762
10765
10769
10775
10777
10779
10789
10790
10791
10793
10799
10802
10807
10812
10813
10816
10818
10820
10823
10824
10826
10830
10834
10840
10841
10842
10844
10845
10849
10850
10851
10852
10853
10854
10857
10866
10873
10874
10876
10878
10879
10882
10885
10886
10889
10892
10894
10895
10901
10902
10903
10905
10908
10911
10914
10918
10920
10921
10923
10924
10930
10931
10934
10943
10945
10946
10947
10948
10949
10952
10958
10959
10960
10963
10964
10967
10968
10971
10972
10973
10976
10977
10983
10984
10985
10986
10987
10988
10989
10990
10994
10996
10997
10998
11000
11002
11003
11005
11009
11015
11016
11020
11021
11022
11029
11030
11033
11034
11035
11037
11038
11040
11045
11047
11049
11051
11057
11062
11063
11065
11068
11070
11071
11075
11078
11080
11082
11083
11086
11088
11089
11090
11093
11094
11097
11098
11099
11100
11101
11103
11106
11107
11116
11118
11119
11122
11124
11127
11128
11131
11133
11134
11136
11139
11140
11145
11147
11154
11160
11179
11190
11196
11198
11199
11201
11203
11206
11213
11226
11231
11232
11233
11240
11244
11249
11250
11255
11264
11266
11267
11268
11272
11273
11283
11285
11287
11290
11301
11303
11304
11305
11307
11321
11325
11327
11328
11332
11348
11358
11364
11365
11371
11397
11404
11407
11414
11421
11432
11433
11438
11451
11452
11460
11468
11469
11478
11488
11506
11522
11561
11563
11569
11576
11593
11604
11608
11622
11627
11632
11640
11653
11655
11660
11669
11670
11671
11677
11703
11714
11719
11729
11732
11742
11759
11769
11771
11774
11775
11787
11796
11801
11807
11810
11816
11817
11821
11822
11823
11825
11826
11827
11828
11830
11832
11833
11836
11838
11839
11840
11842
11843
11844
11845
11846
11847
11848
11849
11851
11852
11853
11854
11855
11856
11857
11858
11860
11861
11862
11864
11866
11867
11868
11869
11870
11871
11873
11874
11875
11877
11878
11880
11882
11883
11884
11887
11888
11889
11891
11892
11897
11898
11900
11901
11903
11905
11906
11907
11908
11909
11910
11911
11912
11914
11915
11917
11922
11923
11927
11930
11931
11932
11933
11934
11935
11936
11937
11938
11939
11940
11941
11942
11943
11944
11945
11946
11947
11948
11951
11952
11953
11954
11956
11958
11960
11961
11963
11966
11969
11970
11972
11974
11975
11978
11980
11984
11985
11986
11987
11988
11992
11996
12000
12002
12004
12005
12006
12007
12008
12010
12011
12012
12015
12017
12018
12021
12022
12023
12030
12031
12032
12034
12036
12037
12038
12040
12041
12043
12046
12048
12049
12051
12053
12054
12056
12059
12061
12063
12064
12065
12066
12067
12068
12072
12073
12076
12081
12082
12083
12087
12092
12093
12095
12098
12099
12100
12101
12104
12107
12108
12109
12114
12116
12117
12119
12123
12124
12126
12127
12129
12130
12131
12132
12134
12136
12137
12144
12145
12149
12151
12152
12153
12158
12159
12160
12161
12162
12163
12164
12166
12167
12169
12170
12174
12178
12179
12180
12181
12184
12186
12187
12192
12196
12197
12198
12200
12202
12203
12204
12207
12208
12215
12218
12220
12221
12222
12225
12226
12227
12228
12229
12230
12231
12232
12236
12237
12239
12240
12241
12242
12244
12247
12249
12253
12255
12256
12258
12263
12264
12265
12268
12270
12274
12276
12277
12281
12288
12289
12294
12298
12299
12303
12304
12305
12306
12307
12314
12317
12319
12320
12322
12324
12326
12328
12330
12332
12333
12335
12338
12349
12352
12353
12356
12358
12362
12363
12365
12366
12372
12374
12375
12376
12378
12379
12383
12390
12394
12395
12396
12399
12400
12403
12404
12407
12408
12412
12414
12415
12416
12420
12421
12423
12424
12425
12428
12431
12433
12437
12438
12440
12441
12442
12443
12445
12447
12451
12453
12454
12455
12457
12460
12461
12463
12466
12467
12468
12470
12471
12472
12475
12476
12479
12480
12481
12494
12498
12500
12501
12506
12507
12510
12511
12512
12513
12517
12518
12520
12521
12522
12523
12524
12528
12531
12533
12540
12542
12545
12547
12551
12561
12562
12563
12565
12566
12569
12578
12582
12583
12584
12586
12588
12592
12593
12595
12597
12598
12599
12600
12601
12602
12603
12606
12608
12609
12610
12617
12619
12620
12627
12629
12630
12631
12636
12637
12639
12642
12646
12649
12655
12659
12660
12661
12662
12666
12669
12671
12672
12677
12678
12679
12691
12692
12695
12697
12702
12704
12705
12707
12708
12710
12714
12716
12719
12721
12722
12723
12725
12726
12728
12729
12732
12734
12735
12737
12741
12746
12747
12748
12749
12752
12755
12757
12759
12765
12766
12767
12768
12773
12781
12784
12786
12790
12801
12804
12807
12808
12816
12820
12822
12824
12828
12829
12832
12834
12835
12840
12841
12842
12845
12847
12848
12851
12852
12853
12854
12857
12858
12867
12868
12869
12870
12871
12873
12874
12878
12883
12884
12893
12901
12903
12904
12908
12909
12910
12917
12918
12921
12925
12926
12929
12930
12933
12937
12938
12949
12950
12954
12960
12961
12963
12964
12969
12981
12984
12990
12991
12997
13000
13005
13017
13019
13020
13022
13024
13032
13035
13037
13039
13041
13044
13052
13070
13071
13074
13076
13079
13081
13083
13086
13090
13094
13097
13100
13103
13104
13109
13114
13115
13117
13120
13122
13123
13130
13131
13139
13142
13146
13154
13158
13160
13163
13165
13167
13168
13169
13170
13183
13186
13188
13189
13197
13209
13221
13227
13229
13230
13237
13244
13248
13250
13255
13258
13262
13265
13267
13274
13276
13279
13285
13286
13292
13295
13298
13308
13310
13311
13314
13318
13319
13320
13322
13327
13334
13337
13339
13346
13348
13354
13356
13365
13373
13381
13394
13396
13397
13402
13410
13431
13442
13461
13467
13469
13471
13472
13473
13483
13488
13493
13498
13505
13508
13512
13516
13517
13524
13526
13529
13530
13531
13532
13534
13535
13537
13539
13542
13543
13545
13548
13549
13550
13552
13557
13560
13562
13564
13569
13570
13571
13572
13574
13577
13581
13585
13586
13587
13589
13591
13593
13597
13605
13607
13617
13621
13626
13627
13629
13630
13631
13632
13633
13635
13636
13637
13638
13641
13642
13645
13646
13647
13648
13651
13652
13653
13654
13655
13656
13657
13658
13660
13661
13662
13663
13664
13665
13666
13667
13668
13669
13670
13671
13672
13673
13674
13675
13676
13678
13679
13680
13683
13684
13685
13686
13687
13688
13689
13690
13692
13694
13695
13696
13697
13698
13699
13700
13701
13702
13703
13704
13706
13707
13709
13710
13711
13712
13713
13715
13716
13717
13718
13720
13721
13722
13723
13724
13725
13727
13728
13730
13731
13732
13733
13734
13735
13738
13739
13740
13741
13743
13746
13747
13748
13749
13750
13751
13752
13753
13754
13755
13756
13757
13759
13760
13762
13763
13764
13765
13766
13767
13768
13769
13772
13773
13775
13777
13778
13779
13781
13782
13783
13786
13787
13788
13789
13790
13792
13793
13794
13795
13796
13797
13798
13800
13803
13805
13806
13807
13808
13811
13814
13816
13817
13818
13819
13820
13821
13823
13824
13826
13827
13830
13831
13832
13833
13834
13835
13836
13838
13839
13840
13841
13842
13843
13845
13846
13848
13849
13851
13852
13853
13858
13859
13860
13862
13863
13864
13865
13866
13867
13868
13870
13871
13873
13876
13877
13878
13880
13882
13883
13884
13886
13888
13889
13890
13891
13895
13897
13898
13900
13901
13903
13906
13907
13908
13909
13911
13914
13915
13916
13918
13920
13921
13923
13926
13931
13932
13933
13937
13939
13942
13945
13947
13949
13951
13952
13954
13955
13956
13957
13958
13959
13960
13961
13963
13964
13966
13967
13968
13969
13971
13972
13973
13974
13975
13979
13983
13984
13986
13987
13988
13991
13992
13994
13996
13997
14000
14001
14004
14005
14008
14009
14010
14012
14013
14016
14017
14018
14020
14025
14026
14027
14028
14029
14030
14034
14037
14039
14040
14041
14042
14043
14044
14046
14048
14049
14051
14052
14053
14055
14056
14057
14059
14060
14061
14062
14064
14065
14068
14069
14070
14072
14076
14079
14080
14084
14085
14089
14090
14091
14092
14093
14097
14099
14101
14102
14103
14104
14110
14111
14112
14115
14116
14117
14118
14119
14122
14125
14126
14128
14129
14131
14132
14134
14135
14136
14140
14141
14142
14143
14144
14145
14146
14150
14152
14153
14158
14160
14161
14164
14165
14167
14169
14172
14173
14175
14177
14178
14179
14180
14182
14187
14188
14189
14190
14192
14194
14197
14199
14203
14205
14207
14209
14210
14212
14218
14222
14227
14230
14233
14234
14236
14241
14243
14244
14246
14247
14248
14250
14251
14253
14255
14262
14267
14268
14269
14270
14276
14280
14291
14292
14296
14297
14298
14307
14308
14309
14310
14313
14316
14318
14319
14321
14322
14324
14327
14328
14333
14334
14337
14338
14340
14341
14346
14347
14348
14349
14350
14352
14355
14357
14361
14362
14364
14371
14378
14379
14381
14382
14383
14385
14389
14391
14394
14395
14396
14399
14400
14401
14402
14403
14404
14406
14408
14410
14415
14417
14418
14420
14422
14424
14425
14427
14428
14430
14432
14435
14439
14441
14443
14444
14445
14446
14447
14449
14450
14451
14453
14454
14456
14458
14459
14464
14466
14467
14472
14474
14477
14483
14486
14487
14489
14491
14493
14495
14496
14498
14499
14500
14503
14504
14505
14507
14508
14509
14513
14514
14518
14521
14522
14526
14527
14530
14531
14534
14535
14536
14539
14540
14541
14546
14547
14548
14555
14559
14566
14569
14570
14572
14574
14575
14578
14581
14582
14583
14584
14588
14592
14596
14598
14599
14602
14603
14604
14605
14606
14608
14609
14610
14612
14614
14615
14619
14623
14625
14629
14630
14631
14634
14636
14637
14638
14641
14643
14644
14646
14648
14650
14653
14654
14656
14659
14660
14661
14662
14663
14665
14666
14672
14673
14674
14676
14677
14678
14679
14680
14681
14685
14686
14687
14691
14692
14695
14697
14698
14700
14702
14703
14704
14707
14709
14710
14711
14713
14714
14719
14722
14726
14727
14730
14734
14739
14742
14743
14744
14747
14748
14749
14751
14752
14754
14755
14758
14759
14760
14764
14771
14772
14773
14774
14776
14777
14779
14780
14782
14784
14785
14789
14795
14798
14799
14800
14802
14803
14804
14807
14808
14810
14811
14812
14813
14814
14815
14816
14817
14818
14819
14821
14824
14826
14829
14832
14834
14835
14836
14838
14840
14841
14842
14843
14844
14845
14850
14852
14853
14854
14866
14868
14875
14882
14894
14897
14910
14915
14923
14949
14951
14952
14953
14967
14969
14980
14981
14982
14986
14988
14991
14993
14999
15001
15002
15009
15011
15014
15017
15024
15038
15039
15041
15062
15067
15072
15083
15101
15120
15128
15152
15161
15189
15192
15243
15244
15247
15248
15252
15254
15255
15290
15305
15314
15315
15317
15322
15323
15324
15344
15355
15373
15375
15380
15384
15391
15406
15444
15446
15459
15465
15485
15512
15521
15524
15530
15532
15533
15536
15537
15538
15539
15542
15543
15544
15546
15547
15549
15550
15551
15553
15554
15555
15556
15558
15560
15561
15562
15564
15565
15566
15567
15568
15569
15570
15571
15572
15574
15578
15580
15581
15582
15583
15584
15585
15586
15588
15589
15591
15592
15594
15596
15601
15602
15603
15604
15606
15610
15611
15612
15613
15614
15615
15616
15618
15620
15626
15627
15628
15629
15630
15631
15632
15633
15634
15636
15638
15641
15644
15647
15648
15649
15653
15654
15656
15658
15660
15662
15664
15666
15667
15668
15669
15670
15674
15675
15676
15680
15683
15684
15686
15688
15689
15692
15694
15696
15698
15699
15700
15701
15702
15703
15705
15712
15714
15716
15718
15719
15720
15722
15724
15731
15732
15736
15739
15740
15741
15743
15744
15746
15748
15750
15751
15752
15754
15755
15757
15761
15766
15775
15778
15779
15780
15781
15785
15787
15788
15791
15792
15794
15795
15797
15801
15804
15814
15819
15820
15821
15822
15826
15830
15831
15835
15838
15841
15843
15845
15847
15850
15851
15858
15859
15864
15865
15867
15868
15873
15878
15880
15883
15884
15885
15891
15894
15898
15900
15901
15907
15909
15910
15911
15913
15914
15918
15919
15922
15924
15926
15927
15928
15929
15933
15934
15935
15937
15939
15941
15942
15943
15944
15945
15947
15949
15953
15956
15957
15958
15961
15965
15967
15968
15971
15977
15981
15989
15993
15995
15998
15999
16001
16002
16003
16008
16009
16013
16016
16018
16020
16021
16024
16025
16030
16031
16033
16034
16036
16038
16039
16049
16050
16060
16069
16070
16072
16073
16075
16082
16085
16093
16094
16095
16105
16107
16109
16113
16117
16118
16119
16122
16124
16131
16132
16135
16137
16138
16144
16145
16147
16151
16153
16156
16159
16161
16167
16174
16175
16177
16178
16181
16182
16183
16184
16186
16187
16188
16190
16191
16192
16193
16194
16196
16198
16204
16205
16208
16214
16219
16220
16222
16225
16231
16232
16233
16234
16237
16242
16245
16246
16249
16254
16256
16260
16266
16268
16272
16278
16281
16285
16286
16291
16292
16293
16296
16299
16301
16302
16311
16312
16313
16314
16316
16317
16321
16326
16328
16334
16336
16337
16338
16339
16340
16341
16343
16344
16346
16349
16350
16353
16355
16357
16359
16363
16367
16369
16372
16376
16380
16383
16392
16406
16408
16411
16412
16415
16417
16418
16419
16423
16427
16428
16430
16433
16435
16436
16437
16446
16449
16452
16455
16458
16462
16463
16466
16472
16473
16481
16484
16489
16493
16494
16515
16516
16520
16522
16523
16527
16530
16538
16540
16542
16543
16547
16549
16554
16557
16565
16566
16567
16571
16576
16579
16580
16581
16582
16584
16585
16587
16589
16592
16593
16597
16601
16606
16607
16615
16622
16624
16636
16638
16639
16642
16643
16649
16651
16652
16653
16669
16671
16677
16680
16681
16693
16698
16709
16710
16711
16712
16719
16722
16736
16737
16746
16747
16753
16758
16760
16763
16766
16772
16775
16781
16793
16799
16800
16811
16812
16821
16822
16825
16827
16829
16834
16837
16851
16866
16868
16872
16893
16894
16895
16902
16903
16906
16911
16912
16914
16919
16929
16930
16940
16944
16959
16964
16967
16968
16969
16972
16978
16981
16985
16995
17002
17009
17019
17024
17025
17026
17028
17030
17034
17035
17036
17038
17064
17066
17079
17081
17082
17086
17095
17100
17104
17120
17123
17133
17138
17139
17140
17141
17142
17145
17147
17149
17150
17153
17154
17158
17163
17167
17169
17176
17183
17185
17191
17195
17197
17198
17202
17212
17219
17220
17228
17229
17234
17237
17238
17239
17240
17244
17247
17249
17250
17253
17263
17264
17265
17266
17269
17270
17271
17274
17276
17277
17278
17279
17284
17285
17286
17288
17291
17292
17294
17295
17299
17300
17303
17315
17317
17318
17320
17321
17327
17328
17333
17334
17341
17342
17343
17345
17346
17347
17351
17352
17354
17355
17357
17358
17359
17360
17361
17362
17364
17366
17368
17369
17370
17371
17373
17374
17375
17376
17377
17381
17382
17384
17385
17386
17387
17388
17389
17391
17392
17393
17394
17395
17396
17397
17398
17399
17400
17402
17405
17406
17407
17408
17409
17410
17411
17414
17416
17417
17418
17420
17422
17423
17424
17425
17426
17427
17429
17430
17433
17437
17439
17440
17441
17442
17443
17444
17447
17448
17452
17453
17454
17455
17457
17458
17460
17461
17463
17464
17467
17468
17469
17470
17471
17472
17473
17476
17477
17479
17480
17483
17486
17487
17488
17489
17491
17492
17493
17494
17495
17496
17497
17498
17499
17500
17501
17503
17504
17506
17507
17508
17509
17510
17511
17512
17515
17517
17519
17521
17522
17523
17524
17526
17528
17529
17531
17532
17533
17534
17535
17537
17539
17540
17541
17542
17545
17546
17547
17548
17549
17551
17552
17553
17556
17557
17562
17563
17564
17568
17570
17571
17572
17573
17574
17576
17577
17578
17580
17585
17586
17587
17589
17590
17592
17594
17595
17600
17601
17603
17604
17605
17615
17616
17618
17619
17620
17622
17623
17629
17632
17633
17635
17639
17640
17642
17645
17648
17651
17656
17658
17662
17664
17666
17667
17671
17672
17673
17674
17675
17677
17678
17679
17681
17682
17685
17686
17687
17689
17691
17693
17697
17698
17700
17701
17702
17704
17706
17708
17711
17713
17714
17720
17724
17727
17730
17733
17737
17739
17740
17743
17746
17747
17751
17753
17754
17756
17758
17760
17761
17762
17764
17765
17767
17769
17770
17771
17773
17774
17775
17776
17779
17782
17783
17784
17785
17786
17793
17794
17795
17796
17797
17798
17799
17801
17803
17811
17812
17813
17814
17815
17824
17825
17826
17830
17831
17834
17836
17840
17841
17842
17845
17846
17848
17849
17851
17852
17859
17860
17862
17867
17872
17874
17878
17879
17881
17889
17893
17894
17896
17898
17899
17903
17904
17908
17909
17911
17914
17919
17923
17924
17926
17929
17932
17934
17944
17948
17951
17955
17957
17962
17963
17964
17966
17967
17976
17977
17979
17981
17982
17983
17984
17990
17991
17993
17994
18005
18007
18010
18012
18013
18018
18020
18021
18023
18029
18030
18034
18036
18037
18041
18042
18043
18044
18045
18048
18051
18054
18056
18057
18058
18060
18062
18064
18066
18067
18069
18075
18081
18085
18088
18092
18093
18096
18097
18104
18107
18109
18110
18112
18114
18115
18117
18122
18123
18132
18133
18134
18135
18146
18149
18154
18155
18157
18158
18160
18161
18163
18166
18170
18173
18174
18178
18181
18186
18188
18189
18191
18193
18199
18205
18207
18211
18217
18218
18219
18221
18224
18225
18227
18229
18234
18236
18238
18240
18241
18242
18244
18245
18246
18248
18249
18250
18253
18254
18255
18260
18262
18265
18267
18269
18274
18275
18276
18278
18283
18285
18289
18292
18295
18298
18302
18304
18305
18306
18313
18315
18317
18318
18320
18321
18322
18323
18324
18328
18329
18333
18336
18337
18339
18344
18345
18346
18348
18349
18353
18355
18357
18358
18359
18362
18364
18366
18367
18368
18372
18373
18377
18378
18379
18380
18384
18386
18387
18388
18390
18391
18392
18393
18395
18396
18397
18400
18401
18404
18406
18409
18410
18411
18412
18413
18415
18417
18418
18421
18424
18425
18427
18430
18434
18437
18438
18439
18440
18442
18443
18446
18448
18449
18453
18456
18458
18459
18460
18466
18469
18470
18474
18478
18482
18485
18490
18491
18494
18496
18498
18499
18500
18506
18509
18511
18512
18513
18514
18515
18517
18519
18521
18523
18525
18527
18528
18529
18530
18531
18532
18533
18535
18538
18543
18544
18545
18547
18548
18549
18550
18551
18552
18555
18556
18558
18559
18562
18563
18564
18568
18575
18576
18577
18587
18595
18600
18607
18609
18612
18614
18620
18624
18632
18642
18644
18649
18664
18677
18693
18694
18695
18696
18704
18707
18712
18717
18718
18721
18726
18727
18729
18732
18733
18737
18760
18772
18775
18776
18777
18784
18786
18801
18808
18810
18818
18835
18849
18861
18875
18878
18889
18890
18903
18916
18939
18942
18944
18949
18950
18956
18964
18966
18988
18997
19011
19012
19037
19049
19063
19069
19072
19087
19088
19091
19094
19126
19132
19141
19143
19145
19160
19161
19183
19190
19195
19197
19202
19226
19232
19238
19244
19246
19247
19250
19251
19253
19256
19257
19258
19259
19260
19261
19262
19264
19266
19267
19268
19269
19272
19274
19275
19276
19277
19278
19279
19280
19281
19282
19283
19284
19285
19286
19287
19288
19289
19290
19291
19292
19294
19295
19296
19298
19299
19300
19301
19302
19305
19308
19311
19312
19317
19318
19320
19326
19327
19329
19333
19334
19335
19336
19338
19339
19341
19343
19344
19345
19346
19347
19349
19350
19351
19352
19355
19357
19358
19359
19360
19361
19362
19364
19365
19366
19367
19368
19369
19370
19371
19373
19374
19376
19381
19382
19383
19385
19386
19388
19389
19391
19394
19398
19402
19403
19405
19406
19407
19408
19409
19410
19412
19413
19414
19415
19418
19420
19421
19422
19428
19429
19430
19431
19432
19433
19435
19438
19443
19445
19446
19447
19448
19450
19451
19453
19457
19460
19462
19464
19465
19466
19467
19469
19471
19476
19478
19481
19482
19489
19492
19493
19495
19498
19500
19502
19507
19508
19509
19510
19511
19512
19513
19517
19523
19524
19525
19526
19532
19535
19536
19539
19540
19541
19543
19544
19547
19549
19552
19553
19554
19555
19556
19557
19558
19559
19561
19562
19564
19569
19571
19572
19574
19577
19579
19580
19581
19586
19587
19588
19589
19590
19591
19592
19598
19602
19607
19608
19610
19611
19613
19615
19617
19618
19620
19623
19625
19626
19629
19630
19631
19632
19634
19638
19639
19642
19643
19644
19648
19649
19651
19654
19657
19658
19659
19660
19661
19663
19664
19665
19667
19668
19670
19671
19672
19675
19678
19679
19680
19681
19686
19690
19691
19693
19695
19701
19702
19704
19705
19706
19708
19709
19713
19716
19719
19722
19724
19727
19732
19734
19735
19739
19741
19744
19747
19748
19752
19755
19759
19760
19761
19764
19765
19767
19769
19770
19771
19772
19773
19775
19777
19780
19787
19788
19789
19791
19793
19798
19800
19802
19803
19804
19807
19808
19815
19823
19828
19829
19830
19831
19832
19835
19836
19840
19841
19842
19843
19844
19847
19855
19856
19858
19859
19861
19865
19866
19868
19870
19878
19879
19881
19882
19884
19888
19889
19891
19900
19901
19903
19904
19909
19910
19915
19918
19919
19926
19928
19933
19934
19935
19936
19937
19938
19941
19942
19943
19945
19946
19950
19951
19952
19953
19956
19957
19959
19961
19962
19968
19970
19971
19973
19976
19977
19980
19986
19989
19991
19994
19995
19997
20005
20006
20007
20009
20010
20011
20013
20015
20016
20018
20022
20025
20026
20027
20028
20032
20034
20039
20040
20042
20045
20047
20049
20050
20051
20053
20057
20058
20064
20066
20069
20070
20073
20076
20077
20079
20083
20086
20088
20089
20090
20091
20092
20094
20095
20097
20099
20103
20105
20106
20109
20110
20112
20114
20122
20123
20125
20129
20131
20132
20135
20136
20137
20139
20144
20146
20147
20149
20150
20160
20161
20169
20172
20177
20183
20184
20186
20187
20190
20193
20194
20196
20197
20199
20200
20207
20208
20210
20212
20214
20218
20221
20226
20229
20232
20234
20235
20243
20244
20252
20255
20260
20261
20263
20265
20268
20270
20271
20272
20276
20279
20284
20285
20290
20292
20293
20295
20296
20298
20299
20302
20315
20316
20317
20323
20329
20330
20331
20338
20340
20341
20343
20345
20347
20351
20356
20357
20361
20365
20366
20368
20369
20376
20377
20379
20382
20391
20392
20398
20399
20401
20402
20406
20412
20418
20435
20438
20442
20447
20448
20453
20456
20461
20467
20470
20472
20475
20476
20478
20482
20496
20498
20501
20504
20509
20514
20517
20518
20526
20536
20540
20541
20543
20546
20548
20549
20550
20555
20564
20567
20570
20571
20579
20582
20586
20591
20593
20595
20596
20598
20599
20603
20604
20609
20611
20616
20617
20625
20626
20627
20630
20633
20634
20637
20643
20644
20647
20649
20653
20654
20655
20657
20659
20664
20666
20672
20678
20679
20682
20683
20685
20686
20688
20694
20695
20697
20704
20706
20714
20716
20719
20720
20724
20725
20731
20732
20733
20736
20738
20740
20742
20751
20755
20767
20772
20774
20776
20778
20781
20788
20794
20799
20802
20809
20811
20812
20818
20820
20825
20828
20834
20836
20849
20851
20852
20853
20858
20859
20860
20861
20865
20868
20871
20872
20888
20889
20893
20896
20897
20899
20900
20901
20906
20911
20916
20918
20921
20925
20930
20931
20937
20944
20945
20952
20956
20957
20961
20963
20964
20966
20971
20973
20976
20977
20981
20983
20984
20985
20988
20991
20992
20996
20997
20998
20999
21000
21003
21005
21006
21013
21014
21019
21021
21022
21025
21027
21029
21033
21034
21035
21038
21042
21044
21047
21049
21054
21056
21057
21058
21059
21060
21061
21063
21065
21067
21070
21071
21073
21075
21076
21079
21081
21082
21083
21084
21085
21088
21089
21090
21092
21094
21095
21096
21098
21099
21100
21101
21102
21103
21104
21105
21106
21107
21108
21110
21111
21112
21113
21114
21115
21116
21117
21118
21120
21122
21123
21124
21125
21126
21127
21128
21129
21130
21131
21133
21134
21136
21139
21140
21143
21144
21145
21147
21148
21150
21151
21152
21153
21154
21155
21156
21157
21158
21159
21160
21161
21162
21164
21165
21166
21167
21169
21171
21172
21174
21175
21176
21177
21180
21182
21183
21184
21185
21186
21187
21188
21189
21190
21191
21193
21194
21196
21197
21198
21200
21201
21203
21204
21205
21206
21207
21209
21211
21214
21215
21218
21220
21221
21222
21223
21224
21225
21226
21229
21230
21233
21234
21236
21237
21238
21240
21242
21245
21247
21248
21249
21250
21252
21253
21254
21255
21256
21259
21260
21262
21263
21264
21266
21267
21268
21269
21270
21271
21273
21274
21275
21278
21281
21282
21283
21286
21287
21288
21290
21291
21293
21296
21298
21299
21300
21301
21304
21305
21306
21307
21308
21310
21312
21314
21315
21316
21317
21319
21320
21323
21326
21327
21328
21329
21330
21331
21332
21333
21337
21338
21343
21345
21346
21349
21350
21354
21358
21362
21365
21366
21367
21370
21371
21373
21375
21376
21377
21380
21381
21386
21387
21388
21389
21391
21392
21394
21395
21396
21398
21399
21400
21401
21403
21406
21407
21411
21412
21415
21416
21418
21419
21420
21422
21423
21425
21427
21428
21429
21431
21437
21438
21440
21441
21443
21445
21449
21450
21452
21453
21454
21456
21460
21461
21463
21465
21466
21467
21468
21469
21470
21473
21474
21476
21477
21478
21479
21480
21481
21482
21485
21487
21488
21489
21490
21493
21494
21495
21497
21498
21499
21500
21502
21503
21504
21505
21507
21508
21512
21513
21514
21515
21519
21522
21524
21528
21529
21530
21532
21534
21538
21539
21540
21543
21546
21548
21550
21553
21554
21555
21556
21560
21562
21563
21564
21566
21570
21571
21573
21574
21575
21578
21579
21580
21581
21584
21585
21586
21589
21590
21592
21593
21594
21595
21600
21603
21604
21605
21608
21610
21611
21612
21614
21615
21616
21617
21618
21619
21620
21621
21622
21625
21630
21631
21633
21634
21636
21637
21643
21644
21647
21648
21650
21653
21655
21658
21659
21664
21669
21670
21671
21673
21676
21677
21678
21679
21680
21681
21684
21687
21690
21695
21696
21697
21702
21704
21708
21719
21720
21721
21732
21734
21735
21737
21744
21745
21747
21748
21749
21751
21754
21755
21756
21758
21760
21762
21765
21766
21770
21771
21773
21774
21777
21779
21780
21781
21782
21783
21784
21785
21789
21790
21793
21795
21796
21798
21806
21810
21811
21814
21815
21818
21821
21823
21824
21826
21827
21828
21829
21831
21832
21834
21836
21841
21842
21844
21845
21846
21847
21848
21849
21850
21853
21854
21856
21857
21858
21860
21867
21868
21869
21871
21872
21874
21877
21878
21879
21882
21887
21888
21893
21895
21896
21898
21899
21900
21901
21904
21911
21915
21916
21917
21921
21924
21928
21931
21933
21935
21936
21940
21943
21945
21946
21950
21952
21953
21955
21956
21959
21962
21963
21966
21968
21969
21972
21976
21977
21978
21981
21983
21984
21988
21989
21991
21992
21995
21996
21999
22000
22003
22004
22005
22006
22009
22010
22014
22016
22017
22020
22022
22024
22027
22032
22033
22035
22036
22037
22038
22039
22040
22043
22045
22047
22048
22051
22053
22054
22056
22057
22058
22059
22064
22067
22068
22072
22073
22079
22087
22088
22089
22091
22096
22098
22101
22102
22103
22105
22106
22107
22109
22110
22113
22114
22116
22118
22122
22123
22125
22126
22127
22128
22131
22133
22136
22138
22139
22140
22141
22142
22143
22144
22147
22148
22151
22158
22159
22160
22162
22163
22165
22170
22171
22172
22175
22176
22179
22180
22184
22185
22187
22188
22191
22192
22196
22199
22200
22201
22202
22204
22205
22206
22209
22210
22212
22213
22217
22218
22222
22225
22226
22227
22228
22229
22230
22231
22232
22236
22239
22240
22241
22242
22243
22244
22245
22247
22249
22250
22252
22258
22260
22261
22263
22264
22266
22268
22269
22270
22272
22273
22275
22276
22277
22278
22279
22281
22282
22283
22285
22291
22302
22318
22328
22338
22340
22346
22348
22359
22387
22394
22395
22397
22400
22405
22408
22409
22413
22424
22429
22430
22436
22439
22442
22446
22450
22453
22456
22458
22460
22469
22490
22503
22505
22507
22513
22532
22533
22547
22557
22586
22606
22607
22610
22611
22624
22626
22630
22640
22641
22647
22658
22676
22679
22705
22739
22742
22764
22771
22772
22780
22786
22793
22810
22815
22826
22839
22845
22859
22864
22867
22876
22882
22892
22911
22913
22916
22924
22950
22952
22958
22959
22965
22967
22968
22969
22970
22971
22972
22973
22974
22975
22977
22979
22980
22981
22982
22984
22985
22986
22987
22988
22990
22992
22993
22994
22995
22997
22998
23000
23002
23003
23004
23006
23009
23010
23011
23014
23016
23017
23018
23019
23020
23022
23023
23024
23025
23026
23027
23028
23030
23031
23032
23033
23034
23035
23040
23041
23042
23043
23046
23050
23052
23053
23056
23057
23058
23062
23063
23064
23065
23068
23071
23072
23073
23075
23076
23077
23080
23081
23084
23086
23088
23089
23090
23093
23095
23096
23099
23100
23101
23102
23103
23108
23112
23114
23115
23117
23118
23119
23120
23121
23125
23126
23128
23132
23133
23134
23135
23136
23137
23138
23140
23141
23142
23146
23147
23149
23152
23159
23164
23165
23169
23171
23172
23173
23174
23175
23176
23182
23183
23185
23188
23189
23190
23191
23193
23194
23203
23207
23211
23213
23214
23215
23216
23217
23222
23223
23224
23229
23231
23241
23245
23247
23249
23250
23251
23254
23258
23261
23265
23268
23269
23271
23273
23276
23277
23278
23279
23280
23281
23283
23286
23288
23289
23291
23293
23294
23296
23300
23301
23303
23310
23311
23312
23316
23320
23322
23326
23328
23329
23334
23335
23336
23339
23342
23345
23347
23350
23355
23357
23358
23361
23365
23367
23368
23370
23372
23377
23380
23381
23384
23385
23386
23389
23390
23392
23393
23395
23396
23399
23402
23407
23409
23415
23418
23419
23421
23424
23425
23427
23428
23429
23430
23433
23434
23440
23441
23446
23448
23449
23453
23456
23458
23461
23465
23469
23470
23471
23478
23480
23486
23488
23489
23491
23493
23497
23498
23499
23500
23501
23503
23504
23505
23506
23507
23511
23513
23518
23519
23520
23521
23525
23530
23537
23543
23546
23549
23550
23551
23554
23560
23563
23564
23565
23568
23573
23576
23579
23580
23582
23583
23584
23590
23597
23600
23603
23608
23609
23610
23611
23617
23618
23622
23627
23630
23632
23633
23637
23639
23640
23641
23642
23643
23648
23649
23650
23659
23660
23661
23662
23663
23670
23680
23682
23684
23685
23687
23688
23690
23693
23696
23699
23700
23702
23703
23705
23706
23717
23720
23721
23722
23723
23725
23727
23729
23730
23733
23734
23737
23740
23741
23742
23743
23751
23752
23753
23758
23762
23764
23768
23770
23772
23775
23778
23780
23781
23784
23785
23791
23792
23793
23796
23797
23800
23804
23805
23806
23808
23811
23813
23814
23819
23820
23822
23824
23831
23832
23834
23837
23839
23840
23845
23846
23847
23850
23851
23854
23858
23861
23865
23869
23871
23877
23878
23879
23883
23891
23896
23899
23900
23904
23913
23916
23917
23920
23921
23922
23925
23931
23943
23947
23948
23949
23954
23957
23964
23966
23971
23976
23978
23982
23983
23985
23989
23990
23993
23995
23996
24000
24004
24007
24010
24011
24013
24020
24021
24028
24030
24031
24035
24036
24040
24043
24046
24050
24051
24052
24054
24059
24067
24070
24072
24073
24077
24080
24085
24089
24090
24093
24097
24105
24113
24123
24134
24142
24159
24175
24179
24183
24184
24189
24198
24217
24220
24221
24232
24235
24237
24239
24250
24254
24255
24256
24257
24258
24262
24265
24270
24279
24281
24286
24291
24296
24302
24305
24309
24310
24312
24313
24322
24330
24331
24335
24339
24340
24342
24345
24347
24348
24351
24355
24363
24372
24379
24385
24388
24392
24397
24413
24417
24422
24426
24430
24431
24436
24439
24445
24447
24450
24452
24460
24466
24467
24471
24479
24481
24496
24499
24505
24507
24509
24517
24518
24519
24523
24525
24528
24529
24532
24533
24535
24538
24545
24546
24547
24550
24554
24558
24559
24569
24573
24582
24586
24591
24600
24601
24604
24607
24612
24613
24615
24617
24619
24625
24626
24629
24630
24631
24635
24640
24653
24654
24657
24660
24665
24666
24671
24672
24675
24678
24679
24681
24685
24692
24694
24698
24699
24702
24704
24705
24706
24710
24713
24714
24716
24719
24720
24722
24723
24726
24727
24728
24729
24733
24734
24735
24741
24745
24746
24748
24752
24755
24758
24761
24762
24765
24766
24770
24771
24773
24774
24776
24777
24779
24782
24785
24787
24788
24789
24791
24793
24795
24796
24798
24799
24800
24802
24803
24804
24807
24808
24809
24810
24812
24813
24815
24816
24817
24818
24819
24820
24821
24822
24824
24825
24826
24827
24828
24829
24830
24831
24832
24834
24835
24836
24837
24839
24840
24841
24842
24844
24845
24846
24849
24850
24852
24853
24854
24855
24857
24858
24859
24861
24862
24863
24864
24865
24866
24867
24868
24869
24872
24880
24881
24882
24883
24885
24886
24888
24889
24891
24892
24894
24895
24896
24897
24898
24899
24900
24903
24904
24905
24907
24908
24910
24911
24915
24917
24919
24921
24923
24925
24927
24928
24929
24930
24932
24935
24936
24937
24939
24940
24942
24943
24944
24945
24948
24950
24951
24952
24953
24954
24955
24958
24959
24962
24963
24965
24966
24968
24970
24972
24973
24974
24975
24977
24978
24981
24982
24984
24985
24988
24989
24990
24994
24995
24996
24997
25000
25001
25003
25004
25006
25007
25009
25010
25011
25012
25013
25014
25015
25020
25022
25024
25025
25026
25027
25028
25029
25030
25031
25032
25033
25035
25036
25038
25039
25041
25042
25043
25044
25047
25048
25050
25052
25053
25054
25055
25057
25059
25060
25063
25066
25068
25070
25071
25073
25079
25081
25082
25084
25086
25087
25090
25095
25097
25098
25099
25101
25102
25103
25106
25109
25110
25113
25114
25117
25118
25120
25121
25125
25126
25127
25130
25131
25132
25133
25136
25139
25141
25143
25144
25151
25154
25157
25158
25160
25164
25167
25168
25170
25172
25173
25174
25175
25176
25180
25181
25182
25183
25184
25186
25187
25188
25190
25191
25193
25194
25195
25197
25198
25199
25201
25202
25203
25204
25205
25207
25212
25214
25220
25221
25222
25223
25224
25225
25227
25231
25233
25234
25235
25237
25238
25241
25243
25245
25248
25250
25253
25260
25263
25264
25267
25269
25270
25273
25277
25283
25285
25287
25290
25291
25294
25295
25297
25306
25313
25314
25315
25317
25319
25320
25322
25324
25326
25329
25334
25337
25338
25339
25341
25343
25344
25345
25347
25351
25352
25353
25356
25357
25364
25365
25367
25369
25371
25372
25374
25376
25378
25386
25392
25394
25395
25400
25401
25403
25404
25405
25407
25410
25411
25412
25414
25418
25422
25425
25435
25438
25439
25440
25446
25449
25451
25452
25454
25458
25461
25463
25464
25470
25471
25475
25477
25479
25482
25483
25484
25490
25495
25496
25497
25504
25516
25517
25519
25523
25525
25527
25529
25532
25537
25538
25540
25541
25542
25545
25546
25549
25550
25552
25555
25556
25558
25560
25561
25562
25563
25564
25566
25567
25568
25570
25571
25572
25574
25577
25583
25585
25589
25594
25596
25599
25601
25602
25603
25609
25610
25616
25621
25626
25627
25630
25635
25648
25654
25664
25665
25666
25669
25672
25673
25674
25678
25682
25683
25685
25688
25690
25691
25695
25697
25698
25699
25700
25702
25704
25705
25708
25710
25713
25714
25718
25719
25720
25728
25730
25732
25736
25740
25741
25743
25746
25747
25748
25750
25751
25752
25754
25756
25757
25758
25761
25765
25767
25768
25772
25773
25776
25777
25778
25781
25785
25786
25787
25789
25790
25791
25795
25796
25798
25800
25801
25803
25804
25805
25807
25810
25814
25815
25818
25819
25820
25821
25823
25824
25825
25826
25827
25828
25829
25830
25832
25833
25834
25837
25838
25839
25840
25841
25843
25844
25845
25852
25853
25854
25855
25856
25858
25861
25863
25864
25865
25866
25869
25871
25872
25873
25876
25877
25878
25879
25883
25884
25886
25888
25889
25890
25896
25897
25898
25901
25906
25907
25910
25911
25913
25915
25916
25918
25919
25921
25924
25926
25927
25928
25934
25939
25940
25942
25944
25946
25949
25951
25953
25954
25955
25956
25957
25958
25959
25961
25964
25966
25967
25968
25969
25971
25975
25976
25977
25978
25983
25984
25985
25986
25987
25988
25989
25990
25992
25995
25997
25998
25999
26001
26006
26018
26022
26024
26027
26029
26030
26035
26039
26044
26055
26062
26085
26095
26116
26123
26127
26128
26131
26140
26141
26143
26144
26149
26156
26160
26162
26166
26195
26198
26203
26208
26214
26250
26256
26257
26266
26276
26277
26278
26279
26284
26291
26304
26317
26325
26330
26350
26367
26368
26372
26375
26378
26386
26396
26407
26411
26415
26420
26423
26437
26440
26447
26453
26467
26468
26478
26479
26480
26486
26491
26497
26499
26506
26549
26554
26576
26581
26583
26586
26597
26631
26632
26634
26638
26641
26643
26647
26666
26673
26674
26676
26677
26681
26682
26683
26684
26685
26687
26688
26689
26690
26691
26692
26693
26694
26695
26696
26697
26698
26699
26700
26702
26703
26705
26706
26707
26708
26709
26710
26711
26712
26713
26714
26715
26716
26717
26718
26720
26721
26722
26723
26724
26726
26727
26729
26731
26732
26733
26736
26738
26739
26742
26745
26748
26750
26752
26754
26755
26756
26757
26758
26760
26761
26762
26764
26766
26767
26769
26771
26773
26777
26778
26779
26780
26781
26782
26783
26785
26786
26787
26789
26790
26791
26793
26794
26795
26796
26798
26800
26801
26803
26804
26805
26806
26808
26809
26810
26811
26814
26816
26817
26819
26820
26821
26822
26825
26828
26829
26830
26832
26833
26834
26835
26836
26837
26838
26840
26842
26843
26846
26848
26849
26850
26851
26852
26857
26858
26860
26861
26867
26869
26871
26873
26874
26876
26878
26888
26890
26892
26893
26894
26896
26899
26901
26902
26904
26905
26906
26908
26909
26910
26917
26920
26921
26922
26923
26925
26926
26929
26931
26932
26936
26937
26938
26939
26940
26941
26943
26948
26951
26953
26954
26955
26957
26959
26960
26963
26964
26965
26967
26969
26971
26972
26975
26978
26980
26981
26983
26985
26986
26990
26992
26994
26995
26997
26999
27000
27001
27003
27005
27006
27007
27009
27014
27016
27017
27019
27020
27021
27022
27024
27025
27027
27028
27034
27035
27037
27039
27042
27043
27048
27049
27050
27051
27053
27054
27055
27058
27059
27060
27062
27065
27067
27069
27071
27072
27075
27076
27077
27079
27080
27082
27084
27085
27086
27087
27089
27092
27095
27096
27099
27100
27103
27107
27108
27109
27111
27112
27114
27119
27123
27124
27126
27132
27134
27136
27139
27141
27142
27144
27148
27150
27155
27156
27159
27160
27162
27163
27170
27171
27172
27173
27175
27176
27178
27180
27181
27183
27189
27190
27195
27200
27201
27202
27203
27209
27213
27215
27219
27221
27223
27225
27226
27227
27228
27232
27233
27234
27237
27241
27242
27243
27247
27248
27250
27251
27252
27254
27255
27256
27258
27260
27263
27264
27265
27269
27270
27271
27272
27273
27278
27280
27292
27293
27294
27296
27298
27300
27302
27305
27308
27311
27312
27314
27316
27318
27319
27322
27323
27325
27326
27328
27329
27331
27332
27334
27335
27336
27337
27338
27339
27341
27345
27347
27354
27356
27357
27358
27360
27361
27362
27366
27367
27368
27371
27373
27374
27375
27376
27377
27379
27380
27382
27384
27385
27393
27394
27396
27398
27401
27404
27408
27411
27413
27414
27416
27420
27422
27424
27425
27427
27431
27435
27437
27439
27443
27444
27446
27447
27449
27452
27454
27456
27459
27460
27463
27467
27470
27473
27474
27475
27476
27482
27486
27488
27490
27493
27496
27504
27505
27506
27507
27511
27514
27520
27522
27525
27528
27529
27533
27534
27535
27537
27538
27542
27543
27549
27558
27559
27560
27561
27563
27566
27567
27570
27572
27573
27575
27577
27578
27580
27583
27584
27588
27590
27591
27597
27601
27602
27605
27611
27616
27618
27621
27622
27624
27634
27635
27636
27637
27638
27639
27640
27641
27642
27643
27645
27646
27649
27656
27659
27660
27662
27665
27672
27674
27676
27678
27679
27681
27682
27684
27688
27691
27692
27695
27696
27699
27700
27703
27704
27707
27708
27713
27719
27724
27725
27727
27730
27732
27733
27734
27742
27745
27749
27750
27751
27754
27759
27761
27764
27766
27769
27771
27773
27774
27776
27781
27789
27790
27791
27794
27796
27807
27815
27817
27819
27820
27822
27842
27860
27861
27864
27866
27880
27884
27888
27893
27898
27900
27902
27903
27904
27906
27908
27914
27922
27924
27925
27926
27927
27928
27929
27932
27937
27938
27944
27946
27947
27954
27958
27959
27961
27964
27969
27971
27976
27978
27992
27995
28000
28001
28010
28018
28019
28023
28024
28025
28029
28034
28035
28036
28037
28039
28048
28053
28055
28056
28062
28067
28069
28077
28080
28081
28084
28085
28094
28099
28110
28111
28114
28118
28123
28124
28129
28135
28144
28147
28152
28156
28160
28161
28166
28167
28168
28169
28181
28183
28184
28189
28195
28199
28200
28203
28205
28212
28216
28218
28219
28222
28224
28227
28228
28234
28235
28237
28239
28241
28242
28248
28250
28253
28259
28260
28263
28264
28265
28266
28271
28280
28283
28284
28295
28298
28300
28309
28313
28317
28325
28326
28335
28339
28342
28344
28345
28347
28349
28355
28356
28359
28362
28365
28372
28375
28378
28379
28380
28382
28383
28384
28385
28386
28389
28392
28399
28404
28405
28406
28410
28412
28413
28415
28416
28420
28427
28430
28432
28433
28438
28439
28441
28442
28445
28448
28450
28453
28455
28456
28457
28459
28460
28463
28472
28473
28474
28476
28477
28480
28485
28486
28487
28488
28489
28490
28491
28492
28493
28494
28496
28497
28498
28499
28500
28501
28503
28504
28505
28509
28510
28511
28512
28513
28514
28516
28517
28518
28519
28520
28522
28523
28524
28526
28527
28528
28529
28530
28531
28533
28534
28535
28536
28537
28540
28541
28542
28544
28546
28547
28548
28549
28550
28552
28554
28555
28556
28557
28558
28559
28560
28562
28564
28566
28567
28568
28569
28571
28572
28573
28575
28576
28577
28579
28580
28581
28582
28583
28584
28586
28587
28588
28589
28591
28593
28594
28596
28597
28599
28600
28602
28603
28604
28605
28606
28608
28609
28610
28612
28613
28614
28615
28617
28618
28619
28620
28621
28622
28624
28625
28626
28629
28631
28634
28637
28638
28639
28641
28642
28643
28646
28649
28650
28651
28652
28653
28654
28656
28658
28659
28664
28666
28667
28668
28669
28670
28672
28673
28674
28675
28676
28677
28679
28680
28682
28683
28686
28687
28688
28689
28691
28692
28694
28695
28698
28701
28704
28706
28709
28710
28712
28714
28715
28716
28718
28719
28720
28721
28722
28726
28727
28729
28732
28733
28734
28735
28736
28738
28742
28743
28745
28746
28747
28749
28751
28754
28756
28758
28759
28764
28765
28766
28767
28770
28771
28773
28774
28778
28782
28788
28790
28793
28795
28798
28802
28803
28809
28810
28812
28813
28814
28815
28816
28819
28820
28825
28827
28828
28831
28833
28835
28837
28839
28840
28841
28842
28846
28847
28850
28853
28854
28856
28860
28861
28865
28866
28868
28869
28872
28874
28875
28876
28879
28880
28881
28882
28883
28884
28886
28888
28889
28893
28894
28895
28896
28900
28902
28903
28905
28906
28909
28910
28911
28912
28913
28915
28916
28917
28920
28921
28922
28923
28926
28927
28928
28931
28932
28934
28935
28936
28939
28940
28941
28943
28944
28948
28950
28955
28957
28958
28959
28961
28962
28965
28966
28967
28971
28975
28977
28978
28979
28981
28984
28986
28987
28988
28990
28991
28992
28996
28998
28999
29001
29002
29003
29006
29007
29008
29011
29012
29014
29015
29016
29017
29018
29019
29020
29021
29023
29024
29031
29034
29036
29038
29040
29043
29044
29046
29047
29048
29050
29052
29053
29054
29058
29059
29061
29065
29066
29067
29071
29080
29081
29085
29086
29087
29089
29092
29095
29096
29097
29098
29099
29100
29102
29104
29106
29108
29109
29111
29112
29118
29121
29124
29128
29132
29136
29139
29149
29151
29152
29153
29154
29155
29160
29161
29163
29166
29169
29170
29171
29172
29173
29177
29178
29183
29186
29187
29188
29191
29193
29196
29197
29199
29202
29205
29208
29210
29211
29213
29217
29218
29219
29221
29228
29241
29242
29244
29245
29246
29247
29248
29251
29252
29253
29254
29256
29257
29258
29259
29260
29261
29264
29268
29269
29271
29272
29273
29274
29276
29278
29280
29284
29285
29287
29292
29293
29294
29296
29297
29299
29300
29303
29305
29306
29310
29313
29314
29315
29319
29320
29323
29326
29328
29332
29335
29337
29338
29339
29341
29342
29344
29345
29346
29349
29355
29356
29357
29359
29363
29369
29371
29372
29374
29380
29382
29383
29386
29387
29390
29392
29395
29399
29400
29401
29404
29405
29409
29410
29411
29412
29413
29414
29416
29417
29419
29420
29421
29424
29428
29432
29434
29437
29440
29444
29447
29448
29450
29452
29454
29455
29456
29459
29460
29462
29463
29464
29465
29466
29468
29469
29471
29474
29480
29482
29485
29486
29487
29488
29489
29490
29491
29492
29495
29499
29500
29503
29504
29508
29509
29510
29512
29517
29518
29519
29521
29522
29523
29528
29530
29531
29532
29533
29535
29537
29540
29542
29543
29546
29548
29551
29552
29553
29555
29556
29557
29558
29559
29561
29563
29564
29566
29567
29568
29570
29571
29572
29576
29578
29579
29587
29588
29590
29591
29592
29593
29594
29597
29598
29599
29600
29601
29602
29603
29604
29605
29607
29608
29611
29616
29617
29626
29627
29628
29629
29630
29632
29633
29636
29638
29639
29640
29641
29642
29643
29644
29645
29646
29648
29653
29654
29655
29656
29658
29659
29660
29662
29663
29664
29665
29667
29669
29670
29671
29672
29674
29675
29676
29677
29678
29679
29680
29682
29683
29685
29686
29687
29688
29689
29691
29692
29694
29696
29697
29700
29701
29704
29706
29707
29711
29715
29717
29719
29721
29722
29731
29733
29749
29752
29753
29760
29766
29768
29780
29783
29785
29787
29796
29799
29802
29808
29819
29824
29828
29835
29836
29838
29841
29842
29859
29863
29867
29870
29874
29877
29882
29888
29891
29897
29918
29925
29926
29931
29943
29945
29954
29956
29959
29960
29968
29984
29991
29999
30008
30019
30029
30036
30039
30045
30081
30084
30103
30105
30107
30108
30110
30113
30117
30126
30131
30139
30145
30165
30167
30178
30193
30194
30204
30205
30217
30218
30220
30223
30225
30227
30238
30243
30247
30249
30254
30279
30280
30287
30296
30299
30304
30327
30333
30339
30344
30346
30350
30351
30356
30357
30362
30368
30370
30380
30386
30387
30388
30389
30393
30394
30395
30396
30398
30399
30400
30401
30402
30403
30405
30406
30407
30408
30409
30410
30411
30412
30413
30414
30416
30417
30418
30419
30420
30421
30422
30423
30424
30425
30430
30432
30434
30435
30436
30437
30438
30439
30441
30442
30444
30445
30447
30448
30450
30451
30452
30453
30454
30456
30458
30459
30460
30462
30465
30466
30468
30469
30470
30471
30474
30479
30481
30482
30483
30484
30485
30487
30490
30491
30492
30493
30494
30497
30498
30500
30501
30502
30503
30504
30505
30506
30508
30509
30512
30513
30514
30515
30516
30518
30519
30521
30523
30524
30525
30526
30527
30528
30530
30531
30533
30534
30536
30538
30539
30540
30542
30543
30544
30545
30547
30548
30549
30551
30552
30553
30554
30555
30556
30557
30558
30559
30562
30563
30564
30565
30569
30570
30571
30574
30575
30576
30577
30578
30579
30580
30584
30586
30587
30588
30591
30592
30593
30595
30596
30597
30598
30600
30602
30604
30606
30607
30608
30609
30610
30611
30613
30616
30617
30618
30620
30627
30628
30629
30630
30631
30632
30634
30637
30639
30640
30643
30644
30645
30646
30647
30649
30650
30651
30652
30654
30655
30657
30659
30662
30665
30668
30673
30674
30675
30677
30678
30681
30683
30684
30686
30687
30689
30691
30692
30694
30695
30696
30697
30699
30700
30702
30703
30704
30705
30706
30708
30711
30712
30713
30714
30715
30716
30718
30720
30721
30723
30725
30727
30728
30729
30730
30731
30736
30738
30746
30747
30750
30752
30753
30754
30756
30766
30768
30769
30770
30771
30772
30773
30775
30778
30783
30785
30786
30787
30788
30789
30790
30791
30795
30796
30797
30798
30799
30800
30801
30803
30804
30805
30807
30809
30810
30811
30813
30814
30821
30823
30824
30825
30828
30830
30833
30835
30837
30839
30840
30843
30846
30848
30851
30852
30855
30858
30862
30863
30864
30865
30868
30872
30874
30877
30880
30881
30883
30884
30885
30886
30889
30890
30891
30894
30895
30897
30898
30902
30905
30906
30907
30910
30911
30913
30916
30917
30919
30921
30922
30923
30925
30926
30927
30928
30929
30931
30933
30935
30938
30940
30941
30946
30947
30948
30949
30950
30951
30953
30954
30959
30960
30964
30965
30969
30970
30971
30973
30974
30977
30978
30979
30980
30985
30988
30990
30991
30992
30993
30994
31000
31001
31002
31004
31007
31008
31009
31010
31011
31012
31013
31015
31019
31023
31026
31028
31030
31031
31032
31034
31035
31039
31042
31045
31046
31047
31049
31051
31052
31053
31060
31064
31066
31069
31070
31073
31075
31076
31077
31078
31080
31082
31084
31085
31086
31087
31088
31090
31091
31093
31095
31098
31099
31101
31103
31105
31107
31108
31110
31111
31115
31118
31120
31122
31127
31128
31129
31130
31133
31134
31137
31139
31141
31142
31144
31148
31150
31155
31157
31158
31161
31162
31164
31165
31167
31170
31171
31173
31178
31179
31181
31182
31183
31184
31186
31189
31190
31191
31192
31194
31195
31196
31198
31199
31200
31206
31207
31208
31210
31211
31212
31213
31217
31218
31223
31224
31225
31231
31234
31236
31237
31239
31240
31247
31248
31249
31252
31258
31259
31260
31262
31264
31267
31272
31273
31274
31275
31276
31279
31281
31283
31284
31289
31290
31291
31292
31293
31296
31298
31301
31304
31305
31306
31308
31311
31315
31321
31325
31328
31329
31331
31332
31335
31341
31344
31345
31346
31349
31352
31353
31354
31356
31357
31359
31360
31363
31369
31370
31371
31373
31375
31376
31378
31385
31390
31391
31393
31394
31395
31398
31400
31408
31410
31411
31417
31420
31421
31425
31426
31427
31428
31432
31435
31438
31440
31441
31442
31444
31445
31446
31448
31457
31458
31459
31460
31462
31463
31467
31471
31473
31474
31478
31479
31480
31482
31483
31485
31488
31490
31492
31494
31495
31498
31500
31501
31502
31503
31508
31510
31521
31522
31523
31525
31531
31536
31544
31548
31551
31554
31555
31558
31559
31567
31568
31570
31571
31573
31578
31580
31581
31598
31599
31601
31602
31603
31604
31606
31607
31608
31616
31617
31620
31622
31624
31646
31649
31651
31654
31658
31660
31662
31664
31666
31668
31670
31673
31674
31676
31678
31679
31683
31685
31690
31694
31698
31699
31701
31703
31708
31709
31712
31714
31724
31733
31737
31738
31739
31741
31747
31750
31751
31753
31756
31758
31759
31761
31767
31768
31774
31785
31790
31791
31799
31801
31803
31806
31808
31825
31828
31829
31830
31835
31858
31859
31863
31873
31875
31876
31878
31880
31881
31882
31883
31884
31887
31890
31891
31893
31898
31907
31909
31915
31922
31924
31928
31930
31932
31935
31941
31942
31945
31949
31951
31957
31959
31961
31964
31966
31970
31972
31977
31979
31985
31992
31996
31997
31998
32000
32002
32008
32009
32010
32011
32017
32029
32031
32032
32035
32039
32040
32043
32053
32054
32056
32058
32062
32063
32066
32067
32068
32069
32070
32073
32074
32081
32088
32092
32094
32095
32096
32099
32100
32101
32103
32105
32106
32109
32110
32113
32115
32116
32117
32118
32120
32127
32128
32130
32132
32133
32134
32141
32142
32144
32147
32150
32151
32152
32153
32155
32156
32161
32163
32167
32170
32171
32173
32174
32182
32184
32186
32188
32189
32190
32194
32196
32198
32199
32200
32201
32202
32203
32204
32205
32206
32207
32208
32210
32212
32213
32214
32215
32217
32218
32221
32222
32223
32224
32225
32226
32227
32230
32231
32232
32233
32234
32236
32237
32238
32240
32241
32242
32243
32244
32245
32246
32248
32250
32251
32252
32253
32254
32255
32258
32259
32260
32262
32263
32264
32265
32268
32269
32270
32271
32273
32274
32275
32278
32279
32281
32282
32285
32286
32287
32288
32289
32290
32291
32292
32293
32294
32295
32296
32297
32298
32300
32301
32302
32303
32304
32305
32308
32309
32311
32312
32313
32314
32316
32317
32319
32320
32322
32323
32324
32325
32326
32330
32331
32332
32335
32336
32338
32339
32341
32342
32343
32345
32347
32348
32349
32351
32352
32353
32354
32355
32356
32357
32360
32362
32363
32364
32365
32366
32367
32368
32370
32371
32373
32378
32380
32381
32382
32384
32385
32387
32388
32389
32390
32391
32395
32396
32397
32398
32400
32403
32405
32409
32410
32411
32412
32413
32414
32415
32416
32418
32420
32422
32424
32427
32428
32430
32432
32433
32434
32435
32436
32437
32438
32440
32441
32442
32443
32447
32448
32449
32450
32451
32452
32453
32454
32455
32456
32459
32461
32463
32464
32465
32466
32467
32469
32470
32471
32472
32474
32475
32476
32478
32479
32484
32485
32486
32488
32491
32493
32494
32495
32496
32498
32499
32500
32502
32503
32504
32507
32510
32512
32513
32514
32515
32516
32517
32521
32522
32525
32527
32528
32529
32530
32531
32533
32534
32535
32536
32537
32538
32539
32540
32541
32542
32544
32547
32548
32555
32556
32557
32560
32561
32562
32564
32566
32567
32568
32569
32571
32573
32574
32575
32576
32577
32578
32579
32580
32582
32583
32587
32589
32591
32593
32594
32595
32596
32597
32598
32600
32602
32603
32607
32608
32609
32610
32611
32613
32614
32615
32616
32618
32619
32620
32621
32622
32623
32624
32625
32627
32629
32630
32631
32632
32634
32636
32640
32641
32642
32646
32647
32648
32649
32650
32652
32653
32655
32656
32659
32661
32663
32666
32668
32669
32670
32671
32674
32675
32677
32678
32680
32681
32683
32685
32687
32688
32691
32692
32696
32697
32698
32700
32701
32702
32705
32706
32711
32713
32715
32716
32717
32718
32719
32720
32721
32722
32723
32725
32727
32728
32730
32731
32732
32733
32734
32742
32746
32747
32748
32750
32752
32754
32757
32758
32759
32760
32762
32764
32765
32768
32770
32773
32778
32779
32780
32781
32782
32783
32785
32786
32787
32788
32793
32796
32797
32801
32802
32804
32806
32811
32813
32814
32816
32818
32819
32820
32822
32823
32825
32831
32832
32835
32837
32838
32839
32840
32842
32843
32844
32846
32848
32850
32856
32857
32858
32861
32862
32863
32866
32869
32870
32874
32875
32876
32877
32879
32880
32883
32884
32885
32886
32887
32889
32890
32891
32892
32894
32898
32899
32900
32905
32906
32907
32910
32911
32917
32920
32921
32924
32930
32931
32932
32934
32936
32937
32939
32942
32944
32947
32948
32950
32952
32957
32958
32960
32961
32962
32964
32965
32966
32968
32969
32970
32972
32974
32975
32976
32977
32978
32980
32983
32986
32988
32989
32990
32991
32992
32994
32995
32998
32999
33000
33001
33002
33006
33007
33008
33010
33011
33012
33013
33014
33015
33016
33019
33021
33023
33027
33029
33030
33031
33036
33040
33041
33042
33044
33045
33046
33049
33053
33054
33060
33063
33066
33068
33069
33070
33074
33075
33076
33077
33081
33082
33084
33087
33089
33091
33092
33094
33096
33097
33100
33101
33104
33105
33106
33109
33110
33111
33113
33114
33116
33118
33123
33125
33128
33129
33131
33133
33134
33135
33136
33138
33141
33142
33145
33146
33147
33148
33150
33151
33154
33157
33158
33160
33162
33167
33168
33169
33171
33172
33173
33174
33175
33176
33177
33178
33179
33180
33183
33184
33185
33186
33187
33189
33190
33191
33192
33194
33196
33197
33198
33200
33201
33202
33203
33204
33208
33209
33212
33213
33214
33217
33218
33219
33222
33226
33227
33228
33229
33231
33232
33233
33235
33236
33238
33240
33242
33243
33244
33245
33246
33247
33249
33251
33252
33254
33255
33256
33257
33260
33261
33262
33264
33265
33267
33268
33269
33270
33271
33273
33274
33277
33280
33281
33282
33284
33286
33287
33289
33290
33293
33296
33297
33301
33304
33305
33306
33307
33311
33312
33313
33314
33316
33318
33321
33322
33324
33325
33326
33327
33328
33330
33331
33334
33335
33338
33339
33341
33343
33344
33346
33348
33350
33352
33354
33355
33356
33359
33361
33362
33364
33365
33367
33369
33370
33372
33373
33374
33378
33382
33384
33386
33387
33388
33389
33390
33391
33394
33397
33399
33400
33402
33403
33404
33405
33406
33408
33409
33410
33411
33412
33413
33414
33415
33417
33418
33420
33423
33424
33425
33427
33428
33429
33430
33434
33435
33438
33443
33445
33446
33447
33448
33451
33452
33453
33454
33456
33457
33458
33461
33463
33464
33465
33467
33469
33472
33474
33476
33479
33483
33488
33489
33502
33506
33510
33517
33522
33528
33532
33534
33537
33538
33540
33541
33542
33549
33550
33552
33554
33555
33556
33562
33563
33568
33569
33572
33574
33577
33580
33583
33584
33585
33587
33588
33592
33594
33602
33605
33608
33609
33611
33617
33629
33632
33637
33640
33643
33652
33653
33655
33657
33671
33673
33681
33684
33690
33694
33699
33700
33712
33716
33721
33725
33731
33732
33753
33765
33766
33770
33772
33776
33781
33788
33789
33795
33797
33800
33801
33803
33805
33812
33814
33820
33821
33822
33826
33827
33833
33835
33836
33845
33852
33853
33860
33866
33886
33887
33889
33892
33895
33914
33919
33924
33940
33954
33960
33961
33979
33981
33982
33991
33999
34000
34001
34006
34009
34012
34014
34016
34018
34020
34026
34029
34034
34049
34050
34053
34059
34060
34061
34094
34095
34096
34101
34102
34103
34104
34105
34106
34107
34108
34109
34110
34111
34112
34113
34115
34116
34117
34118
34120
34121
34122
34123
34124
34125
34126
34127
34128
34129
34130
34131
34132
34133
34134
34135
34136
34137
34138
34139
34140
34141
34142
34143
34144
34145
34146
34148
34149
34150
34151
34152
34154
34155
34156
34157
34159
34160
34161
34164
34168
34170
34171
34173
34174
34175
34176
34178
34179
34183
34184
34185
34186
34187
34188
34189
34190
34192
34193
34194
34195
34197
34199
34201
34202
34204
34205
34206
34207
34209
34210
34214
34215
34216
34217
34218
34221
34224
34226
34228
34229
34230
34232
34233
34235
34236
34237
34238
34239
34240
34241
34242
34243
34244
34245
34247
34248
34250
34253
34256
34257
34258
34259
34260
34261
34262
34263
34264
34267
34268
34269
34270
34271
34272
34273
34274
34276
34277
34278
34280
34282
34284
34286
34288
34289
34291
34292
34294
34295
34297
34299
34301
34302
34303
34304
34305
34306
34307
34310
34313
34315
34316
34320
34321
34325
34326
34327
34328
34330
34332
34333
34334
34335
34336
34341
34343
34345
34348
34349
34352
34354
34355
34356
34357
34358
34362
34363
34364
34365
34367
34368
34369
34370
34371
34372
34375
34376
34377
34379
34381
34383
34384
34385
34387
34388
34389
34391
34392
34395
34396
34400
34403
34405
34408
34409
34410
34411
34413
34414
34416
34417
34418
34419
34420
34421
34422
34423
34424
34425
34426
34427
34428
34429
34430
34431
34432
34433
34436
34437
34439
34441
34442
34445
34446
34448
34449
34452
34453
34455
34464
34465
34466
34467
34468
34471
34474
34475
34476
34477
34478
34479
34480
34482
34486
34487
34490
34491
34492
34493
34495
34496
34497
34500
34502
34504
34507
34508
34509
34512
34514
34515
34519
34523
34524
34526
34527
34528
34531
34534
34535
34536
34537
34538
34539
34540
34544
34546
34547
34550
34552
34557
34558
34560
34561
34562
34563
34567
34568
34569
34574
34576
34578
34583
34584
34587
34588
34590
34591
34593
34594
34595
34600
34601
34602
34603
34605
34606
34607
34608
34612
34616
34617
34623
34624
34625
34626
34628
34629
34630
34631
34636
34638
34639
34642
34643
34644
34645
34647
34649
34650
34652
34654
34655
34658
34660
34661
34662
34663
34665
34666
34667
34670
34674
34675
34678
34679
34683
34685
34687
34688
34691
34692
34693
34698
34700
34705
34707
34709
34711
34712
34713
34714
34715
34718
34720
34721
34722
34723
34724
34725
34728
34729
34731
34734
34736
34737
34740
34742
34744
34745
34747
34749
34750
34751
34753
34755
34756
34759
34760
34762
34763
34766
34767
34775
34778
34779
34780
34781
34782
34783
34784
34786
34789
34790
34791
34792
34794
34795
34796
34801
34802
34803
34805
34810
34813
34815
34816
34818
34819
34820
34824
34826
34827
34829
34832
34834
34835
34836
34841
34842
34844
34847
34848
34852
34853
34854
34855
34856
34859
34862
34863
34865
34867
34869
34871
34872
34874
34875
34878
34880
34881
34882
34883
34884
34885
34886
34887
34888
34892
34895
34898
34904
34905
34910
34912
34913
34914
34915
34917
34919
34921
34924
34926
34928
34929
34931
34933
34936
34937
34938
34939
34942
34945
34951
34953
34955
34957
34958
34961
34962
34963
34965
34968
34970
34971
34972
34977
34978
34979
34982
34985
34986
34988
34989
34990
34993
34995
34996
34998
35000
35002
35003
35005
35006
35009
35011
35013
35014
35015
35017
35019
35020
35021
35024
35025
35029
35032
35034
35039
35040
35042
35046
35047
35049
35050
35051
35055
35056
35059
35060
35061
35063
35064
35065
35066
35067
35068
35073
35074
35075
35078
35082
35084
35085
35086
35088
35090
35091
35096
35099
35101
35102
35108
35109
35110
35112
35116
35117
35119
35120
35121
35123
35124
35125
35126
35127
35131
35134
35135
35136
35137
35139
35141
35142
35145
35146
35148
35149
35153
35155
35157
35158
35159
35160
35169
35172
35173
35176
35177
35178
35179
35180
35185
35187
35188
35190
35192
35197
35198
35199
35201
35202
35204
35205
35206
35209
35211
35212
35216
35217
35221
35222
35224
35225
35227
35230
35233
35235
35236
35245
35246
35247
35248
35249
35254
35256
35257
35258
35260
35262
35264
35265
35268
35272
35273
35280
35282
35283
35285
35288
35292
35294
35304
35308
35310
35312
35315
35316
35317
35320
35321
35322
35326
35328
35330
35338
35341
35342
35344
35348
35353
35354
35356
35359
35360
35361
35363
35364
35365
35370
35371
35374
35378
35379
35381
35382
35390
35392
35397
35399
35404
35406
35413
35418
35419
35420
35421
35427
35431
35433
35438
35442
35445
35447
35450
35451
35454
35455
35456
35459
35460
35462
35464
35465
35467
35468
35471
35472
35473
35474
35475
35477
35480
35481
35482
35483
35488
35489
35490
35494
35497
35498
35501
35505
35507
35508
35510
35513
35514
35515
35522
35523
35524
35526
35527
35529
35536
35538
35539
35542
35544
35545
35548
35549
35551
35555
35563
35564
35572
35573
35577
35578
35579
35581
35583
35588
35590
35591
35592
35593
35594
35595
35596
35597
35598
35600
35601
35602
35604
35611
35615
35619
35621
35623
35626
35627
35628
35629
35630
35632
35633
35635
35637
35640
35641
35642
35644
35649
35652
35655
35656
35657
35658
35659
35663
35664
35665
35666
35667
35668
35670
35671
35673
35676
35677
35678
35680
35681
35688
35691
35692
35696
35700
35707
35708
35715
35716
35718
35719
35720
35721
35724
35726
35728
35729
35732
35733
35737
35741
35743
35744
35745
35746
35747
35749
35753
35754
35755
35757
35761
35762
35766
35767
35769
35773
35775
35777
35778
35780
35782
35783
35784
35786
35787
35790
35791
35793
35795
35796
35800
35801
35802
35803
35807
35808
35811
35812
35814
35817
35819
35820
35821
35827
35828
35830
35832
35833
35834
35835
35836
35837
35841
35842
35843
35844
35845
35846
35847
35848
35849
35850
35851
35852
35853
35854
35855
35856
35858
35860
35861
35862
35864
35865
35866
35867
35868
35869
35870
35873
35874
35876
35877
35878
35881
35883
35884
35885
35887
35888
35890
35891
35892
35897
35901
35903
35904
35906
35907
35908
35911
35912
35913
35914
35915
35916
35917
35918
35919
35920
35921
35922
35923
35925
35927
35928
35929
35930
35931
35932
35933
35935
35937
35938
35939
35940
35941
35942
35945
35946
35947
35949
35950
35951
35952
35954
35955
35956
35957
35958
35959
35962
35963
35964
35965
35966
35967
35968
35969
35970
35971
35972
35973
35974
35976
35977
35978
35979
35980
35981
35982
35984
35985
35986
35987
35988
35989
35990
35991
35992
35993
35994
35995
35996
35997
35999
36000
36001
36003
36005
36006
36007
36008
36009
36010
36012
36014
36016
36017
36018
36021
36022
36023
36024
36025
36026
36027
36028
36030
36031
36032
36033
36034
36037
36038
36040
36041
36042
36043
36044
36046
36047
36049
36050
36052
36053
36055
36056
36057
36058
36059
36060
36061
36062
36063
36064
36065
36066
36067
36068
36070
36071
36072
36073
36074
36076
36077
36078
36079
36080
36081
36082
36083
36085
36086
36087
36090
36092
36094
36095
36098
36101
36102
36103
36104
36105
36106
36107
36108
36109
36110
36111
36113
36115
36116
36117
36118
36119
36121
36122
36123
36124
36126
36127
36128
36129
36130
36131
36133
36137
36138
36141
36142
36143
36144
36146
36147
36150
36151
36152
36153
36154
36156
36157
36158
36159
36161
36162
36163
36164
36165
36166
36168
36170
36173
36174
36175
36179
36180
36181
36182
36184
36185
36186
36188
36189
36192
36193
36194
36197
36198
36199
36200
36201
36202
36205
36206
36207
36210
36211
36214
36216
36217
36218
36220
36221
36222
36226
36228
36229
36230
36231
36232
36233
36237
36238
36239
36240
36241
36242
36244
36245
36246
36247
36250
36251
36252
36255
36256
36259
36261
36263
36264
36268
36269
36270
36274
36275
36278
36279
36281
36282
36283
36284
36285
36288
36289
36292
36293
36294
36297
36298
36299
36300
36303
36307
36308
36309
36310
36311
36312
36313
36314
36316
36317
36319
36320
36322
36323
36324
36325
36326
36329
36330
36331
36332
36333
36334
36335
36338
36339
36341
36342
36343
36344
36345
36346
36347
36350
36352
36353
36354
36356
36357
36358
36359
36361
36362
36364
36365
36366
36367
36368
36369
36371
36372
36373
36375
36376
36378
36381
36382
36383
36384
36385
36386
36387
36388
36390
36391
36393
36394
36395
36396
36397
36399
36401
36402
36404
36406
36407
36410
36411
36412
36413
36415
36418
36419
36420
36421
36422
36423
36425
36426
36428
36429
36433
36434
36436
36437
36439
36442
36443
36444
36445
36446
36449
36451
36456
36457
36459
36464
36466
36468
36470
36471
36472
36473
36474
36475
36476
36477
36478
36479
36483
36486
36487
36489
36493
36494
36495
36496
36499
36501
36503
36506
36507
36509
36511
36513
36514
36515
36516
36518
36521
36524
36525
36527
36530
36532
36533
36534
36535
36536
36537
36541
36545
36546
36549
36552
36553
36554
36557
36559
36560
36561
36564
36568
36570
36574
36575
36576
36577
36580
36582
36584
36588
36590
36591
36593
36598
36599
36600
36601
36605
36606
36608
36609
36611
36612
36613
36615
36619
36620
36621
36622
36624
36625
36626
36627
36630
36631
36632
36636
36638
36639
36640
36643
36645
36646
36647
36649
36650
36654
36655
36656
36657
36658
36662
36664
36666
36667
36668
36669
36672
36674
36678
36679
36680
36682
36683
36684
36687
36688
36689
36690
36692
36694
36697
36698
36701
36702
36704
36706
36708
36709
36710
36711
36713
36714
36718
36720
36721
36723
36725
36727
36729
36730
36731
36732
36734
36735
36737
36738
36739
36741
36743
36744
36746
36747
36751
36753
36754
36756
36763
36765
36767
36768
36769
36771
36773
36775
36777
36781
36783
36784
36788
36789
36792
36794
36795
36796
36797
36800
36801
36806
36808
36809
36810
36811
36814
36815
36816
36818
36819
36820
36824
36825
36828
36836
36837
36838
36839
36840
36842
36843
36844
36846
36847
36851
36852
36854
36855
36856
36857
36859
36860
36861
36862
36864
36865
36866
36868
36869
36870
36872
36873
36874
36876
36877
36879
36880
36882
36883
36885
36886
36887
36888
36889
36890
36891
36892
36894
36896
36898
36899
36901
36903
36905
36906
36907
36908
36909
36910
36912
36913
36914
36917
36918
36919
36920
36921
36922
36923
36924
36926
36928
36929
36932
36936
36937
36938
36940
36943
36944
36945
36946
36947
36950
36953
36955
36956
36957
36959
36960
36961
36962
36965
36966
36968
36969
36970
36972
36974
36975
36976
36978
36979
36980
36981
36982
36983
36984
36985
36986
36987
36988
36989
36990
36991
36993
36994
36995
36996
36998
36999
37000
37002
37003
37004
37006
37007
37008
37009
37010
37011
37015
37017
37018
37019
37020
37021
37023
37025
37026
37027
37028
37030
37031
37035
37036
37038
37039
37040
37041
37043
37044
37045
37049
37050
37052
37053
37055
37056
37057
37058
37059
37061
37062
37066
37068
37069
37071
37073
37076
37077
37078
37079
37081
37082
37083
37084
37085
37086
37088
37089
37091
37092
37093
37095
37096
37097
37098
37099
37100
37101
37102
37103
37105
37106
37107
37108
37110
37111
37113
37114
37115
37116
37117
37118
37120
37121
37122
37124
37125
37127
37128
37129
37130
37131
37132
37134
37135
37138
37139
