2
3
22
28
33
36
37
38
39
47
49
50
54
56
57
61
74
75
78
81
85
87
94
96
98
111
114
119
124
133
140
143
145
147
154
158
161
163
170
172
176
177
179
183
189
190
196
206
207
215
232
238
261
262
263
268
272
277
283
296
302
318
321
323
326
327
328
343
349
352
354
361
365
370
374
377
379
380
383
386
387
398
401
408
412
420
421
427
434
435
437
459
464
469
480
481
484
488
499
503
504
509
512
538
539
548
550
572
573
575
586
594
601
602
605
608
615
618
620
623
633
634
636
639
642
662
663
668
675
676
680
681
683
684
685
687
688
689
690
691
692
693
694
695
696
698
699
700
701
702
703
704
705
706
707
708
709
710
711
712
713
714
715
717
718
719
720
722
723
724
725
726
727
728
730
731
735
736
737
738
739
741
742
744
745
746
747
748
750
754
755
756
757
758
759
761
762
766
768
769
771
773
774
776
778
779
781
782
784
785
786
788
789
791
792
797
798
799
801
803
807
809
810
811
812
813
814
815
816
817
818
819
820
821
824
825
828
830
831
832
833
834
835
836
837
838
840
842
844
845
846
847
849
850
851
852
856
857
858
860
861
863
865
866
868
869
871
872
873
875
881
883
884
885
887
890
892
894
895
896
900
901
904
905
906
907
908
909
911
912
913
914
915
920
921
923
924
925
926
931
933
934
936
938
939
940
942
943
947
952
954
956
957
959
962
965
966
967
968
969
970
974
977
979
981
982
984
985
986
987
988
989
990
993
994
995
997
998
1000
1001
1002
1003
1004
1005
1008
1009
1010
1018
1019
1027
1029
1031
1032
1033
1035
1037
1038
1039
1040
1044
1045
1051
1052
1053
1057
1060
1061
1065
1066
1067
1069
1071
1073
1075
1078
1079
1080
1083
1084
1085
1086
1087
1091
1092
1093
1094
1096
1097
1098
1100
1102
1107
1108
1111
1113
1114
1117
1118
1121
1122
1123
1129
1131
1132
1134
1135
1139
1141
1142
1152
1153
1155
1156
1157
1162
1163
1165
1166
1169
1171
1172
1174
1176
1177
1178
1182
1187
1190
1194
1195
1197
1198
1199
1200
1201
1202
1203
1204
1205
1207
1208
1209
1212
1216
1217
1218
1219
1220
1221
1222
1223
1228
1230
1235
1236
1239
1241
1242
1244
1246
1248
1250
1253
1259
1260
1262
1265
1266
1267
1268
1272
1275
1281
1282
1286
1287
1289
1290
1291
1295
1296
1298
1301
1307
1310
1311
1315
1317
1320
1321
1325
1326
1327
1331
1333
1335
1336
1337
1338
1339
1343
1348
1349
1351
1352
1354
1356
1358
1359
1360
1361
1364
1368
1369
1375
1376
1379
1380
1381
1382
1386
1387
1390
1392
1393
1396
1397
1398
1399
1403
1408
1410
1416
1417
1422
1425
1427
1428
1433
1435
1436
1437
1439
1443
1444
1445
1446
1448
1453
1456
1458
1461
1462
1464
1466
1467
1475
1478
1481
1482
1483
1487
1488
1495
1498
1499
1500
1503
1507
1511
1512
1513
1514
1516
1517
1519
1520
1524
1529
1533
1537
1539
1540
1543
1544
1546
1550
1552
1553
1554
1555
1557
1560
1562
1563
1564
1567
1568
1569
1570
1572
1574
1576
1577
1579
1581
1582
1583
1587
1588
1589
1590
1593
1596
1599
1603
1605
1606
1607
1609
1610
1615
1624
1625
1626
1634
1635
1637
1638
1639
1640
1641
1642
1643
1644
1645
1646
1648
1653
1656
1659
1661
1664
1673
1678
1679
1682
1686
1687
1688
1694
1695
1698
1701
1702
1705
1709
1711
1716
1717
1720
1722
1723
1726
1729
1734
1737
1743
1744
1749
1759
1760
1761
1762
1764
1766
1767
1768
1770
1773
1774
1775
1776
1785
1786
1787
1788
1789
1793
1794
1796
1801
1804
1808
1811
1813
1817
1819
1821
1822
1824
1831
1832
1839
1840
1842
1844
1846
1850
1851
1858
1861
1866
1868
1869
1871
1875
1878
1880
1882
1883
1887
1891
1892
1896
1905
1907
1908
1909
1910
1911
1916
1920
1923
1926
1937
1942
1944
1948
1954
1955
1956
1961
1962
1963
1964
1966
1967
1971
1972
1973
1975
1978
1986
1987
1989
1993
1995
2011
2012
2013
2015
2016
2018
2020
2021
2023
2027
2028
2029
2030
2040
2042
2045
2047
2049
2050
2057
2067
2077
2079
2084
2087
2094
2096
2098
2099
2101
2102
2103
2104
2108
2112
2113
2115
2120
2123
2125
2126
2135
2136
2139
2141
2143
2146
2152
2153
2158
2163
2165
2166
2171
2172
2174
2175
2181
2183
2185
2186
2189
2192
2197
2203
2208
2211
2212
2213
2215
2218
2220
2221
2225
2230
2234
2239
2241
2248
2252
2254
2255
2256
2258
2261
2263
2267
2270
2273
2275
2282
2284
2286
2288
2291
2292
2294
2297
2298
2300
2302
2303
2307
2317
2319
2327
2328
2329
2330
2341
2346
2350
2351
2352
2353
2356
2357
2361
2362
2364
2367
2375
2379
2382
2383
2385
2387
2388
2392
2393
2394
2397
2400
2401
2404
2410
2415
2417
2420
2421
2422
2423
2425
2429
2430
2431
2432
2433
2434
2435
2436
2437
2438
2439
2443
2444
2451
2453
2454
2455
2459
2470
2474
2481
2483
2484
2485
2487
2488
2489
2490
2491
2492
2493
2494
2495
2498
2502
2503
2505
2506
2508
2509
2510
2511
2512
2513
2514
2515
2516
2517
2518
2520
2521
2522
2524
2525
2526
2528
2529
2530
2532
2534
2535
2536
2537
2538
2539
2540
2541
2542
2543
2544
2546
2547
2549
2550
2552
2553
2554
2555
2556
2558
2559
2561
2562
2563
2564
2565
2566
2567
2568
2569
2570
2571
2572
2573
2574
2575
2576
2577
2578
2579
2581
2582
2583
2584
2585
2586
2588
2589
2590
2591
2592
2594
2595
2596
2597
2598
2599
2601
2602
2604
2605
2606
2609
2610
2611
2612
2613
2614
2615
2616
2617
2618
2619
2620
2621
2623
2624
2626
2627
2628
2629
2630
2631
2633
2634
2635
2636
2637
2639
2641
2643
2644
2646
2647
2648
2650
2651
2652
2653
2654
2655
2656
2657
2658
2660
2661
2663
2664
2665
2666
2667
2668
2669
2670
2672
2673
2674
2675
2676
2677
2678
2679
2682
2684
2685
2686
2687
2688
2689
2690
2691
2692
2693
2696
2697
2699
2700
2701
2702
2703
2704
2706
2707
2708
2711
2712
2716
2717
2719
2720
2721
2723
2724
2726
2727
2728
2729
2731
2733
2734
2736
2737
2738
2740
2742
2743
2744
2745
2747
2749
2750
2751
2753
2755
2758
2759
2760
2761
2762
2763
2764
2766
2768
2772
2773
2776
2779
2780
2782
2783
2784
2791
2792
2794
2795
2796
2798
2800
2801
2803
2807
2809
2810
2811
2813
2815
2816
2818
2819
2821
2822
2823
2824
2825
2826
2828
2829
2830
2831
2833
2834
2835
2837
2838
2841
2842
2843
2845
2846
2847
2848
2850
2851
2852
2854
2855
2856
2862
2866
2867
2868
2870
2871
2872
2873
2874
2876
2879
2881
2883
2884
2886
2888
2889
2890
2891
2893
2897
2898
2899
2900
2904
2906
2907
2909
2910
2911
2913
2914
2915
2917
2918
2919
2920
2922
2923
2927
2928
2930
2933
2936
2939
2941
2942
2943
2944
2946
2949
2954
2956
2957
2962
2968
2969
2970
2971
2973
2974
2975
2976
2980
2981
2983
2984
2986
2987
2988
2989
2992
2993
2994
2996
2998
3001
3002
3003
3005
3006
3008
3010
3011
3016
3018
3019
3020
3022
3023
3024
3025
3029
3030
3031
3033
3035
3036
3037
3038
3039
3040
3042
3044
3045
3047
3048
3049
3050
3051
3053
3054
3055
3058
3061
3063
3067
3069
3078
3081
3082
3085
3087
3088
3092
3099
3101
3105
3106
3107
3108
3110
3113
3117
3119
3120
3122
3123
3125
3126
3127
3128
3132
3134
3135
3138
3145
3149
3150
3154
3156
3157
3159
3162
3164
3165
3166
3167
3168
3172
3173
3174
3176
3177
3179
3180
3184
3185
3190
3191
3192
3195
3196
3200
3201
3203
3204
3205
3206
3208
3210
3213
3217
3219
3225
3228
3234
3239
3240
3241
3243
3247
3248
3249
3251
3252
3253
3254
3255
3256
3257
3258
3260
3261
3265
3266
3268
3269
3271
3274
3275
3276
3277
3278
3279
3280
3282
3284
3286
3287
3288
3290
3293
3296
3297
3299
3301
3302
3305
3306
3311
3312
3315
3316
3317
3319
3321
3322
3323
3324
3326
3327
3329
3334
3335
3337
3338
3341
3343
3344
3345
3349
3350
3351
3353
3354
3356
3357
3358
3359
3360
3361
3362
3363
3365
3366
3368
3370
3371
3373
3375
3378
3380
3383
3384
3385
3388
3389
3391
3392
3393
3394
3395
3396
3398
3400
3406
3407
3411
3412
3414
3416
3418
3421
3422
3423
3425
3426
3427
3428
3432
3436
3438
3439
3441
3442
3444
3446
3448
3450
3452
3456
3457
3458
3459
3461
3463
3464
3465
3466
3467
3469
3472
3473
3474
3477
3479
3480
3481
3483
3484
3485
3486
3487
3488
3492
3494
3496
3497
3498
3500
3501
3503
3506
3509
3512
3515
3516
3517
3518
3519
3520
3521
3524
3529
3530
3531
3532
3534
3535
3537
3539
3540
3542
3544
3545
3548
3549
3553
3554
3555
3557
3558
3559
3560
3561
3562
3566
3567
3568
3569
3570
3572
3574
3575
3580
3581
3582
3584
3590
3591
3592
3595
3596
3597
3599
3600
3602
3603
3604
3608
3609
3610
3612
3613
3617
3618
3619
3621
3622
3623
3624
3625
3629
3630
3631
3632
3634
3636
3637
3638
3640
3642
3643
3644
3647
3650
3652
3653
3654
3655
3657
3658
3660
3665
3667
3669
3672
3673
3674
3677
3678
3680
3682
3687
3688
3691
3694
3696
3697
3698
3699
3700
3702
3703
3705
3708
3710
3739
3746
3749
3752
3757
3760
3762
3767
3768
3771
3776
3780
3783
3788
3792
3795
3800
3809
3812
3814
3823
3824
3825
3826
3827
3828
3831
3835
3837
3840
3845
3850
3851
3856
3857
3858
3863
3865
3872
3874
3879
3881
3884
3887
3889
3891
3899
3910
3920
3921
3925
3932
3940
3943
3946
3952
3953
3954
3966
3968
3975
3977
3978
3986
3990
3993
4005
4008
4013
4033
4035
4040
4041
4042
4044
4046
4052
4053
4054
4063
4066
4067
4078
4079
4086
4087
4094
4095
4101
4102
4105
4109
4118
4122
4125
4129
4133
4138
4140
4146
4147
4148
4149
4164
4167
4172
4178
4185
4194
4201
4202
4207
4213
4217
4218
4222
4223
4238
4246
4247
4249
4252
4255
4259
4269
4275
4283
4287
4295
4300
4304
4305
4316
4318
4319
4322
4324
4327
4334
4337
4341
4343
4344
4346
4347
4349
4351
4354
4356
4363
4368
4371
4373
4378
4382
4384
4388
4390
4391
4392
4394
4395
4397
4398
4399
4400
4401
4402
4403
4404
4405
4407
4408
4409
4410
4411
4412
4414
4416
4419
4420
4421
4422
4423
4424
4425
4426
4427
4428
4429
4430
4431
4432
4433
4434
4435
4436
4438
4439
4440
4441
4442
4444
4445
4447
4448
4449
4454
4455
4456
4457
4459
4460
4461
4462
4463
4464
4466
4467
4469
4470
4472
4473
4476
4477
4479
4480
4482
4483
4484
4485
4486
4487
4489
4490
4491
4492
4493
4494
4495
4496
4497
4498
4499
4502
4503
4504
4510
4511
4512
4513
4514
4515
4516
4518
4519
4520
4523
4524
4525
4526
4527
4528
4531
4532
4533
4534
4535
4536
4538
4540
4544
4545
4546
4547
4549
4550
4551
4552
4554
4555
4556
4557
4559
4560
4561
4563
4565
4572
4573
4574
4575
4576
4577
4581
4582
4583
4587
4589
4590
4594
4595
4597
4598
4600
4603
4604
4605
4606
4608
4611
4612
4613
4615
4616
4618
4619
4620
4622
4623
4629
4630
4631
4632
4633
4634
4636
4639
4640
4642
4644
4645
4647
4648
4650
4652
4654
4655
4656
4658
4663
4665
4666
4667
4669
4670
4671
4673
4676
4677
4679
4680
4682
4684
4685
4686
4688
4690
4691
4693
4694
4695
4697
4698
4699
4701
4702
4703
4704
4709
4710
4711
4714
4715
4716
4717
4720
4721
4722
4723
4724
4725
4727
4728
4733
4734
4736
4737
4738
4739
4744
4745
4746
4748
4749
4750
4752
4753
4755
4756
4757
4758
4759
4760
4761
4765
4766
4767
4769
4770
4775
4776
4777
4778
4779
4780
4782
4783
4787
4788
4790
4791
4792
4794
4796
4798
4800
4801
4802
4807
4808
4809
4811
4812
4814
4815
4816
4819
4820
4821
4822
4824
4825
4827
4830
4831
4832
4835
4837
4839
4840
4843
4845
4846
4848
4849
4853
4856
4859
4860
4861
4862
4863
4865
4866
4867
4871
4872
4873
4876
4878
4879
4880
4882
4887
4888
4889
4891
4892
4895
4897
4898
4899
4900
4905
4906
4910
4915
4916
4917
4918
4923
4929
4930
4931
4933
4936
4937
4938
4940
4941
4942
4946
4947
4948
4949
4950
4951
4953
4955
4961
4963
4964
4967
4968
4969
4971
4972
4973
4974
4975
4976
4978
4979
4980
4982
4983
4986
4987
4990
4993
4995
4996
4997
5002
5003
5005
5009
5010
5012
5013
5014
5015
5016
5017
5020
5023
5025
5029
5032
5033
5035
5036
5037
5038
5039
5040
5041
5042
5044
5045
5048
5051
5052
5054
5059
5062
5063
5065
5066
5068
5069
5071
5072
5073
5077
5078
5082
5083
5084
5085
5089
5091
5093
5094
5095
5096
5097
5100
5101
5103
5104
5105
5108
5110
5112
5113
5114
5117
5119
5120
5121
5122
5125
5128
5130
5132
5133
5136
5138
5141
5143
5144
5147
5150
5153
5155
5157
5158
5160
5164
5165
5168
5170
5171
5172
5175
5178
5179
5180
5181
5183
5186
5189
5190
5192
5193
5201
5202
5203
5204
5206
5208
5209
5210
5211
5214
5215
5217
5221
5222
5225
5226
5227
5228
5230
5231
5232
5237
5239
5240
5241
5246
5247
5248
5249
5254
5255
5261
5264
5267
5276
5277
5278
5279
5282
5283
5286
5288
5290
5292
5293
5297
5298
5299
5301
5304
5307
5311
5312
5313
5315
5320
5321
5322
5324
5327
5329
5330
5332
5334
5335
5338
5340
5343
5344
5349
5351
5352
5354
5355
5362
5363
5365
5367
5370
5372
5373
5376
5379
5380
5383
5384
5386
5387
5388
5389
5392
5395
5396
5398
5400
5401
5407
5414
5417
5418
5420
5427
5430
5431
5432
5434
5436
5437
5438
5440
5441
5442
5445
5446
5448
5450
5451
5458
5460
5465
5467
5468
5471
5473
5474
5475
5476
5479
5481
5482
5484
5487
5488
5494
5495
5499
5500
5501
5502
5505
5506
5509
5510
5511
5512
5515
5518
5519
5520
5521
5523
5530
5532
5535
5536
5539
5542
5544
5547
5548
5549
5553
5554
5556
5561
5565
5566
5571
5575
5580
5582
5584
5586
5588
5594
5596
5597
5603
5604
5605
5611
5614
5619
5620
5622
5624
5625
5626
5632
5634
5638
5642
5643
5648
5651
5653
5654
5658
5660
5661
5662
5666
5667
5668
5669
5670
5671
5675
5676
5677
5681
5685
5686
5687
5689
5692
5693
5694
5697
5700
5701
5706
5709
5711
5714
5716
5726
5729
5730
5735
5739
5740
5741
5743
5746
5748
5752
5753
5760
5764
5767
5768
5769
5771
5775
5777
5778
5781
5782
5787
5790
5793
5796
5802
5804
5807
5810
5812
5814
5816
5821
5822
5824
5825
5826
5827
5834
5839
5845
5847
5849
5850
5851
5856
5860
5862
5864
5872
5874
5876
5877
5879
5880
5882
5885
5886
5888
5889
5894
5895
5899
5900
5905
5906
5915
5920
5922
5926
5927
5931
5937
5942
5943
5944
5953
5958
5960
5961
5962
5972
5974
5975
5977
5981
5982
5983
5984
5987
5989
5990
5991
5994
5997
5999
6003
6004
6006
6008
6011
6012
6014
6015
6016
6021
6023
6025
6029
6032
6033
6034
6036
6041
6043
6045
6052
6055
6060
6061
6065
6066
6069
6071
6072
6073
6075
6076
6078
6080
6084
6086
6087
6088
6089
6096
6097
6098
6101
6102
6104
6105
6107
6108
6109
6111
6114
6115
6117
6119
6120
6121
6123
6124
6126
6129
6130
6134
6136
6142
6144
6147
6150
6152
6156
6157
6158
6165
6168
6169
6171
6172
6175
6179
6180
6188
6189
6199
6201
6202
6203
6204
6205
6206
6207
6208
6209
6210
6211
6212
6213
6217
6218
6219
6220
6223
6224
6225
6226
6227
6228
6229
6232
6233
6234
6235
6237
6238
6239
6240
6241
6242
6243
6244
6246
6247
6249
6250
6251
6252
6253
6254
6255
6256
6257
6258
6259
6260
6262
6263
6264
6265
6266
6267
6268
6272
6273
6274
6275
6276
6278
6279
6280
6282
6283
6284
6285
6286
6287
6288
6289
6290
6291
6292
6293
6294
6295
6296
6297
6298
6299
6300
6302
6303
6304
6305
6306
6307
6308
6309
6310
6311
6312
6313
6314
6315
6316
6318
6319
6320
6321
6322
6324
6325
6326
6327
6328
6329
6330
6331
6332
6333
6334
6335
6337
6340
6341
6342
6343
6344
6345
6346
6347
6348
6349
6350
6351
6353
6357
6358
6359
6360
6362
6364
6365
6366
6367
6368
6369
6372
6373
6374
6375
6377
6378
6380
6382
6383
6384
6386
6388
6389
6390
6392
6393
6395
6396
6397
6398
6399
6400
6401
6403
6404
6405
6406
6407
6408
6409
6410
6412
6413
6414
6415
6416
6417
6418
6420
6421
6423
6424
6425
6426
6427
6429
6430
6431
6432
6433
6434
6435
6437
6438
6439
6440
6441
6443
6445
6446
6447
6449
6450
6451
6452
6453
6454
6455
6457
6458
6459
6460
6461
6462
6465
6467
6469
6470
6472
6473
6474
6476
6478
6479
6482
6483
6487
6488
6489
6490
6493
6494
6495
6499
6501
6503
6504
6505
6509
6511
6513
6514
6515
6517
6518
6520
6521
6523
6524
6525
6527
6528
6530
6531
6532
6533
6536
6538
6539
6540
6543
6544
6545
6546
6549
6550
6551
6553
6555
6562
6563
6566
6569
6572
6573
6576
6578
6580
6581
6582
6584
6585
6587
6588
6590
6595
6596
6597
6598
6600
6602
6604
6607
6608
6609
6610
6611
6612
6614
6615
6616
6618
6620
6621
6624
6627
6628
6629
6630
6631
6632
6633
6634
6635
6637
6642
6644
6648
6649
6650
6651
6652
6653
6654
6656
6657
6658
6659
6660
6661
6662
6665
6666
6673
6676
6678
6679
6685
6687
6688
6689
6692
6694
6695
6697
6698
6699
6703
6704
6705
6706
6707
6709
6710
6715
6717
6718
6722
6724
6725
6727
6730
6732
6733
6734
6735
6736
6744
6746
6747
6749
6750
6752
6754
6755
6756
6757
6760
6762
6763
6764
6765
6766
6767
6769
6770
6775
6777
6779
6780
6781
6782
6783
6791
6792
6795
6797
6799
6802
6803
6806
6808
6810
6811
6813
6815
6821
6822
6825
6834
6835
6837
6839
6840
6841
6846
6848
6852
6854
6863
6864
6867
6868
6870
6872
6873
6876
6877
6879
6881
6882
6885
6886
6888
6891
6892
6893
6897
6899
6901
6904
6905
6906
6909
6910
6914
6915
6919
6925
6926
6927
6929
6931
6933
6934
6940
6942
6944
6946
6948
6949
6951
6954
6955
6958
6959
6963
6966
6967
6968
6970
6972
6974
6975
6976
6978
6980
6981
6982
6984
6986
6988
6990
6991
6992
6994
6996
6998
6999
7000
7001
7002
7004
7009
7011
7012
7013
7015
7016
7020
7022
7026
7029
7031
7036
7038
7039
7040
7043
7046
7048
7049
7050
7051
7053
7054
7059
7060
7061
7063
7065
7068
7072
7074
7076
7079
7084
7085
7086
7087
7089
7093
7094
7098
7099
7103
7106
7107
7110
7111
7112
7119
7120
7121
7125
7126
7127
7128
7130
7131
7134
7135
7136
7137
7138
7139
7140
7146
7147
7148
7151
7152
7153
7155
7160
7162
7164
7171
7173
7174
7175
7176
7177
7178
7179
7180
7181
7182
7184
7188
7191
7193
7195
7197
7198
7199
7201
7203
7204
7207
7208
7209
7211
7212
7214
7215
7216
7217
7218
7222
7224
7226
7228
7231
7233
7234
7235
7238
7244
7245
7246
7248
7249
7253
7254
7256
7258
7259
7260
7262
7264
7267
7268
7269
7270
7271
7272
7273
7275
7281
7282
7284
7285
7288
7292
7295
7296
7298
7303
7307
7309
7310
7313
7314
7316
7318
7320
7322
7323
7324
7328
7334
7335
7336
7337
7338
7339
7342
7343
7345
7346
7348
7350
7351
7354
7356
7357
7358
7361
7364
7366
7367
7368
7372
7373
7374
7375
7376
7377
7379
7380
7381
7383
7385
7386
7387
7388
7389
7390
7391
7392
7393
7394
7396
7397
7402
7404
7405
7408
7410
7412
7413
7414
7416
7417
7419
7420
7422
7424
7425
7426
7427
7449
7454
7465
7472
7482
7490
7493
7495
7505
7507
7512
7516
7524
7525
7531
7542
7547
7548
7554
7561
7563
7564
7565
7568
7569
7571
7572
7573
7579
7586
7610
7628
7644
7655
7660
7680
7683
7686
7690
7692
7698
7706
7707
7719
7726
7737
7744
7746
7747
7750
7754
7755
7767
7777
7789
7790
7793
7797
7802
7811
7814
7841
7842
7846
7862
7873
7880
7891
7893
7911
7913
7916
7923
7927
7931
7933
7940
7949
7962
7963
7964
7966
8000
8001
8005
8009
8021
8022
8030
8038
8048
8051
8057
8061
8068
8070
8082
8088
8096
8097
8098
8109
8110
8111
8112
8113
8114
8115
8116
8117
8119
8121
8124
8125
8127
8128
8130
8131
8132
8133
8134
8135
8136
8137
8138
8139
8140
8141
8142
8144
8145
8148
8150
8152
8153
8154
8155
8156
8157
8158
8159
8161
8163
8166
8169
8170
8176
8178
8179
8181
8182
8184
8185
8186
8187
8190
8191
8196
8197
8198
8200
8201
8206
8208
8209
8210
8212
8213
8216
8217
8218
8219
8220
8224
8225
8226
8228
8229
8230
8231
8233
8235
8236
8237
8238
8239
8240
8241
8242
8244
8246
8248
8249
8250
8251
8254
8256
8258
8261
8266
8268
8271
8272
8275
8277
8278
8279
8281
8282
8283
8284
8286
8289
8291
8292
8294
8295
8296
8298
8300
8301
8303
8305
8306
8308
8309
8312
8314
8317
8318
8319
8320
8322
8323
8326
8327
8328
8329
8330
8334
8348
8349
8351
8353
8354
8355
8358
8359
8360
8366
8367
8368
8369
8370
8371
8372
8373
8375
8380
8383
8384
8385
8386
8389
8390
8393
8394
8397
8399
8400
8401
8402
8405
8407
8408
8410
8412
8413
8415
8418
8421
8423
8429
8430
8431
8434
8435
8436
8438
8440
8441
8443
8445
8446
8447
8450
8454
8455
8459
8460
8462
8463
8464
8466
8468
8469
8473
8475
8478
8479
8480
8483
8486
8487
8489
8490
8493
8494
8497
8498
8499
8502
8503
8504
8506
8507
8508
8509
8511
8512
8514
8515
8518
8519
8521
8526
8528
8529
8534
8536
8537
8539
8540
8541
8542
8548
8551
8557
8559
8561
8562
8567
8570
8571
8574
8575
8576
8577
8586
8590
8592
8596
8597
8602
8603
8607
8608
8609
8610
8613
8615
8623
8625
8631
8637
8641
8643
8644
8645
8649
8651
8652
8661
8664
8666
8669
8673
8675
8677
8680
8681
8682
8686
8688
8689
8690
8693
8694
8696
8701
8703
8708
8717
8719
8721
8722
8724
8728
8729
8734
8735
8738
8739
8742
8744
8749
8753
8755
8758
8759
8760
8762
8763
8765
8766
8767
8773
8777
8780
8781
8782
8787
8788
8790
8792
8793
8801
8802
8803
8804
8808
8810
8812
8813
8815
8817
8825
8826
8829
8835
8836
8840
8843
8844
8845
8846
8848
8852
8853
8855
8857
8860
8861
8864
8865
8867
8869
8873
8874
8876
8877
8879
8881
8883
8884
8885
8886
8887
8888
8889
8890
8892
8894
8896
8906
8908
8915
8916
8918
8919
8920
8922
8923
8928
8933
8935
8936
8940
8941
8947
8951
8952
8954
8955
8961
8963
8966
8968
8969
8972
8979
8989
8992
8997
9000
9005
9007
9009
9013
9016
9018
9019
9020
9021
9022
9026
9033
9034
9041
9045
9049
9062
9066
9070
9072
9074
9090
9093
9096
9099
9101
9104
9106
9107
9110
9118
9121
9126
9127
9129
9137
9138
9143
9145
9148
9151
9152
9154
9156
9157
9159
9160
9162
9168
9169
9187
9189
9193
9195
9198
9199
9206
9208
9215
9217
9219
9221
9223
9225
9226
9235
9237
9249
9272
9276
9281
9299
9304
9308
9311
9318
9320
9324
9326
9328
9332
9333
9334
9336
9337
9338
9343
9345
9346
9348
9351
9352
9355
9359
9362
9363
9371
9372
9376
9378
9382
9383
9385
9389
9395
9399
9403
9406
9407
9408
9409
9411
9416
9423
9425
9435
9438
9440
9444
9446
9447
9448
9449
9451
9452
9453
9455
9463
9473
9475
9491
9495
9497
9502
9506
9507
9513
9514
9516
9517
9519
9524
9526
9527
9529
9530
9536
9538
9540
9541
9542
9549
9551
9553
9557
9559
9566
9568
9574
9575
9578
9589
9591
9593
9594
9595
9596
9597
9600
9602
9603
9606
9609
9611
9612
9613
9619
9624
9634
9636
9640
9642
9643
9653
9662
9667
9669
9671
9673
9675
9682
9694
9695
9696
9704
9707
9710
9712
9717
9726
9735
9748
9757
9759
9769
9770
9772
9774
9775
9779
9784
9785
9791
9793
9806
9809
9810
9815
9816
9817
9819
9822
9824
9825
9826
9831
9833
9835
9836
9837
9842
9843
9846
9848
9849
9850
9851
9854
9857
9858
9860
9864
9866
9870
9871
9872
9873
9875
9878
9883
9885
9887
9891
9893
9913
9915
9916
9917
9918
9919
9920
9921
9922
9923
9924
9926
9927
9928
9929
9931
9933
9934
9937
9938
9939
9941
9942
9943
9945
9946
9948
9949
9950
9952
9953
9954
9956
9957
9958
9959
9961
9962
9963
9965
9966
9967
9968
9969
9970
9971
9972
9973
9976
9977
9978
9980
9981
9982
9985
9987
9988
9989
9990
9992
9993
9994
9996
9997
9998
9999
10001
10002
10004
10005
10006
10007
10009
10010
10012
10013
10014
10016
10017
10018
10019
10020
10021
10022
10023
10024
10025
10026
10027
10029
10030
10031
10032
10033
10034
10035
10036
10037
10038
10040
10042
10043
10044
10045
10046
10048
10049
10050
10051
10052
10053
10054
10055
10056
10057
10058
10059
10060
10061
10063
10064
10067
10069
10070
10072
10074
10078
10079
10080
10081
10082
10083
10084
10087
10089
10093
10096
10100
10102
10103
10104
10105
10106
10107
10109
10112
10113
10115
10116
10117
10118
10120
10121
10125
10126
10128
10129
10130
10131
10135
10139
10140
10142
10143
10144
10145
10148
10149
10150
10152
10154
10155
10156
10157
10158
10159
10163
10164
10166
10168
10170
10172
10174
10175
10176
10177
10179
10180
10183
10185
10186
10187
10188
10190
10193
10194
10196
10199
10200
10201
10209
10211
10212
10214
10216
10217
10218
10220
10222
10223
10225
10226
10228
10233
10234
10235
10236
10241
10243
10244
10246
10247
10249
10250
10252
10254
10255
10257
10258
10259
10261
10262
10265
10266
10269
10270
10271
10277
10278
10280
10283
10284
10285
10286
10287
10293
10295
10296
10298
10299
10302
10304
10307
10311
10312
10314
10315
10316
10318
10323
10325
10326
10329
10330
10331
10332
10334
10335
10337
10339
10341
10342
10343
10345
10346
10347
10348
10349
10351
10356
10358
10360
10362
10365
10366
10367
10368
10369
10370
10371
10372
10377
10378
10379
10380
10382
10385
10387
10389
10396
10397
10399
10401
10402
10404
10408
10409
10414
10415
10417
10420
10421
10422
10424
10426
10427
10429
10430
10431
10436
10439
10442
10444
10445
10446
10448
10450
10451
10453
10457
10458
10460
10461
10462
10466
10470
10474
10475
10476
10477
10478
10480
10481
10482
10483
10484
10489
10490
10491
10492
10495
10496
10497
10499
10502
10509
10511
10516
10517
10523
10527
10529
10532
10536
10538
10539
10542
10543
10548
10549
10550
10553
10555
10556
10559
10560
10562
10566
10568
10570
10572
10574
10575
10577
10578
10579
10582
10584
10586
10590
10592
10593
10596
10601
10605
10613
10617
10618
10623
10624
10629
10633
10636
10638
10641
10647
10654
10655
10660
10664
10666
10667
10668
10669
10670
10671
10673
10680
10681
10684
10685
10686
10689
10690
10691
10692
10693
10694
10697
10699
10702
10703
10705
10706
10707
10710
10712
10714
10715
10716
10720
10722
10726
10729
10730
10733
10738
10740
10743
10745
10746
10750
10753
10754
10757
10760
10765
10771
10772
10779
10785
10788
10790
10792
10793
10801
10803
10806
10808
10809
10813
10816
10817
10820
10823
10826
10830
10831
10835
10839
10840
10841
10846
10848
10849
10850
10851
10853
10855
10856
10857
10858
10860
10861
10864
10866
10870
10876
10878
10881
10885
10887
10891
10894
10895
10896
10901
10903
10905
10909
10911
10913
10914
10915
10916
10917
10918
10920
10921
10923
10924
10925
10929
10931
10934
10938
10941
10942
10943
10945
10947
10948
10949
10950
10957
10958
10959
10960
10962
10963
10965
10966
10967
10968
10970
10972
10973
10976
10977
10978
10980
10982
10983
10984
10985
10986
10988
10989
10993
10996
10997
11002
11005
11006
11009
11010
11012
11015
11016
11017
11020
11028
11030
11037
11038
11040
11042
11043
11044
11045
11046
11047
11050
11052
11054
11057
11059
11060
11061
11062
11063
11065
11066
11068
11070
11071
11072
11075
11078
11080
11081
11083
11085
11086
11088
11091
11097
11098
11099
11100
11101
11102
11106
11107
11108
11110
11111
11112
11113
11120
11122
11124
11125
11127
11128
11129
11133
11134
11136
11137
11139
11140
11141
11145
11158
11159
11161
11168
11179
11181
11196
11205
11214
11217
11222
11225
11226
11228
11247
11255
11265
11266
11271
11276
11278
11283
11285
11287
11288
11293
11299
11300
11301
11304
11313
11314
11316
11325
11332
11338
11339
11340
11341
11342
11343
11344
11348
11349
11358
11361
11368
11375
11380
11382
11391
11396
11397
11405
11420
11421
11433
11436
11440
11443
11445
11452
11456
11462
11463
11470
11472
11491
11501
11513
11514
11522
11525
11527
11530
11531
11537
11545
11560
11561
11573
11576
11577
11579
11605
11608
11622
11627
11629
11635
11637
11640
11641
11642
11650
11654
11659
11663
11667
11670
11671
11681
11684
11694
11703
11712
11717
11718
11720
11724
11725
11726
11730
11733
11738
11740
11751
11758
11760
11762
11765
11778
11784
11785
11788
11792
11796
11801
11805
11812
11813
11816
11818
11819
11821
11823
11824
11825
11826
11827
11828
11829
11830
11832
11833
11834
11835
11836
11837
11838
11839
11840
11841
11842
11843
11844
11845
11846
11847
11848
11849
11850
11851
11852
11853
11854
11855
11856
11857
11858
11859
11860
11861
11862
11863
11864
11866
11867
11868
11869
11870
11871
11872
11873
11874
11875
11876
11877
11878
11879
11880
11882
11883
11884
11885
11886
11887
11888
11889
11890
11897
11898
11899
11900
11901
11902
11905
11908
11910
11915
11919
11920
11921
11923
11924
11926
11929
11930
11932
11934
11937
11938
11939
11940
11942
11943
11944
11946
11947
11949
11950
11951
11953
11954
11955
11956
11957
11958
11962
11963
11964
11966
11970
11972
11973
11974
11975
11977
11978
11979
11980
11983
11986
11987
11993
11995
12000
12002
12003
12004
12005
12007
12015
12017
12020
12021
12022
12023
12024
12025
12030
12031
12034
12036
12040
12041
12047
12048
12049
12051
12053
12054
12056
12060
12061
12062
12069
12073
12075
12080
12081
12082
12084
12087
12088
12092
12094
12095
12096
12097
12098
12099
12100
12101
12104
12107
12109
12114
12116
12118
12119
12120
12121
12122
12123
12124
12126
12127
12130
12132
12133
12134
12136
12137
12138
12143
12144
12149
12150
12151
12152
12154
12155
12161
12162
12167
12168
12169
12170
12172
12174
12179
12180
12181
12182
12185
12188
12190
12192
12194
12198
12201
12202
12203
12204
12205
12208
12211
12212
12213
12215
12216
12219
12221
12224
12225
12227
12228
12230
12232
12237
12239
12240
12241
12242
12243
12244
12245
12247
12249
12250
12252
12253
12258
12261
12263
12265
12266
12267
12272
12273
12274
12275
12276
12279
12281
12284
12288
12289
12290
12291
12292
12293
12299
12302
12304
12306
12307
12308
12310
12314
12316
12318
12320
12321
12322
12323
12324
12327
12332
12339
12341
12342
12345
12351
12356
12358
12359
12363
12365
12370
12371
12375
12376
12378
12379
12381
12392
12394
12395
12400
12401
12403
12404
12406
12411
12413
12414
12415
12418
12421
12422
12423
12425
12426
12430
12433
12434
12436
12437
12439
12440
12441
12442
12445
12446
12452
12453
12454
12456
12457
12460
12461
12462
12463
12467
12468
12469
12472
12473
12474
12475
12476
12477
12479
12481
12484
12488
12490
12491
12494
12497
12498
12500
12501
12504
12506
12509
12510
12512
12516
12517
12518
12520
12522
12524
12526
12527
12528
12529
12531
12533
12536
12538
12540
12541
12542
12543
12548
12549
12550
12552
12556
12558
12566
12569
12571
12572
12575
12578
12579
12581
12586
12587
12590
12596
12597
12598
12599
12600
12603
12605
12608
12613
12614
12617
12618
12620
12621
12627
12630
12631
12636
12637
12639
12642
12643
12645
12649
12651
12652
12653
12655
12656
12660
12662
12665
12668
12674
12675
12678
12679
12681
12682
12690
12692
12693
12695
12697
12698
12699
12701
12703
12704
12705
12707
12709
12711
12713
12718
12719
12721
12725
12726
12729
12731
12732
12735
12737
12738
12739
12740
12741
12744
12746
12752
12755
12757
12758
12759
12760
12762
12764
12771
12773
12775
12780
12781
12783
12786
12790
12791
12793
12798
12799
12801
12805
12806
12810
12815
12824
12827
12831
12832
12835
12838
12840
12841
12842
12845
12850
12851
12854
12857
12862
12865
12866
12870
12871
12876
12878
12879
12885
12887
12888
12889
12895
12896
12899
12901
12903
12904
12909
12910
12911
12914
12915
12917
12919
12921
12927
12928
12930
12937
12940
12948
12949
12951
12953
12956
12961
12963
12964
12968
12981
12984
12988
12990
12991
12993
12995
12998
13002
13003
13007
13013
13014
13018
13022
13024
13026
13030
13034
13035
13039
13042
13046
13052
13054
13058
13060
13064
13069
13075
13077
13078
13079
13086
13091
13094
13098
13099
13103
13104
13109
13110
13113
13120
13123
13134
13135
13137
13139
13149
13154
13158
13161
13163
13167
13170
13171
13173
13177
13180
13183
13187
13188
13189
13196
13199
13202
13205
13219
13228
13230
13233
13238
13239
13245
13250
13252
13254
13255
13258
13261
13264
13267
13277
13278
13280
13282
13286
13287
13296
13297
13303
13305
13306
13307
13308
13309
13310
13311
13312
13316
13320
13323
13326
13327
13328
13329
13340
13344
13348
13354
13357
13370
13381
13386
13387
13388
13390
13400
13402
13409
13410
13413
13418
13420
13428
13431
13432
13440
13444
13449
13451
13452
13453
13459
13461
13462
13468
13469
13471
13475
13478
13482
13483
13489
13493
13499
13501
13502
13503
13515
13517
13522
13523
13524
13529
13530
13533
13535
13536
13537
13542
13543
13544
13545
13549
13553
13554
13556
13557
13562
13564
13565
13568
13570
13571
13572
13574
13575
13576
13577
13585
13586
13593
13594
13597
13599
13601
13603
13604
13605
13612
13616
13629
13630
13631
13632
13633
13634
13635
13636
13637
13638
13640
13642
13645
13646
13647
13648
13649
13651
13653
13654
13655
13656
13657
13660
13662
13663
13664
13666
13667
13668
13670
13671
13672
13673
13674
13675
13677
13678
13679
13680
13681
13682
13683
13684
13685
13686
13688
13689
13691
13693
13694
13695
13698
13699
13700
13701
13703
13704
13705
13707
13708
13709
13710
13711
13712
13713
13715
13716
13717
13719
13721
13722
13724
13725
13726
13727
13728
13730
13732
13733
13736
13737
13738
13740
13741
13743
13744
13745
13746
13747
13749
13750
13751
13752
13754
13756
13757
13758
13759
13761
13762
13763
13765
13766
13768
13769
13770
13772
13773
13775
13776
13777
13778
13779
13781
13782
13783
13785
13786
13787
13789
13790
13792
13793
13795
13796
13797
13798
13800
13802
13803
13804
13805
13806
13807
13808
13809
13810
13811
13812
13813
13814
13815
13817
13819
13820
13821
13823
13824
13826
13827
13828
13829
13831
13832
13834
13835
13839
13840
13842
13843
13845
13846
13850
13852
13853
13854
13858
13859
13860
13862
13863
13865
13867
13868
13869
13870
13871
13872
13873
13875
13877
13878
13880
13881
13884
13885
13886
13888
13889
13890
13892
13896
13897
13898
13899
13900
13901
13902
13905
13908
13909
13910
13911
13912
13915
13916
13918
13921
13923
13924
13925
13926
13929
13930
13931
13934
13937
13939
13942
13946
13947
13948
13949
13951
13952
13953
13954
13955
13956
13958
13960
13961
13963
13964
13965
13966
13967
13968
13971
13972
13973
13974
13975
13976
13979
13982
13983
13984
13985
13987
13988
13989
13991
13992
13994
13997
14000
14003
14007
14008
14010
14012
14013
14014
14015
14016
14018
14019
14021
14025
14026
14027
14028
14030
14032
14033
14038
14039
14040
14044
14046
14048
14049
14051
14052
14053
14055
14057
14060
14061
14062
14065
14066
14068
14070
14072
14073
14076
14077
14079
14080
14083
14084
14085
14086
14087
14088
14089
14090
14091
14092
14094
14095
14099
14101
14104
14111
14112
14113
14115
14116
14117
14118
14121
14122
14126
14128
14129
14130
14134
14135
14137
14138
14142
14143
14144
14145
14146
14148
14150
14151
14152
14153
14157
14158
14159
14164
14167
14174
14175
14177
14178
14179
14180
14183
14188
14189
14190
14191
14192
14195
14197
14199
14203
14205
14207
14208
14209
14210
14211
14214
14215
14225
14229
14230
14232
14236
14237
14239
14241
14242
14243
14245
14246
14252
14253
14261
14262
14264
14268
14269
14270
14272
14273
14276
14277
14278
14279
14280
14291
14292
14293
14296
14297
14298
14301
14305
14307
14310
14315
14316
14320
14321
14322
14327
14328
14329
14330
14332
14335
14337
14339
14341
14342
14343
14346
14350
14352
14355
14359
14360
14361
14362
14364
14368
14371
14374
14378
14382
14383
14387
14392
14393
14394
14395
14396
14398
14399
14400
14403
14406
14408
14411
14412
14413
14414
14415
14416
14420
14424
14426
14427
14429
14430
14432
14433
14434
14435
14439
14440
14441
14443
14446
14447
14454
14457
14458
14459
14460
14461
14462
14463
14464
14465
14467
14468
14470
14473
14474
14479
14481
14482
14488
14489
14491
14493
14496
14501
14506
14512
14517
14520
14521
14522
14523
14524
14526
14527
14530
14531
14534
14535
14539
14548
14551
14552
14553
14555
14556
14558
14559
14563
14564
14566
14567
14571
14572
14575
14576
14578
14586
14588
14592
14596
14597
14599
14600
14603
14604
14605
14606
14607
14608
14609
14610
14613
14614
14615
14616
14619
14623
14626
14628
14629
14631
14632
14634
14635
14636
14637
14639
14643
14645
14646
14648
14650
14651
14653
14654
14656
14657
14658
14659
14660
14661
14662
14663
14671
14673
14674
14677
14678
14679
14681
14682
14685
14687
14690
14691
14696
14697
14698
14699
14700
14701
14703
14704
14708
14709
14711
14712
14714
14715
14716
14720
14721
14723
14724
14725
14726
14727
14730
14734
14735
14738
14741
14742
14744
14745
14748
14749
14751
14752
14753
14754
14756
14758
14759
14760
14761
14763
14765
14771
14773
14776
14779
14782
14784
14785
14786
14787
14789
14797
14799
14800
14802
14804
14805
14808
14809
14811
14813
14814
14816
14817
14819
14821
14824
14829
14830
14833
14836
14838
14839
14840
14841
14842
14843
14847
14848
14850
14851
14854
14855
14859
14863
14865
14866
14877
14879
14880
14898
14907
14919
14929
14931
14936
14965
14970
14979
14980
14982
14984
14987
14999
15003
15018
15041
15045
15046
15047
15056
15062
15063
15066
15067
15068
15070
15072
15096
15098
15110
15111
15113
15117
15121
15147
15149
15174
15178
15183
15186
15194
15205
15213
15225
15228
15230
15231
15239
15242
15248
15270
15274
15275
15276
15280
15281
15283
15290
15291
15304
15311
15320
15322
15336
15338
15344
15355
15359
15361
15368
15380
15384
15385
15391
15392
15394
15426
15431
15436
15479
15480
15498
15504
15515
15520
15533
15539
15540
15542
15543
15544
15545
15547
15549
15551
15552
15553
15554
15555
15556
15557
15558
15559
15561
15562
15563
15566
15567
15568
15569
15570
15571
15573
15574
15575
15576
15578
15579
15580
15583
15584
15585
15586
15588
15589
15590
15591
15593
15594
15597
15598
15600
15601
15602
15603
15604
15606
15607
15609
15612
15614
15615
15618
15619
15620
15622
15623
15624
15625
15627
15628
15629
15630
15631
15632
15634
15635
15636
15638
15643
15644
15646
15647
15648
15649
15652
15653
15654
15657
15658
15659
15661
15663
15664
15665
15668
15669
15670
15674
15675
15677
15678
15680
15681
15689
15691
15692
15695
15698
15699
15704
15705
15707
15709
15714
15715
15718
15719
15720
15723
15724
15728
15730
15731
15732
15735
15736
15737
15738
15740
15742
15746
15748
15749
15750
15751
15753
15757
15758
15759
15760
15761
15765
15767
15768
15769
15770
15775
15779
15781
15783
15784
15787
15789
15791
15795
15796
15797
15798
15801
15803
15808
15813
15814
15815
15818
15821
15822
15824
15825
15826
15827
15829
15830
15833
15834
15835
15836
15841
15843
15844
15845
15846
15848
15850
15851
15852
15855
15858
15860
15861
15862
15863
15864
15865
15866
15867
15869
15870
15872
15873
15875
15877
15880
15882
15883
15885
15895
15897
15898
15901
15902
15906
15907
15908
15909
15910
15911
15912
15918
15920
15922
15924
15925
15928
15929
15930
15931
15933
15934
15935
15937
15938
15939
15941
15942
15946
15947
15951
15954
15956
15957
15961
15962
15964
15965
15967
15968
15969
15970
15973
15979
15980
15987
15990
15992
15997
15999
16002
16006
16008
16013
16015
16017
16018
16020
16023
16025
16029
16034
16037
16038
16039
16049
16051
16055
16056
16062
16063
16065
16067
16073
16075
16076
16077
16078
16082
16084
16089
16090
16091
16092
16095
16101
16104
16105
16106
16109
16112
16113
16114
16117
16118
16122
16123
16124
16126
16131
16135
16136
16137
16145
16147
16151
16153
16154
16155
16164
16165
16167
16172
16175
16176
16177
16180
16182
16183
16186
16189
16190
16192
16194
16195
16196
16201
16206
16207
16212
16213
16215
16217
16220
16222
16224
16225
16226
16228
16229
16231
16232
16234
16236
16239
16240
16245
16249
16254
16256
16257
16261
16272
16274
16278
16283
16284
16285
16289
16290
16292
16293
16294
16301
16302
16304
16305
16306
16307
16312
16313
16314
16317
16318
16330
16333
16334
16338
16343
16344
16345
16350
16353
16355
16356
16357
16359
16363
16368
16369
16372
16374
16376
16378
16380
16386
16388
16389
16390
16391
16392
16396
16399
16402
16404
16411
16412
16416
16418
16419
16423
16424
16425
16426
16429
16431
16432
16433
16434
16435
16440
16444
16449
16451
16452
16466
16470
16472
16479
16480
16482
16485
16489
16493
16498
16501
16507
16515
16517
16520
16522
16529
16531
16532
16535
16536
16538
16539
16541
16547
16548
16549
16551
16554
16559
16560
16561
16565
16571
16572
16573
16579
16582
16584
16585
16588
16590
16593
16594
16595
16597
16598
16599
16602
16603
16609
16615
16617
16618
16622
16623
16624
16629
16639
16642
16643
16646
16651
16657
16662
16663
16665
16668
16675
16678
16684
16698
16702
16703
16708
16710
16725
16727
16734
16739
16740
16745
16747
16753
16755
16758
16761
16762
16764
16769
16770
16776
16789
16790
16793
16794
16804
16805
16813
16821
16826
16827
16830
16832
16834
16836
16837
16845
16851
16856
16868
16870
16872
16875
16877
16879
16880
16885
16899
16901
16902
16903
16913
16920
16928
16938
16944
16953
16962
16966
16969
16981
16983
16989
16993
17006
17011
17015
17016
17019
17020
17024
17025
17028
17033
17039
17048
17049
17058
17063
17070
17079
17084
17089
17090
17095
17105
17108
17119
17122
17123
17124
17129
17131
17136
17140
17144
17153
17154
17158
17160
17163
17171
17173
17185
17186
17193
17197
17202
17203
17207
17212
17217
17218
17221
17234
17238
17243
17250
17253
17259
17262
17264
17270
17272
17274
17276
17278
17279
17281
17285
17286
17288
17291
17292
17295
17298
17299
17300
17302
17303
17305
17313
17317
17318
17319
17321
17330
17333
17334
17342
17343
17344
17345
17346
17348
17349
17350
17351
17352
17354
17355
17356
17359
17360
17361
17362
17365
17366
17367
17368
17369
17370
17371
17374
17376
17377
17378
17379
17380
17381
17382
17384
17385
17387
17388
17389
17390
17391
17392
17393
17394
17395
17396
17397
17398
17399
17400
17402
17405
17406
17408
17409
17410
17413
17414
17416
17417
17418
17419
17420
17422
17423
17424
17425
17426
17427
17428
17429
17430
17432
17433
17434
17435
17437
17438
17439
17442
17445
17447
17452
17453
17454
17455
17457
17458
17459
17460
17461
17462
17463
17464
17467
17468
17470
17472
17473
17474
17475
17476
17477
17478
17479
17480
17482
17483
17484
17487
17488
17489
17490
17491
17492
17493
17494
17495
17497
17498
17500
17502
17504
17508
17509
17510
17511
17512
17513
17514
17515
17516
17517
17519
17520
17521
17522
17523
17524
17525
17526
17527
17528
17531
17532
17533
17534
17535
17536
17539
17542
17543
17544
17547
17548
17549
17551
17553
17554
17556
17557
17558
17559
17560
17562
17563
17566
17567
17568
17570
17571
17572
17573
17574
17576
17577
17578
17580
17581
17583
17584
17585
17586
17589
17592
17593
17594
17596
17598
17600
17604
17605
17610
17611
17614
17616
17618
17619
17621
17622
17629
17633
17635
17638
17640
17643
17644
17647
17649
17650
17651
17653
17655
17656
17661
17662
17664
17666
17667
17668
17669
17671
17673
17674
17678
17681
17682
17684
17685
17686
17687
17688
17689
17690
17692
17693
17694
17696
17698
17699
17705
17708
17709
17711
17714
17715
17716
17723
17724
17725
17727
17729
17730
17734
17739
17740
17741
17742
17743
17744
17746
17748
17751
17752
17753
17754
17757
17760
17762
17763
17765
17766
17767
17769
17771
17773
17774
17775
17779
17781
17785
17793
17794
17797
17798
17799
17801
17805
17806
17813
17815
17816
17817
17824
17825
17828
17829
17830
17831
17833
17835
17836
17837
17839
17840
17842
17845
17846
17848
17849
17850
17851
17855
17856
17857
17858
17859
17864
17867
17869
17872
17875
17878
17886
17889
17891
17892
17893
17894
17895
17898
17899
17902
17903
17905
17906
17908
17909
17910
17911
17913
17916
17917
17919
17922
17923
17924
17925
17932
17934
17936
17938
17939
17941
17945
17952
17955
17957
17960
17963
17964
17967
17969
17972
17975
17976
17978
17979
17981
17982
17983
17984
17986
17987
17990
17994
18006
18011
18012
18015
18017
18018
18021
18022
18027
18028
18029
18030
18032
18033
18035
18037
18038
18041
18043
18045
18048
18050
18051
18054
18055
18056
18057
18062
18064
18065
18066
18067
18075
18076
18082
18084
18088
18090
18092
18096
18097
18098
18100
18104
18105
18106
18108
18111
18112
18113
18114
18117
18120
18122
18126
18131
18132
18133
18134
18141
18142
18143
18144
18147
18149
18150
18152
18153
18155
18157
18158
18160
18163
18168
18169
18171
18172
18173
18174
18175
18178
18179
18180
18181
18186
18189
18190
18193
18195
18196
18199
18200
18201
18206
18207
18208
18216
18218
18221
18226
18228
18229
18230
18231
18232
18233
18235
18236
18237
18238
18239
18240
18241
18244
18245
18249
18254
18255
18262
18268
18270
18273
18277
18278
18279
18281
18282
18283
18285
18290
18292
18295
18298
18300
18301
18302
18306
18313
18319
18321
18322
18323
18324
18327
18338
18339
18340
18344
18346
18347
18348
18349
18350
18351
18352
18353
18354
18358
18359
18362
18368
18370
18373
18375
18377
18382
18385
18386
18387
18388
18390
18391
18394
18398
18399
18400
18401
18404
18409
18410
18411
18412
18413
18414
18415
18416
18417
18418
18419
18420
18422
18425
18428
18429
18430
18433
18434
18435
18436
18437
18438
18440
18443
18444
18446
18448
18450
18452
18453
18455
18456
18458
18459
18460
18464
18466
18468
18469
18470
18474
18478
18479
18485
18487
18488
18490
18492
18493
18496
18498
18499
18500
18502
18503
18506
18511
18513
18514
18516
18518
18522
18525
18527
18528
18530
18531
18532
18534
18535
18537
18538
18540
18542
18543
18544
18546
18547
18548
18550
18554
18555
18556
18557
18559
18561
18562
18563
18564
18565
18567
18568
18569
18572
18576
18577
18579
18585
18587
18594
18596
18598
18599
18602
18609
18611
18612
18618
18619
18624
18631
18632
18633
18640
18654
18655
18657
18673
18679
18681
18682
18684
18685
18693
18694
18695
18698
18699
18700
18702
18711
18713
18715
18716
18721
18727
18728
18729
18733
18742
18746
18747
18755
18759
18761
18762
18763
18765
18767
18774
18776
18782
18783
18787
18792
18802
18804
18809
18810
18817
18825
18831
18832
18845
18851
18860
18873
18879
18883
18891
18897
18910
18913
18916
18919
18923
18925
18927
18935
18949
18950
18957
18979
18987
18988
18993
18994
18997
19004
19012
19013
19018
19023
19034
19035
19037
19038
19039
19041
19044
19045
19053
19056
19057
19058
19063
19068
19074
19078
19080
19100
19112
19113
19114
19122
19124
19126
19127
19128
19139
19147
19152
19153
19158
19159
19161
19163
19164
19172
19180
19190
19193
19203
19207
19212
19213
19225
19234
19235
19242
19244
19247
19249
19252
19253
19254
19255
19256
19257
19258
19259
19261
19262
19263
19264
19265
19266
19267
19268
19269
19270
19271
19272
19273
19274
19275
19277
19278
19279
19280
19281
19283
19284
19285
19288
19289
19290
19291
19292
19293
19294
19295
19296
19297
19300
19301
19302
19303
19305
19308
19310
19311
19312
19313
19315
19316
19317
19318
19322
19323
19325
19326
19327
19328
19329
19330
19334
19336
19337
19338
19339
19340
19341
19343
19344
19345
19347
19348
19349
19350
19351
19352
19353
19354
19355
19356
19357
19359
19360
19362
19363
19364
19365
19366
19367
19368
19369
19370
19373
19376
19377
19378
19379
19380
19381
19382
19383
19384
19385
19386
19390
19391
19392
19394
19396
19397
19400
19401
19403
19404
19407
19410
19411
19412
19413
19414
19415
19420
19423
19424
19428
19430
19431
19432
19433
19435
19438
19443
19445
19446
19447
19448
19449
19450
19451
19453
19455
19460
19461
19462
19463
19464
19465
19466
19467
19468
19469
19471
19473
19474
19475
19477
19478
19481
19482
19486
19488
19493
19494
19495
19496
19497
19498
19499
19501
19506
19510
19512
19515
19516
19520
19521
19522
19523
19525
19526
19527
19528
19532
19533
19535
19536
19538
19539
19541
19542
19543
19547
19549
19550
19552
19554
19555
19556
19557
19558
19561
19563
19564
19565
19566
19569
19571
19572
19573
19577
19579
19580
19591
19595
19597
19601
19604
19606
19608
19609
19611
19612
19613
19614
19615
19618
19620
19622
19624
19625
19626
19628
19630
19631
19632
19633
19634
19636
19637
19638
19643
19647
19650
19651
19652
19653
19654
19656
19658
19662
19663
19664
19665
19667
19668
19669
19670
19671
19672
19675
19677
19678
19679
19680
19681
19682
19683
19686
19690
19692
19693
19695
19701
19702
19704
19707
19708
19709
19710
19713
19716
19720
19727
19728
19729
19732
19734
19736
19737
19738
19739
19741
19742
19743
19744
19748
19750
19751
19753
19755
19760
19762
19763
19764
19765
19769
19770
19772
19777
19778
19779
19783
19784
19787
19788
19789
19790
19791
19793
19794
19797
19798
19802
19804
19806
19807
19808
19809
19811
19812
19814
19822
19823
19827
19828
19829
19830
19831
19834
19835
19842
19843
19847
19852
19854
19857
19859
19860
19861
19862
19864
19865
19867
19868
19869
19870
19873
19875
19876
19878
19880
19881
19882
19885
19889
19891
19894
19895
19896
19898
19901
19902
19904
19905
19908
19914
19918
19919
19923
19924
19925
19929
19930
19933
19934
19935
19938
19939
19942
19943
19945
19946
19947
19949
19950
19953
19954
19956
19958
19960
19961
19962
19963
19964
19965
19966
19968
19969
19970
19973
19978
19979
19980
19984
19986
19991
19992
19997
19998
19999
20000
20003
20005
20006
20007
20009
20011
20014
20015
20016
20020
20021
20023
20024
20025
20026
20027
20028
20029
20030
20031
20036
20039
20045
20048
20051
20053
20054
20055
20056
20057
20058
20059
20062
20065
20070
20072
20073
20074
20075
20076
20078
20082
20083
20086
20090
20099
20103
20105
20106
20107
20108
20109
20110
20111
20114
20117
20121
20123
20124
20126
20128
20131
20132
20133
20138
20139
20142
20144
20147
20149
20150
20152
20153
20155
20157
20159
20163
20164
20167
20168
20169
20174
20176
20185
20192
20193
20199
20203
20205
20207
20211
20212
20214
20216
20217
20218
20221
20228
20232
20235
20237
20240
20244
20245
20246
20247
20252
20257
20259
20260
20261
20263
20264
20270
20275
20279
20285
20288
20289
20290
20292
20293
20295
20296
20298
20299
20300
20301
20302
20316
20317
20322
20323
20324
20331
20332
20335
20336
20338
20340
20343
20344
20346
20347
20352
20356
20357
20359
20361
20363
20366
20367
20368
20375
20379
20383
20389
20390
20392
20394
20400
20406
20412
20417
20421
20423
20431
20442
20443
20447
20448
20452
20464
20465
20469
20470
20474
20476
20477
20478
20480
20482
20485
20492
20494
20497
20498
20503
20504
20507
20516
20518
20525
20526
20529
20531
20534
20536
20539
20541
20545
20548
20554
20557
20559
20561
20565
20574
20582
20586
20589
20590
20591
20594
20595
20599
20601
20602
20604
20605
20607
20608
20609
20610
20614
20617
20625
20627
20631
20633
20634
20638
20641
20643
20649
20655
20658
20660
20667
20668
20672
20673
20676
20678
20682
20683
20686
20692
20693
20695
20703
20712
20715
20716
20717
20722
20731
20733
20735
20736
20738
20739
20740
20741
20742
20755
20762
20763
20770
20776
20786
20794
20795
20801
20804
20809
20814
20815
20817
20818
20822
20827
20830
20836
20852
20856
20861
20872
20877
20878
20881
20882
20887
20889
20893
20897
20898
20901
20906
20911
20917
20921
20926
20927
20929
20931
20933
20939
20941
20944
20945
20952
20954
20957
20958
20959
20961
20962
20963
20964
20967
20971
20976
20977
20978
20980
20981
20985
20987
20988
20990
20991
20992
20996
20997
20998
20999
21000
21001
21003
21005
21008
21013
21015
21019
21023
21027
21028
21029
21031
21039
21044
21047
21057
21059
21060
21061
21062
21063
21064
21065
21066
21068
21069
21072
21073
21074
21075
21079
21080
21082
21084
21085
21088
21089
21090
21091
21092
21094
21095
21096
21097
21098
21099
21100
21102
21103
21104
21105
21106
21107
21108
21109
21111
21112
21113
21115
21116
21117
21119
21120
21121
21122
21123
21124
21125
21126
21128
21129
21131
21133
21134
21135
21137
21138
21139
21140
21141
21143
21144
21146
21148
21149
21151
21152
21153
21154
21155
21156
21159
21160
21161
21162
21163
21165
21166
21167
21168
21169
21171
21174
21175
21176
21177
21178
21180
21182
21183
21184
21185
21186
21189
21190
21193
21194
21196
21197
21198
21200
21201
21203
21204
21205
21207
21211
21212
21213
21214
21215
21218
21220
21221
21223
21224
21225
21226
21227
21228
21229
21231
21233
21234
21236
21237
21238
21239
21240
21242
21245
21246
21247
21248
21250
21251
21252
21254
21255
21256
21257
21259
21260
21261
21262
21263
21264
21268
21269
21270
21271
21273
21274
21276
21278
21280
21281
21282
21285
21286
21287
21291
21292
21294
21295
21296
21298
21299
21301
21303
21304
21305
21306
21308
21309
21310
21312
21313
21314
21316
21317
21318
21319
21323
21325
21329
21331
21332
21334
21335
21337
21338
21341
21343
21345
21346
21347
21348
21349
21350
21351
21352
21353
21354
21355
21356
21358
21360
21365
21367
21370
21372
21373
21374
21375
21376
21377
21379
21380
21381
21382
21383
21384
21385
21387
21389
21391
21394
21396
21399
21400
21403
21404
21406
21407
21408
21410
21411
21414
21416
21418
21419
21422
21425
21426
21427
21430
21431
21435
21436
21438
21439
21440
21441
21442
21443
21445
21447
21448
21451
21452
21454
21455
21456
21457
21459
21460
21465
21467
21468
21470
21471
21473
21474
21476
21477
21478
21480
21481
21482
21483
21485
21486
21488
21489
21490
21491
21493
21495
21498
21499
21500
21503
21505
21506
21508
21512
21513
21515
21517
21519
21527
21529
21533
21535
21536
21538
21539
21540
21547
21550
21551
21552
21554
21556
21557
21559
21562
21563
21564
21568
21571
21573
21574
21575
21576
21578
21581
21583
21585
21586
21589
21590
21592
21597
21602
21603
21605
21606
21608
21610
21612
21617
21618
21619
21620
21625
21630
21631
21632
21633
21637
21639
21641
21643
21645
21647
21652
21653
21655
21657
21659
21661
21662
21664
21665
21666
21672
21673
21674
21675
21678
21679
21681
21686
21687
21690
21691
21693
21696
21697
21698
21699
21704
21708
21711
21715
21718
21719
21720
21721
21724
21725
21726
21731
21732
21735
21736
21737
21741
21743
21744
21745
21746
21750
21752
21753
21755
21757
21758
21761
21765
21766
21767
21768
21770
21771
21776
21777
21778
21782
21783
21788
21789
21793
21796
21798
21800
21802
21809
21810
21812
21813
21815
21816
21818
21819
21820
21821
21823
21824
21826
21827
21828
21829
21831
21832
21835
21836
21838
21842
21843
21844
21846
21847
21848
21849
21852
21854
21856
21857
21862
21864
21865
21869
21871
21872
21875
21877
21878
21882
21884
21885
21887
21888
21890
21891
21895
21898
21900
21901
21910
21913
21916
21917
21918
21921
21927
21928
21929
21931
21935
21940
21941
21942
21945
21946
21947
21948
21949
21951
21953
21954
21955
21956
21957
21958
21959
21964
21965
21967
21968
21972
21974
21976
21978
21979
21981
21982
21983
21984
21986
21987
21990
21991
21992
21995
21996
21997
21999
22004
22005
22006
22011
22012
22013
22015
22016
22017
22020
22021
22023
22027
22028
22029
22031
22032
22035
22036
22037
22038
22042
22043
22050
22051
22053
22056
22060
22065
22066
22067
22070
22072
22073
22074
22076
22079
22081
22082
22083
22084
22088
22089
22090
22091
22093
22100
22101
22102
22104
22105
22106
22107
22109
22112
22113
22114
22119
22120
22123
22124
22125
22126
22127
22128
22129
22131
22132
22134
22137
22141
22142
22147
22148
22150
22151
22152
22154
22155
22158
22159
22162
22165
22166
22167
22168
22170
22171
22172
22173
22174
22176
22177
22180
22184
22188
22191
22192
22194
22199
22203
22204
22205
22207
22208
22210
22212
22213
22214
22219
22220
22221
22222
22223
22224
22225
22227
22228
22230
22231
22232
22233
22236
22237
22238
22239
22241
22242
22244
22245
22247
22249
22252
22253
22254
22258
22259
22260
22261
22262
22263
22264
22266
22268
22269
22270
22273
22276
22277
22278
22279
22283
22285
22304
22309
22310
22321
22322
22327
22340
22358
22359
22385
22399
22403
22410
22413
22414
22425
22428
22429
22435
22440
22442
22446
22447
22449
22452
22463
22473
22474
22486
22493
22505
22534
22577
22578
22588
22617
22624
22633
22649
22653
22654
22667
22682
22694
22703
22718
22719
22748
22751
22753
22766
22772
22789
22792
22794
22795
22813
22816
22820
22830
22840
22846
22851
22859
22864
22865
22869
22871
22872
22882
22896
22901
22907
22908
22924
22939
22940
22952
22953
22958
22960
22963
22966
22967
22968
22969
22970
22971
22973
22974
22977
22978
22979
22980
22981
22983
22985
22986
22989
22991
22992
22994
22995
22996
22997
22998
22999
23000
23003
23004
23005
23008
23009
23011
23013
23014
23015
23016
23017
23018
23019
23020
23022
23025
23026
23027
23028
23030
23031
23033
23034
23035
23037
23040
23042
23043
23044
23046
23048
23049
23050
23051
23052
23053
23057
23059
23060
23062
23063
23064
23065
23066
23067
23068
23069
23071
23073
23074
23075
23078
23079
23080
23082
23086
23087
23090
23091
23093
23094
23095
23096
23097
23100
23102
23103
23104
23105
23106
23108
23112
23114
23116
23117
23119
23120
23121
23122
23124
23125
23126
23128
23130
23133
23134
23136
23141
23142
23143
23144
23146
23147
23152
23155
23158
23159
23164
23165
23167
23170
23171
23178
23180
23181
23182
23183
23184
23185
23187
23188
23189
23193
23194
23195
23198
23200
23201
23203
23206
23207
23210
23212
23213
23215
23216
23217
23218
23220
23222
23223
23224
23226
23227
23229
23231
23233
23235
23236
23239
23240
23241
23242
23245
23246
23247
23248
23249
23250
23254
23258
23262
23265
23266
23268
23269
23271
23272
23273
23274
23275
23280
23283
23285
23286
23287
23290
23291
23293
23294
23295
23296
23297
23298
23300
23301
23303
23304
23306
23307
23308
23309
23310
23313
23316
23317
23318
23322
23329
23334
23336
23338
23339
23343
23346
23348
23351
23353
23355
23357
23358
23359
23360
23362
23363
23365
23368
23371
23372
23375
23377
23379
23384
23385
23390
23391
23392
23393
23394
23395
23396
23397
23398
23399
23403
23404
23407
23408
23412
23418
23419
23424
23427
23429
23432
23434
23437
23440
23441
23442
23444
23446
23447
23448
23451
23455
23458
23461
23462
23464
23465
23466
23469
23471
23473
23484
23485
23486
23489
23491
23492
23493
23494
23498
23500
23501
23503
23505
23506
23507
23512
23516
23518
23519
23520
23522
23523
23525
23530
23536
23537
23542
23544
23545
23547
23548
23552
23557
23560
23561
23575
23579
23584
23589
23595
23597
23600
23603
23605
23607
23608
23610
23617
23620
23621
23622
23625
23629
23632
23633
23634
23635
23637
23639
23640
23642
23645
23647
23648
23649
23652
23657
23658
23659
23662
23664
23670
23671
23673
23675
23681
23682
23683
23686
23687
23690
23691
23692
23695
23700
23702
23707
23710
23712
23714
23716
23722
23723
23726
23729
23731
23733
23735
23740
23741
23742
23744
23745
23746
23748
23749
23751
23753
23755
23757
23760
23761
23762
23772
23773
23774
23776
23780
23783
23784
23785
23786
23791
23796
23797
23803
23808
23810
23812
23814
23819
23820
23821
23825
23834
23835
23843
23846
23847
23848
23849
23851
23853
23855
23856
23857
23858
23860
23861
23865
23867
23872
23873
23874
23876
23877
23879
23880
23883
23887
23894
23904
23905
23906
23907
23917
23921
23922
23925
23926
23935
23943
23947
23948
23950
23954
23958
23964
23966
23972
23974
23976
23978
23982
23989
23992
23993
23995
23999
24000
24006
24007
24009
24010
24012
24014
24015
24016
24018
24020
24023
24030
24033
24035
24037
24038
24043
24044
24045
24046
24049
24051
24054
24057
24061
24064
24067
24071
24073
24075
24076
24079
24082
24089
24091
24093
24096
24097
24101
24103
24104
24105
24106
24114
24115
24123
24126
24131
24135
24146
24150
24151
24156
24170
24173
24174
24175
24176
24181
24182
24186
24187
24200
24202
24208
24211
24212
24213
24215
24217
24218
24219
24220
24230
24232
24234
24238
24239
24240
24245
24250
24251
24257
24258
24259
24260
24262
24264
24270
24275
24281
24287
24294
24296
24305
24307
24309
24322
24325
24329
24330
24331
24333
24334
24339
24340
24341
24347
24348
24358
24361
24368
24372
24379
24380
24382
24385
24390
24397
24403
24408
24409
24418
24425
24431
24432
24433
24436
24437
24445
24447
24450
24452
24454
24456
24470
24475
24482
24485
24487
24490
24492
24494
24498
24499
24502
24507
24509
24512
24513
24517
24525
24526
24529
24532
24533
24542
24544
24554
24559
24570
24573
24581
24582
24586
24595
24598
24610
24612
24617
24625
24630
24631
24633
24634
24640
24641
24642
24646
24653
24654
24665
24666
24667
24668
24670
24671
24672
24673
24675
24677
24678
24680
24681
24684
24685
24687
24690
24691
24692
24694
24695
24698
24699
24702
24704
24705
24706
24713
24714
24715
24716
24717
24718
24719
24720
24721
24722
24725
24726
24727
24728
24731
24733
24739
24741
24745
24746
24758
24760
24761
24763
24764
24765
24769
24771
24772
24774
24776
24777
24778
24779
24781
24782
24783
24784
24785
24787
24788
24789
24790
24793
24795
24796
24798
24799
24802
24803
24804
24805
24806
24807
24808
24809
24810
24813
24815
24817
24818
24819
24820
24821
24822
24825
24826
24827
24828
24830
24832
24833
24835
24836
24837
24838
24839
24840
24841
24842
24843
24844
24845
24846
24847
24848
24849
24850
24852
24853
24854
24855
24856
24857
24858
24859
24860
24861
24863
24864
24865
24866
24867
24868
24869
24870
24872
24873
24875
24877
24879
24880
24881
24882
24885
24887
24888
24889
24890
24891
24892
24895
24896
24898
24899
24900
24902
24903
24904
24905
24906
24907
24908
24910
24911
24912
24914
24915
24916
24917
24918
24919
24920
24922
24923
24928
24931
24932
24934
24935
24936
24937
24938
24940
24943
24944
24945
24947
24948
24950
24951
24952
24954
24955
24956
24958
24959
24960
24961
24962
24963
24964
24966
24968
24969
24970
24971
24972
24973
24975
24976
24979
24980
24981
24984
24985
24986
24987
24990
24995
24996
24999
25000
25001
25002
25003
25004
25005
25007
25008
25010
25011
25012
25013
25014
25015
25017
25019
25020
25021
25022
25023
25024
25026
25028
25030
25031
25033
25036
25039
25040
25043
25044
25046
25047
25049
25051
25055
25056
25057
25058
25059
25060
25061
25062
25063
25064
25068
25070
25072
25074
25079
25081
25082
25083
25084
25085
25087
25089
25090
25093
25095
25096
25097
25100
25101
25102
25105
25108
25109
25110
25112
25113
25114
25118
25120
25121
25124
25125
25126
25127
25129
25131
25132
25133
25135
25136
25139
25141
25142
25144
25146
25148
25149
25151
25152
25155
25157
25160
25161
25164
25167
25168
25172
25175
25178
25179
25181
25182
25185
25187
25188
25191
25193
25195
25196
25197
25198
25199
25200
25202
25203
25204
25205
25207
25211
25212
25214
25217
25218
25220
25221
25222
25223
25225
25226
25227
25229
25230
25231
25233
25234
25238
25243
25245
25249
25251
25254
25257
25259
25261
25264
25265
25267
25268
25270
25271
25272
25273
25274
25276
25277
25278
25279
25284
25285
25287
25292
25294
25295
25300
25302
25303
25304
25306
25309
25310
25317
25319
25321
25322
25324
25328
25329
25331
25332
25333
25334
25336
25337
25340
25341
25344
25345
25347
25349
25351
25356
25357
25359
25364
25366
25371
25373
25383
25385
25391
25394
25395
25399
25403
25410
25411
25412
25415
25416
25418
25422
25424
25427
25433
25434
25435
25438
25439
25440
25441
25446
25450
25451
25458
25459
25460
25466
25473
25476
25480
25482
25486
25488
25489
25493
25494
25495
25496
25503
25504
25505
25509
25510
25513
25516
25517
25518
25522
25524
25529
25535
25536
25538
25540
25542
25545
25547
25548
25549
25552
25560
25561
25562
25563
25564
25566
25567
25569
25570
25571
25572
25580
25583
25585
25586
25590
25591
25596
25599
25602
25605
25606
25608
25621
25624
25626
25627
25630
25631
25633
25635
25646
25647
25648
25649
25654
25655
25656
25657
25659
25662
25663
25664
25667
25669
25671
25672
25673
25675
25676
25677
25682
25683
25685
25690
25695
25697
25698
25702
25703
25706
25707
25708
25709
25713
25714
25715
25717
25722
25723
25725
25728
25730
25732
25734
25735
25738
25741
25742
25746
25747
25749
25750
25751
25752
25754
25755
25756
25757
25760
25761
25765
25769
25770
25771
25773
25775
25776
25778
25779
25781
25785
25786
25787
25788
25790
25792
25794
25796
25797
25798
25803
25804
25805
25808
25810
25814
25816
25818
25819
25820
25822
25823
25824
25825
25827
25828
25829
25832
25833
25837
25839
25840
25841
25843
25844
25845
25846
25847
25848
25850
25853
25855
25856
25858
25859
25861
25862
25865
25871
25873
25876
25877
25878
25879
25883
25884
25886
25890
25894
25901
25902
25903
25905
25907
25908
25913
25915
25916
25918
25921
25924
25926
25927
25928
25929
25931
25933
25936
25937
25938
25939
25940
25941
25942
25943
25944
25945
25946
25949
25950
25952
25954
25955
25956
25957
25958
25959
25960
25963
25968
25971
25972
25974
25975
25976
25977
25978
25980
25981
25982
25983
25984
25985
25986
25987
25989
25990
25992
25993
25994
25996
25997
26000
26001
26003
26005
26024
26032
26034
26042
26051
26055
26067
26071
26077
26082
26088
26095
26110
26112
26114
26115
26116
26117
26118
26122
26123
26130
26131
26135
26138
26141
26143
26144
26145
26156
26157
26158
26159
26160
26162
26175
26177
26183
26194
26196
26218
26225
26228
26232
26243
26245
26256
26261
26271
26272
26280
26281
26291
26299
26315
26319
26337
26342
26347
26359
26360
26367
26372
26381
26382
26388
26389
26393
26401
26413
26422
26424
26425
26432
26433
26440
26445
26451
26461
26466
26470
26496
26497
26515
26527
26530
26533
26535
26537
26538
26549
26550
26557
26561
26571
26583
26590
26593
26602
26607
26621
26622
26624
26631
26636
26638
26640
26642
26646
26652
26663
26666
26668
26674
26675
26676
26677
26678
26679
26680
26681
26682
26684
26685
26686
26688
26689
26690
26691
26692
26693
26694
26695
26696
26697
26698
26700
26701
26702
26703
26704
26705
26706
26708
26709
26711
26712
26713
26714
26715
26716
26718
26720
26722
26723
26724
26725
26726
26727
26728
26729
26731
26732
26733
26736
26738
26739
26741
26743
26744
26745
26746
26751
26753
26754
26755
26756
26757
26758
26759
26760
26761
26762
26763
26764
26765
26766
26768
26771
26772
26775
26776
26777
26778
26779
26780
26785
26786
26790
26792
26794
26796
26797
26799
26801
26802
26803
26804
26805
26808
26809
26810
26812
26813
26814
26815
26816
26817
26818
26819
26820
26821
26822
26823
26824
26825
26826
26828
26830
26831
26832
26833
26834
26835
26836
26838
26840
26842
26846
26847
26848
26850
26851
26855
26856
26857
26858
26860
26861
26864
26866
26871
26872
26875
26877
26878
26879
26880
26881
26884
26885
26886
26887
26888
26890
26892
26896
26897
26898
26899
26902
26905
26907
26909
26910
26912
26917
26918
26920
26921
26923
26928
26929
26931
26935
26936
26937
26938
26939
26940
26943
26944
26945
26946
26947
26948
26950
26952
26953
26956
26957
26960
26963
26964
26965
26969
26970
26971
26972
26975
26976
26977
26979
26982
26983
26985
26986
26987
26988
26990
26992
26993
26995
26996
26997
26999
27000
27001
27003
27004
27005
27006
27007
27008
27010
27014
27015
27017
27018
27021
27024
27026
27028
27029
27030
27036
27037
27041
27043
27047
27048
27049
27050
27051
27053
27055
27058
27059
27060
27061
27064
27065
27067
27068
27069
27070
27072
27074
27077
27078
27079
27081
27082
27084
27085
27087
27090
27091
27092
27094
27095
27096
27098
27099
27100
27103
27105
27106
27107
27108
27109
27110
27111
27112
27116
27117
27119
27121
27123
27125
27126
27128
27129
27130
27131
27132
27134
27137
27138
27140
27141
27143
27144
27146
27147
27149
27156
27157
27160
27161
27162
27163
27164
27165
27167
27169
27171
27172
27173
27174
27176
27180
27181
27183
27184
27185
27187
27188
27196
27201
27203
27205
27208
27209
27210
27214
27215
27216
27217
27218
27219
27220
27221
27222
27223
27226
27229
27231
27232
27233
27234
27235
27237
27239
27241
27245
27248
27250
27251
27256
27258
27260
27263
27266
27268
27271
27274
27277
27279
27281
27287
27290
27293
27294
27296
27297
27300
27306
27313
27314
27315
27317
27320
27322
27323
27324
27325
27328
27329
27330
27332
27334
27336
27337
27338
27340
27344
27346
27347
27353
27356
27361
27362
27364
27366
27368
27370
27373
27375
27377
27383
27384
27385
27386
27387
27391
27392
27393
27394
27395
27396
27401
27402
27403
27405
27406
27409
27411
27412
27414
27416
27418
27419
27420
27425
27427
27428
27431
27434
27436
27437
27439
27441
27442
27443
27446
27447
27448
27449
27452
27453
27455
27456
27457
27458
27459
27460
27461
27463
27468
27470
27471
27473
27476
27482
27483
27485
27486
27487
27488
27492
27493
27495
27498
27499
27510
27511
27514
27517
27518
27519
27522
27527
27531
27533
27534
27536
27537
27539
27542
27546
27547
27548
27549
27551
27552
27553
27555
27556
27559
27560
27561
27565
27566
27567
27568
27570
27572
27574
27575
27576
27577
27581
27585
27591
27593
27594
27595
27596
27601
27602
27605
27608
27611
27614
27615
27618
27619
27621
27624
27625
27630
27636
27638
27639
27640
27641
27646
27647
27649
27660
27663
27671
27672
27684
27688
27689
27690
27696
27697
27707
27708
27710
27711
27713
27714
27716
27720
27721
27722
27723
27724
27725
27729
27730
27732
27735
27736
27739
27740
27743
27745
27751
27752
27755
27757
27758
27759
27760
27761
27763
27764
27765
27770
27771
27772
27781
27783
27785
27786
27794
27795
27796
27798
27802
27805
27807
27808
27817
27818
27819
27820
27824
27837
27841
27844
27847
27856
27857
27866
27870
27871
27881
27882
27888
27889
27890
27893
27898
27900
27902
27906
27908
27911
27918
27922
27924
27931
27932
27934
27935
27936
27938
27941
27948
27952
27953
27954
27961
27963
27967
27969
27971
27972
27973
27976
27978
27979
27980
27981
27982
27983
27987
27988
27989
27992
27993
27998
28000
28003
28005
28007
28009
28010
28011
28013
28014
28015
28016
28017
28019
28020
28029
28030
28032
28036
28037
28041
28043
28044
28049
28053
28054
28060
28061
28062
28064
28068
28070
28071
28072
28077
28078
28083
28086
28087
28094
28097
28102
28110
28111
28112
28121
28123
28124
28139
28142
28145
28148
28158
28159
28160
28161
28163
28164
28165
28166
28168
28170
28173
28183
28190
28195
28200
28201
28204
28205
28212
28213
28221
28222
28226
28227
28235
28237
28239
28242
28243
28246
28258
28262
28272
28273
28276
28280
28286
28287
28289
28300
28309
28310
28317
28321
28323
28325
28326
28327
28329
28339
28343
28344
28348
28350
28354
28355
28364
28368
28374
28375
28378
28379
28380
28381
28382
28383
28385
28386
28389
28391
28392
28393
28394
28398
28404
28406
28408
28409
28413
28414
28416
28420
28421
28423
28427
28429
28430
28433
28434
28436
28438
28440
28441
28442
28443
28447
28448
28449
28452
28455
28457
28459
28463
28464
28469
28470
28471
28472
28475
28476
28477
28480
28483
28484
28485
28486
28487
28489
28490
28491
28493
28494
28496
28498
28499
28501
28503
28504
28507
28508
28509
28511
28512
28513
28514
28515
28516
28517
28518
28519
28520
28521
28523
28524
28525
28526
28527
28528
28530
28531
28532
28533
28534
28535
28536
28537
28538
28539
28540
28541
28544
28545
28546
28548
28549
28550
28551
28554
28555
28556
28557
28558
28559
28561
28563
28566
28567
28568
28571
28572
28573
28574
28575
28576
28580
28582
28583
28584
28586
28587
28588
28589
28590
28593
28594
28595
28596
28597
28599
28600
28603
28605
28606
28608
28610
28611
28612
28613
28614
28615
28617
28618
28619
28621
28623
28624
28625
28626
28628
28629
28631
28633
28634
28636
28637
28639
28640
28642
28643
28646
28648
28649
28650
28651
28652
28653
28654
28657
28658
28659
28661
28662
28663
28664
28665
28666
28668
28669
28673
28675
28677
28683
28684
28685
28686
28687
28688
28689
28691
28693
28694
28695
28696
28697
28698
28699
28700
28701
28702
28704
28706
28708
28709
28710
28712
28713
28714
28715
28716
28718
28719
28720
28721
28723
28724
28726
28727
28728
28729
28730
28731
28733
28734
28735
28736
28742
28746
28747
28748
28750
28758
28760
28761
28762
28765
28766
28768
28770
28771
28772
28773
28774
28777
28780
28781
28782
28786
28788
28790
28793
28795
28797
28798
28801
28804
28805
28816
28819
28820
28821
28822
28823
28824
28828
28829
28831
28834
28836
28839
28840
28841
28844
28846
28847
28848
28850
28853
28855
28856
28857
28859
28862
28863
28865
28868
28871
28872
28873
28874
28877
28878
28880
28881
28882
28883
28885
28888
28889
28893
28896
28898
28899
28901
28902
28905
28909
28911
28913
28914
28915
28916
28917
28918
28921
28923
28926
28928
28931
28932
28934
28935
28936
28939
28941
28943
28945
28947
28948
28952
28953
28954
28957
28958
28959
28960
28964
28967
28968
28969
28971
28973
28974
28975
28977
28978
28979
28981
28984
28985
28987
28990
28991
28992
28996
28999
29001
29005
29006
29009
29013
29019
29020
29023
29027
29030
29031
29033
29035
29036
29038
29040
29044
29045
29046
29047
29048
29051
29059
29061
29065
29066
29067
29071
29076
29078
29080
29082
29083
29084
29086
29087
29090
29093
29094
29097
29098
29101
29102
29104
29106
29108
29109
29112
29115
29116
29118
29121
29122
29123
29125
29128
29132
29136
29142
29144
29148
29151
29152
29153
29154
29155
29157
29160
29162
29164
29165
29166
29170
29171
29172
29177
29178
29180
29182
29183
29185
29186
29188
29189
29190
29193
29197
29199
29205
29211
29213
29217
29218
29219
29220
29223
29224
29232
29234
29236
29239
29240
29243
29247
29251
29254
29255
29256
29259
29261
29265
29267
29271
29274
29276
29278
29279
29284
29285
29286
29288
29289
29290
29294
29299
29302
29305
29306
29308
29310
29313
29314
29320
29323
29326
29328
29329
29332
29333
29334
29338
29343
29344
29345
29347
29348
29349
29356
29359
29360
29363
29368
29370
29372
29374
29376
29377
29378
29379
29380
29381
29383
29386
29387
29390
29391
29395
29396
29400
29401
29403
29404
29406
29409
29411
29412
29413
29414
29415
29416
29417
29418
29419
29420
29423
29426
29433
29434
29435
29436
29437
29442
29443
29444
29448
29449
29451
29452
29453
29457
29459
29460
29461
29462
29463
29464
29465
29466
29469
29470
29471
29472
29475
29478
29479
29481
29483
29484
29486
29487
29488
29491
29492
29493
29494
29495
29496
29497
29500
29501
29505
29507
29510
29512
29513
29514
29515
29518
29519
29521
29522
29524
29528
29529
29530
29532
29533
29535
29536
29538
29540
29542
29543
29546
29547
29551
29553
29554
29555
29556
29557
29558
29559
29560
29563
29564
29565
29566
29567
29568
29571
29572
29573
29575
29576
29578
29579
29580
29586
29587
29588
29590
29593
29594
29597
29598
29599
29600
29604
29605
29608
29611
29612
29613
29615
29616
29617
29619
29620
29627
29629
29630
29632
29633
29634
29635
29638
29640
29641
29642
29643
29645
29647
29648
29649
29651
29653
29654
29655
29656
29657
29658
29661
29663
29664
29665
29667
29669
29670
29671
29672
29673
29675
29680
29682
29685
29686
29688
29689
29690
29691
29692
29694
29696
29698
29699
29700
29701
29702
29703
29704
29706
29708
29709
29710
29711
29712
29722
29726
29730
29732
29743
29750
29753
29757
29758
29775
29777
29778
29782
29790
29792
29794
29796
29812
29824
29827
29835
29838
29847
29849
29855
29856
29857
29859
29860
29861
29864
29869
29870
29874
29878
29888
29891
29897
29901
29902
29905
29910
29912
29919
29944
29950
29951
29952
29957
29967
29970
29974
29975
29990
29996
30002
30005
30010
30015
30016
30023
30024
30030
30031
30042
30050
30052
30061
30073
30077
30082
30085
30086
30088
30096
30103
30120
30124
30127
30129
30146
30147
30151
30155
30161
30172
30177
30211
30222
30226
30228
30231
30233
30235
30244
30245
30247
30250
30275
30284
30285
30287
30292
30295
30306
30310
30317
30329
30336
30341
30348
30356
30371
30376
30380
30382
30386
30388
30389
30392
30393
30395
30396
30397
30398
30399
30400
30401
30403
30404
30405
30406
30407
30408
30409
30410
30411
30412
30414
30415
30416
30419
30420
30421
30422
30423
30424
30425
30426
30427
30428
30430
30431
30432
30433
30434
30436
30437
30438
30439
30440
30441
30442
30443
30444
30445
30446
30447
30450
30452
30454
30455
30457
30458
30459
30461
30462
30465
30466
30468
30469
30470
30471
30472
30473
30474
30476
30479
30480
30481
30482
30484
30485
30487
30490
30491
30492
30494
30498
30500
30502
30503
30504
30505
30506
30508
30510
30512
30515
30516
30517
30519
30521
30523
30524
30525
30527
30528
30529
30530
30533
30534
30535
30536
30539
30540
30542
30543
30544
30545
30546
30547
30548
30550
30552
30553
30554
30557
30559
30560
30561
30562
30563
30564
30566
30568
30570
30571
30573
30574
30575
30576
30577
30578
30579
30580
30581
30585
30587
30588
30591
30592
30593
30594
30595
30596
30598
30599
30600
30601
30602
30604
30605
30606
30607
30608
30610
30613
30616
30617
30618
30619
30621
30622
30626
30630
30631
30632
30634
30636
30639
30640
30645
30647
30648
30650
30651
30652
30654
30657
30659
30662
30663
30664
30665
30666
30667
30669
30673
30674
30675
30676
30677
30678
30679
30681
30682
30683
30684
30685
30686
30689
30690
30693
30694
30695
30697
30698
30699
30700
30702
30703
30704
30706
30708
30711
30712
30713
30714
30715
30718
30719
30722
30723
30724
30725
30728
30729
30730
30731
30738
30739
30740
30741
30743
30744
30746
30749
30750
30752
30753
30754
30756
30757
30758
30759
30761
30763
30764
30766
30767
30768
30770
30773
30775
30779
30780
30781
30782
30783
30784
30785
30787
30790
30791
30792
30793
30794
30796
30797
30798
30799
30800
30801
30803
30805
30809
30811
30813
30817
30819
30820
30821
30822
30823
30825
30826
30827
30828
30831
30833
30834
30835
30837
30842
30843
30844
30846
30847
30848
30849
30850
30851
30852
30853
30854
30855
30859
30860
30861
30862
30864
30865
30867
30868
30869
30870
30874
30880
30884
30886
30889
30890
30891
30894
30895
30897
30899
30901
30904
30905
30907
30912
30914
30915
30921
30922
30923
30924
30926
30928
30929
30933
30934
30935
30936
30937
30938
30939
30940
30941
30945
30946
30947
30948
30949
30950
30951
30952
30953
30958
30962
30964
30965
30966
30968
30970
30971
30973
30974
30975
30976
30977
30978
30980
30982
30985
30989
30990
30995
30996
30998
31003
31004
31007
31008
31009
31010
31012
31015
31021
31022
31023
31025
31027
31030
31031
31032
31033
31034
31036
31038
31039
31040
31041
31042
31045
31047
31049
31050
31051
31053
31055
31057
31058
31059
31060
31063
31064
31066
31067
31070
31073
31075
31076
31080
31086
31087
31088
31090
31091
31093
31094
31097
31099
31100
31103
31105
31109
31112
31114
31115
31120
31122
31123
31125
31126
31127
31128
31130
31131
31135
31136
31142
31143
31145
31148
31149
31151
31153
31157
31158
31161
31162
31168
31169
31170
31172
31173
31175
31176
31178
31179
31180
31181
31184
31188
31190
31191
31192
31195
31198
31199
31200
31202
31203
31212
31213
31215
31217
31219
31220
31222
31225
31226
31230
31231
31232
31234
31236
31241
31243
31247
31248
31249
31250
31252
31254
31255
31256
31261
31262
31266
31268
31269
31271
31272
31273
31275
31276
31277
31279
31284
31286
31288
31289
31290
31291
31292
31294
31295
31296
31297
31298
31299
31301
31303
31305
31306
31307
31311
31315
31316
31329
31332
31333
31337
31338
31340
31341
31342
31345
31346
31349
31350
31351
31352
31356
31363
31364
31365
31369
31370
31371
31372
31374
31380
31382
31383
31385
31389
31390
31391
31394
31396
31398
31402
31403
31404
31405
31406
31409
31410
31411
31412
31417
31418
31419
31420
31421
31423
31424
31425
31426
31427
31428
31431
31432
31434
31435
31437
31438
31439
31440
31444
31447
31448
31451
31453
31457
31458
31459
31461
31463
31466
31469
31470
31471
31472
31473
31474
31475
31477
31479
31480
31482
31483
31488
31491
31492
31495
31497
31499
31501
31502
31503
31507
31510
31513
31519
31521
31523
31524
31528
31531
31533
31536
31538
31544
31555
31561
31570
31571
31573
31574
31579
31583
31585
31589
31590
31592
31595
31597
31600
31601
31602
31609
31616
31620
31624
31626
31628
31633
31636
31640
31642
31645
31646
31651
31655
31656
31659
31661
31662
31664
31665
31667
31668
31670
31673
31678
31680
31683
31684
31685
31690
31691
31692
31693
31697
31700
31703
31705
31708
31709
31724
31727
31728
31733
31737
31738
31740
31741
31745
31747
31751
31753
31755
31757
31758
31759
31762
31768
31770
31774
31775
31776
31777
31782
31784
31786
31793
31796
31801
31807
31810
31814
31816
31820
31822
31825
31827
31835
31838
31842
31843
31851
31853
31858
31863
31864
31876
31878
31880
31881
31882
31884
31887
31889
31896
31897
31901
31903
31915
31918
31920
31922
31923
31924
31928
31930
31933
31935
31941
31943
31944
31947
31951
31954
31956
31957
31960
31961
31962
31963
31965
31972
31975
31982
31987
31988
31996
31998
32000
32004
32007
32010
32013
32014
32015
32019
32024
32027
32029
32031
32032
32035
32038
32040
32043
32045
32046
32048
32053
32058
32059
32063
32064
32067
32068
32069
32070
32073
32074
32078
32083
32084
32087
32088
32089
32093
32094
32095
32099
32100
32106
32107
32109
32110
32113
32115
32116
32119
32123
32124
32125
32126
32127
32129
32130
32131
32132
32133
32134
32135
32139
32141
32142
32144
32145
32147
32148
32151
32154
32155
32156
32158
32162
32165
32167
32169
32171
32172
32173
32174
32181
32183
32184
32185
32186
32188
32189
32190
32194
32195
32198
32199
32200
32202
32203
32204
32205
32206
32207
32208
32210
32211
32213
32215
32217
32218
32219
32220
32221
32222
32223
32224
32226
32227
32229
32230
32231
32232
32233
32235
32236
32237
32238
32239
32240
32241
32242
32243
32244
32245
32246
32247
32248
32249
32250
32253
32254
32255
32256
32258
32259
32262
32263
32264
32265
32267
32268
32269
32270
32271
32272
32273
32274
32276
32277
32278
32280
32281
32282
32283
32285
32286
32287
32288
32289
32290
32292
32293
32294
32296
32297
32298
32300
32301
32302
32303
32305
32306
32307
32308
32309
32310
32311
32312
32313
32314
32317
32318
32319
32320
32322
32323
32324
32325
32326
32328
32331
32332
32333
32335
32336
32338
32339
32340
32341
32342
32343
32344
32345
32347
32348
32349
32350
32351
32353
32354
32355
32356
32357
32360
32361
32362
32363
32364
32365
32367
32368
32369
32370
32371
32372
32373
32374
32375
32376
32379
32380
32381
32383
32384
32385
32388
32390
32391
32392
32394
32396
32397
32398
32399
32400
32401
32402
32403
32404
32405
32406
32408
32409
32410
32412
32413
32415
32416
32418
32420
32423
32424
32426
32428
32429
32430
32432
32433
32434
32435
32436
32437
32439
32440
32441
32442
32443
32445
32446
32448
32449
32450
32451
32456
32457
32458
32459
32460
32461
32464
32465
32468
32469
32471
32472
32473
32476
32478
32479
32481
32482
32484
32485
32487
32488
32489
32491
32492
32494
32495
32496
32498
32499
32500
32502
32503
32505
32509
32510
32511
32512
32513
32514
32515
32518
32519
32523
32525
32526
32527
32530
32533
32534
32535
32536
32537
32538
32539
32541
32542
32543
32545
32548
32549
32550
32551
32552
32553
32554
32555
32556
32559
32561
32564
32566
32567
32569
32571
32576
32580
32582
32584
32590
32593
32594
32595
32596
32598
32600
32602
32604
32605
32606
32607
32608
32609
32610
32611
32612
32613
32614
32615
32616
32618
32619
32620
32622
32623
32624
32625
32627
32628
32629
32630
32631
32633
32635
32636
32638
32640
32641
32642
32644
32645
32646
32648
32649
32651
32653
32654
32655
32656
32657
32658
32659
32662
32665
32668
32669
32670
32671
32672
32673
32674
32680
32681
32682
32683
32684
32685
32686
32689
32690
32691
32693
32695
32696
32697
32698
32700
32701
32702
32704
32705
32706
32707
32710
32713
32715
32718
32720
32722
32723
32724
32725
32727
32728
32730
32732
32733
32734
32737
32738
32739
32741
32742
32744
32747
32749
32750
32752
32754
32757
32758
32759
32760
32761
32762
32764
32766
32768
32771
32772
32773
32774
32775
32779
32780
32781
32782
32783
32784
32785
32787
32788
32791
32794
32796
32797
32800
32801
32803
32806
32808
32811
32812
32813
32814
32815
32819
32820
32821
32822
32823
32825
32828
32830
32831
32832
32834
32835
32838
32839
32840
32842
32844
32846
32847
32850
32861
32862
32863
32866
32868
32870
32873
32874
32877
32883
32884
32885
32886
32891
32892
32893
32894
32896
32897
32898
32899
32900
32903
32904
32905
32907
32910
32911
32912
32913
32914
32915
32916
32918
32920
32921
32922
32924
32925
32926
32927
32931
32932
32934
32935
32938
32940
32942
32944
32951
32955
32956
32957
32959
32960
32962
32964
32965
32966
32967
32968
32969
32970
32980
32983
32985
32988
32989
32990
32994
32996
32997
32998
32999
33000
33004
33006
33007
33008
33011
33012
33013
33014
33016
33017
33019
33021
33024
33027
33028
33029
33030
33031
33034
33035
33036
33039
33041
33042
33044
33049
33051
33052
33053
33055
33056
33060
33061
33063
33065
33066
33067
33068
33071
33072
33074
33075
33082
33083
33084
33085
33087
33092
33094
33095
33096
33097
33100
33101
33104
33106
33108
33110
33111
33112
33113
33117
33118
33120
33121
33122
33123
33124
33125
33126
33128
33130
33133
33134
33135
33137
33138
33141
33143
33144
33148
33150
33151
33153
33154
33156
33157
33158
33159
33161
33162
33165
33170
33171
33172
33173
33174
33175
33176
33177
33178
33179
33180
33181
33183
33185
33188
33189
33194
33195
33196
33197
33199
33200
33201
33202
33203
33204
33205
33206
33207
33208
33209
33210
33212
33214
33215
33216
33218
33222
33223
33224
33226
33229
33230
33231
33232
33233
33234
33235
33236
33238
33242
33243
33244
33246
33247
33248
33249
33250
33251
33252
33253
33254
33255
33256
33257
33258
33260
33261
33262
33264
33265
33266
33267
33268
33269
33271
33272
33273
33274
33275
33276
33277
33278
33279
33280
33281
33282
33283
33284
33286
33288
33290
33292
33293
33300
33302
33303
33304
33305
33307
33308
33309
33310
33311
33312
33313
33314
33315
33316
33318
33319
33321
33322
33324
33325
33326
33327
33330
33334
33335
33338
33339
33340
33341
33343
33344
33345
33346
33349
33350
33352
33354
33355
33356
33359
33361
33364
33365
33366
33367
33369
33370
33372
33373
33374
33375
33377
33378
33379
33381
33382
33383
33384
33386
33387
33388
33389
33391
33392
33393
33395
33396
33399
33400
33401
33402
33403
33404
33405
33406
33407
33408
33409
33410
33411
33413
33414
33415
33416
33417
33418
33420
33423
33424
33425
33426
33428
33429
33435
33439
33445
33446
33450
33452
33455
33458
33460
33461
33463
33464
33465
33467
33469
33472
33474
33483
33485
33495
33501
33505
33507
33510
33516
33523
33528
33532
33533
33534
33537
33538
33540
33542
33544
33546
33548
33550
33551
33554
33556
33558
33559
33570
33571
33572
33577
33578
33583
33585
33588
33589
33591
33594
33596
33602
33606
33609
33619
33626
33632
33658
33664
33687
33691
33697
33699
33701
33705
33706
33711
33714
33745
33747
33748
33765
33770
33775
33778
33782
33800
33801
33805
33806
33822
33827
33829
33834
33841
33843
33846
33851
33853
33860
33861
33875
33879
33887
33891
33894
33896
33898
33907
33913
33925
33929
33935
33952
33962
33977
33978
33991
33992
33994
33998
34001
34020
34050
34054
34057
34058
34059
34075
34088
34089
34091
34092
34100
34103
34104
34106
34108
34109
34110
34112
34113
34116
34117
34118
34119
34120
34121
34122
34123
34125
34126
34128
34130
34132
34133
34134
34136
34137
34138
34139
34140
34141
34143
34144
34145
34146
34148
34149
34150
34151
34152
34153
34154
34155
34157
34159
34161
34164
34165
34167
34168
34171
34172
34173
34175
34176
34177
34178
34179
34180
34181
34183
34184
34185
34188
34189
34190
34191
34192
34194
34195
34196
34197
34198
34199
34201
34202
34203
34204
34205
34206
34208
34209
34210
34211
34213
34214
34215
34216
34218
34221
34222
34223
34224
34225
34229
34230
34231
34232
34233
34234
34235
34236
34237
34238
34239
34240
34241
34242
34243
34244
34245
34246
34247
34249
34252
34254
34256
34258
34259
34261
34262
34263
34264
34266
34267
34269
34270
34271
34276
34277
34278
34279
34282
34283
34284
34285
34286
34287
34288
34289
34291
34293
34294
34298
34299
34300
34301
34303
34305
34306
34307
34309
34310
34311
34312
34313
34314
34315
34318
34319
34321
34322
34323
34324
34326
34327
34329
34330
34331
34332
34333
34335
34336
34337
34340
34341
34343
34345
34346
34348
34349
34351
34353
34354
34355
34357
34359
34360
34362
34363
34364
34365
34366
34367
34368
34369
34370
34371
34373
34374
34377
34378
34379
34380
34382
34383
34384
34385
34387
34388
34389
34392
34394
34395
34398
34399
34400
34401
34403
34405
34408
34410
34411
34412
34413
34414
34415
34416
34417
34419
34420
34421
34422
34423
34424
34425
34426
34427
34428
34429
34433
34434
34435
34436
34437
34438
34439
34440
34441
34442
34445
34447
34448
34450
34452
34453
34454
34455
34456
34457
34458
34459
34460
34464
34469
34470
34471
34472
34475
34476
34478
34481
34482
34483
34484
34485
34487
34489
34490
34491
34492
34493
34494
34495
34496
34497
34498
34499
34501
34502
34503
34505
34507
34509
34510
34513
34514
34517
34519
34523
34524
34526
34527
34528
34529
34531
34532
34533
34534
34535
34536
34537
34538
34539
34540
34541
34542
34543
34545
34547
34548
34549
34550
34551
34552
34554
34555
34556
34557
34558
34561
34562
34563
34569
34571
34572
34577
34578
34579
34580
34582
34583
34584
34585
34586
34587
34588
34593
34594
34595
34596
34600
34601
34603
34604
34605
34606
34608
34617
34618
34621
34623
34625
34626
34628
34629
34630
34631
34633
34636
34637
34642
34643
34644
34646
34647
34648
34649
34650
34651
34653
34654
34660
34662
34663
34664
34665
34666
34667
34668
34670
34671
34672
34673
34674
34675
34676
34678
34679
34680
34683
34684
34686
34690
34691
34692
34693
34694
34698
34700
34702
34703
34705
34706
34709
34710
34711
34712
34714
34716
34717
34718
34719
34720
34721
34723
34724
34725
34726
34728
34730
34733
34735
34736
34737
34745
34748
34750
34751
34752
34753
34755
34756
34757
34758
34759
34760
34761
34762
34764
34765
34767
34772
34774
34775
34778
34779
34780
34781
34782
34783
34784
34787
34789
34791
34794
34795
34796
34797
34798
34799
34801
34802
34803
34805
34806
34807
34808
34812
34813
34815
34817
34818
34819
34821
34822
34823
34824
34825
34826
34827
34828
34829
34832
34834
34835
34836
34837
34839
34840
34841
34842
34843
34845
34848
34849
34850
34851
34852
34853
34855
34856
34857
34859
34860
34861
34862
34863
34865
34867
34871
34872
34873
34874
34875
34876
34877
34879
34881
34882
34883
34884
34886
34887
34888
34889
34890
34891
34892
34893
34894
34895
34896
34897
34899
34900
34901
34903
34904
34906
34907
34908
34910
34913
34914
34916
34918
34919
34920
34922
34923
34924
34926
34929
34930
34932
34933
34938
34939
34940
34943
34945
34948
34950
34953
34954
34955
34961
34962
34963
34964
34965
34966
34967
34969
34977
34978
34980
34981
34986
34987
34988
34989
34990
34993
34995
34997
34998
35000
35002
35003
35004
35005
35006
35007
35013
35015
35018
35019
35023
35024
35025
35029
35030
35031
35032
35035
35039
35042
35043
35044
35045
35046
35047
35049
35051
35052
35056
35058
35063
35064
35066
35068
35074
35077
35078
35079
35083
35084
35085
35087
35088
35089
35093
35099
35100
35104
35105
35106
35107
35108
35110
35114
35116
35118
35120
35121
35124
35126
35129
35130
35131
35132
35134
35135
35137
35138
35140
35142
35145
35146
35148
35149
35151
35152
35153
35154
35155
35160
35165
35169
35171
35177
35179
35180
35182
35183
35186
35187
35188
35191
35192
35193
35194
35195
35196
35197
35202
35206
35207
35209
35211
35212
35213
35214
35217
35221
35222
35224
35230
35231
35232
35233
35237
35239
35240
35242
35243
35248
35250
35252
35254
35257
35259
35265
35267
35271
35277
35279
35280
35282
35285
35287
35291
35295
35298
35299
35302
35303
35307
35309
35310
35315
35316
35317
35321
35323
35325
35326
35330
35331
35332
35336
35337
35340
35343
35346
35350
35352
35353
35354
35359
35363
35365
35367
35370
35372
35373
35374
35382
35387
35399
35400
35401
35404
35407
35409
35410
35411
35412
35413
35419
35421
35423
35428
35429
35430
35433
35436
35438
35442
35444
35445
35447
35448
35450
35451
35455
35457
35458
35463
35464
35466
35467
35469
35470
35471
35472
35476
35480
35481
35482
35483
35488
35489
35490
35491
35498
35499
35500
35502
35504
35505
35510
35513
35515
35521
35524
35533
35534
35536
35538
35539
35541
35551
35552
35559
35565
35571
35574
35576
35578
35580
35581
35583
35585
35586
35587
35588
35589
35591
35594
35596
35597
35598
35601
35611
35613
35616
35621
35625
35628
35631
35632
35634
35637
35638
35641
35642
35649
35655
35660
35662
35665
35670
35671
35673
35678
35679
35684
35686
35691
35692
35694
35699
35701
35708
35711
35712
35715
35717
35719
35721
35725
35726
35728
35729
35733
35736
35738
35740
35741
35743
35746
35749
35754
35760
35765
35766
35767
35772
35777
35782
35783
35784
35790
35791
35796
35798
35801
35803
35807
35808
35809
35810
35813
35814
35817
35820
35821
35822
35823
35827
35828
35830
35832
35833
35835
35836
35837
35838
35840
35841
35843
35844
35846
35847
35848
35852
35853
35854
35855
35856
35857
35858
35861
35862
35864
35866
35869
35870
35873
35874
35876
35877
35883
35884
35887
35898
35899
35900
35903
35904
35905
35908
35910
35911
35912
35913
35914
35915
35917
35919
35920
35921
35922
35924
35926
35927
35929
35930
35931
35935
35936
35937
35938
35939
35941
35942
35943
35944
35945
35946
35947
35948
35950
35951
35952
35954
35955
35956
35957
35958
35959
35960
35961
35962
35963
35964
35965
35966
35967
35968
35969
35970
35971
35974
35975
35976
35977
35978
35979
35980
35982
35983
35984
35985
35986
35987
35988
35989
35990
35991
35992
35993
35994
35995
35996
35997
35998
35999
36000
36001
36002
36003
36004
36005
36006
36007
36008
36010
36011
36012
36014
36015
36017
36021
36024
36025
36027
36028
36029
36030
36031
36032
36033
36034
36035
36036
36037
36038
36040
36042
36043
36044
36045
36046
36047
36049
36050
36052
36053
36056
36057
36059
36060
36061
36062
36063
36065
36067
36070
36071
36072
36074
36075
36076
36077
36078
36079
36080
36081
36082
36085
36086
36087
36089
36090
36092
36093
36094
36095
36096
36097
36098
36101
36102
36103
36104
36105
36106
36107
36108
36109
36110
36111
36112
36113
36115
36116
36117
36118
36119
36120
36121
36122
36123
36124
36125
36126
36127
36128
36129
36131
36132
36134
36135
36136
36138
36141
36142
36143
36144
36146
36147
36148
36150
36151
36152
36153
36154
36155
36156
36157
36158
36159
36162
36163
36164
36165
36166
36170
36172
36173
36174
36175
36177
36180
36181
36182
36183
36185
36186
36188
36190
36191
36193
36194
36195
36196
36197
36199
36201
36202
36203
36204
36209
36210
36211
36212
36213
36214
36217
36218
36219
36220
36221
36222
36223
36224
36225
36226
36228
36230
36231
36233
36236
36237
36238
36241
36243
36244
36247
36249
36250
36251
36252
36255
36256
36258
36261
36263
36264
36268
36269
36270
36272
36273
36274
36275
36276
36281
36282
36283
36284
36285
36286
36287
36288
36289
36290
36292
36293
36297
36298
36300
36302
36305
36306
36307
36308
36309
36310
36311
36312
36313
36316
36317
36321
36323
36324
36326
36327
36328
36329
36330
36331
36332
36333
36334
36335
36337
36338
36340
36341
36343
36344
36345
36346
36347
36348
36349
36350
36352
36354
36356
36360
36361
36362
36363
36364
36366
36367
36368
36369
36371
36373
36374
36375
36376
36378
36380
36382
36383
36384
36385
36386
36387
36388
36390
36391
36392
36394
36395
36396
36397
36399
36402
36403
36404
36405
36406
36407
36409
36410
36411
36412
36416
36417
36418
36419
36420
36421
36424
36426
36427
36428
36429
36430
36431
36432
36433
36434
36437
36439
36441
36444
36445
36447
36448
36449
36455
36456
36459
36460
36461
36463
36464
36466
36468
36470
36471
36472
36473
36474
36475
36476
36478
36479
36480
36483
36485
36486
36487
36489
36493
36494
36495
36497
36498
36499
36500
36501
36504
36506
36508
36509
36510
36512
36513
36514
36515
36518
36519
36525
36526
36528
36530
36531
36534
36535
36537
36539
36543
36545
36546
36547
36549
36552
36553
36554
36556
36557
36560
36561
36564
36566
36568
36569
36570
36574
36575
36576
36577
36579
36580
36582
36583
36584
36591
36593
36594
36595
36596
36598
36599
36600
36601
36605
36606
36607
36612
36613
36618
36619
36620
36621
36622
36625
36626
36627
36630
36632
36634
36635
36636
36637
36638
36639
36642
36645
36646
36651
36654
36660
36664
36665
36666
36668
36670
36674
36675
36676
36678
36679
36680
36681
36682
36683
36685
36687
36689
36692
36694
36695
36697
36699
36701
36703
36704
36707
36708
36710
36714
36718
36720
36725
36727
36729
36731
36732
36733
36735
36737
36738
36740
36741
36743
36744
36745
36746
36747
36749
36751
36754
36755
36757
36758
36760
36763
36766
36767
36769
36772
36775
36776
36777
36779
36780
36784
36788
36791
36792
36794
36796
36800
36803
36805
36806
36807
36808
36810
36811
36814
36815
36816
36818
36823
36824
36829
36833
36835
36836
36837
36838
36839
36842
36844
36845
36846
36847
36848
36849
36852
36853
36854
36855
36856
36860
36861
36863
36864
36865
36869
36872
36873
36876
36881
36882
36883
36884
36885
36886
36887
36888
36889
36890
36891
36892
36893
36894
36895
36897
36899
36901
36903
36904
36905
36908
36909
36910
36912
36914
36915
36916
36918
36919
36920
36921
36923
36924
36925
36926
36928
36929
36932
36933
36934
36935
36937
36938
36940
36942
36943
36945
36946
36947
36948
36949
36950
36952
36955
36957
36958
36960
36961
36962
36963
36965
36966
36969
36970
36974
36976
36978
36979
36980
36981
36982
36983
36984
36985
36986
36987
36988
36989
36990
36991
36992
36994
36995
36996
36998
36999
37000
37003
37004
37005
37006
37007
37009
37010
37012
37014
37015
37016
37018
37019
37020
37021
37022
37023
37024
37025
37026
37027
37028
37029
37030
37031
37032
37034
37035
37036
37038
37040
37041
37042
37043
37044
37045
37047
37048
37049
37051
37052
37055
37056
37057
37058
37059
37060
37061
37063
37064
37066
37067
37068
37069
37070
37071
37073
37075
37076
37079
37080
37081
37083
37084
37085
37086
37087
37088
37091
37093
37094
37095
37097
37098
37099
37100
37101
37102
37103
37104
37105
37106
37107
37108
37109
37110
37113
37114
37115
37116
37117
37118
37119
37120
37122
37124
37125
37126
37127
37129
37131
37132
37134
37137
37138
37139
